40.2973356941271	1131.09997558594
43.2236257608418	1133.80004882813
46.1488808466109	1135.80004882813
49.0731017336173	1140.90002441406
51.9962892025666	1135.19995117188
54.9184440327569	1140
57.8395670020446	1147
60.7596588868509	1150
63.6787204621708	1159
66.5967525015794	1164.90002441406
69.5137557772381	1169.40002441406
72.4297310598838	1176.5
75.3446791188512	1193.30004882813
78.2586007220466	1206.19995117188
81.1714966360015	1228.40002441406
84.0833676258266	1244.59997558594
86.994214455242	1268.80004882813
89.9040378865662	1302.30004882813
92.8128386807427	1329.19995117188
95.7206175973133	1332.19995117188
98.6273753944444	1349
101.533112828928	1354.5
104.437830656161	1356.69995117188
107.34152963018	1359.19995117188
110.244210503676	1349.40002441406
113.145874027931	1355.59997558594
116.046520952895	1334.09997558594
118.946152027154	1339.90002441406
121.844767997933	1320.69995117188
124.74236961111	1322.59997558594
127.638957611212	1318.5
130.534532741422	1318
133.429095743606	1313.59997558594
136.322647358252	1317.80004882813
139.215188324544	1316.09997558594
142.106719380311	1306.40002441406
144.997241262089	1307
147.886754705057	1296.40002441406
150.775260443096	1300.19995117188
153.662759208748	1297.80004882813
156.549251733282	1304.40002441406
159.434738746612	1296.30004882813
162.319220977376	1280.90002441406
165.20269915289	1286.19995117188
168.085173999178	1289.40002441406
170.966646240977	1287.69995117188
173.847116601709	1273.40002441406
176.726585803528	1266
179.605054567295	1270.5
182.48252361259	1264.5
185.358993657701	1263.40002441406
188.234465419645	1259.59997558594
191.108939614183	1257.80004882813
193.982416955795	1251.40002441406
196.854898157687	1253.19995117188
199.726383931801	1259.59997558594
202.596874988835	1251.09997558594
205.466372038225	1255.19995117188
208.334875788145	1241.59997558594
211.202386945534	1247.09997558594
214.068906216069	1246.30004882813
216.934434304194	1236.90002441406
219.798971913111	1248.30004882813
222.662519744776	1241.90002441406
225.525078499925	1236.09997558594
228.386648878069	1230.90002441406
231.247231577465	1236.5
234.106827295172	1232.69995117188
236.965436727012	1231.69995117188
239.823060567597	1230.30004882813
242.679699510337	1227.80004882813
245.535354247396	1226.40002441406
248.390025469775	1218.69995117188
251.243713867223	1228.09997558594
254.096420128327	1218.90002441406
256.948144940459	1213.40002441406
259.798888989788	1217
262.648652961315	1210.59997558594
265.49743753883	1215.5
268.345243404939	1218.59997558594
271.192071241073	1220.09997558594
274.037921727485	1213
276.882795543246	1209.09997558594
279.72669336624	1211.5
282.569615873213	1206.09997558594
285.411563739724	1212.69995117188
288.252537640165	1201.30004882813
291.092538247763	1204.19995117188
293.931566234616	1207.80004882813
296.769622271633	1201.90002441406
299.606707028594	1201.19995117188
302.442821174104	1199.09997558594
305.277965375652	1210.59997558594
308.112140299574	1201.59997558594
310.945346611062	1201.19995117188
313.777584974167	1196
316.608856051813	1205.59997558594
319.439160505797	1204.19995117188
322.268498996783	1196.80004882813
325.096872184303	1202.69995117188
327.924280726782	1197.30004882813
330.750725281521	1205.80004882813
333.576206504693	1196.80004882813
336.400725051388	1198.09997558594
339.224281575542	1197.30004882813
342.046876730026	1198.69995117188
344.868511166586	1196.69995117188
347.689185535872	1194.80004882813
350.508900487421	1205.5
353.327656669699	1194
356.145454730079	1195.59997558594
358.962295314817	1197.30004882813
361.778179069105	1200.80004882813
364.593106637051	1198.59997558594
367.407078661675	1195.09997558594
370.220095784913	1197.40002441406
373.032158647655	1197.5
375.843267889676	1194.80004882813
378.653424149715	1200.19995117188
381.462628065436	1196.59997558594
384.270880273432	1198.90002441406
387.078181409254	1200.09997558594
389.884532107358	1204.19995117188
392.689933001188	1194.40002441406
395.494384723112	1198.09997558594
398.29788790445	1192.80004882813
401.100443175488	1195.40002441406
403.902051165437	1196.59997558594
406.702712502518	1201.80004882813
409.502427813866	1200.5
412.301197725607	1194
415.099022862823	1196.09997558594
417.89590384957	1198.90002441406
420.691841308876	1199.90002441406
423.486835862752	1198
426.280888132173	1198.80004882813
429.073998737112	1201.90002441406
431.866168296507	1203.30004882813
434.657397428298	1194.5
437.447686749412	1197.19995117188
440.237036875762	1202.19995117188
443.025448422257	1193.30004882813
445.812922002813	1198.69995117188
448.599458230326	1199.69995117188
451.38505771672	1204.80004882813
454.169721072909	1192.69995117188
456.953448908819	1193
459.736241833384	1197.30004882813
462.518100454555	1203.5
465.2990253793	1199
468.079017213605	1203.69995117188
470.858076562476	1204.30004882813
473.636204029939	1193.30004882813
476.41340021906	1196.5
479.189665731938	1199.80004882813
481.965001169667	1202.40002441406
484.739407132419	1205.90002441406
487.512884219391	1199
490.285433028796	1205.5
493.057054157921	1198.69995117188
495.827748203087	1201.19995117188
498.597515759658	1196.09997558594
501.366357422061	1198.59997558594
504.134273783759	1204.40002441406
506.901265437278	1206.80004882813
509.66733297421	1198.90002441406
512.432476985198	1204.30004882813
515.196698059945	1204.69995117188
517.959996787225	1196.59997558594
520.722373754895	1197
523.483829549856	1198.19995117188
526.24436475811	1200.19995117188
529.003979964696	1203.30004882813
531.762675753779	1203.80004882813
534.520452708569	1201.80004882813
537.277311411375	1206.30004882813
540.03325244359	1203.19995117188
542.788276385682	1205.09997558594
545.54238381725	1204.40002441406
548.295575316938	1200.09997558594
551.047851462516	1203.30004882813
553.799212830831	1206.5
556.549659997851	1207.40002441406
559.299193538643	1202.09997558594
562.047814027381	1194.40002441406
564.795522037318	1205.30004882813
567.542318140861	1205.69995117188
570.288202909507	1201.30004882813
573.033176913873	1202.09997558594
575.7772407237	1198.90002441406
578.520394907829	1204.69995117188
581.26264003424	1205.30004882813
584.003976670046	1199.5
586.744405381469	1198.30004882813
589.483926733869	1199.69995117188
592.222541291746	1201.80004882813
594.96024961872	1200.40002441406
597.697052277563	1204.69995117188
600.432949830166	1192.80004882813
603.167942837587	1201.40002441406
605.902031860012	1199.90002441406
608.635217456783	1194.80004882813
611.367500186378	1198.5
614.098880606429	1197.59997558594
616.82935927374	1201.5
619.558936744248	1206
622.287613573072	1208.69995117188
625.015390314457	1201
627.742267521848	1204.40002441406
630.468245747829	1198.30004882813
633.193325544166	1196.09997558594
635.917507461792	1198.09997558594
638.640792050804	1196.09997558594
641.36317986048	1190.30004882813
644.084671439281	1206.80004882813
646.805267334845	1206.19995117188
649.524968093967	1198.90002441406
652.24377426266	1200.59997558594
654.961686386106	1198.5
657.678705008678	1199.59997558594
660.394830673939	1203.59997558594
663.110063924628	1200.30004882813
665.824405302728	1197.69995117188
668.537855349351	1201.69995117188
671.250414604863	1196.19995117188
673.962083608812	1200.09997558594
676.672862899949	1199.09997558594
679.382753016218	1197.80004882813
682.091754494801	1201.09997558594
684.799867872061	1197.80004882813
687.507093683595	1205.69995117188
690.213432464198	1202.5
692.918884747899	1197.19995117188
695.623451067937	1195.40002441406
698.327131956755	1200.80004882813
701.029927946065	1205.59997558594
703.731839566754	1202.40002441406
706.43286734896	1208
709.133011822067	1200.80004882813
711.832273514658	1207.90002441406
714.53065295457	1205.5
717.228150668879	1202.5
719.924767183889	1208
722.620503025148	1203.09997558594
725.315358717446	1203
728.009334784827	1210.30004882813
730.702431750559	1197.30004882813
733.394650137188	1207.59997558594
736.085990466498	1200.69995117188
738.776453259519	1198.69995117188
741.466039036542	1202.59997558594
744.154748317125	1202.5
746.842581620074	1205.90002441406
749.529539463458	1200.5
752.215622364608	1215.80004882813
754.900830840131	1222.59997558594
757.585165405892	1218.5
760.26862657703	1221.80004882813
762.951214867957	1218
765.632930792356	1207
768.313774863181	1208.19995117188
770.993747592673	1197.40002441406
773.672849492359	1203.80004882813
776.351081073017	1206.5
779.028442844757	1203.40002441406
781.704935316928	1201.40002441406
784.380558998208	1194.90002441406
787.055314396528	1205.19995117188
789.729202019141	1204.30004882813
792.402222372581	1203.30004882813
795.074375962669	1200.09997558594
797.745663294537	1204.59997558594
800.416084872622	1200.80004882813
803.085641200652	1200.69995117188
805.754332781664	1202.59997558594
808.422160117986	1204.69995117188
811.089123711292	1197.80004882813
813.75522406252	1202.5
816.420461671951	1203.09997558594
819.084837039164	1208
821.748350663067	1202.5
824.411003041866	1204.90002441406
827.072794673116	1212.5
829.733726053668	1205.69995117188
832.39379767971	1201.5
835.05301004674	1211.09997558594
837.711363649601	1204.59997558594
840.368858982457	1204.59997558594
843.025496538805	1205.80004882813
845.681276811467	1201.19995117188
848.336200292618	1208.19995117188
850.99026747375	1204.09997558594
853.643478845713	1211.19995117188
856.29583489868	1212.90002441406
858.947336122176	1217.69995117188
861.59798300506	1217.09997558594
864.247776035556	1218.30004882813
866.896715701222	1214.40002441406
869.544802488959	1212.69995117188
872.192036885046	1212.80004882813
874.838419375087	1215.80004882813
877.483950444054	1213.59997558594
880.128630576285	1203.90002441406
882.772460255461	1216
885.415439964628	1210.09997558594
888.057570186211	1221.59997558594
890.698851401966	1213.40002441406
893.339284093045	1214.80004882813
895.978868739961	1219
898.617605822596	1224
901.255495820196	1221.90002441406
903.892539211396	1231.90002441406
906.528736474184	1221.59997558594
909.164088085949	1223.69995117188
911.798594523442	1221.80004882813
914.432256262804	1224.19995117188
917.065073779549	1223.19995117188
919.697047548589	1221.5
922.328178044212	1228.69995117188
924.9584657401	1222.40002441406
927.587911109317	1224.19995117188
930.216514624317	1232.19995117188
932.844276756963	1235.40002441406
935.471197978488	1230.80004882813
938.097278759538	1237.69995117188
940.722519570163	1239.09997558594
943.346920879798	1230.40002441406
945.97048315729	1225.5
948.593206870885	1230.19995117188
951.215092488219	1230
953.836140476366	1228.40002441406
956.456351301787	1225.90002441406
959.07572543037	1221.59997558594
961.694263327369	1229.40002441406
964.311965457521	1213.40002441406
966.928832284933	1219
969.544864273135	1217.80004882813
972.160061885076	1224.30004882813
974.774425583129	1216
977.387955829099	1219
980.000653084196	1219.80004882813
982.612517809061	1212.59997558594
985.223550463768	1213.40002441406
987.833751507819	1215.90002441406
990.443121400135	1222.59997558594
993.051660599081	1217.59997558594
995.659369562449	1216.30004882813
998.266248747469	1217.30004882813
1000.87229861081	1228.09997558594
1003.47751960857	1231.19995117188
1006.0819121963	1226.80004882813
1008.68547682897	1218.30004882813
1011.28821396104	1215.90002441406
1013.89012404635	1217.5
1016.49120753824	1211.69995117188
1019.09146488947	1214.69995117188
1021.69089655226	1215.5
1024.28950297827	1215.90002441406
1026.88728461863	1218.40002441406
1029.48424192392	1209.09997558594
1032.08037534416	1217.40002441406
1034.67568532886	1219.19995117188
1037.27017232694	1214.30004882813
1039.86383678682	1218.40002441406
1042.45667915637	1222.80004882813
1045.04869988293	1217.80004882813
1047.6398994133	1216.80004882813
1050.23027819374	1219.90002441406
1052.81983666998	1216.5
1055.40857528724	1215.19995117188
1057.99649449018	1220.90002441406
1060.58359472296	1210
1063.1698764292	1212.09997558594
1065.755340052	1210.90002441406
1068.33998603393	1217.30004882813
1070.92381481706	1219.80004882813
1073.50682684291	1209.5
1076.08902255251	1219.80004882813
1078.67040238637	1223.5
1081.25096678445	1219.90002441406
1083.83071618624	1214.09997558594
1086.4096510307	1215.09997558594
1088.98777175629	1215.80004882813
1091.56507880094	1215.30004882813
1094.14157260208	1212.30004882813
1096.71725359664	1208.19995117188
1099.29212222106	1210.30004882813
1101.86617891125	1213.90002441406
1104.43942410262	1210.69995117188
1107.01185823011	1219.90002441406
1109.58348172812	1214
1112.15429503057	1213.59997558594
1114.7242985709	1217.90002441406
1117.29349278203	1210.90002441406
1119.86187809642	1214.40002441406
1122.42945494599	1220.69995117188
1124.99622376222	1216.19995117188
1127.56218497606	1215.30004882813
1130.12733901801	1212.80004882813
1132.69168631804	1212.30004882813
1135.25522730568	1214.19995117188
1137.81796240995	1212.59997558594
1140.37989205941	1207.5
1142.9410166821	1202.90002441406
1145.50133670561	1207.69995117188
1148.06085255708	1207.90002441406
1150.61956466311	1212
1153.17747344987	1210.40002441406
1155.73457934305	1205.69995117188
1158.29088276786	1212.40002441406
1160.84638414903	1212.40002441406
1163.40108391085	1211.69995117188
1165.95498247711	1202.09997558594
1168.50808027116	1209
1171.06037771587	1212.59997558594
1173.61187523364	1208.19995117188
1176.16257324643	1211.90002441406
1178.71247217573	1217.5
1181.26157244255	1203.69995117188
1183.80987446746	1212.19995117188
1186.35737867059	1206.80004882813
1188.90408547157	1207.40002441406
1191.44999528961	1205.90002441406
1193.99510854347	1214.40002441406
1196.53942565142	1210
1199.08294703133	1214.90002441406
1201.62567310057	1220.90002441406
1204.16760427611	1214.80004882813
1206.70874097445	1217.19995117188
1209.24908361163	1219.09997558594
1211.78863260327	1211.59997558594
1214.32738836454	1219.30004882813
1216.86535131017	1226.80004882813
1219.40252185445	1217.90002441406
1221.93890041121	1222.80004882813
1224.47448739389	1213.59997558594
1227.00928321544	1217.40002441406
1229.54328828842	1221.19995117188
1232.07650302491	1221.30004882813
1234.60892783662	1221.59997558594
1237.14056313477	1226.59997558594
1239.67140933017	1225.09997558594
1242.2014668332	1225
1244.73073605384	1227.40002441406
1247.25921740159	1232.40002441406
1249.78691128558	1224
1252.31381811448	1232.19995117188
1254.83993829655	1235.40002441406
1257.36527223962	1225.80004882813
1259.88982035112	1234.19995117188
1262.41358303803	1238.69995117188
1264.93656070696	1234.69995117188
1267.45875376405	1236.90002441406
1269.98016261505	1235.40002441406
1272.50078766531	1233.40002441406
1275.02062931974	1226.5
1277.53968798285	1228.90002441406
1280.05796405875	1228.80004882813
1282.57545795112	1219.90002441406
1285.09217006325	1228
1287.60810079802	1234.59997558594
1290.12325055788	1236.09997558594
1292.63761974492	1239
1295.15120876079	1241.40002441406
1297.66401800676	1242.19995117188
1300.17604788367	1239.80004882813
1302.687298792	1244.5
1305.19777113181	1245.19995117188
1307.70746530274	1238
1310.21638170408	1249.40002441406
1312.7245207347	1240.30004882813
1315.23188279307	1245.69995117188
1317.73846827728	1245.69995117188
1320.24427758502	1247.40002441406
1322.74931111359	1247.30004882813
1325.25356925991	1229.19995117188
1327.75705242051	1241.69995117188
1330.25976099151	1241.40002441406
1332.76169536868	1238
1335.26285594737	1230.19995117188
1337.76324312256	1244.5
1340.26285728887	1231.40002441406
1342.76169884052	1233.5
1345.25976817132	1231.09997558594
1347.75706567474	1225.80004882813
1350.25359174387	1232.40002441406
1352.74934677141	1216.5
1355.24433114968	1222.09997558594
1357.73854527062	1218.09997558594
1360.23198952583	1227.59997558594
1362.7246643065	1223
1365.21657000347	1214
1367.7077070072	1216
1370.19807570777	1215.09997558594
1372.68767649492	1209
1375.176509758	1213.80004882813
1377.66457588599	1210.30004882813
1380.15187526753	1218.19995117188
1382.63840829087	1211.59997558594
1385.1241753439	1215.69995117188
1387.60917681417	1223
1390.09341308884	1214.80004882813
1392.57688455474	1220.69995117188
1395.05959159829	1216.5
1397.54153460562	1222
1400.02271396243	1221.5
1402.50313005414	1223
1404.98278326576	1224.30004882813
1407.46167398196	1222.09997558594
1409.93980258707	1215.80004882813
1412.41716946504	1218.59997558594
1414.89377499951	1220.19995117188
1417.36961957373	1231.5
1419.84470357062	1218.5
1422.31902737275	1224.40002441406
1424.79259136235	1227.19995117188
1427.26539592129	1231.40002441406
1429.73744143111	1228.5
1432.20872827299	1233.80004882813
1434.67925682777	1237.30004882813
1437.14902747597	1236
1439.61804059773	1239.09997558594
1442.0862965729	1245.09997558594
1444.55379578093	1255.90002441406
1447.02053860099	1260.5
1449.48652541188	1252.19995117188
1451.95175659206	1260.40002441406
1454.41623251969	1246.59997558594
1456.87995357255	1248.5
1459.34292012811	1250.09997558594
1461.80513256351	1242.90002441406
1464.26659125557	1239.09997558594
1466.72729658073	1231.59997558594
1469.18724891517	1235.30004882813
1471.64644863469	1231
1474.10489611478	1220.80004882813
1476.5625917306	1221.5
1479.01953585699	1211.90002441406
1481.47572886844	1210.19995117188
1483.93117113917	1213.19995117188
1486.38586304302	1214.09997558594
1488.83980495354	1203
1491.29299724395	1210.30004882813
1493.74544028715	1203.80004882813
1496.19713445573	1204.80004882813
1498.64808012193	1204.19995117188
1501.09827765772	1202
1503.54772743471	1201.19995117188
1505.99642982421	1209.59997558594
1508.44438519723	1208.19995117188
1510.89159392446	1204.59997558594
1513.33805637625	1201.90002441406
1515.78377292266	1204.5
1518.22874393346	1201.09997558594
1520.67296977806	1202.80004882813
1523.11645082559	1204
1525.55918744488	1201.90002441406
1528.00118000444	1199.19995117188
1530.44242887245	1207.30004882813
1532.88293441684	1203.40002441406
1535.32269700517	1209.90002441406
1537.76171700475	1207.09997558594
1540.19999478255	1210.59997558594
1542.63753070526	1208.40002441406
1545.07432513925	1211
1547.5103784506	1212.69995117188
1549.94569100509	1215.90002441406
1552.38026316819	1210.5
1554.8140953051	1210.80004882813
1557.24718778067	1206.80004882813
1559.67954095952	1209.40002441406
1562.11115520592	1209.80004882813
1564.54203088386	1201.59997558594
1566.97216835704	1213.80004882813
1569.40156798888	1212.19995117188
1571.83023014248	1207.40002441406
1574.25815518067	1205.30004882813
1576.68534346597	1207.19995117188
1579.11179536062	1208.59997558594
1581.53751122658	1209.5
1583.9624914255	1213.69995117188
1586.38673631876	1208
1588.81024626745	1205.09997558594
1591.23302163235	1214.5
1593.655062774	1213.19995117188
1596.07637005262	1218.30004882813
1598.49694382815	1215.40002441406
1600.91678446025	1224.69995117188
1603.33589230831	1214.30004882813
1605.75426773142	1220.30004882813
1608.1719110884	1215.09997558594
1610.58882273779	1215.5
1613.00500303784	1230.5
1615.42045234654	1225
1617.83517102158	1217.19995117188
1620.24915942039	1226.59997558594
1622.66241790012	1228.19995117188
1625.07494681764	1237.69995117188
1627.48674652954	1238.80004882813
1629.89781739216	1233.40002441406
1632.30815976152	1243.80004882813
1634.71777399343	1235.90002441406
1637.12666044338	1249.40002441406
1639.53481946661	1255.90002441406
1641.94225141808	1260
1644.34895665248	1272.69995117188
1646.75493552424	1273.59997558594
1649.16018838752	1278.59997558594
1651.56471559621	1275.59997558594
1653.96851750392	1275.69995117188
1656.37159446403	1272.19995117188
1658.7739468296	1266.5
1661.17557495349	1263.59997558594
1663.57647918824	1256.59997558594
1665.97665988617	1245.90002441406
1668.37611739929	1240.80004882813
1670.77485207939	1239.90002441406
1673.17286427799	1239.80004882813
1675.57015434633	1233.59997558594
1677.96672263542	1232.09997558594
1680.36256949598	1227
1682.7576952785	1227.80004882813
1685.15210033318	1224.69995117188
1687.54578501	1215.5
1689.93874965866	1218.59997558594
1692.33099462861	1210.59997558594
1694.72252026904	1210.40002441406
1697.11332692889	1210.69995117188
1699.50341495686	1208.19995117188
1701.89278470137	1203.90002441406
1704.28143651061	1202.19995117188
1706.66937073251	1198.09997558594
1709.05658771473	1204
1711.44308780473	1202.69995117188
1713.82887134968	1201.69995117188
1716.21393869648	1200.5
1718.59829019185	1204
1720.98192618221	1198.69995117188
1723.36484701374	1194.80004882813
1725.74705303238	1199.09997558594
1728.12854458384	1199.80004882813
1730.50932201356	1190.09997558594
1732.88938566673	1202.40002441406
1735.26873588834	1197.40002441406
1737.64737302307	1201
1740.02529741544	1193.90002441406
1742.40250940964	1200.09997558594
1744.77900934969	1204.09997558594
1747.15479757933	1192.19995117188
1749.52987444206	1202.59997558594
1751.90424028116	1192.09997558594
1754.27789543967	1196.69995117188
1756.65084026037	1194.90002441406
1759.02307508582	1199.09997558594
1761.39460025833	1194.59997558594
1763.76541612	1194.90002441406
1766.13552301265	1192.90002441406
1768.50492127791	1206.5
1770.87361125714	1191.40002441406
1773.2415932915	1195.30004882813
1775.60886772188	1196.30004882813
1777.97543488896	1192.59997558594
1780.34129513318	1196.09997558594
1782.70644879475	1203.69995117188
1785.07089621365	1192.90002441406
1787.43463772964	1193.80004882813
1789.7976736822	1196.90002441406
1792.16000441066	1191.30004882813
1794.52163025405	1188.30004882813
1796.88255155121	1190.80004882813
1799.24276864074	1194.80004882813
1801.60228186102	1195.09997558594
1803.96109155019	1193.09997558594
1806.31919804618	1192.30004882813
1808.67660168668	1194.69995117188
1811.03330280916	1193
1813.38930175088	1199.09997558594
1815.74459884884	1191.59997558594
1818.09919443984	1196.90002441406
1820.45308886047	1193
1822.80628244708	1194.40002441406
1825.1587755358	1189.90002441406
1827.51056846254	1195.80004882813
1829.86166156297	1187
1832.21205517258	1191.69995117188
1834.56174962661	1198.59997558594
1836.91074526009	1194.80004882813
1839.25904240783	1193.30004882813
1841.60664140443	1197
1843.95354258425	1195.80004882813
1846.29974628146	1195.59997558594
1848.64525282998	1195.09997558594
1850.99006256356	1192.80004882813
1853.3341758157	1196
1855.67759291968	1194.5
1858.02031420858	1194.09997558594
1860.36234001528	1195.09997558594
1862.70367067241	1195.69995117188
1865.04430651244	1198
1867.38424786755	1196.30004882813
1869.72349506978	1196.19995117188
1872.06204845094	1197.90002441406
1874.39990834258	1195
1876.73707507612	1194.09997558594
1879.07354898269	1191.59997558594
1881.40933039328	1194.80004882813
1883.74441963861	1198.40002441406
1886.07881704925	1195.80004882813
1888.41252295551	1195.69995117188
1890.74553768751	1196.09997558594
1893.07786157519	1195.30004882813
1895.40949494822	1189.5
1897.74043813615	1198.5
1900.07069146823	1190.30004882813
1902.40025527357	1199.59997558594
1904.72912988106	1196.09997558594
1907.05731561938	1189.40002441406
1909.38481281699	1193.30004882813
1911.71162180217	1195
1914.037742903	1197.40002441406
1916.36317644734	1193.59997558594
1918.68792276284	1199.19995117188
1921.01198217697	1197.90002441406
1923.33535501699	1191.40002441406
1925.65804160996	1192.19995117188
1927.98004228273	1191.90002441406
1930.30135736196	1190.5
1932.6219871741	1194.5
1934.94193204543	1190.40002441406
1937.26119230198	1192.59997558594
1939.57976826962	1193.59997558594
1941.89766027402	1188.90002441406
1944.21486864062	1193.59997558594
1946.53139369472	1194.59997558594
1948.84723576137	1192
1951.16239516543	1192.5
1953.47687223159	1192.59997558594
1955.79066728434	1195.69995117188
1958.10378064794	1191.19995117188
1960.4162126465	1194.19995117188
1962.7279636039	1190.5
1965.03903384385	1191.09997558594
1967.34942368987	1196.09997558594
1969.65913346524	1196.69995117188
1971.96816349311	1196.09997558594
1974.2765140964	1193
1976.58418559784	1196.5
1978.89117831997	1191.19995117188
1981.19749258516	1195.80004882813
1983.50312871555	1196.09997558594
1985.80808703313	1194.30004882813
1988.11236785967	1192.40002441406
1990.41597151676	1193.5
1992.71889832581	1196.90002441406
1995.02114860801	1194.19995117188
1997.3227226844	1196
1999.62362087581	1194.30004882813
2001.92384350288	1195.30004882813
2004.22339088608	1195.90002441406
2006.52226334567	1191.80004882813
2008.82046120173	1198.69995117188
2011.11798477417	1199.69995117188
2013.41483438269	1193.5
2015.71101034681	1195.80004882813
2018.00651298588	1195.30004882813
2020.30134261905	1191.80004882813
2022.59549956528	1193
2024.88898414337	1196.5
2027.1817966719	1198.80004882813
2029.4739374693	1202.5
2031.76540685379	1192.40002441406
2034.05620514342	1195
2036.34633265607	1197.90002441406
2038.6357897094	1193
2040.92457662092	1194.5
2043.21269370795	1198.40002441406
2045.50014128763	1198.80004882813
2047.78691967691	1196
2050.07302919256	1196.80004882813
2052.35847015118	1192.19995117188
2054.64324286919	1202.69995117188
2056.9273476628	1193.30004882813
2059.21078484808	1186.19995117188
2061.4935547409	1188.90002441406
2063.77565765696	1193.90002441406
2066.05709391176	1194.19995117188
2068.33786382065	1191.90002441406
2070.61796769879	1196.40002441406
2072.89740586116	1201.09997558594
2075.17617862255	1193.40002441406
2077.45428629759	1194.40002441406
2079.73172920075	1193.59997558594
2082.00850764627	1190.90002441406
2084.28462194827	1192.80004882813
2086.56007242065	1201.09997558594
2088.83485937717	1192.80004882813
2091.10898313139	1195.59997558594
2093.3824439967	1199.09997558594
2095.65524228632	1191.59997558594
2097.92737831328	1199.40002441406
2100.19885239047	1195.69995117188
2102.46966483057	1188.59997558594
2104.7398159461	1193.90002441406
2107.00930604941	1192.59997558594
2109.27813545267	1194.19995117188
2111.54630446787	1200
2113.81381340685	1198.69995117188
2116.08066258126	1197
2118.34685230257	1188.80004882813
2120.61238288211	1194.09997558594
2122.87725463099	1194.59997558594
2125.1414678602	1196.90002441406
2127.40502288052	1194.80004882813
2129.66792000257	1198.40002441406
2131.93015953682	1196
2134.19174179353	1193.90002441406
2136.45266708282	1194.30004882813
2138.71293571463	1193.30004882813
2140.97254799873	1193.5
2143.23150424473	1194.30004882813
2145.48980476205	1190.30004882813
2147.74744985996	1191.69995117188
2150.00443984754	1196.69995117188
2152.26077503373	1196.59997558594
2154.51645572728	1192.30004882813
2156.77148223677	1190.69995117188
2159.02585487064	1192.09997558594
2161.27957393713	1193.40002441406
2163.53263974432	1194.80004882813
2165.78505260012	1190.69995117188
2168.0368128123	1193.5
2170.28792068844	1188.59997558594
2172.53837653595	1197
2174.78818066207	1197.09997558594
2177.03733337389	1195
2179.28583497833	1192.5
2181.53368578214	1197.59997558594
2183.78088609192	1193.09997558594
2186.02743621406	1193.09997558594
2188.27333645484	1193.90002441406
2190.51858712033	1192.80004882813
2192.76318851646	1194.19995117188
2195.00714094901	1197.5
2197.25044472354	1192.40002441406
2199.49310014551	1196.19995117188
2201.73510752018	1195.80004882813
2203.97646715265	1194.40002441406
2206.21717934786	1194.40002441406
2208.45724441058	1198.5
2210.69666264543	1194.59997558594
2212.93543435686	1202.19995117188
2215.17355984914	1192.5
2217.41103942642	1192.69995117188
2219.64787339264	1191.09997558594
2221.8840620516	1193.5
2224.11960570695	1194.80004882813
2226.35450466215	1190.80004882813
2228.58875922051	1196.5
2230.82236968518	1191.40002441406
2233.05533635916	1194.5
2235.28765954527	1193.09997558594
2237.51933954617	1185.80004882813
2239.75037666437	1191.19995117188
2241.98077120221	1194.19995117188
2244.21052346188	1199.69995117188
2246.4396337454	1198.40002441406
2248.66810235461	1191.80004882813
2250.89592959125	1195
2253.12311575681	1194.09997558594
2255.34966115272	1190.59997558594
2257.57556608017	1192.09997558594
2259.80083084023	1195.80004882813
2262.02545573381	1194.5
2264.24944106163	1191.80004882813
2266.47278712429	1189.5
2268.69549422221	1195.5
2270.91756265564	1192.19995117188
2273.1389927247	1190.40002441406
2275.35978472934	1190.59997558594
2277.57993896933	1198.40002441406
2279.79945574431	1192.40002441406
2282.01833535375	1195.40002441406
2284.23657809696	1197.69995117188
2286.45418427309	1192.69995117188
2288.67115418114	1194.30004882813
2290.88748811995	1189.59997558594
2293.10318638819	1192.30004882813
2295.3182492844	1191.69995117188
2297.53267710693	1192.30004882813
2299.746470154	1193.19995117188
2301.95962872364	1196.5
2304.17215311376	1191.80004882813
2306.3840436221	1192.40002441406
2308.59530054621	1194.19995117188
2310.80592418354	1200
2313.01591483134	1193.80004882813
2315.22527278673	1188.90002441406
2317.43399834666	1193
2319.64209180791	1199.09997558594
2321.84955346713	1192.59997558594
2324.05638362079	1191.59997558594
2326.26258256524	1197.69995117188
2328.46815059664	1194.90002441406
2330.67308801098	1195
2332.87739510415	1189.80004882813
2335.08107217184	1197.09997558594
2337.2841195096	1194.30004882813
2339.48653741281	1188.5
2341.68832617672	1190.80004882813
2343.8894860964	1192.09997558594
2346.09001746678	1200.5
2348.28992058261	1192.19995117188
2350.48919573852	1191.19995117188
2352.68784322898	1195.59997558594
2354.88586334826	1194.5
2357.08325639055	1197.09997558594
2359.2800226498	1193.80004882813
2361.47616241988	1192.69995117188
2363.67167599445	1195.30004882813
2365.86656366706	1194.30004882813
2368.06082573107	1198
2370.2544624797	1188
2372.44747420603	1188.90002441406
2374.63986120295	1195.80004882813
2376.83162376322	1196.59997558594
2379.02276217945	1189.59997558594
2381.21327674408	1195.90002441406
2383.4031677494	1190
2385.59243548756	1193.30004882813
2387.78108025053	1188.19995117188
2389.96910233014	1189.90002441406
2392.15650201809	1194.09997558594
2394.34327960587	1195.5
2396.52943538486	1191.59997558594
2398.71496964628	1187.59997558594
2400.89988268118	1193.19995117188
2403.08417478048	1191.30004882813
2405.26784623491	1192.30004882813
2407.45089733509	1191.90002441406
2409.63332837146	1192.59997558594
2411.81513963429	1192.90002441406
2413.99633141375	1187.80004882813
2416.1769039998	1192.69995117188
2418.35685768227	1189.59997558594
2420.53619275084	1187.09997558594
2422.71490949505	1192.40002441406
2424.89300820425	1183.69995117188
2427.07048916765	1190.69995117188
2429.24735267433	1190.80004882813
2431.42359901319	1193.90002441406
2433.59922847297	1188.59997558594
2435.7742413423	1188.59997558594
2437.94863790961	1188.5
2440.12241846321	1195
2442.29558329121	1189.09997558594
2444.46813268162	1191.80004882813
2446.64006692228	1191.69995117188
2448.81138630086	1191.09997558594
2450.98209110489	1193.30004882813
2453.15218162174	1190.09997558594
2455.32165813864	1186.30004882813
2457.49052094265	1187.59997558594
2459.65877032069	1188.09997558594
2461.8264065595	1186.5
2463.99342994572	1192.19995117188
2466.15984076579	1191.59997558594
2468.325639306	1182.80004882813
2470.49082585251	1196.30004882813
2472.65540069131	1196.40002441406
2474.81936410824	1188.19995117188
2476.98271638899	1194.69995117188
2479.14545781909	1194.5
2481.30758868392	1190.40002441406
2483.4691092687	1187.5
2485.63001985852	1191.59997558594
2487.79032073829	1195.19995117188
2489.95001219277	1190.80004882813
2492.10909450659	1198.90002441406
2494.26756796419	1189
2496.42543284989	1186.69995117188
2498.58268944783	1186.69995117188
2500.73933804202	1192.90002441406
2502.8953789163	1188.19995117188
2505.05081235436	1188.19995117188
2507.20563863974	1192.59997558594
2509.35985805582	1192.09997558594
2511.51347088583	1190
2513.66647741285	1198.69995117188
2515.81887791981	1190.80004882813
2517.97067268946	1191.40002441406
2520.12186200443	1192.90002441406
2522.27244614716	1193.30004882813
2524.42242539999	1187.30004882813
2526.57180004504	1195.19995117188
2528.72057036433	1197.30004882813
2530.8687366397	1195.09997558594
2533.01629915284	1190
2535.16325818527	1188.19995117188
2537.30961401839	1193.5
2539.45536693343	1192
2541.60051721145	1183.30004882813
2543.74506513338	1186.09997558594
2545.88901097997	1190.90002441406
2548.03235503185	1188.80004882813
2550.17509756946	1189
2552.31723887311	1193.69995117188
2554.45877922293	1195.19995117188
2556.59971889893	1192.19995117188
2558.74005818094	1191.19995117188
2560.87979734864	1192.19995117188
2563.01893668155	1192
2565.15747645906	1188.40002441406
2567.29541696037	1191.69995117188
2569.43275846454	1195.30004882813
2571.56950125049	1186
2573.70564559696	1194.09997558594
2575.84119178254	1192.80004882813
2577.97614008569	1194.59997558594
2580.11049078468	1188.69995117188
2582.24424415764	1188.59997558594
2584.37740048255	1193.19995117188
2586.50996003722	1190.5
2588.64192309931	1189.5
2590.77328994634	1197.80004882813
2592.90406085564	1191.09997558594
2595.03423610442	1194.09997558594
2597.16381596971	1193.80004882813
2599.29280072839	1195.80004882813
2601.42119065719	1199.69995117188
2603.54898603267	1182.90002441406
2605.67618713125	1186.5
2607.80279422919	1194.09997558594
2609.92880760257	1196.69995117188
2612.05422752735	1185.59997558594
2614.17905427932	1199.09997558594
2616.30328813408	1195.59997558594
2618.42692936713	1191.80004882813
2620.54997825377	1193.30004882813
2622.67243506915	1193
2624.79430008828	1187.40002441406
2626.915573586	1196.09997558594
2629.03625583699	1188.80004882813
2631.15634711579	1192.59997558594
2633.27584769675	1196.5
2635.39475785408	1193.90002441406
2637.51307786185	1194.40002441406
2639.63080799394	1195.69995117188
2641.74794852409	1197.90002441406
2643.86449972589	1192.5
2645.98046187273	1195.30004882813
2648.0958352379	1195
2650.21062009449	1191
2652.32481671544	1194.59997558594
2654.43842537353	1190.19995117188
2656.5514463414	1192.90002441406
2658.66387989151	1196.40002441406
2660.77572629616	1196.09997558594
2662.88698582751	1189.5
2664.99765875753	1188
2667.10774535806	1197.09997558594
2669.21724590076	1197.5
2671.32616065714	1194.5
2673.43448989857	1198.90002441406
2675.5422338962	1195.40002441406
2677.64939292108	1185.80004882813
2679.75596724408	1193.69995117188
2681.86195713589	1191.69995117188
2683.96736286707	1197
2686.07218470799	1196
2688.17642292889	1196.5
2690.28007779982	1194.5
2692.38314959069	1200.19995117188
2694.48563857123	1192.59997558594
2696.58754501103	1202.80004882813
2698.6888691795	1197
2700.78961134588	1191.19995117188
2702.8897717793	1195
2704.98935074864	1195.69995117188
2707.08834852271	1198.19995117188
2709.18676537009	1196.69995117188
2711.28460155925	1195.90002441406
2713.38185735843	1199.19995117188
2715.47853303577	1195
2717.57462885924	1201.09997558594
2719.67014509659	1203.59997558594
2721.76508201548	1188.5
2723.85943988337	1207.30004882813
2725.95321896754	1201.09997558594
2728.04641953515	1200
2730.13904185316	1206.59997558594
2732.23108618837	1194.69995117188
2734.32255280744	1199.30004882813
2736.41344197683	1200.30004882813
2738.50375396288	1191.80004882813
2740.5934890317	1196
2742.68264744932	1206
2744.77122948153	1199.5
2746.85923539398	1195.90002441406
2748.94666545217	1199.19995117188
2751.03351992142	1197.40002441406
2753.11979906688	1201.80004882813
2755.20550315355	1192.69995117188
2757.29063244624	1195.5
2759.37518720963	1202.80004882813
2761.45916770819	1197.5
2763.54257420625	1199
2765.62540696797	1197.09997558594
2767.70766625733	1193.80004882813
2769.78935233816	1198.40002441406
2771.87046547413	1201.19995117188
2773.95100592869	1197.40002441406
2776.03097396519	1197.19995117188
2778.11036984677	1196.5
2780.18919383641	1197.30004882813
2782.26744619693	1200.40002441406
2784.34512719097	1197.90002441406
2786.42223708102	1196.30004882813
2788.49877612937	1194.59997558594
2790.57474459816	1197.09997558594
2792.65014274937	1200.40002441406
2794.7249708448	1203.40002441406
2796.79922914607	1203.19995117188
2798.87291791465	1201.69995117188
2800.94603741181	1203.90002441406
2803.01858789869	1200.5
2805.09056963623	1201.19995117188
2807.1619828852	1195
2809.23282790621	1196.80004882813
2811.30310495971	1204.19995117188
2813.37281430593	1206.5
2815.441956205	1203
2817.51053091682	1200.69995117188
2819.57853870114	1206.09997558594
2821.64597981753	1199.30004882813
2823.7128545254	1202
2825.77916308399	1206.5
2827.84490575233	1211
2829.91008278933	1208.59997558594
2831.97469445369	1212.90002441406
2834.03874100395	1217.09997558594
2836.10222269847	1217.40002441406
2838.16513979544	1221
2840.22749255288	1225.59997558594
2842.28928122863	1230.40002441406
2844.35050608034	1239.30004882813
2846.41116736553	1242.30004882813
2848.47126534149	1252.90002441406
2850.53080026537	1250.09997558594
2852.58977239414	1258.40002441406
2854.64818198459	1264.59997558594
2856.70602929332	1259.5
2858.76331457678	1277.5
2860.82003809123	1265.30004882813
2862.87620009274	1285.19995117188
2864.93180083723	1294
2866.98684058043	1303.40002441406
2869.04131957789	1318.90002441406
2871.09523808497	1320.80004882813
2873.14859635689	1333.59997558594
2875.20139464866	1343.59997558594
2877.2536332151	1331.80004882813
2879.30531231091	1324.19995117188
2881.35643219054	1338.59997558594
2883.40699310831	1328.69995117188
2885.45699531834	1318.5
2887.50643907457	1328.80004882813
2889.55532463077	1328.5
2891.60365224053	1334.19995117188
2893.65142215724	1339.90002441406
2895.69863463414	1344.09997558594
2897.74528992426	1347.30004882813
2899.79138828046	1336.90002441406
2901.83692995544	1355.90002441406
2903.88191520168	1352.69995117188
2905.92634427151	1365.19995117188
2907.97021741706	1360.30004882813
2910.01353489027	1374
2912.05629694294	1375.30004882813
2914.09850382663	1397.5
2916.14015579276	1410.59997558594
2918.18125309254	1414.5
2920.22179597702	1426.5
2922.26178469705	1442.69995117188
2924.30121950329	1461.40002441406
2926.34010064624	1454.69995117188
2928.37842837619	1467.59997558594
2930.41620294326	1460.59997558594
2932.45342459737	1457.69995117188
2934.49009358828	1470
2936.52621016555	1474.80004882813
2938.56177457854	1453.69995117188
2940.59678707645	1442.30004882813
2942.63124790827	1446.80004882813
2944.66515732282	1427
2946.69851556873	1434.80004882813
2948.73132289443	1423.19995117188
2950.76357954817	1402.40002441406
2952.79528577803	1400.59997558594
2954.82644183188	1386.59997558594
2956.85704795741	1392.69995117188
2958.8871044021	1379.59997558594
2960.91661141328	1370.80004882813
2962.94556923807	1361.80004882813
2964.97397812339	1362.59997558594
2967.00183831598	1357.69995117188
2969.0291500624	1348.19995117188
2971.05591360902	1367.69995117188
2973.08212920199	1366
2975.1077970873	1364.69995117188
2977.13291751074	1348.69995117188
2979.1574907179	1345.40002441406
2981.18151695419	1334.90002441406
2983.20499646482	1338.59997558594
2985.2279294948	1321.90002441406
2987.25031628898	1316.90002441406
2989.27215709199	1302.80004882813
2991.29345214825	1309.90002441406
2993.31420170204	1300.09997558594
2995.33440599738	1292.19995117188
2997.35406527816	1291.5
2999.37317978802	1274.5
3001.39174977045	1276.80004882813
3003.40977546872	1284.40002441406
3005.42725712591	1277.40002441406
3007.44419498491	1265.80004882813
3009.4605892884	1263
3011.47644027889	1264.09997558594
3013.49174819865	1268.19995117188
3015.5065132898	1264.5
3017.52073579424	1274.59997558594
3019.53441595366	1256.30004882813
3021.54755400959	1257.59997558594
3023.56015020332	1258.80004882813
3025.57220477598	1253.30004882813
3027.58371796846	1257.90002441406
3029.5946900215	1267.90002441406
3031.6051211756	1255.69995117188
3033.61501167107	1254.30004882813
3035.62436174803	1265.09997558594
3037.6331716464	1266.40002441406
3039.64144160588	1270.69995117188
3041.649171866	1272.40002441406
3043.65636266607	1272.09997558594
3045.6630142452	1278.59997558594
3047.66912684229	1276.09997558594
3049.67470069605	1277
3051.679736045	1276.59997558594
3053.68423312742	1285.19995117188
3055.68819218143	1281.59997558594
3057.6916134449	1284.30004882813
3059.69449715556	1287.90002441406
3061.69684355086	1293.5
3063.6986528681	1282.5
3065.69992534437	1279.5
3067.70066121653	1281.69995117188
3069.70086072126	1284.09997558594
3071.700524095	1274
3073.69965157405	1284.69995117188
3075.69824339442	1280.5
3077.69629979197	1280.59997558594
3079.69382100235	1279.69995117188
3081.69080726098	1284.40002441406
3083.68725880307	1284.09997558594
3085.68317586366	1285.19995117188
3087.67855867755	1283.30004882813
3089.67340747933	1288
3091.6677225034	1283.5
3093.66150398392	1287.90002441406
3095.6547521549	1283.80004882813
3097.64746725006	1293.09997558594
3099.63964950297	1294.40002441406
3101.63129914698	1287.30004882813
3103.6224164152	1290.69995117188
3105.61300154056	1298.5
3107.60305475576	1295.30004882813
3109.59257629331	1299.19995117188
3111.58156638547	1297.30004882813
3113.57002526432	1305.40002441406
3115.55795316172	1310.59997558594
3117.54535030932	1313.09997558594
3119.53221693853	1307.19995117188
3121.51855328057	1309.30004882813
3123.50435956646	1320.30004882813
3125.48963602698	1311.59997558594
3127.4743828927	1322.59997558594
3129.45860039397	1331.59997558594
3131.44228876093	1331.30004882813
3133.42544822353	1332.5
3135.40807901145	1332.5
3137.39018135418	1335.59997558594
3139.37175548102	1335
3141.35280162101	1326.19995117188
3143.33332000299	1343.40002441406
3145.31331085559	1348
3147.2927744072	1348.19995117188
3149.27171088602	1339
3151.25012052	1350.69995117188
3153.22800353689	1359.19995117188
3155.20536016422	1356.5
3157.18219062929	1360.19995117188
3159.15849515918	1363.40002441406
3161.13427398075	1359
3163.10952732066	1363.69995117188
3165.08425540532	1370.90002441406
3167.05845846092	1378.19995117188
3169.03213671344	1377.09997558594
3171.00529038863	1371.19995117188
3172.97791971203	1381.69995117188
3174.95002490893	1385.5
3176.92160620443	1376.30004882813
3178.89266382337	1385.69995117188
3180.8631979904	1389
3182.83320892991	1402.09997558594
3184.80269686609	1386.80004882813
3186.77166202289	1396.80004882813
3188.74010462406	1395.69995117188
3190.70802489307	1422.19995117188
3192.67542305323	1404.90002441406
3194.64229932757	1401.59997558594
3196.60865393892	1406.69995117188
3198.57448710987	1406.30004882813
3200.53979906279	1424.59997558594
3202.50459001981	1415.59997558594
3204.46886020284	1418.90002441406
3206.43260983356	1406.5
3208.39583913341	1422.40002441406
3210.35854832362	1424.30004882813
3212.32073762517	1441.40002441406
3214.28240725881	1428.30004882813
3216.24355744508	1414.69995117188
3218.20418840426	1425.90002441406
3220.16430035642	1445.40002441406
3222.12389352137	1433.69995117188
3224.08296811873	1444.19995117188
3226.04152436784	1452.40002441406
3227.99956248784	1444.30004882813
3229.95708269762	1441.59997558594
3231.91408521584	1444
3233.87057026092	1437
3235.82653805105	1445.80004882813
3237.78198880419	1448.5
3239.73692273806	1445.30004882813
3241.69134007013	1454
3243.64524101764	1446.69995117188
3245.59862579761	1460.90002441406
3247.55149462681	1462
3249.50384772176	1448.59997558594
3251.45568529877	1458.30004882813
3253.40700757387	1464.80004882813
3255.35781476288	1474
3257.3081070814	1464.09997558594
3259.25788474473	1473.19995117188
3261.20714796799	1464.69995117188
3263.15589696602	1480.30004882813
3265.10413195345	1495.90002441406
3267.05185314463	1479.80004882813
3268.9990607537	1484.5
3270.94575499455	1493.90002441406
3272.89193608081	1480.09997558594
3274.8376042259	1495.40002441406
3276.78275964296	1472.69995117188
3278.72740254492	1501.19995117188
3280.67153314443	1483.80004882813
3282.61515165393	1496.90002441406
3284.55825828559	1481
3286.50085325135	1496.09997558594
3288.44293676289	1494.09997558594
3290.38450903165	1502.09997558594
3292.32557026883	1497.80004882813
3294.26612068537	1493.19995117188
3296.20616049198	1494.19995117188
3298.14568989911	1498.40002441406
3300.08470911695	1488.40002441406
3302.02321835546	1489.40002441406
3303.96121782435	1489.80004882813
3305.89870773306	1488.80004882813
3307.83568829081	1496.80004882813
3309.77215970655	1488.30004882813
3311.70812218898	1484.40002441406
3313.64357594655	1477.69995117188
3315.57852118747	1493.40002441406
3317.51295811968	1495.69995117188
3319.44688695087	1482.19995117188
3321.38030788849	1494.69995117188
3323.31322113973	1480.69995117188
3325.24562691152	1491.19995117188
3327.17752541055	1492.90002441406
3329.10891684322	1492.90002441406
3331.03980141573	1495.90002441406
3332.97017933399	1486.30004882813
3334.90005080364	1494.19995117188
3336.82941603011	1493.40002441406
3338.75827521852	1489.19995117188
3340.68662857377	1498.40002441406
3342.6144763005	1480.90002441406
3344.54181860308	1501
3346.46865568561	1483
3348.39498775195	1493.80004882813
3350.32081500571	1501.40002441406
3352.24613765022	1501.59997558594
3354.17095588855	1497.5
3356.09526992352	1486.30004882813
3358.01907995769	1497.59997558594
3359.94238619334	1484.5
3361.86518883251	1499.09997558594
3363.78748807697	1492.69995117188
3365.70928412823	1496.80004882813
3367.63057718752	1495.80004882813
3369.55136745582	1490.40002441406
3371.47165513386	1506.19995117188
3373.39144042208	1483.30004882813
3375.31072352066	1488.69995117188
3377.22950462953	1487.80004882813
3379.14778394834	1499.59997558594
3381.06556167648	1488.90002441406
3382.98283801308	1485.59997558594
3384.89961315697	1508.09997558594
3386.81588730676	1494.30004882813
3388.73166066076	1498.5
3390.64693341702	1510.90002441406
3392.56170577332	1491.59997558594
3394.47597792716	1497.59997558594
3396.38975007581	1476.19995117188
3398.30302241623	1491.09997558594
3400.21579514512	1501.09997558594
3402.1280684589	1506.90002441406
3404.03984255374	1485
3405.95111762553	1487.19995117188
3407.86189386987	1493.69995117188
3409.77217148212	1506.40002441406
3411.68195065733	1506.40002441406
3413.5912315903	1476.69995117188
3415.50001447556	1495.30004882813
3417.40829950735	1510.90002441406
3419.31608687963	1499.09997558594
3421.22337678611	1511.90002441406
3423.1301694202	1500.69995117188
3425.03646497504	1489.40002441406
3426.9422636435	1489
3428.84756561816	1491.19995117188
3430.75237109135	1480.80004882813
3432.65668025508	1496.5
3434.56049330112	1500.69995117188
3436.46381042093	1503.40002441406
3438.36663180571	1481.69995117188
3440.26895764638	1497.90002441406
3442.17078813357	1488
3444.07212345762	1477.69995117188
3445.97296380863	1483.90002441406
3447.87330937636	1486.30004882813
3449.77316035033	1484.40002441406
3451.67251691977	1482.59997558594
3453.57137927361	1478.80004882813
3455.46974760052	1475.09997558594
3457.36762208886	1465.09997558594
3459.26500292671	1473.19995117188
3461.16189030191	1462.59997558594
3463.05828440194	1483.69995117188
3464.95418541406	1462.90002441406
3466.84959352519	1472.90002441406
3468.74450892201	1458
3470.63893179088	1472.59997558594
3472.53286231788	1451.30004882813
3474.42630068881	1461.40002441406
3476.31924708918	1456.5
3478.2117017042	1465.80004882813
3480.1036647188	1438.80004882813
3481.99513631761	1442.09997558594
3483.88611668498	1460.09997558594
3485.77660600498	1455.09997558594
3487.66660446135	1442.80004882813
3489.55611223758	1438
3491.44512951683	1444.90002441406
3493.333656482	1424.69995117188
3495.22169331568	1432.30004882813
3497.10924020016	1418.69995117188
3498.99629731746	1432.5
3500.88286484927	1422.80004882813
3502.76894297702	1427.40002441406
3504.65453188182	1410.40002441406
3506.53963174449	1421.59997558594
3508.42424274555	1413.59997558594
3510.30836506524	1415.90002441406
3512.19199888349	1406.90002441406
3514.07514437992	1414.19995117188
3515.95780173387	1410
3517.83997112437	1391
3519.72165273016	1406.40002441406
3521.60284672967	1399.80004882813
3523.48355330104	1386.5
3525.36377262208	1388.59997558594
3527.24350487035	1374.69995117188
3529.12275022306	1382.19995117188
3531.00150885715	1390.19995117188
3532.87978094923	1379.09997558594
3534.75756667562	1377.19995117188
3536.63486621235	1368.30004882813
3538.51167973512	1375.09997558594
3540.38800741934	1363.80004882813
3542.26384944011	1369.09997558594
3544.13920597223	1366.59997558594
3546.01407719018	1360.09997558594
3547.88846326815	1351.69995117188
3549.76236438002	1353.69995117188
3551.63578069934	1358.80004882813
3553.50871239938	1355.30004882813
3555.38115965309	1350.59997558594
3557.25312263311	1344.90002441406
3559.12460151177	1346.19995117188
3560.99559646109	1346.59997558594
3562.86610765279	1340.5
3564.73613525825	1342.40002441406
3566.60567944857	1336.59997558594
3568.47474039453	1328.19995117188
3570.34331826658	1334.19995117188
3572.21141323487	1326.80004882813
3574.07902546925	1334.80004882813
3575.94615513922	1330.5
3577.81280241401	1323.69995117188
3579.67896746249	1333
3581.54465045325	1326.30004882813
3583.40985155455	1311.90002441406
3585.27457093432	1314.40002441406
3587.1388087602	1321.90002441406
3589.00256519949	1309.90002441406
3590.86584041919	1314.09997558594
3592.72863458597	1304
3594.59094786618	1295.40002441406
3596.45278042585	1297.90002441406
3598.31413243069	1310.40002441406
3600.17500404611	1304
3602.03539543717	1300.19995117188
3603.89530676861	1287.5
3605.75473820488	1297.90002441406
3607.61368991007	1298.90002441406
3609.47216204797	1287.19995117188
3611.33015478203	1284.90002441406
3613.18766827539	1300.59997558594
3615.04470269087	1287
3616.90125819094	1282.09997558594
3618.75733493776	1288
3620.61293309318	1274.40002441406
3622.46805281869	1279.09997558594
3624.32269427547	1271.30004882813
3626.17685762439	1282.59997558594
3628.03054302596	1276.5
3629.88375064038	1272.90002441406
3631.73648062751	1268.19995117188
3633.5887331469	1265.19995117188
3635.44050835775	1262.40002441406
3637.29180641893	1259.5
3639.14262748899	1259.30004882813
3640.99297172614	1261.69995117188
3642.84283928828	1261.30004882813
3644.69223033294	1248.80004882813
3646.54114501734	1261.90002441406
3648.38958349836	1253
3650.23754593256	1241.90002441406
3652.08503247614	1261.30004882813
3653.93204328497	1243.5
3655.77857851462	1246.59997558594
3657.62463832028	1244
3659.47022285682	1240.19995117188
3661.31533227877	1231.80004882813
3663.15996674033	1235.90002441406
3665.00412639535	1229.80004882813
3666.84781139736	1232.90002441406
3668.69102189953	1231.90002441406
3670.5337580547	1216.30004882813
3672.37602001537	1233.19995117188
3674.21780793368	1216.30004882813
3676.05912196148	1223.59997558594
3677.89996225021	1227.19995117188
3679.74032895103	1220.69995117188
3681.58022221471	1211
3683.41964219171	1210.30004882813
3685.25858903211	1206.90002441406
3687.0970628857	1211.69995117188
3688.93506390186	1208.30004882813
3690.77259222968	1208
3692.60964801787	1204.80004882813
3694.44623141481	1197.69995117188
3696.28234256853	1207.5
3698.11798162669	1200.19995117188
3699.95314873665	1200.5
3701.78784404537	1200.80004882813
3703.62206769951	1199
3705.45581984533	1193.5
3707.28910062877	1194.5
3709.12191019542	1190.90002441406
3710.95424869052	1196
3712.78611625894	1187.19995117188
3714.6175130452	1193.90002441406
3716.44843919349	1191.80004882813
3718.27889484764	1192.30004882813
3720.1088801511	1194.40002441406
3721.93839524699	1193
3723.76744027808	1195
3725.59601538677	1193.80004882813
3727.4241207151	1191
