40.2973356941271	1142.875
43.2236257608418	1146.375
46.1488808466109	1143
49.0731017336173	1148.875
51.9962892025666	1150
54.9184440327569	1149.125
57.8395670020446	1152.125
60.7596588868509	1155.75
63.6787204621708	1160.25
66.5967525015794	1166.25
69.5137557772381	1173.75
72.4297310598838	1179.875
75.3446791188512	1196.5
78.2586007220466	1214.625
81.1714966360015	1246.25
84.0833676258266	1266.375
86.994214455242	1284.5
89.9040378865662	1312.5
92.8128386807427	1340
95.7206175973133	1363.5
98.6273753944444	1372.75
101.533112828928	1373.25
104.437830656161	1385.375
107.34152963018	1366.125
110.244210503676	1377.875
113.145874027931	1367.875
116.046520952895	1358.875
118.946152027154	1351.875
121.844767997933	1338.875
124.74236961111	1338.5
127.638957611212	1334.375
130.534532741422	1324.125
133.429095743606	1336.375
136.322647358252	1331.875
139.215188324544	1311.25
142.106719380311	1328.125
144.997241262089	1326.625
147.886754705057	1311.625
150.775260443096	1326.125
153.662759208748	1308.25
156.549251733282	1312.375
159.434738746612	1308.875
162.319220977376	1296
165.20269915289	1295.5
168.085173999178	1291.875
170.966646240977	1278.625
173.847116601709	1283.375
176.726585803528	1290
179.605054567295	1282.125
182.48252361259	1262.5
185.358993657701	1270.875
188.234465419645	1270.75
191.108939614183	1264
193.982416955795	1260.625
196.854898157687	1262.375
199.726383931801	1259.75
202.596874988835	1258.125
205.466372038225	1254
208.334875788145	1263.25
211.202386945534	1263.5
214.068906216069	1247.875
216.934434304194	1253.5
219.798971913111	1256.375
222.662519744776	1253.875
225.525078499925	1246.625
228.386648878069	1238.75
231.247231577465	1248.875
234.106827295172	1242.875
236.965436727012	1238.125
239.823060567597	1233.625
242.679699510337	1237.25
245.535354247396	1241
248.390025469775	1244.25
251.243713867223	1232
254.096420128327	1230.625
256.948144940459	1222.5
259.798888989788	1219.875
262.648652961315	1221.75
265.49743753883	1220
268.345243404939	1213.875
271.192071241073	1218.625
274.037921727485	1223.25
276.882795543246	1217.375
279.72669336624	1214.25
282.569615873213	1208.625
285.411563739724	1216
288.252537640165	1211.875
291.092538247763	1205.625
293.931566234616	1219.375
296.769622271633	1215.25
299.606707028594	1211.625
302.442821174104	1202.125
305.277965375652	1205.5
308.112140299574	1209.375
310.945346611062	1207.625
313.777584974167	1213.875
316.608856051813	1204.375
319.439160505797	1202.25
322.268498996783	1215.375
325.096872184303	1214.125
327.924280726782	1202.75
330.750725281521	1209.625
333.576206504693	1204.625
336.400725051388	1206.5
339.224281575542	1209.125
342.046876730026	1204.875
344.868511166586	1204.25
347.689185535872	1201.25
350.508900487421	1201.75
353.327656669699	1206.375
356.145454730079	1206
358.962295314817	1196
361.778179069105	1206.125
364.593106637051	1208.375
367.407078661675	1200.5
370.220095784913	1202.375
373.032158647655	1212.875
375.843267889676	1207.5
378.653424149715	1208.75
381.462628065436	1196.375
384.270880273432	1200.125
387.078181409254	1208.875
389.884532107358	1213.5
392.689933001188	1201.75
395.494384723112	1207.125
398.29788790445	1198.625
401.100443175488	1203.5
403.902051165437	1207.125
406.702712502518	1206.375
409.502427813866	1211.25
412.301197725607	1207.875
415.099022862823	1202.75
417.89590384957	1202.875
420.691841308876	1206.625
423.486835862752	1212
426.280888132173	1202.5
429.073998737112	1200.625
431.866168296507	1203.625
434.657397428298	1207.375
437.447686749412	1194.75
440.237036875762	1202.25
443.025448422257	1201.75
445.812922002813	1206.625
448.599458230326	1206
451.38505771672	1202.75
454.169721072909	1198.375
456.953448908819	1207.25
459.736241833384	1209.875
462.518100454555	1210.25
465.2990253793	1206.75
468.079017213605	1203.5
470.858076562476	1201.25
473.636204029939	1210.375
476.41340021906	1207.375
479.189665731938	1211.875
481.965001169667	1206.875
484.739407132419	1200.375
487.512884219391	1209.125
490.285433028796	1205.25
493.057054157921	1203.375
495.827748203087	1206.625
498.597515759658	1207
501.366357422061	1202
504.134273783759	1201.625
506.901265437278	1202.75
509.66733297421	1205.125
512.432476985198	1211.125
515.196698059945	1201.5
517.959996787225	1209.75
520.722373754895	1207
523.483829549856	1215.75
526.24436475811	1206.125
529.003979964696	1211.25
531.762675753779	1202.625
534.520452708569	1213.5
537.277311411375	1209.625
540.03325244359	1211.125
542.788276385682	1210
545.54238381725	1207.75
548.295575316938	1199.5
551.047851462516	1210.625
553.799212830831	1204.125
556.549659997851	1213.875
559.299193538643	1207.25
562.047814027381	1206.375
564.795522037318	1212.375
567.542318140861	1208.5
570.288202909507	1207.75
573.033176913873	1204.5
575.7772407237	1202.125
578.520394907829	1198.625
581.26264003424	1205.75
584.003976670046	1200.625
586.744405381469	1210.625
589.483926733869	1204.625
592.222541291746	1205
594.96024961872	1203.5
597.697052277563	1210.875
600.432949830166	1211
603.167942837587	1207.375
605.902031860012	1211.625
608.635217456783	1206.25
611.367500186378	1206.75
614.098880606429	1201
616.82935927374	1207.75
619.558936744248	1197
622.287613573072	1206
625.015390314457	1208.25
627.742267521848	1205.5
630.468245747829	1197.125
633.193325544166	1202.125
635.917507461792	1202.75
638.640792050804	1218
641.36317986048	1203.5
644.084671439281	1202.5
646.805267334845	1208.875
649.524968093967	1206
652.24377426266	1197.5
654.961686386106	1201.625
657.678705008678	1205
660.394830673939	1209.25
663.110063924628	1201.75
665.824405302728	1203.5
668.537855349351	1199.25
671.250414604863	1198.125
673.962083608812	1204.625
676.672862899949	1198.25
679.382753016218	1204
682.091754494801	1203.625
684.799867872061	1201.375
687.507093683595	1209.125
690.213432464198	1203.25
692.918884747899	1204.875
695.623451067937	1199.5
698.327131956755	1206.75
701.029927946065	1212
703.731839566754	1209.125
706.43286734896	1217.5
709.133011822067	1213.625
711.832273514658	1204.25
714.53065295457	1214
717.228150668879	1208.5
719.924767183889	1206.875
722.620503025148	1204.875
725.315358717446	1216.125
728.009334784827	1207.625
730.702431750559	1218.375
733.394650137188	1215.75
736.085990466498	1202.875
738.776453259519	1215.375
741.466039036542	1204.25
744.154748317125	1213.875
746.842581620074	1218.875
749.529539463458	1215.875
752.215622364608	1214.25
754.900830840131	1220.5
757.585165405892	1220.75
760.26862657703	1222.125
762.951214867957	1226.625
765.632930792356	1221.125
768.313774863181	1214.375
770.993747592673	1210.875
773.672849492359	1214.875
776.351081073017	1210.625
779.028442844757	1210
781.704935316928	1209
784.380558998208	1205.125
787.055314396528	1201
789.729202019141	1209.375
792.402222372581	1207.375
795.074375962669	1210.375
797.745663294537	1212.75
800.416084872622	1213.875
803.085641200652	1213.375
805.754332781664	1213.125
808.422160117986	1209.25
811.089123711292	1211.875
813.75522406252	1207.875
816.420461671951	1211.5
819.084837039164	1211.5
821.748350663067	1220.5
824.411003041866	1214.375
827.072794673116	1214.375
829.733726053668	1216.75
832.39379767971	1217.75
835.05301004674	1218.875
837.711363649601	1215.625
840.368858982457	1217
843.025496538805	1215.625
845.681276811467	1212.25
848.336200292618	1221.5
850.99026747375	1223.75
853.643478845713	1224
856.29583489868	1224.625
858.947336122176	1223.25
861.59798300506	1219.625
864.247776035556	1224
866.896715701222	1227.375
869.544802488959	1223.25
872.192036885046	1226.75
874.838419375087	1230.25
877.483950444054	1217.875
880.128630576285	1225.375
882.772460255461	1232.25
885.415439964628	1220.75
888.057570186211	1230.125
890.698851401966	1227.375
893.339284093045	1224.625
895.978868739961	1240.5
898.617605822596	1242.25
901.255495820196	1234.125
903.892539211396	1231.875
906.528736474184	1238.125
909.164088085949	1237.5
911.798594523442	1229.5
914.432256262804	1231.875
917.065073779549	1232.625
919.697047548589	1235.25
922.328178044212	1241.75
924.9584657401	1229
927.587911109317	1243.625
930.216514624317	1250.125
932.844276756963	1253
935.471197978488	1244.125
938.097278759538	1246.25
940.722519570163	1243.5
943.346920879798	1252.5
945.97048315729	1251.875
948.593206870885	1245.375
951.215092488219	1250.5
953.836140476366	1231.125
956.456351301787	1242.5
959.07572543037	1235.5
961.694263327369	1223.5
964.311965457521	1228.5
966.928832284933	1236.75
969.544864273135	1231.875
972.160061885076	1230.5
974.774425583129	1225.875
977.387955829099	1226.25
980.000653084196	1233
982.612517809061	1228
985.223550463768	1230.125
987.833751507819	1230.375
990.443121400135	1233.125
993.051660599081	1222.375
995.659369562449	1230.75
998.266248747469	1232.25
1000.87229861081	1239.25
1003.47751960857	1249.125
1006.0819121963	1237.75
1008.68547682897	1224.375
1011.28821396104	1233.5
1013.89012404635	1221.25
1016.49120753824	1219.5
1019.09146488947	1223.75
1021.69089655226	1229.5
1024.28950297827	1217.125
1026.88728461863	1225.5
1029.48424192392	1232.875
1032.08037534416	1227.125
1034.67568532886	1234
1037.27017232694	1219.125
1039.86383678682	1229.125
1042.45667915637	1233
1045.04869988293	1224.875
1047.6398994133	1228.625
1050.23027819374	1236.75
1052.81983666998	1230
1055.40857528724	1228.625
1057.99649449018	1232
1060.58359472296	1226.625
1063.1698764292	1230.5
1065.755340052	1224.75
1068.33998603393	1224.625
1070.92381481706	1229.375
1073.50682684291	1226.75
1076.08902255251	1227.375
1078.67040238637	1230.375
1081.25096678445	1240
1083.83071618624	1239.75
1086.4096510307	1225.75
1088.98777175629	1228.375
1091.56507880094	1228.125
1094.14157260208	1224.75
1096.71725359664	1232.375
1099.29212222106	1227.75
1101.86617891125	1226.875
1104.43942410262	1225
1107.01185823011	1220.75
1109.58348172812	1222.25
1112.15429503057	1217.75
1114.7242985709	1232.25
1117.29349278203	1226.875
1119.86187809642	1220.875
1122.42945494599	1227.625
1124.99622376222	1225.5
1127.56218497606	1226.75
1130.12733901801	1224.75
1132.69168631804	1227.875
1135.25522730568	1219.5
1137.81796240995	1215.75
1140.37989205941	1216.25
1142.9410166821	1219.25
1145.50133670561	1216.5
1148.06085255708	1215.125
1150.61956466311	1217.125
1153.17747344987	1226
1155.73457934305	1225
1158.29088276786	1229.875
1160.84638414903	1214.125
1163.40108391085	1221.5
1165.95498247711	1222.25
1168.50808027116	1218.25
1171.06037771587	1216.75
1173.61187523364	1218.625
1176.16257324643	1225
1178.71247217573	1225.25
1181.26157244255	1219.5
1183.80987446746	1218.25
1186.35737867059	1210.375
1188.90408547157	1215.5
1191.44999528961	1215.25
1193.99510854347	1215.5
1196.53942565142	1208.75
1199.08294703133	1226
1201.62567310057	1225.375
1204.16760427611	1226.5
1206.70874097445	1227
1209.24908361163	1228.875
1211.78863260327	1231.375
1214.32738836454	1218
1216.86535131017	1221
1219.40252185445	1222.875
1221.93890041121	1225.125
1224.47448739389	1225.25
1227.00928321544	1226.125
1229.54328828842	1227.875
1232.07650302491	1225.875
1234.60892783662	1237
1237.14056313477	1240.25
1239.67140933017	1235.375
1242.2014668332	1238.5
1244.73073605384	1244.375
1247.25921740159	1242.5
1249.78691128558	1247.5
1252.31381811448	1243.125
1254.83993829655	1253.5
1257.36527223962	1250.125
1259.88982035112	1247.375
1262.41358303803	1261.5
1264.93656070696	1251.75
1267.45875376405	1261.375
1269.98016261505	1254.25
1272.50078766531	1249.25
1275.02062931974	1248.75
1277.53968798285	1245.375
1280.05796405875	1251
1282.57545795112	1257.625
1285.09217006325	1248.25
1287.60810079802	1258
1290.12325055788	1254
1292.63761974492	1246.5
1295.15120876079	1255.375
1297.66401800676	1256.125
1300.17604788367	1265.625
1302.687298792	1261.625
1305.19777113181	1261.5
1307.70746530274	1259.5
1310.21638170408	1265.875
1312.7245207347	1265.25
1315.23188279307	1257.5
1317.73846827728	1257.875
1320.24427758502	1257.5
1322.74931111359	1260
1325.25356925991	1256.25
1327.75705242051	1260.375
1330.25976099151	1250.25
1332.76169536868	1257.375
1335.26285594737	1247.75
1337.76324312256	1246.75
1340.26285728887	1241.25
1342.76169884052	1245.75
1345.25976817132	1236
1347.75706567474	1243.875
1350.25359174387	1230.625
1352.74934677141	1239.375
1355.24433114968	1232.75
1357.73854527062	1235.875
1360.23198952583	1236
1362.7246643065	1225.125
1365.21657000347	1230.875
1367.7077070072	1228.5
1370.19807570777	1232.375
1372.68767649492	1216.5
1375.176509758	1219.375
1377.66457588599	1223.625
1380.15187526753	1225.25
1382.63840829087	1232.375
1385.1241753439	1222.125
1387.60917681417	1229.875
1390.09341308884	1225.75
1392.57688455474	1221.5
1395.05959159829	1221.625
1397.54153460562	1240.875
1400.02271396243	1238.125
1402.50313005414	1229
1404.98278326576	1231.875
1407.46167398196	1231.75
1409.93980258707	1234.375
1412.41716946504	1230.75
1414.89377499951	1228.5
1417.36961957373	1232.375
1419.84470357062	1237.625
1422.31902737275	1238.5
1424.79259136235	1241.125
1427.26539592129	1238.25
1429.73744143111	1245.625
1432.20872827299	1260.375
1434.67925682777	1249.875
1437.14902747597	1276.5
1439.61804059773	1279.375
1442.0862965729	1285.75
1444.55379578093	1292.375
1447.02053860099	1290.375
1449.48652541188	1290.125
1451.95175659206	1287.875
1454.41623251969	1282.75
1456.87995357255	1279.25
1459.34292012811	1267
1461.80513256351	1256
1464.26659125557	1260.375
1466.72729658073	1250.5
1469.18724891517	1245.375
1471.64644863469	1238.125
1474.10489611478	1231.625
1476.5625917306	1231.625
1479.01953585699	1221.625
1481.47572886844	1222.25
1483.93117113917	1218.125
1486.38586304302	1212.75
1488.83980495354	1221.375
1491.29299724395	1215.5
1493.74544028715	1206.125
1496.19713445573	1215.375
1498.64808012193	1211.25
1501.09827765772	1214.125
1503.54772743471	1208.25
1505.99642982421	1215.375
1508.44438519723	1211.125
1510.89159392446	1214.625
1513.33805637625	1220.125
1515.78377292266	1210.875
1518.22874393346	1211.625
1520.67296977806	1204.875
1523.11645082559	1211.25
1525.55918744488	1218.625
1528.00118000444	1202.625
1530.44242887245	1210.375
1532.88293441684	1211.375
1535.32269700517	1213.75
1537.76171700475	1210.75
1540.19999478255	1206.375
1542.63753070526	1221.875
1545.07432513925	1218.125
1547.5103784506	1212.625
1549.94569100509	1209.125
1552.38026316819	1225.125
1554.8140953051	1226
1557.24718778067	1220
1559.67954095952	1212.875
1562.11115520592	1214.75
1564.54203088386	1217.875
1566.97216835704	1212
1569.40156798888	1218
1571.83023014248	1217.375
1574.25815518067	1218.375
1576.68534346597	1220.625
1579.11179536062	1220.625
1581.53751122658	1217.25
1583.9624914255	1220.625
1586.38673631876	1221
1588.81024626745	1215.875
1591.23302163235	1217.875
1593.655062774	1222.625
1596.07637005262	1229.25
1598.49694382815	1221.875
1600.91678446025	1228
1603.33589230831	1225.875
1605.75426773142	1236.875
1608.1719110884	1224.375
1610.58882273779	1232
1613.00500303784	1229.875
1615.42045234654	1240.75
1617.83517102158	1225.25
1620.24915942039	1243.375
1622.66241790012	1239.875
1625.07494681764	1247.125
1627.48674652954	1246
1629.89781739216	1254.25
1632.30815976152	1245.375
1634.71777399343	1254.375
1637.12666044338	1272.75
1639.53481946661	1262.625
1641.94225141808	1273.875
1644.34895665248	1286.625
1646.75493552424	1294.875
1649.16018838752	1298.625
1651.56471559621	1310.125
1653.96851750392	1315.75
1656.37159446403	1304.5
1658.7739468296	1308.875
1661.17557495349	1296.5
1663.57647918824	1270.125
1665.97665988617	1275.375
1668.37611739929	1265.75
1670.77485207939	1265.625
1673.17286427799	1250.125
1675.57015434633	1251.75
1677.96672263542	1245.625
1680.36256949598	1234
1682.7576952785	1231.5
1685.15210033318	1228.875
1687.54578501	1232.25
1689.93874965866	1218.125
1692.33099462861	1218.125
1694.72252026904	1217.625
1697.11332692889	1220.375
1699.50341495686	1215
1701.89278470137	1214.125
1704.28143651061	1211
1706.66937073251	1215.125
1709.05658771473	1217.375
1711.44308780473	1212.375
1713.82887134968	1204.125
1716.21393869648	1204.875
1718.59829019185	1217.5
1720.98192618221	1209.5
1723.36484701374	1210.75
1725.74705303238	1206.5
1728.12854458384	1215.875
1730.50932201356	1201.875
1732.88938566673	1212.375
1735.26873588834	1208.625
1737.64737302307	1208.375
1740.02529741544	1213.875
1742.40250940964	1208.875
1744.77900934969	1212.25
1747.15479757933	1207.625
1749.52987444206	1212.875
1751.90424028116	1211.375
1754.27789543967	1213.75
1756.65084026037	1211.125
1759.02307508582	1207.375
1761.39460025833	1203.625
1763.76541612	1205.875
1766.13552301265	1208.375
1768.50492127791	1209.625
1770.87361125714	1204.25
1773.2415932915	1202.875
1775.60886772188	1205.75
1777.97543488896	1201.875
1780.34129513318	1205.5
1782.70644879475	1204.125
1785.07089621365	1203.125
1787.43463772964	1207.75
1789.7976736822	1206.125
1792.16000441066	1203.5
1794.52163025405	1198.25
1796.88255155121	1201.375
1799.24276864074	1202.125
1801.60228186102	1201.625
1803.96109155019	1195.5
1806.31919804618	1203.5
1808.67660168668	1200.625
1811.03330280916	1202.75
1813.38930175088	1202
1815.74459884884	1199.5
1818.09919443984	1195.375
1820.45308886047	1205.25
1822.80628244708	1196.875
1825.1587755358	1202.25
1827.51056846254	1208.625
1829.86166156297	1201
1832.21205517258	1199.125
1834.56174962661	1204.125
1836.91074526009	1195.125
1839.25904240783	1201.75
1841.60664140443	1209
1843.95354258425	1203.375
1846.29974628146	1202.125
1848.64525282998	1205.25
1850.99006256356	1202.25
1853.3341758157	1203.875
1855.67759291968	1199
1858.02031420858	1199.375
1860.36234001528	1205.125
1862.70367067241	1197.5
1865.04430651244	1195.25
1867.38424786755	1211.25
1869.72349506978	1206.25
1872.06204845094	1203.375
1874.39990834258	1197.875
1876.73707507612	1200.875
1879.07354898269	1196.25
1881.40933039328	1207.75
1883.74441963861	1202.125
1886.07881704925	1204.25
1888.41252295551	1198.5
1890.74553768751	1202.25
1893.07786157519	1199
1895.40949494822	1204.125
1897.74043813615	1203.375
1900.07069146823	1207.125
1902.40025527357	1201.375
1904.72912988106	1200.375
1907.05731561938	1203.5
1909.38481281699	1202.25
1911.71162180217	1206.5
1914.037742903	1198.625
1916.36317644734	1207.25
1918.68792276284	1199
1921.01198217697	1201.75
1923.33535501699	1207.875
1925.65804160996	1201.75
1927.98004228273	1201.875
1930.30135736196	1202.5
1932.6219871741	1205.375
1934.94193204543	1208.875
1937.26119230198	1199
1939.57976826962	1203.125
1941.89766027402	1204.75
1944.21486864062	1204
1946.53139369472	1201.375
1948.84723576137	1205.625
1951.16239516543	1200.5
1953.47687223159	1200.875
1955.79066728434	1203.875
1958.10378064794	1200.75
1960.4162126465	1201.375
1962.7279636039	1205.125
1965.03903384385	1202.875
1967.34942368987	1205.875
1969.65913346524	1204.875
1971.96816349311	1204.625
1974.2765140964	1198
1976.58418559784	1200.375
1978.89117831997	1205.625
1981.19749258516	1199.5
1983.50312871555	1199.125
1985.80808703313	1209.125
1988.11236785967	1203.5
1990.41597151676	1206.125
1992.71889832581	1201.125
1995.02114860801	1204.125
1997.3227226844	1215
1999.62362087581	1200.375
2001.92384350288	1207.5
2004.22339088608	1211.875
2006.52226334567	1199.25
2008.82046120173	1201.875
2011.11798477417	1205.125
2013.41483438269	1210.625
2015.71101034681	1206.125
2018.00651298588	1210.625
2020.30134261905	1202.25
2022.59549956528	1199.75
2024.88898414337	1203
2027.1817966719	1202.125
2029.4739374693	1204
2031.76540685379	1211.375
2034.05620514342	1194.125
2036.34633265607	1199.75
2038.6357897094	1207.25
2040.92457662092	1204.125
2043.21269370795	1206.5
2045.50014128763	1204
2047.78691967691	1204.75
2050.07302919256	1197.375
2052.35847015118	1197.25
2054.64324286919	1204.5
2056.9273476628	1210.75
2059.21078484808	1204.75
2061.4935547409	1199.125
2063.77565765696	1206.375
2066.05709391176	1203.625
2068.33786382065	1207.625
2070.61796769879	1200.875
2072.89740586116	1194.875
2075.17617862255	1210.875
2077.45428629759	1209.625
2079.73172920075	1212.25
2082.00850764627	1209.875
2084.28462194827	1205.875
2086.56007242065	1208.375
2088.83485937717	1206.375
2091.10898313139	1204.625
2093.3824439967	1201.5
2095.65524228632	1199.375
2097.92737831328	1197.875
2100.19885239047	1197.25
2102.46966483057	1214.625
2104.7398159461	1205.25
2107.00930604941	1207.375
2109.27813545267	1208.25
2111.54630446787	1204.375
2113.81381340685	1201.875
2116.08066258126	1209.25
2118.34685230257	1199.625
2120.61238288211	1205.75
2122.87725463099	1205.75
2125.1414678602	1201.375
2127.40502288052	1204.25
2129.66792000257	1200.5
2131.93015953682	1201.25
2134.19174179353	1199
2136.45266708282	1201.75
2138.71293571463	1199.375
2140.97254799873	1210.125
2143.23150424473	1201.75
2145.48980476205	1202.5
2147.74744985996	1207.25
2150.00443984754	1209.25
2152.26077503373	1203.625
2154.51645572728	1204.625
2156.77148223677	1205.75
2159.02585487064	1200.75
2161.27957393713	1204.25
2163.53263974432	1209.5
2165.78505260012	1210.125
2168.0368128123	1206
2170.28792068844	1203.125
2172.53837653595	1199.375
2174.78818066207	1208.25
2177.03733337389	1200.125
2179.28583497833	1201.75
2181.53368578214	1207.375
2183.78088609192	1196.375
2186.02743621406	1201.25
2188.27333645484	1203
2190.51858712033	1209.125
2192.76318851646	1211.625
2195.00714094901	1195.125
2197.25044472354	1204.5
2199.49310014551	1202.625
2201.73510752018	1199.5
2203.97646715265	1201.125
2206.21717934786	1203
2208.45724441058	1202.375
2210.69666264543	1194.75
2212.93543435686	1205.25
2215.17355984914	1200.875
2217.41103942642	1199.5
2219.64787339264	1199.125
2221.8840620516	1203.625
2224.11960570695	1199.125
2226.35450466215	1195.75
2228.58875922051	1205.875
2230.82236968518	1201.375
2233.05533635916	1203.75
2235.28765954527	1201.125
2237.51933954617	1199.375
2239.75037666437	1212.5
2241.98077120221	1208.125
2244.21052346188	1201.625
2246.4396337454	1206
2248.66810235461	1208.75
2250.89592959125	1205.875
2253.12311575681	1206.75
2255.34966115272	1204.25
2257.57556608017	1212.375
2259.80083084023	1204.375
2262.02545573381	1203.75
2264.24944106163	1201.75
2266.47278712429	1205.875
2268.69549422221	1200.875
2270.91756265564	1202.5
2273.1389927247	1203.5
2275.35978472934	1199.125
2277.57993896933	1199.125
2279.79945574431	1203.375
2282.01833535375	1197.875
2284.23657809696	1209.875
2286.45418427309	1200.375
2288.67115418114	1206.5
2290.88748811995	1202.75
2293.10318638819	1202.875
2295.3182492844	1210.25
2297.53267710693	1204.75
2299.746470154	1197.125
2301.95962872364	1200.875
2304.17215311376	1195.875
2306.3840436221	1203.375
2308.59530054621	1195.625
2310.80592418354	1210.125
2313.01591483134	1204.25
2315.22527278673	1199
2317.43399834666	1202.625
2319.64209180791	1203.25
2321.84955346713	1206.375
2324.05638362079	1215.125
2326.26258256524	1203.875
2328.46815059664	1204.25
2330.67308801098	1209.875
2332.87739510415	1207.875
2335.08107217184	1196.375
2337.2841195096	1196.5
2339.48653741281	1207.5
2341.68832617672	1195.5
2343.8894860964	1207.125
2346.09001746678	1208
2348.28992058261	1202.375
2350.48919573852	1199.625
2352.68784322898	1204.125
2354.88586334826	1201.875
2357.08325639055	1204.875
2359.2800226498	1194
2361.47616241988	1209
2363.67167599445	1198.5
2365.86656366706	1199.125
2368.06082573107	1197.625
2370.2544624797	1199.625
2372.44747420603	1204.125
2374.63986120295	1200.875
2376.83162376322	1203.125
2379.02276217945	1199.625
2381.21327674408	1198.375
2383.4031677494	1201.5
2385.59243548756	1206.25
2387.78108025053	1194.125
2389.96910233014	1201.625
2392.15650201809	1201.875
2394.34327960587	1200.75
2396.52943538486	1204.25
2398.71496964628	1202.5
2400.89988268118	1199.625
2403.08417478048	1199
2405.26784623491	1202.25
2407.45089733509	1203.625
2409.63332837146	1201.375
2411.81513963429	1204.625
2413.99633141375	1198.25
2416.1769039998	1201
2418.35685768227	1196.375
2420.53619275084	1199.5
2422.71490949505	1197.625
2424.89300820425	1203.75
2427.07048916765	1199.625
2429.24735267433	1197.5
2431.42359901319	1209.5
2433.59922847297	1193.875
2435.7742413423	1199.375
2437.94863790961	1196.25
2440.12241846321	1202.875
2442.29558329121	1195
2444.46813268162	1197.625
2446.64006692228	1202.375
2448.81138630086	1193.375
2450.98209110489	1205.5
2453.15218162174	1201
2455.32165813864	1200.25
2457.49052094265	1196.5
2459.65877032069	1204.25
2461.8264065595	1199.875
2463.99342994572	1205.125
2466.15984076579	1209.625
2468.325639306	1200.5
2470.49082585251	1206.625
2472.65540069131	1208.125
2474.81936410824	1199.5
2476.98271638899	1209.75
2479.14545781909	1199.75
2481.30758868392	1201.125
2483.4691092687	1203.125
2485.63001985852	1199.875
2487.79032073829	1204.125
2489.95001219277	1202.5
2492.10909450659	1205.375
2494.26756796419	1200.375
2496.42543284989	1196.375
2498.58268944783	1201.125
2500.73933804202	1196.5
2502.8953789163	1201.625
2505.05081235436	1203.625
2507.20563863974	1206
2509.35985805582	1204.5
2511.51347088583	1206.5
2513.66647741285	1195.375
2515.81887791981	1198.25
2517.97067268946	1202.875
2520.12186200443	1201.25
2522.27244614716	1197.625
2524.42242539999	1203.875
2526.57180004504	1196
2528.72057036433	1200.125
2530.8687366397	1202.625
2533.01629915284	1200.375
2535.16325818527	1203.875
2537.30961401839	1201.375
2539.45536693343	1197.75
2541.60051721145	1201.125
2543.74506513338	1199.75
2545.88901097997	1207.125
2548.03235503185	1202.125
2550.17509756946	1198.875
2552.31723887311	1202.25
2554.45877922293	1196.875
2556.59971889893	1201.5
2558.74005818094	1200
2560.87979734864	1204.25
2563.01893668155	1206.25
2565.15747645906	1203
2567.29541696037	1211.125
2569.43275846454	1201.75
2571.56950125049	1205.5
2573.70564559696	1206.625
2575.84119178254	1203
2577.97614008569	1204.625
2580.11049078468	1208.125
2582.24424415764	1203.75
2584.37740048255	1206
2586.50996003722	1203.375
2588.64192309931	1203.75
2590.77328994634	1204.375
2592.90406085564	1202.5
2595.03423610442	1197.625
2597.16381596971	1206.375
2599.29280072839	1202.375
2601.42119065719	1198.75
2603.54898603267	1207.625
2605.67618713125	1202.75
2607.80279422919	1200.375
2609.92880760257	1203.375
2612.05422752735	1210.375
2614.17905427932	1203.75
2616.30328813408	1212.125
2618.42692936713	1202.875
2620.54997825377	1208.5
2622.67243506915	1200.625
2624.79430008828	1198.125
2626.915573586	1208.25
2629.03625583699	1206.75
2631.15634711579	1208.125
2633.27584769675	1202.5
2635.39475785408	1204.75
2637.51307786185	1203.125
2639.63080799394	1198.625
2641.74794852409	1203
2643.86449972589	1214.125
2645.98046187273	1211
2648.0958352379	1204
2650.21062009449	1203.875
2652.32481671544	1206.375
2654.43842537353	1209.25
2656.5514463414	1210.125
2658.66387989151	1207.125
2660.77572629616	1209.125
2662.88698582751	1206.25
2664.99765875753	1203.125
2667.10774535806	1208.375
2669.21724590076	1199.625
2671.32616065714	1200.125
2673.43448989857	1206.125
2675.5422338962	1205.125
2677.64939292108	1208.375
2679.75596724408	1206.375
2681.86195713589	1205.375
2683.96736286707	1213.5
2686.07218470799	1205.25
2688.17642292889	1209.25
2690.28007779982	1210.375
2692.38314959069	1208.75
2694.48563857123	1210.125
2696.58754501103	1206.875
2698.6888691795	1209.25
2700.78961134588	1213.5
2702.8897717793	1211.125
2704.98935074864	1216.5
2707.08834852271	1212.5
2709.18676537009	1208.875
2711.28460155925	1217.125
2713.38185735843	1214.25
2715.47853303577	1210.375
2717.57462885924	1208.75
2719.67014509659	1222.375
2721.76508201548	1215.625
2723.85943988337	1220.5
2725.95321896754	1222
2728.04641953515	1216.5
2730.13904185316	1217.75
2732.23108618837	1221.5
2734.32255280744	1218.75
2736.41344197683	1215.25
2738.50375396288	1212.875
2740.5934890317	1210.375
2742.68264744932	1217
2744.77122948153	1212
2746.85923539398	1219.125
2748.94666545217	1214.5
2751.03351992142	1220.75
2753.11979906688	1212.375
2755.20550315355	1212
2757.29063244624	1223.75
2759.37518720963	1209.375
2761.45916770819	1212.25
2763.54257420625	1213.625
2765.62540696797	1212.875
2767.70766625733	1212.25
2769.78935233816	1211.125
2771.87046547413	1209.625
2773.95100592869	1208.875
2776.03097396519	1208.125
2778.11036984677	1212
2780.18919383641	1203.25
2782.26744619693	1209.5
2784.34512719097	1207.5
2786.42223708102	1215.5
2788.49877612937	1209.25
2790.57474459816	1204.25
2792.65014274937	1217.875
2794.7249708448	1217.5
2796.79922914607	1212.5
2798.87291791465	1219.625
2800.94603741181	1222.875
2803.01858789869	1212.5
2805.09056963623	1219.5
2807.1619828852	1216.75
2809.23282790621	1217.375
2811.30310495971	1209.75
2813.37281430593	1215.875
2815.441956205	1218.875
2817.51053091682	1224.125
2819.57853870114	1224.625
2821.64597981753	1220.625
2823.7128545254	1222.25
2825.77916308399	1227.875
2827.84490575233	1236.75
2829.91008278933	1242.125
2831.97469445369	1242.125
2834.03874100395	1244.125
2836.10222269847	1246.5
2838.16513979544	1266.625
2840.22749255288	1276
2842.28928122863	1300.125
2844.35050608034	1311.75
2846.41116736553	1345.5
2848.47126534149	1350.875
2850.53080026537	1369.125
2852.58977239414	1373
2854.64818198459	1384.375
2856.70602929332	1373.5
2858.76331457678	1387.75
2860.82003809123	1385.5
2862.87620009274	1393.875
2864.93180083723	1393.875
2866.98684058043	1409.375
2869.04131957789	1404.25
2871.09523808497	1441.125
2873.14859635689	1424.125
2875.20139464866	1424.875
2877.2536332151	1443.75
2879.30531231091	1451.875
2881.35643219054	1438.875
2883.40699310831	1440.25
2885.45699531834	1457.625
2887.50643907457	1462.625
2889.55532463077	1459.625
2891.60365224053	1473.625
2893.65142215724	1470.5
2895.69863463414	1462.875
2897.74528992426	1478.625
2899.79138828046	1458.25
2901.83692995544	1474.125
2903.88191520168	1456.125
2905.92634427151	1498.25
2907.97021741706	1494.875
2910.01353489027	1498.375
2912.05629694294	1505.25
2914.09850382663	1526.375
2916.14015579276	1545
2918.18125309254	1554.125
2920.22179597702	1546.75
2922.26178469705	1563.25
2924.30121950329	1577.25
2926.34010064624	1590
2928.37842837619	1590.75
2930.41620294326	1595.5
2932.45342459737	1588.75
2934.49009358828	1617.625
2936.52621016555	1606.375
2938.56177457854	1575.375
2940.59678707645	1573.5
2942.63124790827	1564.875
2944.66515732282	1529.125
2946.69851556873	1525.875
2948.73132289443	1492.25
2950.76357954817	1508
2952.79528577803	1471.5
2954.82644183188	1470.375
2956.85704795741	1470
2958.8871044021	1445.625
2960.91661141328	1442.75
2962.94556923807	1436.75
2964.97397812339	1429.5
2967.00183831598	1424.375
2969.0291500624	1447.125
2971.05591360902	1431.625
2973.08212920199	1426.5
2975.1077970873	1409.625
2977.13291751074	1419.25
2979.1574907179	1404.25
2981.18151695419	1398.125
2983.20499646482	1384.625
2985.2279294948	1352.25
2987.25031628898	1371.25
2989.27215709199	1349.25
2991.29345214825	1329.875
2993.31420170204	1335.125
2995.33440599738	1335.375
2997.35406527816	1329.375
2999.37317978802	1314.625
3001.39174977045	1327.875
3003.40977546872	1317.875
3005.42725712591	1329.25
3007.44419498491	1332.5
3009.4605892884	1318
3011.47644027889	1320.25
3013.49174819865	1315.125
3015.5065132898	1315.75
3017.52073579424	1310.25
3019.53441595366	1307.75
3021.54755400959	1302.75
3023.56015020332	1291.625
3025.57220477598	1293.625
3027.58371796846	1294.75
3029.5946900215	1293.75
3031.6051211756	1282.25
3033.61501167107	1288.75
3035.62436174803	1302.875
3037.6331716464	1298.5
3039.64144160588	1291.875
3041.649171866	1306.25
3043.65636266607	1312.25
3045.6630142452	1296.5
3047.66912684229	1300.625
3049.67470069605	1304.875
3051.679736045	1303.25
3053.68423312742	1308.25
3055.68819218143	1309.75
3057.6916134449	1324.125
3059.69449715556	1303.625
3061.69684355086	1320.5
3063.6986528681	1317.5
3065.69992534437	1317.875
3067.70066121653	1317.375
3069.70086072126	1315.25
3071.700524095	1305.875
3073.69965157405	1301
3075.69824339442	1314.125
3077.69629979197	1317.375
3079.69382100235	1307.75
3081.69080726098	1305.5
3083.68725880307	1313
3085.68317586366	1311.625
3087.67855867755	1313
3089.67340747933	1309.5
3091.6677225034	1322.125
3093.66150398392	1308.375
3095.6547521549	1323.625
3097.64746725006	1316.25
3099.63964950297	1315.5
3101.63129914698	1324.125
3103.6224164152	1323.25
3105.61300154056	1325.5
3107.60305475576	1326.875
3109.59257629331	1329.75
3111.58156638547	1340.125
3113.57002526432	1340
3115.55795316172	1331.625
3117.54535030932	1343.625
3119.53221693853	1340.75
3121.51855328057	1358.875
3123.50435956646	1363.75
3125.48963602698	1359.75
3127.4743828927	1356
3129.45860039397	1352.5
3131.44228876093	1364.875
3133.42544822353	1364.375
3135.40807901145	1365.75
3137.39018135418	1372.625
3139.37175548102	1381.875
3141.35280162101	1385.375
3143.33332000299	1381
3145.31331085559	1381.375
3147.2927744072	1367.5
3149.27171088602	1390.625
3151.25012052	1405
3153.22800353689	1394
3155.20536016422	1391.5
3157.18219062929	1398.625
3159.15849515918	1406.75
3161.13427398075	1415.375
3163.10952732066	1410.625
3165.08425540532	1404
3167.05845846092	1419.5
3169.03213671344	1416.625
3171.00529038863	1406.5
3172.97791971203	1431.5
3174.95002490893	1431.125
3176.92160620443	1426.75
3178.89266382337	1414.5
3180.8631979904	1449.875
3182.83320892991	1430.25
3184.80269686609	1422.375
3186.77166202289	1433.75
3188.74010462406	1439.625
3190.70802489307	1454
3192.67542305323	1466.25
3194.64229932757	1460.375
3196.60865393892	1454.125
3198.57448710987	1471.375
3200.53979906279	1455.875
3202.50459001981	1441.75
3204.46886020284	1465.25
3206.43260983356	1447.5
3208.39583913341	1486.75
3210.35854832362	1488.125
3212.32073762517	1475.875
3214.28240725881	1468.875
3216.24355744508	1477.25
3218.20418840426	1481.375
3220.16430035642	1500.375
3222.12389352137	1471.25
3224.08296811873	1497.875
3226.04152436784	1494.125
3227.99956248784	1487.875
3229.95708269762	1486.875
3231.91408521584	1484.625
3233.87057026092	1489.375
3235.82653805105	1493.5
3237.78198880419	1485.875
3239.73692273806	1508.75
3241.69134007013	1514.875
3243.64524101764	1514.375
3245.59862579761	1480.5
3247.55149462681	1502.25
3249.50384772176	1521.625
3251.45568529877	1513.625
3253.40700757387	1516.125
3255.35781476288	1523.25
3257.3081070814	1520.875
3259.25788474473	1512.375
3261.20714796799	1539.25
3263.15589696602	1532
3265.10413195345	1538.25
3267.05185314463	1529.375
3268.9990607537	1538.625
3270.94575499455	1539.5
3272.89193608081	1544.25
3274.8376042259	1543.125
3276.78275964296	1548
3278.72740254492	1544.375
3280.67153314443	1550.125
3282.61515165393	1554.625
3284.55825828559	1543.125
3286.50085325135	1564.25
3288.44293676289	1565
3290.38450903165	1578.375
3292.32557026883	1553.375
3294.26612068537	1534
3296.20616049198	1556.75
3298.14568989911	1541.75
3300.08470911695	1549.875
3302.02321835546	1553.625
3303.96121782435	1554.375
3305.89870773306	1562.625
3307.83568829081	1529.875
3309.77215970655	1550.625
3311.70812218898	1553.375
3313.64357594655	1540.125
3315.57852118747	1554.375
3317.51295811968	1546.875
3319.44688695087	1551.875
3321.38030788849	1568.375
3323.31322113973	1541
3325.24562691152	1571.375
3327.17752541055	1553.75
3329.10891684322	1550.25
3331.03980141573	1553.875
3332.97017933399	1536.375
3334.90005080364	1560.125
3336.82941603011	1530
3338.75827521852	1549.25
3340.68662857377	1553.5
3342.6144763005	1539.25
3344.54181860308	1554.125
3346.46865568561	1540.25
3348.39498775195	1546
3350.32081500571	1565.375
3352.24613765022	1555.125
3354.17095588855	1565.375
3356.09526992352	1565.5
3358.01907995769	1546.5
3359.94238619334	1562
3361.86518883251	1553.75
3363.78748807697	1561.625
3365.70928412823	1565.5
3367.63057718752	1547.75
3369.55136745582	1560.875
3371.47165513386	1566.875
3373.39144042208	1557.875
3375.31072352066	1554
3377.22950462953	1540.875
3379.14778394834	1556.25
3381.06556167648	1553.125
3382.98283801308	1560.375
3384.89961315697	1570.25
3386.81588730676	1567.875
3388.73166066076	1558.875
3390.64693341702	1550.25
3392.56170577332	1561
3394.47597792716	1578.25
3396.38975007581	1553.25
3398.30302241623	1572.125
3400.21579514512	1563.25
3402.1280684589	1556
3404.03984255374	1568.75
3405.95111762553	1555.875
3407.86189386987	1561
3409.77217148212	1578.375
3411.68195065733	1559.375
3413.5912315903	1558.625
3415.50001447556	1565.5
3417.40829950735	1569.25
3419.31608687963	1548.375
3421.22337678611	1569.75
3423.1301694202	1573.875
3425.03646497504	1558
3426.9422636435	1551.875
3428.84756561816	1546.625
3430.75237109135	1548.375
3432.65668025508	1556.375
3434.56049330112	1545.75
3436.46381042093	1549.25
3438.36663180571	1547.625
3440.26895764638	1556.375
3442.17078813357	1543.375
3444.07212345762	1546.25
3445.97296380863	1533.5
3447.87330937636	1542.625
3449.77316035033	1551.75
3451.67251691977	1530.25
3453.57137927361	1547.75
3455.46974760052	1565.375
3457.36762208886	1541.5
3459.26500292671	1532
3461.16189030191	1530.625
3463.05828440194	1539.5
3464.95418541406	1530.625
3466.84959352519	1529.375
3468.74450892201	1517.5
3470.63893179088	1525.125
3472.53286231788	1533
3474.42630068881	1528.25
3476.31924708918	1492.125
3478.2117017042	1525.125
3480.1036647188	1513.75
3481.99513631761	1504.5
3483.88611668498	1497.875
3485.77660600498	1509.5
3487.66660446135	1504.625
3489.55611223758	1508
3491.44512951683	1501.25
3493.333656482	1493
3495.22169331568	1485.25
3497.10924020016	1496.125
3498.99629731746	1478.875
3500.88286484927	1480.875
3502.76894297702	1483
3504.65453188182	1466.625
3506.53963174449	1479.5
3508.42424274555	1476.75
3510.30836506524	1448.375
3512.19199888349	1476.875
3514.07514437992	1454
3515.95780173387	1440.375
3517.83997112437	1453.25
3519.72165273016	1461
3521.60284672967	1448.625
3523.48355330104	1447.875
3525.36377262208	1451.375
3527.24350487035	1430.75
3529.12275022306	1431.625
3531.00150885715	1421.125
3532.87978094923	1431.125
3534.75756667562	1425.625
3536.63486621235	1430.125
3538.51167973512	1410.625
3540.38800741934	1410.5
3542.26384944011	1415.875
3544.13920597223	1398.25
3546.01407719018	1413.25
3547.88846326815	1408.875
3549.76236438002	1410.875
3551.63578069934	1396.5
3553.50871239938	1390.25
3555.38115965309	1407.625
3557.25312263311	1383.75
3559.12460151177	1378.625
3560.99559646109	1392.25
3562.86610765279	1379
3564.73613525825	1362
3566.60567944857	1376.375
3568.47474039453	1367.625
3570.34331826658	1376.625
3572.21141323487	1362.875
3574.07902546925	1349.75
3575.94615513922	1357.625
3577.81280241401	1362.625
3579.67896746249	1356.375
3581.54465045325	1354.625
3583.40985155455	1369
3585.27457093432	1347.625
3587.1388087602	1356.875
3589.00256519949	1333.5
3590.86584041919	1343.125
3592.72863458597	1345.375
3594.59094786618	1336.75
3596.45278042585	1347.625
3598.31413243069	1344.25
3600.17500404611	1335.625
3602.03539543717	1335.75
3603.89530676861	1335
3605.75473820488	1328.625
3607.61368991007	1321
3609.47216204797	1324.375
3611.33015478203	1313.875
3613.18766827539	1311.125
3615.04470269087	1318.5
3616.90125819094	1318.625
3618.75733493776	1319
3620.61293309318	1315.25
3622.46805281869	1302.875
3624.32269427547	1302.125
3626.17685762439	1315.375
3628.03054302596	1314
3629.88375064038	1302.75
3631.73648062751	1302.5
3633.5887331469	1298.75
3635.44050835775	1296
3637.29180641893	1286.875
3639.14262748899	1291.875
3640.99297172614	1301.375
3642.84283928828	1287
3644.69223033294	1275.625
3646.54114501734	1283.625
3648.38958349836	1279.625
3650.23754593256	1262
3652.08503247614	1279.625
3653.93204328497	1274.125
3655.77857851462	1269.625
3657.62463832028	1270.75
3659.47022285682	1270.875
3661.31533227877	1265.5
3663.15996674033	1271.875
3665.00412639535	1267.25
3666.84781139736	1251.75
3668.69102189953	1245.875
3670.5337580547	1258.5
3672.37602001537	1252
3674.21780793368	1243.375
3676.05912196148	1247.625
3677.89996225021	1237.625
3679.74032895103	1228.875
3681.58022221471	1230.625
3683.41964219171	1237.375
3685.25858903211	1233
3687.0970628857	1230.75
3688.93506390186	1224.125
3690.77259222968	1218.75
3692.60964801787	1217.625
3694.44623141481	1219.25
3696.28234256853	1212.375
3698.11798162669	1231.125
3699.95314873665	1216
3701.78784404537	1218
3703.62206769951	1216.125
3705.45581984533	1214.875
3707.28910062877	1214.375
3709.12191019542	1214.625
3710.95424869052	1208.5
3712.78611625894	1210.25
3714.6175130452	1210.125
3716.44843919349	1208.125
3718.27889484764	1204
3720.1088801511	1207.375
3721.93839524699	1206.875
3723.76744027808	1212.125
3725.59601538677	1205.375
3727.4241207151	1202
