40.2973356941271	1132.09997558594
43.2236257608418	1133.69995117188
46.1488808466109	1136.59997558594
49.0731017336173	1137.30004882813
51.9962892025666	1142.09997558594
54.9184440327569	1142.59997558594
57.8395670020446	1147.40002441406
60.7596588868509	1151.69995117188
63.6787204621708	1162.40002441406
66.5967525015794	1169.69995117188
69.5137557772381	1177.19995117188
72.4297310598838	1190.19995117188
75.3446791188512	1218.19995117188
78.2586007220466	1240.30004882813
81.1714966360015	1269.90002441406
84.0833676258266	1309.40002441406
86.994214455242	1348.90002441406
89.9040378865662	1412.5
92.8128386807427	1454.59997558594
95.7206175973133	1488.69995117188
98.6273753944444	1530
101.533112828928	1560.5
104.437830656161	1565.40002441406
107.34152963018	1568.30004882813
110.244210503676	1548.90002441406
113.145874027931	1554.5
116.046520952895	1540.80004882813
118.946152027154	1531.59997558594
121.844767997933	1524.40002441406
124.74236961111	1535.30004882813
127.638957611212	1536
130.534532741422	1528.5
133.429095743606	1517.19995117188
136.322647358252	1542.90002441406
139.215188324544	1538.5
142.106719380311	1544.90002441406
144.997241262089	1542.09997558594
147.886754705057	1535.59997558594
150.775260443096	1537.59997558594
153.662759208748	1545.80004882813
156.549251733282	1538.59997558594
159.434738746612	1543
162.319220977376	1550.30004882813
165.20269915289	1546.69995117188
168.085173999178	1558.59997558594
170.966646240977	1536.5
173.847116601709	1527
176.726585803528	1553.5
179.605054567295	1537.90002441406
182.48252361259	1528.19995117188
185.358993657701	1526.90002441406
188.234465419645	1518.80004882813
191.108939614183	1519.30004882813
193.982416955795	1535.09997558594
196.854898157687	1518.40002441406
199.726383931801	1511.30004882813
202.596874988835	1530.69995117188
205.466372038225	1537.5
208.334875788145	1520.90002441406
211.202386945534	1526
214.068906216069	1519
216.934434304194	1526.59997558594
219.798971913111	1528.09997558594
222.662519744776	1540.59997558594
225.525078499925	1516.30004882813
228.386648878069	1535.40002441406
231.247231577465	1532.09997558594
234.106827295172	1537.40002441406
236.965436727012	1517.5
239.823060567597	1526.40002441406
242.679699510337	1530.30004882813
245.535354247396	1521.90002441406
248.390025469775	1525.90002441406
251.243713867223	1523
254.096420128327	1522.40002441406
256.948144940459	1513.09997558594
259.798888989788	1518.09997558594
262.648652961315	1516.59997558594
265.49743753883	1513.40002441406
268.345243404939	1517.19995117188
271.192071241073	1515.80004882813
274.037921727485	1521.30004882813
276.882795543246	1520.30004882813
279.72669336624	1534.09997558594
282.569615873213	1519.30004882813
285.411563739724	1528.19995117188
288.252537640165	1528.19995117188
291.092538247763	1520.19995117188
293.931566234616	1532.40002441406
296.769622271633	1524.09997558594
299.606707028594	1531.19995117188
302.442821174104	1530.80004882813
305.277965375652	1534.40002441406
308.112140299574	1550.30004882813
310.945346611062	1538.80004882813
313.777584974167	1557.80004882813
316.608856051813	1543.30004882813
319.439160505797	1541.19995117188
322.268498996783	1544.09997558594
325.096872184303	1541.40002441406
327.924280726782	1541.40002441406
330.750725281521	1548
333.576206504693	1536.80004882813
336.400725051388	1544.69995117188
339.224281575542	1537.59997558594
342.046876730026	1547.30004882813
344.868511166586	1524.90002441406
347.689185535872	1519.90002441406
350.508900487421	1531.19995117188
353.327656669699	1526.40002441406
356.145454730079	1537.09997558594
358.962295314817	1532.5
361.778179069105	1530.80004882813
364.593106637051	1533.59997558594
367.407078661675	1550.40002441406
370.220095784913	1537.69995117188
373.032158647655	1537.30004882813
375.843267889676	1546.69995117188
378.653424149715	1538.59997558594
381.462628065436	1528.09997558594
384.270880273432	1561.59997558594
387.078181409254	1560
389.884532107358	1549.5
392.689933001188	1554.80004882813
395.494384723112	1544.69995117188
398.29788790445	1547.59997558594
401.100443175488	1553.09997558594
403.902051165437	1552.59997558594
406.702712502518	1555.09997558594
409.502427813866	1552
412.301197725607	1547.80004882813
415.099022862823	1539.69995117188
417.89590384957	1530
420.691841308876	1544.80004882813
423.486835862752	1545.59997558594
426.280888132173	1541.69995117188
429.073998737112	1556.30004882813
431.866168296507	1548.40002441406
434.657397428298	1540.80004882813
437.447686749412	1550
440.237036875762	1555.5
443.025448422257	1551.30004882813
445.812922002813	1554.59997558594
448.599458230326	1572.19995117188
451.38505771672	1548.09997558594
454.169721072909	1556.5
456.953448908819	1542.40002441406
459.736241833384	1558.30004882813
462.518100454555	1564.5
465.2990253793	1580.90002441406
468.079017213605	1556.80004882813
470.858076562476	1561.69995117188
473.636204029939	1552.40002441406
476.41340021906	1569.59997558594
479.189665731938	1554.09997558594
481.965001169667	1556.80004882813
484.739407132419	1547.09997558594
487.512884219391	1550.90002441406
490.285433028796	1563.40002441406
493.057054157921	1558.30004882813
495.827748203087	1566.40002441406
498.597515759658	1554.59997558594
501.366357422061	1560.09997558594
504.134273783759	1581.09997558594
506.901265437278	1571.90002441406
509.66733297421	1549.59997558594
512.432476985198	1561.19995117188
515.196698059945	1570.5
517.959996787225	1565.30004882813
520.722373754895	1567.5
523.483829549856	1575.5
526.24436475811	1552.30004882813
529.003979964696	1573.5
531.762675753779	1569
534.520452708569	1568
537.277311411375	1571.59997558594
540.03325244359	1588.5
542.788276385682	1548.40002441406
545.54238381725	1566.5
548.295575316938	1566.5
551.047851462516	1571.5
553.799212830831	1543.90002441406
556.549659997851	1555.30004882813
559.299193538643	1565.09997558594
562.047814027381	1577.90002441406
564.795522037318	1559.69995117188
567.542318140861	1582.09997558594
570.288202909507	1572.09997558594
573.033176913873	1567.19995117188
575.7772407237	1557.80004882813
578.520394907829	1559.09997558594
581.26264003424	1568.90002441406
584.003976670046	1558.69995117188
586.744405381469	1563.69995117188
589.483926733869	1571.59997558594
592.222541291746	1562.90002441406
594.96024961872	1570.09997558594
597.697052277563	1573.69995117188
600.432949830166	1572.19995117188
603.167942837587	1572.5
605.902031860012	1586.69995117188
608.635217456783	1569.59997558594
611.367500186378	1560.5
614.098880606429	1569.19995117188
616.82935927374	1570.69995117188
619.558936744248	1571.59997558594
622.287613573072	1570.5
625.015390314457	1584.80004882813
627.742267521848	1581.19995117188
630.468245747829	1580.09997558594
633.193325544166	1582.09997558594
635.917507461792	1573.5
638.640792050804	1574.80004882813
641.36317986048	1568.40002441406
644.084671439281	1587.19995117188
646.805267334845	1579.30004882813
649.524968093967	1572.90002441406
652.24377426266	1568.30004882813
654.961686386106	1604
657.678705008678	1580.5
660.394830673939	1584.40002441406
663.110063924628	1590.90002441406
665.824405302728	1576
668.537855349351	1582.40002441406
671.250414604863	1573.59997558594
673.962083608812	1570.80004882813
676.672862899949	1584.5
679.382753016218	1570.90002441406
682.091754494801	1592.40002441406
684.799867872061	1578.19995117188
687.507093683595	1582.40002441406
690.213432464198	1578.30004882813
692.918884747899	1578.90002441406
695.623451067937	1591.09997558594
698.327131956755	1584.69995117188
701.029927946065	1599.30004882813
703.731839566754	1577.5
706.43286734896	1595
709.133011822067	1596.59997558594
711.832273514658	1592.59997558594
714.53065295457	1582.19995117188
717.228150668879	1596.59997558594
719.924767183889	1607.69995117188
722.620503025148	1601.90002441406
725.315358717446	1589.30004882813
728.009334784827	1596
730.702431750559	1586.90002441406
733.394650137188	1593.19995117188
736.085990466498	1581.19995117188
738.776453259519	1593.40002441406
741.466039036542	1584.69995117188
744.154748317125	1586.5
746.842581620074	1599.59997558594
749.529539463458	1593
752.215622364608	1593.90002441406
754.900830840131	1569.40002441406
757.585165405892	1588
760.26862657703	1598
762.951214867957	1577.80004882813
765.632930792356	1590.80004882813
768.313774863181	1598.19995117188
770.993747592673	1591.5
773.672849492359	1599.19995117188
776.351081073017	1591
779.028442844757	1605.59997558594
781.704935316928	1591.40002441406
784.380558998208	1583.90002441406
787.055314396528	1591.09997558594
789.729202019141	1598
792.402222372581	1597.90002441406
795.074375962669	1588.5
797.745663294537	1597.5
800.416084872622	1601
803.085641200652	1604.40002441406
805.754332781664	1609.40002441406
808.422160117986	1594.30004882813
811.089123711292	1595.90002441406
813.75522406252	1611.30004882813
816.420461671951	1601.80004882813
819.084837039164	1607.80004882813
821.748350663067	1609.80004882813
824.411003041866	1610.19995117188
827.072794673116	1620.80004882813
829.733726053668	1630.5
832.39379767971	1619.69995117188
835.05301004674	1621.80004882813
837.711363649601	1615.19995117188
840.368858982457	1627.19995117188
843.025496538805	1618.40002441406
845.681276811467	1615
848.336200292618	1624.5
850.99026747375	1626
853.643478845713	1634.19995117188
856.29583489868	1644.80004882813
858.947336122176	1626.19995117188
861.59798300506	1618.40002441406
864.247776035556	1638.90002441406
866.896715701222	1650.80004882813
869.544802488959	1642.69995117188
872.192036885046	1641
874.838419375087	1655.09997558594
877.483950444054	1646.90002441406
880.128630576285	1662.59997558594
882.772460255461	1634.69995117188
885.415439964628	1643
888.057570186211	1643.80004882813
890.698851401966	1644.69995117188
893.339284093045	1630.59997558594
895.978868739961	1631.40002441406
898.617605822596	1633.69995117188
901.255495820196	1626.40002441406
903.892539211396	1628.59997558594
906.528736474184	1628.19995117188
909.164088085949	1624.69995117188
911.798594523442	1629.5
914.432256262804	1626.30004882813
917.065073779549	1636.90002441406
919.697047548589	1644.09997558594
922.328178044212	1636.80004882813
924.9584657401	1651.40002441406
927.587911109317	1642.19995117188
930.216514624317	1637.09997558594
932.844276756963	1651.40002441406
935.471197978488	1652
938.097278759538	1655.09997558594
940.722519570163	1665.69995117188
943.346920879798	1669.30004882813
945.97048315729	1683.59997558594
948.593206870885	1676.09997558594
951.215092488219	1705.59997558594
953.836140476366	1709.40002441406
956.456351301787	1713.59997558594
959.07572543037	1703
961.694263327369	1727.5
964.311965457521	1713.19995117188
966.928832284933	1728.40002441406
969.544864273135	1716
972.160061885076	1709.80004882813
974.774425583129	1697.90002441406
977.387955829099	1690.19995117188
980.000653084196	1682.59997558594
982.612517809061	1692.30004882813
985.223550463768	1702.09997558594
987.833751507819	1715.19995117188
990.443121400135	1731.69995117188
993.051660599081	1728.90002441406
995.659369562449	1739.80004882813
998.266248747469	1779
1000.87229861081	1818.40002441406
1003.47751960857	1865.90002441406
1006.0819121963	1902.09997558594
1008.68547682897	1896.40002441406
1011.28821396104	1852.5
1013.89012404635	1802.40002441406
1016.49120753824	1791.09997558594
1019.09146488947	1735.40002441406
1021.69089655226	1720.59997558594
1024.28950297827	1720.30004882813
1026.88728461863	1720.5
1029.48424192392	1709.09997558594
1032.08037534416	1708.19995117188
1034.67568532886	1709.59997558594
1037.27017232694	1713.40002441406
1039.86383678682	1695.40002441406
1042.45667915637	1704.59997558594
1045.04869988293	1694.5
1047.6398994133	1701
1050.23027819374	1692.09997558594
1052.81983666998	1707
1055.40857528724	1689.59997558594
1057.99649449018	1700.09997558594
1060.58359472296	1707.69995117188
1063.1698764292	1683.69995117188
1065.755340052	1702.90002441406
1068.33998603393	1700.59997558594
1070.92381481706	1691.19995117188
1073.50682684291	1701.09997558594
1076.08902255251	1710.59997558594
1078.67040238637	1704.30004882813
1081.25096678445	1690
1083.83071618624	1686.90002441406
1086.4096510307	1703
1088.98777175629	1695.40002441406
1091.56507880094	1718
1094.14157260208	1699.30004882813
1096.71725359664	1708.19995117188
1099.29212222106	1703.5
1101.86617891125	1708.80004882813
1104.43942410262	1703.80004882813
1107.01185823011	1717.5
1109.58348172812	1712.59997558594
1112.15429503057	1722.80004882813
1114.7242985709	1723.09997558594
1117.29349278203	1743.09997558594
1119.86187809642	1729.40002441406
1122.42945494599	1744.40002441406
1124.99622376222	1756.5
1127.56218497606	1770.5
1130.12733901801	1787.40002441406
1132.69168631804	1804.59997558594
1135.25522730568	1803.69995117188
1137.81796240995	1830.30004882813
1140.37989205941	1869.80004882813
1142.9410166821	1906.5
1145.50133670561	1929.80004882813
1148.06085255708	2008.69995117188
1150.61956466311	2134.89990234375
1153.17747344987	2296.89990234375
1155.73457934305	2416.19995117188
1158.29088276786	2504.10009765625
1160.84638414903	2434.89990234375
1163.40108391085	2283.10009765625
1165.95498247711	2126.5
1168.50808027116	1994.5
1171.06037771587	1907.90002441406
1173.61187523364	1864.59997558594
1176.16257324643	1843.19995117188
1178.71247217573	1824.69995117188
1181.26157244255	1844
1183.80987446746	1814
1186.35737867059	1823.80004882813
1188.90408547157	1870.5
1191.44999528961	1883.69995117188
1193.99510854347	1891.90002441406
1196.53942565142	1883.19995117188
1199.08294703133	1853.90002441406
1201.62567310057	1833.40002441406
1204.16760427611	1830.30004882813
1206.70874097445	1803.19995117188
1209.24908361163	1780.69995117188
1211.78863260327	1766.80004882813
1214.32738836454	1783.90002441406
1216.86535131017	1766.40002441406
1219.40252185445	1745.80004882813
1221.93890041121	1763.09997558594
1224.47448739389	1761.30004882813
1227.00928321544	1744.19995117188
1229.54328828842	1730.59997558594
1232.07650302491	1734
1234.60892783662	1755.40002441406
1237.14056313477	1755.90002441406
1239.67140933017	1749.80004882813
1242.2014668332	1755.19995117188
1244.73073605384	1747.30004882813
1247.25921740159	1766.90002441406
1249.78691128558	1765.40002441406
1252.31381811448	1766.59997558594
1254.83993829655	1772.30004882813
1257.36527223962	1784.80004882813
1259.88982035112	1810.90002441406
1262.41358303803	1800.90002441406
1264.93656070696	1809.09997558594
1267.45875376405	1816
1269.98016261505	1822.09997558594
1272.50078766531	1837.09997558594
1275.02062931974	1848.80004882813
1277.53968798285	1846.40002441406
1280.05796405875	1838.19995117188
1282.57545795112	1811.40002441406
1285.09217006325	1790.80004882813
1287.60810079802	1796.5
1290.12325055788	1785.09997558594
1292.63761974492	1817.19995117188
1295.15120876079	1779.09997558594
1297.66401800676	1787.5
1300.17604788367	1774.5
1302.687298792	1784.19995117188
1305.19777113181	1785.40002441406
1307.70746530274	1783.5
1310.21638170408	1786.30004882813
1312.7245207347	1801.40002441406
1315.23188279307	1786.40002441406
1317.73846827728	1792.80004882813
1320.24427758502	1802
1322.74931111359	1783.59997558594
1325.25356925991	1776
1327.75705242051	1786.5
1330.25976099151	1780.5
1332.76169536868	1787.80004882813
1335.26285594737	1790.5
1337.76324312256	1772.59997558594
1340.26285728887	1785.19995117188
1342.76169884052	1797.09997558594
1345.25976817132	1784.19995117188
1347.75706567474	1767.80004882813
1350.25359174387	1795.80004882813
1352.74934677141	1794.19995117188
1355.24433114968	1784.30004882813
1357.73854527062	1781.30004882813
1360.23198952583	1771.19995117188
1362.7246643065	1756.09997558594
1365.21657000347	1770.59997558594
1367.7077070072	1776.19995117188
1370.19807570777	1764.5
1372.68767649492	1780
1375.176509758	1775.40002441406
1377.66457588599	1790.5
1380.15187526753	1775.19995117188
1382.63840829087	1780
1385.1241753439	1789.90002441406
1387.60917681417	1786.30004882813
1390.09341308884	1781.90002441406
1392.57688455474	1792.59997558594
1395.05959159829	1790.69995117188
1397.54153460562	1800.30004882813
1400.02271396243	1790.80004882813
1402.50313005414	1783
1404.98278326576	1798.69995117188
1407.46167398196	1795.19995117188
1409.93980258707	1784.59997558594
1412.41716946504	1802.59997558594
1414.89377499951	1787.90002441406
1417.36961957373	1784.30004882813
1419.84470357062	1786.59997558594
1422.31902737275	1791.09997558594
1424.79259136235	1809.80004882813
1427.26539592129	1815.80004882813
1429.73744143111	1807
1432.20872827299	1826.19995117188
1434.67925682777	1832.59997558594
1437.14902747597	1824.19995117188
1439.61804059773	1856.90002441406
1442.0862965729	1866.69995117188
1444.55379578093	1854.09997558594
1447.02053860099	1891
1449.48652541188	1873.40002441406
1451.95175659206	1868.80004882813
1454.41623251969	1879.40002441406
1456.87995357255	1848.80004882813
1459.34292012811	1851.5
1461.80513256351	1841.90002441406
1464.26659125557	1865.40002441406
1466.72729658073	1857.19995117188
1469.18724891517	1849.40002441406
1471.64644863469	1840.90002441406
1474.10489611478	1850.30004882813
1476.5625917306	1870.80004882813
1479.01953585699	1861.09997558594
1481.47572886844	1863.69995117188
1483.93117113917	1854.5
1486.38586304302	1872.69995117188
1488.83980495354	1889
1491.29299724395	1880.69995117188
1493.74544028715	1909.40002441406
1496.19713445573	1948.69995117188
1498.64808012193	1970.40002441406
1501.09827765772	2032.5
1503.54772743471	2093.39990234375
1505.99642982421	2163.39990234375
1508.44438519723	2316.5
1510.89159392446	2433.69995117188
1513.33805637625	2580.10009765625
1515.78377292266	2700.89990234375
1518.22874393346	2731.80004882813
1520.67296977806	2749.80004882813
1523.11645082559	2644.60009765625
1525.55918744488	2509.30004882813
1528.00118000444	2366.30004882813
1530.44242887245	2229.60009765625
1532.88293441684	2085.30004882813
1535.32269700517	2030.30004882813
1537.76171700475	1948.69995117188
1540.19999478255	1938.90002441406
1542.63753070526	1885.40002441406
1545.07432513925	1882.09997558594
1547.5103784506	1881.30004882813
1549.94569100509	1850.90002441406
1552.38026316819	1860.90002441406
1554.8140953051	1854.5
1557.24718778067	1841.69995117188
1559.67954095952	1853.59997558594
1562.11115520592	1844
1564.54203088386	1834.80004882813
1566.97216835704	1845.59997558594
1569.40156798888	1827.80004882813
1571.83023014248	1860.80004882813
1574.25815518067	1836.69995117188
1576.68534346597	1838.30004882813
1579.11179536062	1850.90002441406
1581.53751122658	1860.90002441406
1583.9624914255	1850.09997558594
1586.38673631876	1838
1588.81024626745	1840.80004882813
1591.23302163235	1846.69995117188
1593.655062774	1858.5
1596.07637005262	1829.5
1598.49694382815	1832.5
1600.91678446025	1837.69995117188
1603.33589230831	1851.09997558594
1605.75426773142	1821.69995117188
1608.1719110884	1841.80004882813
1610.58882273779	1822.80004882813
1613.00500303784	1810.69995117188
1615.42045234654	1823
1617.83517102158	1841.90002441406
1620.24915942039	1834.30004882813
1622.66241790012	1842
1625.07494681764	1827.80004882813
1627.48674652954	1804.19995117188
1629.89781739216	1843.90002441406
1632.30815976152	1833.59997558594
1634.71777399343	1847.59997558594
1637.12666044338	1827.69995117188
1639.53481946661	1840.19995117188
1641.94225141808	1840.90002441406
1644.34895665248	1840
1646.75493552424	1861.80004882813
1649.16018838752	1830.59997558594
1651.56471559621	1861.59997558594
1653.96851750392	1851.59997558594
1656.37159446403	1879.59997558594
1658.7739468296	1866.59997558594
1661.17557495349	1868.09997558594
1663.57647918824	1857.90002441406
1665.97665988617	1857.90002441406
1668.37611739929	1854.40002441406
1670.77485207939	1864.09997558594
1673.17286427799	1824.59997558594
1675.57015434633	1823.5
1677.96672263542	1819
1680.36256949598	1811.19995117188
1682.7576952785	1828.90002441406
1685.15210033318	1819.5
1687.54578501	1816
1689.93874965866	1810.09997558594
1692.33099462861	1814.30004882813
1694.72252026904	1813.40002441406
1697.11332692889	1810.69995117188
1699.50341495686	1799.90002441406
1701.89278470137	1795.30004882813
1704.28143651061	1807.69995117188
1706.66937073251	1810
1709.05658771473	1795.90002441406
1711.44308780473	1817.19995117188
1713.82887134968	1805.90002441406
1716.21393869648	1801.19995117188
1718.59829019185	1815.80004882813
1720.98192618221	1814.69995117188
1723.36484701374	1804.59997558594
1725.74705303238	1816.90002441406
1728.12854458384	1808.40002441406
1730.50932201356	1793
1732.88938566673	1823.59997558594
1735.26873588834	1811
1737.64737302307	1804.40002441406
1740.02529741544	1807.19995117188
1742.40250940964	1800.5
1744.77900934969	1818.80004882813
1747.15479757933	1801.40002441406
1749.52987444206	1796.5
1751.90424028116	1819.09997558594
1754.27789543967	1787.30004882813
1756.65084026037	1797.69995117188
1759.02307508582	1816.40002441406
1761.39460025833	1790.69995117188
1763.76541612	1817.19995117188
1766.13552301265	1797.5
1768.50492127791	1810.40002441406
1770.87361125714	1799.90002441406
1773.2415932915	1812.19995117188
1775.60886772188	1785
1777.97543488896	1800.90002441406
1780.34129513318	1800.80004882813
1782.70644879475	1789
1785.07089621365	1832.19995117188
1787.43463772964	1788.90002441406
1789.7976736822	1798.59997558594
1792.16000441066	1797.80004882813
1794.52163025405	1794.5
1796.88255155121	1819.19995117188
1799.24276864074	1802
1801.60228186102	1792.90002441406
1803.96109155019	1800.80004882813
1806.31919804618	1806.19995117188
1808.67660168668	1801.40002441406
1811.03330280916	1800
1813.38930175088	1815.80004882813
1815.74459884884	1789.30004882813
1818.09919443984	1812.30004882813
1820.45308886047	1809.59997558594
1822.80628244708	1794.69995117188
1825.1587755358	1794.19995117188
1827.51056846254	1802.5
1829.86166156297	1809.30004882813
1832.21205517258	1808
1834.56174962661	1808.5
1836.91074526009	1793.19995117188
1839.25904240783	1811.5
1841.60664140443	1804.09997558594
1843.95354258425	1809.59997558594
1846.29974628146	1790.19995117188
1848.64525282998	1805.69995117188
1850.99006256356	1814.40002441406
1853.3341758157	1804.59997558594
1855.67759291968	1796.5
1858.02031420858	1803.30004882813
1860.36234001528	1788.09997558594
1862.70367067241	1792.69995117188
1865.04430651244	1803.59997558594
1867.38424786755	1800.40002441406
1869.72349506978	1791.80004882813
1872.06204845094	1819.80004882813
1874.39990834258	1793.19995117188
1876.73707507612	1794.40002441406
1879.07354898269	1804.19995117188
1881.40933039328	1786.09997558594
1883.74441963861	1815.40002441406
1886.07881704925	1803.5
1888.41252295551	1799.69995117188
1890.74553768751	1801.5
1893.07786157519	1790.40002441406
1895.40949494822	1802.69995117188
1897.74043813615	1806.40002441406
1900.07069146823	1805.59997558594
1902.40025527357	1797.80004882813
1904.72912988106	1799.80004882813
1907.05731561938	1813.59997558594
1909.38481281699	1792
1911.71162180217	1798
1914.037742903	1788.09997558594
1916.36317644734	1788.5
1918.68792276284	1806.90002441406
1921.01198217697	1794
1923.33535501699	1797.5
1925.65804160996	1781
1927.98004228273	1774.90002441406
1930.30135736196	1801.19995117188
1932.6219871741	1800.09997558594
1934.94193204543	1792.30004882813
1937.26119230198	1784.40002441406
1939.57976826962	1793
1941.89766027402	1788.69995117188
1944.21486864062	1780.40002441406
1946.53139369472	1773.59997558594
1948.84723576137	1799.40002441406
1951.16239516543	1787.09997558594
1953.47687223159	1782.90002441406
1955.79066728434	1802
1958.10378064794	1784.19995117188
1960.4162126465	1790.40002441406
1962.7279636039	1800.30004882813
1965.03903384385	1802.30004882813
1967.34942368987	1809.5
1969.65913346524	1801.09997558594
1971.96816349311	1803
1974.2765140964	1799.90002441406
1976.58418559784	1801.09997558594
1978.89117831997	1797.19995117188
1981.19749258516	1802
1983.50312871555	1800.5
1985.80808703313	1810.59997558594
1988.11236785967	1784.09997558594
1990.41597151676	1805.69995117188
1992.71889832581	1802
1995.02114860801	1813.09997558594
1997.3227226844	1790
1999.62362087581	1799.80004882813
2001.92384350288	1797
2004.22339088608	1790.5
2006.52226334567	1797.40002441406
2008.82046120173	1796.30004882813
2011.11798477417	1797.5
2013.41483438269	1810.90002441406
2015.71101034681	1810.90002441406
2018.00651298588	1795.90002441406
2020.30134261905	1801.90002441406
2022.59549956528	1798.59997558594
2024.88898414337	1795.09997558594
2027.1817966719	1798.19995117188
2029.4739374693	1802.59997558594
2031.76540685379	1802.59997558594
2034.05620514342	1800.30004882813
2036.34633265607	1818.40002441406
2038.6357897094	1788.69995117188
2040.92457662092	1801.59997558594
2043.21269370795	1789.09997558594
2045.50014128763	1771
2047.78691967691	1799.59997558594
2050.07302919256	1782.80004882813
2052.35847015118	1775.5
2054.64324286919	1772.09997558594
2056.9273476628	1783.69995117188
2059.21078484808	1801.69995117188
2061.4935547409	1779.80004882813
2063.77565765696	1790.69995117188
2066.05709391176	1761.5
2068.33786382065	1800.40002441406
2070.61796769879	1783.59997558594
2072.89740586116	1791.40002441406
2075.17617862255	1769
2077.45428629759	1769.69995117188
2079.73172920075	1766.30004882813
2082.00850764627	1776.09997558594
2084.28462194827	1765.80004882813
2086.56007242065	1761.5
2088.83485937717	1779.90002441406
2091.10898313139	1782.30004882813
2093.3824439967	1769.40002441406
2095.65524228632	1802
2097.92737831328	1784.30004882813
2100.19885239047	1789.30004882813
2102.46966483057	1788.90002441406
2104.7398159461	1783.19995117188
2107.00930604941	1793.59997558594
2109.27813545267	1783.69995117188
2111.54630446787	1795.80004882813
2113.81381340685	1804.19995117188
2116.08066258126	1802.90002441406
2118.34685230257	1813.19995117188
2120.61238288211	1804.80004882813
2122.87725463099	1815.59997558594
2125.1414678602	1808.40002441406
2127.40502288052	1800.80004882813
2129.66792000257	1810.69995117188
2131.93015953682	1805.5
2134.19174179353	1806.69995117188
2136.45266708282	1789.80004882813
2138.71293571463	1800.5
2140.97254799873	1825.19995117188
2143.23150424473	1814.69995117188
2145.48980476205	1822.80004882813
2147.74744985996	1809.5
2150.00443984754	1810.59997558594
2152.26077503373	1821.69995117188
2154.51645572728	1836.59997558594
2156.77148223677	1816.69995117188
2159.02585487064	1829
2161.27957393713	1814.5
2163.53263974432	1848.30004882813
2165.78505260012	1834.30004882813
2168.0368128123	1844.59997558594
2170.28792068844	1820.19995117188
2172.53837653595	1810.09997558594
2174.78818066207	1807.5
2177.03733337389	1805.80004882813
2179.28583497833	1791.90002441406
2181.53368578214	1794.90002441406
2183.78088609192	1789.09997558594
2186.02743621406	1772.80004882813
2188.27333645484	1788.69995117188
2190.51858712033	1761.30004882813
2192.76318851646	1769.5
2195.00714094901	1774.09997558594
2197.25044472354	1769.19995117188
2199.49310014551	1772.30004882813
2201.73510752018	1777.09997558594
2203.97646715265	1763.09997558594
2206.21717934786	1793.40002441406
2208.45724441058	1789.90002441406
2210.69666264543	1774.90002441406
2212.93543435686	1777.69995117188
2215.17355984914	1757.90002441406
2217.41103942642	1751.80004882813
2219.64787339264	1756.19995117188
2221.8840620516	1764.19995117188
2224.11960570695	1768.40002441406
2226.35450466215	1774
2228.58875922051	1768.30004882813
2230.82236968518	1778.30004882813
2233.05533635916	1766.80004882813
2235.28765954527	1759.09997558594
2237.51933954617	1760.5
2239.75037666437	1766.40002441406
2241.98077120221	1776.5
2244.21052346188	1778.59997558594
2246.4396337454	1750.80004882813
2248.66810235461	1762.40002441406
2250.89592959125	1764.80004882813
2253.12311575681	1750.69995117188
2255.34966115272	1769.90002441406
2257.57556608017	1764.80004882813
2259.80083084023	1769.80004882813
2262.02545573381	1779
2264.24944106163	1774.80004882813
2266.47278712429	1770.80004882813
2268.69549422221	1758
2270.91756265564	1774.5
2273.1389927247	1758.80004882813
2275.35978472934	1781.69995117188
2277.57993896933	1782.09997558594
2279.79945574431	1787.59997558594
2282.01833535375	1772.69995117188
2284.23657809696	1758.40002441406
2286.45418427309	1786.90002441406
2288.67115418114	1792.30004882813
2290.88748811995	1786.80004882813
2293.10318638819	1777.80004882813
2295.3182492844	1789.59997558594
2297.53267710693	1791.80004882813
2299.746470154	1785.59997558594
2301.95962872364	1810.5
2304.17215311376	1824.5
2306.3840436221	1827.69995117188
2308.59530054621	1813.59997558594
2310.80592418354	1836.90002441406
2313.01591483134	1825.90002441406
2315.22527278673	1803.30004882813
2317.43399834666	1843.19995117188
2319.64209180791	1812
2321.84955346713	1771.5
2324.05638362079	1816.19995117188
2326.26258256524	1801.09997558594
2328.46815059664	1788.09997558594
2330.67308801098	1791.59997558594
2332.87739510415	1783.80004882813
2335.08107217184	1769.5
2337.2841195096	1773.19995117188
2339.48653741281	1769.40002441406
2341.68832617672	1787
2343.8894860964	1787.90002441406
2346.09001746678	1767.30004882813
2348.28992058261	1774.69995117188
2350.48919573852	1779.80004882813
2352.68784322898	1778
2354.88586334826	1775.80004882813
2357.08325639055	1773.40002441406
2359.2800226498	1774.40002441406
2361.47616241988	1780.09997558594
2363.67167599445	1777.69995117188
2365.86656366706	1749.80004882813
2368.06082573107	1755.40002441406
2370.2544624797	1758.5
2372.44747420603	1743.09997558594
2374.63986120295	1752
2376.83162376322	1757.19995117188
2379.02276217945	1759
2381.21327674408	1735.09997558594
2383.4031677494	1742.30004882813
2385.59243548756	1743.90002441406
2387.78108025053	1727.19995117188
2389.96910233014	1749.90002441406
2392.15650201809	1770.30004882813
2394.34327960587	1758.30004882813
2396.52943538486	1741.30004882813
2398.71496964628	1743
2400.89988268118	1728.5
2403.08417478048	1739.30004882813
2405.26784623491	1743.80004882813
2407.45089733509	1757.30004882813
2409.63332837146	1743.40002441406
2411.81513963429	1733.5
2413.99633141375	1749.40002441406
2416.1769039998	1737.30004882813
2418.35685768227	1750.69995117188
2420.53619275084	1747.90002441406
2422.71490949505	1763.69995117188
2424.89300820425	1741.90002441406
2427.07048916765	1746.40002441406
2429.24735267433	1748.19995117188
2431.42359901319	1747.5
2433.59922847297	1742.80004882813
2435.7742413423	1742.69995117188
2437.94863790961	1735.69995117188
2440.12241846321	1728.90002441406
2442.29558329121	1735.09997558594
2444.46813268162	1732.80004882813
2446.64006692228	1737.30004882813
2448.81138630086	1748
2450.98209110489	1727.40002441406
2453.15218162174	1728.69995117188
2455.32165813864	1722.80004882813
2457.49052094265	1730.19995117188
2459.65877032069	1728.5
2461.8264065595	1726.19995117188
2463.99342994572	1754.19995117188
2466.15984076579	1744.19995117188
2468.325639306	1744.80004882813
2470.49082585251	1752.69995117188
2472.65540069131	1759.40002441406
2474.81936410824	1749.40002441406
2476.98271638899	1749.90002441406
2479.14545781909	1751.19995117188
2481.30758868392	1738.5
2483.4691092687	1741.30004882813
2485.63001985852	1728.19995117188
2487.79032073829	1737.59997558594
2489.95001219277	1749.80004882813
2492.10909450659	1756.30004882813
2494.26756796419	1740.19995117188
2496.42543284989	1724.09997558594
2498.58268944783	1739.30004882813
2500.73933804202	1743.59997558594
2502.8953789163	1734.09997558594
2505.05081235436	1751.80004882813
2507.20563863974	1740.69995117188
2509.35985805582	1746.19995117188
2511.51347088583	1775.69995117188
2513.66647741285	1762.5
2515.81887791981	1763.40002441406
2517.97067268946	1745.40002441406
2520.12186200443	1758.59997558594
2522.27244614716	1744.09997558594
2524.42242539999	1752.69995117188
2526.57180004504	1762.40002441406
2528.72057036433	1737.40002441406
2530.8687366397	1751.90002441406
2533.01629915284	1743.90002441406
2535.16325818527	1727.5
2537.30961401839	1721.30004882813
2539.45536693343	1724.80004882813
2541.60051721145	1722.5
2543.74506513338	1726.19995117188
2545.88901097997	1715.30004882813
2548.03235503185	1705.09997558594
2550.17509756946	1700.5
2552.31723887311	1716.5
2554.45877922293	1729.40002441406
2556.59971889893	1686.09997558594
2558.74005818094	1702.59997558594
2560.87979734864	1712.30004882813
2563.01893668155	1701.80004882813
2565.15747645906	1703.09997558594
2567.29541696037	1707.30004882813
2569.43275846454	1676.40002441406
2571.56950125049	1704.09997558594
2573.70564559696	1714.5
2575.84119178254	1703.30004882813
2577.97614008569	1694.90002441406
2580.11049078468	1710.90002441406
2582.24424415764	1708.90002441406
2584.37740048255	1713.5
2586.50996003722	1709.59997558594
2588.64192309931	1700
2590.77328994634	1719.19995117188
2592.90406085564	1703.09997558594
2595.03423610442	1684
2597.16381596971	1704.5
2599.29280072839	1709.80004882813
2601.42119065719	1718.80004882813
2603.54898603267	1720.09997558594
2605.67618713125	1723.40002441406
2607.80279422919	1714.59997558594
2609.92880760257	1711.59997558594
2612.05422752735	1716.80004882813
2614.17905427932	1707.30004882813
2616.30328813408	1703.59997558594
2618.42692936713	1715
2620.54997825377	1704.59997558594
2622.67243506915	1704.40002441406
2624.79430008828	1723
2626.915573586	1726.5
2629.03625583699	1717.19995117188
2631.15634711579	1710.40002441406
2633.27584769675	1722.40002441406
2635.39475785408	1728.80004882813
2637.51307786185	1746.90002441406
2639.63080799394	1722.09997558594
2641.74794852409	1733
2643.86449972589	1747.5
2645.98046187273	1765.30004882813
2648.0958352379	1760.5
2650.21062009449	1765.69995117188
2652.32481671544	1778.5
2654.43842537353	1778.40002441406
2656.5514463414	1790.80004882813
2658.66387989151	1805.19995117188
2660.77572629616	1795.5
2662.88698582751	1804
2664.99765875753	1812.19995117188
2667.10774535806	1827.80004882813
2669.21724590076	1819.90002441406
2671.32616065714	1815.80004882813
2673.43448989857	1819.5
2675.5422338962	1797.19995117188
2677.64939292108	1777.80004882813
2679.75596724408	1776.69995117188
2681.86195713589	1793.59997558594
2683.96736286707	1767
2686.07218470799	1757.59997558594
2688.17642292889	1744.80004882813
2690.28007779982	1727.69995117188
2692.38314959069	1717.69995117188
2694.48563857123	1698.5
2696.58754501103	1718
2698.6888691795	1727.30004882813
2700.78961134588	1701.30004882813
2702.8897717793	1724.5
2704.98935074864	1690.90002441406
2707.08834852271	1703.80004882813
2709.18676537009	1721
2711.28460155925	1701.59997558594
2713.38185735843	1711.09997558594
2715.47853303577	1698.19995117188
2717.57462885924	1706.5
2719.67014509659	1687.09997558594
2721.76508201548	1704.80004882813
2723.85943988337	1694.30004882813
2725.95321896754	1684.19995117188
2728.04641953515	1700.80004882813
2730.13904185316	1691.09997558594
2732.23108618837	1679.90002441406
2734.32255280744	1686.40002441406
2736.41344197683	1688.09997558594
2738.50375396288	1688.40002441406
2740.5934890317	1698.80004882813
2742.68264744932	1676.30004882813
2744.77122948153	1682.69995117188
2746.85923539398	1659.80004882813
2748.94666545217	1667.69995117188
2751.03351992142	1671.40002441406
2753.11979906688	1661.80004882813
2755.20550315355	1672.5
2757.29063244624	1668.5
2759.37518720963	1659
2761.45916770819	1659.80004882813
2763.54257420625	1661.69995117188
2765.62540696797	1657
2767.70766625733	1648
2769.78935233816	1641.80004882813
2771.87046547413	1660.69995117188
2773.95100592869	1652.40002441406
2776.03097396519	1668.19995117188
2778.11036984677	1672.30004882813
2780.18919383641	1692.5
2782.26744619693	1665
2784.34512719097	1655.90002441406
2786.42223708102	1678.09997558594
2788.49877612937	1656.90002441406
2790.57474459816	1662.90002441406
2792.65014274937	1669.19995117188
2794.7249708448	1663.5
2796.79922914607	1653.90002441406
2798.87291791465	1657.19995117188
2800.94603741181	1652.30004882813
2803.01858789869	1645.19995117188
2805.09056963623	1644.69995117188
2807.1619828852	1661.30004882813
2809.23282790621	1654.5
2811.30310495971	1645.5
2813.37281430593	1669.40002441406
2815.441956205	1665.90002441406
2817.51053091682	1649.40002441406
2819.57853870114	1667.80004882813
2821.64597981753	1668.90002441406
2823.7128545254	1664.90002441406
2825.77916308399	1647.90002441406
2827.84490575233	1655.59997558594
2829.91008278933	1669.90002441406
2831.97469445369	1642.40002441406
2834.03874100395	1660.30004882813
2836.10222269847	1661.69995117188
2838.16513979544	1658
2840.22749255288	1673.59997558594
2842.28928122863	1662.09997558594
2844.35050608034	1684.40002441406
2846.41116736553	1693.40002441406
2848.47126534149	1695.5
2850.53080026537	1703.69995117188
2852.58977239414	1726.5
2854.64818198459	1722.5
2856.70602929332	1704.30004882813
2858.76331457678	1726.90002441406
2860.82003809123	1695.59997558594
2862.87620009274	1719.69995117188
2864.93180083723	1732.19995117188
2866.98684058043	1744.69995117188
2869.04131957789	1732
2871.09523808497	1738.80004882813
2873.14859635689	1740.09997558594
2875.20139464866	1738.30004882813
2877.2536332151	1724.90002441406
2879.30531231091	1759.90002441406
2881.35643219054	1748.30004882813
2883.40699310831	1739.69995117188
2885.45699531834	1762.40002441406
2887.50643907457	1756.69995117188
2889.55532463077	1754.5
2891.60365224053	1754.80004882813
2893.65142215724	1754.59997558594
2895.69863463414	1749.09997558594
2897.74528992426	1763.69995117188
2899.79138828046	1763.19995117188
2901.83692995544	1771.59997558594
2903.88191520168	1753.59997558594
2905.92634427151	1772.19995117188
2907.97021741706	1768.5
2910.01353489027	1783.09997558594
2912.05629694294	1791.80004882813
2914.09850382663	1776.80004882813
2916.14015579276	1797.90002441406
2918.18125309254	1806.69995117188
2920.22179597702	1799.30004882813
2922.26178469705	1818.59997558594
2924.30121950329	1807.80004882813
2926.34010064624	1819.69995117188
2928.37842837619	1827.19995117188
2930.41620294326	1826.80004882813
2932.45342459737	1835.09997558594
2934.49009358828	1832.59997558594
2936.52621016555	1822.90002441406
2938.56177457854	1827
2940.59678707645	1826.30004882813
2942.63124790827	1823.59997558594
2944.66515732282	1790.19995117188
2946.69851556873	1789.30004882813
2948.73132289443	1786
2950.76357954817	1774.40002441406
2952.79528577803	1779.59997558594
2954.82644183188	1758.59997558594
2956.85704795741	1768.09997558594
2958.8871044021	1751.30004882813
2960.91661141328	1760.69995117188
2962.94556923807	1751.30004882813
2964.97397812339	1754.59997558594
2967.00183831598	1743.69995117188
2969.0291500624	1736.40002441406
2971.05591360902	1768.40002441406
2973.08212920199	1739.09997558594
2975.1077970873	1734.19995117188
2977.13291751074	1749
2979.1574907179	1734
2981.18151695419	1739.19995117188
2983.20499646482	1708.5
2985.2279294948	1719.5
2987.25031628898	1705.69995117188
2989.27215709199	1686.90002441406
2991.29345214825	1703.19995117188
2993.31420170204	1708.80004882813
2995.33440599738	1687.80004882813
2997.35406527816	1685.69995117188
2999.37317978802	1675.30004882813
3001.39174977045	1694.30004882813
3003.40977546872	1693.69995117188
3005.42725712591	1680.90002441406
3007.44419498491	1689.80004882813
3009.4605892884	1689.90002441406
3011.47644027889	1701.09997558594
3013.49174819865	1693.19995117188
3015.5065132898	1691.59997558594
3017.52073579424	1699.40002441406
3019.53441595366	1691.30004882813
3021.54755400959	1708.69995117188
3023.56015020332	1688.19995117188
3025.57220477598	1705.30004882813
3027.58371796846	1680.90002441406
3029.5946900215	1682.80004882813
3031.6051211756	1708.5
3033.61501167107	1695.80004882813
3035.62436174803	1672.90002441406
3037.6331716464	1659.59997558594
3039.64144160588	1687.69995117188
3041.649171866	1664.5
3043.65636266607	1669.09997558594
3045.6630142452	1674.09997558594
3047.66912684229	1681.90002441406
3049.67470069605	1652.80004882813
3051.679736045	1653.30004882813
3053.68423312742	1669.30004882813
3055.68819218143	1649.5
3057.6916134449	1668.19995117188
3059.69449715556	1643.69995117188
3061.69684355086	1657.40002441406
3063.6986528681	1634.59997558594
3065.69992534437	1641
3067.70066121653	1633.80004882813
3069.70086072126	1647.30004882813
3071.700524095	1627
3073.69965157405	1644.19995117188
3075.69824339442	1626.5
3077.69629979197	1637.90002441406
3079.69382100235	1631.19995117188
3081.69080726098	1644
3083.68725880307	1663.90002441406
3085.68317586366	1642.80004882813
3087.67855867755	1645.5
3089.67340747933	1618.5
3091.6677225034	1629.90002441406
3093.66150398392	1623.09997558594
3095.6547521549	1636
3097.64746725006	1631.19995117188
3099.63964950297	1635.30004882813
3101.63129914698	1621.69995117188
3103.6224164152	1630.40002441406
3105.61300154056	1626.90002441406
3107.60305475576	1615.19995117188
3109.59257629331	1642.90002441406
3111.58156638547	1637.09997558594
3113.57002526432	1636
3115.55795316172	1634.30004882813
3117.54535030932	1633.09997558594
3119.53221693853	1646.30004882813
3121.51855328057	1636.40002441406
3123.50435956646	1645.90002441406
3125.48963602698	1638.59997558594
3127.4743828927	1635.30004882813
3129.45860039397	1642.59997558594
3131.44228876093	1631.30004882813
3133.42544822353	1662.80004882813
3135.40807901145	1638.59997558594
3137.39018135418	1628.69995117188
3139.37175548102	1634.30004882813
3141.35280162101	1655
3143.33332000299	1637
3145.31331085559	1639.69995117188
3147.2927744072	1659.30004882813
3149.27171088602	1643.5
3151.25012052	1649.90002441406
3153.22800353689	1649
3155.20536016422	1644
3157.18219062929	1648.30004882813
3159.15849515918	1646.90002441406
3161.13427398075	1662.09997558594
3163.10952732066	1665.69995117188
3165.08425540532	1647.30004882813
3167.05845846092	1657
3169.03213671344	1645.40002441406
3171.00529038863	1631.09997558594
3172.97791971203	1655.30004882813
3174.95002490893	1639.5
3176.92160620443	1663.30004882813
3178.89266382337	1661.09997558594
3180.8631979904	1659
3182.83320892991	1677.19995117188
3184.80269686609	1662.40002441406
3186.77166202289	1656
3188.74010462406	1632.90002441406
3190.70802489307	1666.69995117188
3192.67542305323	1655
3194.64229932757	1674.5
3196.60865393892	1657.90002441406
3198.57448710987	1673.19995117188
3200.53979906279	1669.19995117188
3202.50459001981	1667.59997558594
3204.46886020284	1672.90002441406
3206.43260983356	1664.90002441406
3208.39583913341	1669.30004882813
3210.35854832362	1640.30004882813
3212.32073762517	1658.90002441406
3214.28240725881	1658.30004882813
3216.24355744508	1674.69995117188
3218.20418840426	1665.90002441406
3220.16430035642	1673.80004882813
3222.12389352137	1659.69995117188
3224.08296811873	1665.30004882813
3226.04152436784	1679.30004882813
3227.99956248784	1679.09997558594
3229.95708269762	1682.40002441406
3231.91408521584	1670.80004882813
3233.87057026092	1671
3235.82653805105	1669.40002441406
3237.78198880419	1662.09997558594
3239.73692273806	1676.40002441406
3241.69134007013	1671.69995117188
3243.64524101764	1667.40002441406
3245.59862579761	1692
3247.55149462681	1679.59997558594
3249.50384772176	1688
3251.45568529877	1675.5
3253.40700757387	1689.80004882813
3255.35781476288	1700.69995117188
3257.3081070814	1679.19995117188
3259.25788474473	1697
3261.20714796799	1688.19995117188
3263.15589696602	1674.40002441406
3265.10413195345	1706
3267.05185314463	1672.69995117188
3268.9990607537	1692.40002441406
3270.94575499455	1679.40002441406
3272.89193608081	1689.40002441406
3274.8376042259	1680.90002441406
3276.78275964296	1685.40002441406
3278.72740254492	1679.90002441406
3280.67153314443	1697.30004882813
3282.61515165393	1685.80004882813
3284.55825828559	1683.19995117188
3286.50085325135	1667.5
3288.44293676289	1677.80004882813
3290.38450903165	1689.69995117188
3292.32557026883	1679.90002441406
3294.26612068537	1672.19995117188
3296.20616049198	1677.59997558594
3298.14568989911	1684.90002441406
3300.08470911695	1670.40002441406
3302.02321835546	1702.40002441406
3303.96121782435	1679.59997558594
3305.89870773306	1680.09997558594
3307.83568829081	1685.19995117188
3309.77215970655	1673.80004882813
3311.70812218898	1668.30004882813
3313.64357594655	1683.30004882813
3315.57852118747	1678.40002441406
3317.51295811968	1672.40002441406
3319.44688695087	1671.30004882813
3321.38030788849	1683
3323.31322113973	1669.59997558594
3325.24562691152	1662.30004882813
3327.17752541055	1669.40002441406
3329.10891684322	1666.30004882813
3331.03980141573	1671.80004882813
3332.97017933399	1674.5
3334.90005080364	1680.30004882813
3336.82941603011	1666.5
3338.75827521852	1667.80004882813
3340.68662857377	1667.59997558594
3342.6144763005	1657.40002441406
3344.54181860308	1679.5
3346.46865568561	1688.59997558594
3348.39498775195	1665.90002441406
3350.32081500571	1665.19995117188
3352.24613765022	1672
3354.17095588855	1653.59997558594
3356.09526992352	1670
3358.01907995769	1666.90002441406
3359.94238619334	1679.5
3361.86518883251	1673.40002441406
3363.78748807697	1678.40002441406
3365.70928412823	1681.40002441406
3367.63057718752	1677.80004882813
3369.55136745582	1672.69995117188
3371.47165513386	1679.5
3373.39144042208	1665.59997558594
3375.31072352066	1668
3377.22950462953	1677.19995117188
3379.14778394834	1672.5
3381.06556167648	1666.30004882813
3382.98283801308	1668.59997558594
3384.89961315697	1661.30004882813
3386.81588730676	1675.40002441406
3388.73166066076	1675.40002441406
3390.64693341702	1672.59997558594
3392.56170577332	1670.30004882813
3394.47597792716	1683.69995117188
3396.38975007581	1661.40002441406
3398.30302241623	1670.30004882813
3400.21579514512	1667.59997558594
3402.1280684589	1678.40002441406
3404.03984255374	1673.19995117188
3405.95111762553	1672.90002441406
3407.86189386987	1664.69995117188
3409.77217148212	1664.19995117188
3411.68195065733	1662.09997558594
3413.5912315903	1676.59997558594
3415.50001447556	1666.80004882813
3417.40829950735	1675.69995117188
3419.31608687963	1660.19995117188
3421.22337678611	1664
3423.1301694202	1647
3425.03646497504	1656.59997558594
3426.9422636435	1662.69995117188
3428.84756561816	1663.90002441406
3430.75237109135	1652.5
3432.65668025508	1661.09997558594
3434.56049330112	1645.09997558594
3436.46381042093	1647.30004882813
3438.36663180571	1667.69995117188
3440.26895764638	1664
3442.17078813357	1656.90002441406
3444.07212345762	1637.69995117188
3445.97296380863	1644.90002441406
3447.87330937636	1645.09997558594
3449.77316035033	1658.5
3451.67251691977	1662.5
3453.57137927361	1638.59997558594
3455.46974760052	1654.09997558594
3457.36762208886	1643.30004882813
3459.26500292671	1646.30004882813
3461.16189030191	1651.69995117188
3463.05828440194	1644.40002441406
3464.95418541406	1638.09997558594
3466.84959352519	1637.40002441406
3468.74450892201	1674.5
3470.63893179088	1642.30004882813
3472.53286231788	1630.90002441406
3474.42630068881	1656.5
3476.31924708918	1626.19995117188
3478.2117017042	1631.19995117188
3480.1036647188	1626.19995117188
3481.99513631761	1648
3483.88611668498	1626.19995117188
3485.77660600498	1644.69995117188
3487.66660446135	1642.19995117188
3489.55611223758	1633.40002441406
3491.44512951683	1639.5
3493.333656482	1634.59997558594
3495.22169331568	1633.80004882813
3497.10924020016	1610.09997558594
3498.99629731746	1623.19995117188
3500.88286484927	1616.19995117188
3502.76894297702	1624.30004882813
3504.65453188182	1607.90002441406
3506.53963174449	1611.90002441406
3508.42424274555	1621.09997558594
3510.30836506524	1629.09997558594
3512.19199888349	1618.69995117188
3514.07514437992	1606.80004882813
3515.95780173387	1593.19995117188
3517.83997112437	1598.69995117188
3519.72165273016	1597.40002441406
3521.60284672967	1579.69995117188
3523.48355330104	1596.59997558594
3525.36377262208	1585.19995117188
3527.24350487035	1573.30004882813
3529.12275022306	1580.40002441406
3531.00150885715	1572.69995117188
3532.87978094923	1576.40002441406
3534.75756667562	1580.30004882813
3536.63486621235	1592.5
3538.51167973512	1577.90002441406
3540.38800741934	1556.30004882813
3542.26384944011	1561.59997558594
3544.13920597223	1561.30004882813
3546.01407719018	1564.19995117188
3547.88846326815	1562.69995117188
3549.76236438002	1571.40002441406
3551.63578069934	1565.80004882813
3553.50871239938	1570.30004882813
3555.38115965309	1569.19995117188
3557.25312263311	1541.80004882813
3559.12460151177	1564.69995117188
3560.99559646109	1556.40002441406
3562.86610765279	1548.90002441406
3564.73613525825	1555.80004882813
3566.60567944857	1552.69995117188
3568.47474039453	1550.80004882813
3570.34331826658	1563
3572.21141323487	1548
3574.07902546925	1535.59997558594
3575.94615513922	1537.09997558594
3577.81280241401	1549.30004882813
3579.67896746249	1548.69995117188
3581.54465045325	1545
3583.40985155455	1539.5
3585.27457093432	1535.90002441406
3587.1388087602	1538.80004882813
3589.00256519949	1550.69995117188
3590.86584041919	1530.90002441406
3592.72863458597	1546.30004882813
3594.59094786618	1536.59997558594
3596.45278042585	1544.40002441406
3598.31413243069	1537.19995117188
3600.17500404611	1532
3602.03539543717	1532.90002441406
3603.89530676861	1524.59997558594
3605.75473820488	1519.19995117188
3607.61368991007	1522.80004882813
3609.47216204797	1527.5
3611.33015478203	1516.90002441406
3613.18766827539	1536.30004882813
3615.04470269087	1533.30004882813
3616.90125819094	1521.69995117188
3618.75733493776	1525.40002441406
3620.61293309318	1523.19995117188
3622.46805281869	1510.80004882813
3624.32269427547	1521.40002441406
3626.17685762439	1528.59997558594
3628.03054302596	1524.09997558594
3629.88375064038	1516
3631.73648062751	1525.59997558594
3633.5887331469	1509.30004882813
3635.44050835775	1508.90002441406
3637.29180641893	1503.80004882813
3639.14262748899	1525.40002441406
3640.99297172614	1505.09997558594
3642.84283928828	1505.90002441406
3644.69223033294	1501.19995117188
3646.54114501734	1504.90002441406
3648.38958349836	1505.09997558594
3650.23754593256	1499.30004882813
3652.08503247614	1502.90002441406
3653.93204328497	1497.80004882813
3655.77857851462	1489.30004882813
3657.62463832028	1490.80004882813
3659.47022285682	1495.40002441406
3661.31533227877	1490.5
3663.15996674033	1486.09997558594
3665.00412639535	1493.90002441406
3666.84781139736	1484.90002441406
3668.69102189953	1486.80004882813
3670.5337580547	1490.19995117188
3672.37602001537	1488.5
3674.21780793368	1472
3676.05912196148	1494.80004882813
3677.89996225021	1479.30004882813
3679.74032895103	1471.80004882813
3681.58022221471	1467.59997558594
3683.41964219171	1483.90002441406
3685.25858903211	1495.09997558594
3687.0970628857	1474
3688.93506390186	1474.69995117188
3690.77259222968	1463.69995117188
3692.60964801787	1456.5
3694.44623141481	1462.30004882813
3696.28234256853	1466.80004882813
3698.11798162669	1463.5
3699.95314873665	1449.90002441406
3701.78784404537	1458.30004882813
3703.62206769951	1450.19995117188
3705.45581984533	1466.19995117188
3707.28910062877	1467.40002441406
3709.12191019542	1457.30004882813
3710.95424869052	1458.19995117188
3712.78611625894	1453.80004882813
3714.6175130452	1463
3716.44843919349	1454.19995117188
3718.27889484764	1444.69995117188
3720.1088801511	1450.19995117188
3721.93839524699	1456.5
3723.76744027808	1456.40002441406
3725.59601538677	1450
3727.4241207151	1438.69995117188
