40.2973356941271	1134.80004882813
43.2236257608418	1135.69995117188
46.1488808466109	1140.59997558594
49.0731017336173	1142.90002441406
51.9962892025666	1151.40002441406
54.9184440327569	1154.40002441406
57.8395670020446	1164
60.7596588868509	1168.69995117188
63.6787204621708	1177.80004882813
66.5967525015794	1189.80004882813
69.5137557772381	1207.69995117188
72.4297310598838	1232.5
75.3446791188512	1266.09997558594
78.2586007220466	1307.59997558594
81.1714966360015	1358.5
84.0833676258266	1417.40002441406
86.994214455242	1488.19995117188
89.9040378865662	1588.40002441406
92.8128386807427	1668.09997558594
95.7206175973133	1744
98.6273753944444	1797.69995117188
101.533112828928	1838.19995117188
104.437830656161	1819
107.34152963018	1858.69995117188
110.244210503676	1847.30004882813
113.145874027931	1833.80004882813
116.046520952895	1850.40002441406
118.946152027154	1834.30004882813
121.844767997933	1832.90002441406
124.74236961111	1834
127.638957611212	1832.59997558594
130.534532741422	1853.90002441406
133.429095743606	1847.30004882813
136.322647358252	1861.59997558594
139.215188324544	1876.59997558594
142.106719380311	1864.40002441406
144.997241262089	1855
147.886754705057	1883.69995117188
150.775260443096	1869.69995117188
153.662759208748	1868.30004882813
156.549251733282	1871.5
159.434738746612	1877.30004882813
162.319220977376	1881.5
165.20269915289	1887.69995117188
168.085173999178	1884.59997558594
170.966646240977	1877.69995117188
173.847116601709	1862.40002441406
176.726585803528	1875.69995117188
179.605054567295	1863.80004882813
182.48252361259	1877.30004882813
185.358993657701	1876.59997558594
188.234465419645	1857.90002441406
191.108939614183	1859.09997558594
193.982416955795	1829.80004882813
196.854898157687	1855.19995117188
199.726383931801	1855.09997558594
202.596874988835	1847.69995117188
205.466372038225	1882.09997558594
208.334875788145	1884.09997558594
211.202386945534	1879
214.068906216069	1867
216.934434304194	1880.19995117188
219.798971913111	1895.69995117188
222.662519744776	1876.80004882813
225.525078499925	1883.69995117188
228.386648878069	1885.90002441406
231.247231577465	1897.69995117188
234.106827295172	1880.5
236.965436727012	1890.90002441406
239.823060567597	1866.09997558594
242.679699510337	1891.80004882813
245.535354247396	1880.40002441406
248.390025469775	1864.59997558594
251.243713867223	1887.30004882813
254.096420128327	1878
256.948144940459	1889
259.798888989788	1885.09997558594
262.648652961315	1881.80004882813
265.49743753883	1885.19995117188
268.345243404939	1871
271.192071241073	1892.69995117188
274.037921727485	1884.59997558594
276.882795543246	1868.69995117188
279.72669336624	1884.69995117188
282.569615873213	1903.80004882813
285.411563739724	1916.80004882813
288.252537640165	1918.09997558594
291.092538247763	1920.80004882813
293.931566234616	1924.09997558594
296.769622271633	1901.19995117188
299.606707028594	1909.30004882813
302.442821174104	1924.19995117188
305.277965375652	1917.59997558594
308.112140299574	1931.5
310.945346611062	1931
313.777584974167	1936.80004882813
316.608856051813	1927.59997558594
319.439160505797	1928.90002441406
322.268498996783	1942.69995117188
325.096872184303	1939.69995117188
327.924280726782	1940.40002441406
330.750725281521	1929.59997558594
333.576206504693	1924.69995117188
336.400725051388	1907.69995117188
339.224281575542	1927.19995117188
342.046876730026	1913.09997558594
344.868511166586	1939.5
347.689185535872	1900.40002441406
350.508900487421	1907.09997558594
353.327656669699	1937.40002441406
356.145454730079	1924.40002441406
358.962295314817	1933
361.778179069105	1916.30004882813
364.593106637051	1929.30004882813
367.407078661675	1926.09997558594
370.220095784913	1900.09997558594
373.032158647655	1940.80004882813
375.843267889676	1944.09997558594
378.653424149715	1924.59997558594
381.462628065436	1940.40002441406
384.270880273432	1937.19995117188
387.078181409254	1949.40002441406
389.884532107358	1928
392.689933001188	1921.69995117188
395.494384723112	1962.30004882813
398.29788790445	1974.59997558594
401.100443175488	1960.69995117188
403.902051165437	1940.19995117188
406.702712502518	1948.40002441406
409.502427813866	1977.30004882813
412.301197725607	1971.59997558594
415.099022862823	1953.5
417.89590384957	1960.80004882813
420.691841308876	1974.30004882813
423.486835862752	1983.80004882813
426.280888132173	1962.40002441406
429.073998737112	1952.40002441406
431.866168296507	1962.59997558594
434.657397428298	1966
437.447686749412	1962.90002441406
440.237036875762	1972.90002441406
443.025448422257	1954.5
445.812922002813	1946.69995117188
448.599458230326	1959.30004882813
451.38505771672	1963.59997558594
454.169721072909	1941.19995117188
456.953448908819	1962.5
459.736241833384	1973.09997558594
462.518100454555	1971
465.2990253793	1969.5
468.079017213605	1967.69995117188
470.858076562476	1988.69995117188
473.636204029939	1982.80004882813
476.41340021906	1971.59997558594
479.189665731938	1979.80004882813
481.965001169667	1975.09997558594
484.739407132419	1989.09997558594
487.512884219391	1974.5
490.285433028796	1975.19995117188
493.057054157921	1975.19995117188
495.827748203087	1992.19995117188
498.597515759658	1987.40002441406
501.366357422061	1986.69995117188
504.134273783759	1977.30004882813
506.901265437278	1982.59997558594
509.66733297421	1969.30004882813
512.432476985198	1980
515.196698059945	1992.09997558594
517.959996787225	1971.80004882813
520.722373754895	1976.40002441406
523.483829549856	1974.09997558594
526.24436475811	1974.59997558594
529.003979964696	1994
531.762675753779	1997.09997558594
534.520452708569	1979.90002441406
537.277311411375	1987.90002441406
540.03325244359	1978.40002441406
542.788276385682	1976.5
545.54238381725	1946.19995117188
548.295575316938	1987.80004882813
551.047851462516	1994.69995117188
553.799212830831	1975.69995117188
556.549659997851	1960.80004882813
559.299193538643	1972.40002441406
562.047814027381	1988.5
564.795522037318	1984
567.542318140861	1975.19995117188
570.288202909507	1961.5
573.033176913873	1979.5
575.7772407237	1974.40002441406
578.520394907829	1985.80004882813
581.26264003424	2005
584.003976670046	1995.90002441406
586.744405381469	1985.59997558594
589.483926733869	1959.59997558594
592.222541291746	2004.5
594.96024961872	1987.19995117188
597.697052277563	2002.5
600.432949830166	1979
603.167942837587	1990.19995117188
605.902031860012	1992.40002441406
608.635217456783	2012.80004882813
611.367500186378	2008.5
614.098880606429	2007.69995117188
616.82935927374	1986.09997558594
619.558936744248	2005.19995117188
622.287613573072	2035
625.015390314457	2027.40002441406
627.742267521848	1990.19995117188
630.468245747829	1998.80004882813
633.193325544166	2002.40002441406
635.917507461792	2009.59997558594
638.640792050804	1985.80004882813
641.36317986048	1999.80004882813
644.084671439281	2006.59997558594
646.805267334845	2005.30004882813
649.524968093967	1997.40002441406
652.24377426266	2011.40002441406
654.961686386106	1981.30004882813
657.678705008678	2008.59997558594
660.394830673939	2000.5
663.110063924628	2030.30004882813
665.824405302728	2002.59997558594
668.537855349351	2008.30004882813
671.250414604863	2004.90002441406
673.962083608812	2001.59997558594
676.672862899949	2010
679.382753016218	1996.09997558594
682.091754494801	2042
684.799867872061	2030.59997558594
687.507093683595	2018.80004882813
690.213432464198	2022.59997558594
692.918884747899	2017.40002441406
695.623451067937	2049.10009765625
698.327131956755	2038.19995117188
701.029927946065	2038.59997558594
703.731839566754	2040.19995117188
706.43286734896	2045.5
709.133011822067	2042.80004882813
711.832273514658	2027.80004882813
714.53065295457	2057.89990234375
717.228150668879	2018.80004882813
719.924767183889	2046.90002441406
722.620503025148	2050.19995117188
725.315358717446	2014.5
728.009334784827	2026.19995117188
730.702431750559	2032.5
733.394650137188	2034.5
736.085990466498	1992.90002441406
738.776453259519	2034.90002441406
741.466039036542	2018.80004882813
744.154748317125	2025.19995117188
746.842581620074	2022.40002441406
749.529539463458	2031.59997558594
752.215622364608	2023.69995117188
754.900830840131	2024.5
757.585165405892	2039
760.26862657703	2020
762.951214867957	2025.09997558594
765.632930792356	2055.69995117188
768.313774863181	2022.40002441406
770.993747592673	2019.59997558594
773.672849492359	2025.19995117188
776.351081073017	2043.30004882813
779.028442844757	2024.80004882813
781.704935316928	2043.69995117188
784.380558998208	2048.10009765625
787.055314396528	2012.80004882813
789.729202019141	2021.5
792.402222372581	2039.5
795.074375962669	2007.5
797.745663294537	2054.30004882813
800.416084872622	2045
803.085641200652	2057.80004882813
805.754332781664	2062.30004882813
808.422160117986	2051
811.089123711292	2059.19995117188
813.75522406252	2092
816.420461671951	2044.09997558594
819.084837039164	2060.89990234375
821.748350663067	2070.39990234375
824.411003041866	2054.30004882813
827.072794673116	2056.39990234375
829.733726053668	2074.39990234375
832.39379767971	2075.30004882813
835.05301004674	2069.19995117188
837.711363649601	2079
840.368858982457	2094.60009765625
843.025496538805	2094
845.681276811467	2090.60009765625
848.336200292618	2098.80004882813
850.99026747375	2100
853.643478845713	2115.10009765625
856.29583489868	2106.69995117188
858.947336122176	2094.30004882813
861.59798300506	2115.60009765625
864.247776035556	2117.10009765625
866.896715701222	2125.39990234375
869.544802488959	2126.89990234375
872.192036885046	2135.10009765625
874.838419375087	2145.39990234375
877.483950444054	2121.69995117188
880.128630576285	2127
882.772460255461	2119.30004882813
885.415439964628	2106.10009765625
888.057570186211	2110.5
890.698851401966	2118.39990234375
893.339284093045	2118.60009765625
895.978868739961	2116.89990234375
898.617605822596	2113.39990234375
901.255495820196	2112.60009765625
903.892539211396	2089.10009765625
906.528736474184	2116.10009765625
909.164088085949	2112.39990234375
911.798594523442	2117
914.432256262804	2104.89990234375
917.065073779549	2118.19995117188
919.697047548589	2128.39990234375
922.328178044212	2117.10009765625
924.9584657401	2127.5
927.587911109317	2137.19995117188
930.216514624317	2125.39990234375
932.844276756963	2129.19995117188
935.471197978488	2135.80004882813
938.097278759538	2135
940.722519570163	2151.39990234375
943.346920879798	2179.69995117188
945.97048315729	2181.80004882813
948.593206870885	2220.89990234375
951.215092488219	2236.5
953.836140476366	2225.80004882813
956.456351301787	2274.5
959.07572543037	2255.80004882813
961.694263327369	2284.10009765625
964.311965457521	2302.30004882813
966.928832284933	2292.10009765625
969.544864273135	2286.30004882813
972.160061885076	2244
974.774425583129	2229.19995117188
977.387955829099	2217.19995117188
980.000653084196	2234.10009765625
982.612517809061	2232.60009765625
985.223550463768	2251.69995117188
987.833751507819	2237.19995117188
990.443121400135	2260.30004882813
993.051660599081	2272.39990234375
995.659369562449	2328
998.266248747469	2375.80004882813
1000.87229861081	2474.69995117188
1003.47751960857	2563.30004882813
1006.0819121963	2648.19995117188
1008.68547682897	2616.80004882813
1011.28821396104	2522.19995117188
1013.89012404635	2446
1016.49120753824	2408.39990234375
1019.09146488947	2351.19995117188
1021.69089655226	2322.60009765625
1024.28950297827	2274.10009765625
1026.88728461863	2268.80004882813
1029.48424192392	2245.80004882813
1032.08037534416	2248.80004882813
1034.67568532886	2225.60009765625
1037.27017232694	2249.69995117188
1039.86383678682	2253.10009765625
1042.45667915637	2218.60009765625
1045.04869988293	2244.19995117188
1047.6398994133	2238.60009765625
1050.23027819374	2240.19995117188
1052.81983666998	2248.60009765625
1055.40857528724	2227.89990234375
1057.99649449018	2256.69995117188
1060.58359472296	2259.10009765625
1063.1698764292	2226.39990234375
1065.755340052	2249.30004882813
1068.33998603393	2234.30004882813
1070.92381481706	2235.89990234375
1073.50682684291	2264.89990234375
1076.08902255251	2237
1078.67040238637	2274.30004882813
1081.25096678445	2237.30004882813
1083.83071618624	2214.80004882813
1086.4096510307	2247.19995117188
1088.98777175629	2238.89990234375
1091.56507880094	2256.80004882813
1094.14157260208	2257.30004882813
1096.71725359664	2267.5
1099.29212222106	2268.5
1101.86617891125	2279.5
1104.43942410262	2293
1107.01185823011	2283.80004882813
1109.58348172812	2262.89990234375
1112.15429503057	2274.39990234375
1114.7242985709	2271.5
1117.29349278203	2306.60009765625
1119.86187809642	2280.39990234375
1122.42945494599	2349.19995117188
1124.99622376222	2378
1127.56218497606	2368.10009765625
1130.12733901801	2426.10009765625
1132.69168631804	2440.19995117188
1135.25522730568	2500.30004882813
1137.81796240995	2504.39990234375
1140.37989205941	2567.39990234375
1142.9410166821	2640.89990234375
1145.50133670561	2719
1148.06085255708	2869
1150.61956466311	3110.10009765625
1153.17747344987	3403.30004882813
1155.73457934305	3682.5
1158.29088276786	3811.60009765625
1160.84638414903	3666.39990234375
1163.40108391085	3375.60009765625
1165.95498247711	3080
1168.50808027116	2835.30004882813
1171.06037771587	2644.39990234375
1173.61187523364	2594.80004882813
1176.16257324643	2529.60009765625
1178.71247217573	2500.60009765625
1181.26157244255	2497.69995117188
1183.80987446746	2489.69995117188
1186.35737867059	2470.60009765625
1188.90408547157	2595.69995117188
1191.44999528961	2636
1193.99510854347	2623.19995117188
1196.53942565142	2579.10009765625
1199.08294703133	2553.89990234375
1201.62567310057	2524
1204.16760427611	2454.89990234375
1206.70874097445	2457.69995117188
1209.24908361163	2417.30004882813
1211.78863260327	2398.10009765625
1214.32738836454	2404.30004882813
1216.86535131017	2397
1219.40252185445	2339.60009765625
1221.93890041121	2352
1224.47448739389	2328.19995117188
1227.00928321544	2334.80004882813
1229.54328828842	2330.39990234375
1232.07650302491	2328.19995117188
1234.60892783662	2312.10009765625
1237.14056313477	2311.69995117188
1239.67140933017	2312.10009765625
1242.2014668332	2340.89990234375
1244.73073605384	2366.39990234375
1247.25921740159	2351.30004882813
1249.78691128558	2352.89990234375
1252.31381811448	2390.89990234375
1254.83993829655	2396.80004882813
1257.36527223962	2419.5
1259.88982035112	2435.10009765625
1262.41358303803	2390.89990234375
1264.93656070696	2456.10009765625
1267.45875376405	2461.69995117188
1269.98016261505	2496.30004882813
1272.50078766531	2509.30004882813
1275.02062931974	2553.10009765625
1277.53968798285	2529.80004882813
1280.05796405875	2522.5
1282.57545795112	2457.39990234375
1285.09217006325	2440.10009765625
1287.60810079802	2414.19995117188
1290.12325055788	2401.19995117188
1292.63761974492	2427.39990234375
1295.15120876079	2424
1297.66401800676	2401.10009765625
1300.17604788367	2408.5
1302.687298792	2422.30004882813
1305.19777113181	2399.19995117188
1307.70746530274	2432.39990234375
1310.21638170408	2420.30004882813
1312.7245207347	2413.10009765625
1315.23188279307	2394.5
1317.73846827728	2391.89990234375
1320.24427758502	2448
1322.74931111359	2407.39990234375
1325.25356925991	2409
1327.75705242051	2415.5
1330.25976099151	2388.60009765625
1332.76169536868	2404.30004882813
1335.26285594737	2393.30004882813
1337.76324312256	2359.80004882813
1340.26285728887	2377.5
1342.76169884052	2370.19995117188
1345.25976817132	2372.30004882813
1347.75706567474	2377.10009765625
1350.25359174387	2393.60009765625
1352.74934677141	2389.69995117188
1355.24433114968	2393.39990234375
1357.73854527062	2395.30004882813
1360.23198952583	2363.5
1362.7246643065	2391.60009765625
1365.21657000347	2374.69995117188
1367.7077070072	2408.80004882813
1370.19807570777	2374
1372.68767649492	2393.10009765625
1375.176509758	2392.5
1377.66457588599	2415.30004882813
1380.15187526753	2422.60009765625
1382.63840829087	2390.19995117188
1385.1241753439	2423.80004882813
1387.60917681417	2411.89990234375
1390.09341308884	2432.69995117188
1392.57688455474	2413.80004882813
1395.05959159829	2444.10009765625
1397.54153460562	2424.60009765625
1400.02271396243	2439.69995117188
1402.50313005414	2383.5
1404.98278326576	2413.89990234375
1407.46167398196	2430.5
1409.93980258707	2421.5
1412.41716946504	2451
1414.89377499951	2431.10009765625
1417.36961957373	2444.80004882813
1419.84470357062	2438.39990234375
1422.31902737275	2430.5
1424.79259136235	2460.30004882813
1427.26539592129	2445.10009765625
1429.73744143111	2461.60009765625
1432.20872827299	2474
1434.67925682777	2489
1437.14902747597	2539.69995117188
1439.61804059773	2529.10009765625
1442.0862965729	2563.30004882813
1444.55379578093	2566.10009765625
1447.02053860099	2606.60009765625
1449.48652541188	2588.30004882813
1451.95175659206	2558.69995117188
1454.41623251969	2575.30004882813
1456.87995357255	2584.5
1459.34292012811	2559
1461.80513256351	2541.69995117188
1464.26659125557	2510.89990234375
1466.72729658073	2533.69995117188
1469.18724891517	2545.60009765625
1471.64644863469	2552.30004882813
1474.10489611478	2549.69995117188
1476.5625917306	2574.69995117188
1479.01953585699	2574.60009765625
1481.47572886844	2582
1483.93117113917	2606
1486.38586304302	2618.89990234375
1488.83980495354	2624.80004882813
1491.29299724395	2688.39990234375
1493.74544028715	2679.89990234375
1496.19713445573	2747.30004882813
1498.64808012193	2824.30004882813
1501.09827765772	2928.5
1503.54772743471	3029.89990234375
1505.99642982421	3255.19995117188
1508.44438519723	3446
1510.89159392446	3733.60009765625
1513.33805637625	4029.60009765625
1515.78377292266	4221.7001953125
1518.22874393346	4342.5
1520.67296977806	4353.7001953125
1523.11645082559	4125.2001953125
1525.55918744488	3861.5
1528.00118000444	3598.60009765625
1530.44242887245	3301.30004882813
1532.88293441684	3060.5
1535.32269700517	2877.5
1537.76171700475	2779
1540.19999478255	2701.89990234375
1542.63753070526	2616.80004882813
1545.07432513925	2618.89990234375
1547.5103784506	2615.5
1549.94569100509	2565
1552.38026316819	2573.80004882813
1554.8140953051	2536.19995117188
1557.24718778067	2557.10009765625
1559.67954095952	2548.39990234375
1562.11115520592	2528.39990234375
1564.54203088386	2541.89990234375
1566.97216835704	2525.39990234375
1569.40156798888	2569.60009765625
1571.83023014248	2534.60009765625
1574.25815518067	2557.89990234375
1576.68534346597	2532.39990234375
1579.11179536062	2569
1581.53751122658	2547
1583.9624914255	2542.60009765625
1586.38673631876	2547.10009765625
1588.81024626745	2527.60009765625
1591.23302163235	2520.19995117188
1593.655062774	2525.39990234375
1596.07637005262	2522.19995117188
1598.49694382815	2517.69995117188
1600.91678446025	2528.69995117188
1603.33589230831	2542
1605.75426773142	2515.60009765625
1608.1719110884	2513.39990234375
1610.58882273779	2521.10009765625
1613.00500303784	2486.39990234375
1615.42045234654	2525
1617.83517102158	2506.69995117188
1620.24915942039	2501.89990234375
1622.66241790012	2503.30004882813
1625.07494681764	2495.80004882813
1627.48674652954	2504.39990234375
1629.89781739216	2537.39990234375
1632.30815976152	2510.69995117188
1634.71777399343	2498.30004882813
1637.12666044338	2515.30004882813
1639.53481946661	2549.19995117188
1641.94225141808	2535.19995117188
1644.34895665248	2549.60009765625
1646.75493552424	2546.5
1649.16018838752	2548.5
1651.56471559621	2555.19995117188
1653.96851750392	2546.60009765625
1656.37159446403	2575
1658.7739468296	2565.10009765625
1661.17557495349	2579.10009765625
1663.57647918824	2548.10009765625
1665.97665988617	2525.89990234375
1668.37611739929	2539.80004882813
1670.77485207939	2541.39990234375
1673.17286427799	2504.69995117188
1675.57015434633	2493.10009765625
1677.96672263542	2519.69995117188
1680.36256949598	2475.39990234375
1682.7576952785	2489.5
1685.15210033318	2515.10009765625
1687.54578501	2494.5
1689.93874965866	2497.69995117188
1692.33099462861	2497.80004882813
1694.72252026904	2485.10009765625
1697.11332692889	2480.60009765625
1699.50341495686	2467.10009765625
1701.89278470137	2500.39990234375
1704.28143651061	2460.89990234375
1706.66937073251	2462.39990234375
1709.05658771473	2455
1711.44308780473	2489.39990234375
1713.82887134968	2489.60009765625
1716.21393869648	2475.19995117188
1718.59829019185	2468.80004882813
1720.98192618221	2506.30004882813
1723.36484701374	2450.39990234375
1725.74705303238	2444.30004882813
1728.12854458384	2461.80004882813
1730.50932201356	2474.39990234375
1732.88938566673	2479.10009765625
1735.26873588834	2468.89990234375
1737.64737302307	2493.89990234375
1740.02529741544	2507.60009765625
1742.40250940964	2484.30004882813
1744.77900934969	2454.19995117188
1747.15479757933	2482.89990234375
1749.52987444206	2476.39990234375
1751.90424028116	2490.30004882813
1754.27789543967	2481.19995117188
1756.65084026037	2463.80004882813
1759.02307508582	2473.80004882813
1761.39460025833	2460.19995117188
1763.76541612	2465.60009765625
1766.13552301265	2468.5
1768.50492127791	2468.89990234375
1770.87361125714	2475.5
1773.2415932915	2486.60009765625
1775.60886772188	2458.39990234375
1777.97543488896	2461.10009765625
1780.34129513318	2451.10009765625
1782.70644879475	2463.10009765625
1785.07089621365	2491.60009765625
1787.43463772964	2461.19995117188
1789.7976736822	2444.19995117188
1792.16000441066	2461.39990234375
1794.52163025405	2467.89990234375
1796.88255155121	2459.39990234375
1799.24276864074	2468.80004882813
1801.60228186102	2478.60009765625
1803.96109155019	2469.10009765625
1806.31919804618	2474.10009765625
1808.67660168668	2476.19995117188
1811.03330280916	2467.19995117188
1813.38930175088	2474.89990234375
1815.74459884884	2488.10009765625
1818.09919443984	2483.30004882813
1820.45308886047	2459.10009765625
1822.80628244708	2494.39990234375
1825.1587755358	2465.30004882813
1827.51056846254	2493.80004882813
1829.86166156297	2458.19995117188
1832.21205517258	2480.30004882813
1834.56174962661	2476
1836.91074526009	2493.39990234375
1839.25904240783	2477.10009765625
1841.60664140443	2464.39990234375
1843.95354258425	2490.69995117188
1846.29974628146	2481.19995117188
1848.64525282998	2458.30004882813
1850.99006256356	2444.39990234375
1853.3341758157	2452.89990234375
1855.67759291968	2464.10009765625
1858.02031420858	2465.89990234375
1860.36234001528	2456.19995117188
1862.70367067241	2462.30004882813
1865.04430651244	2475.60009765625
1867.38424786755	2470.60009765625
1869.72349506978	2468.10009765625
1872.06204845094	2451.19995117188
1874.39990834258	2426.60009765625
1876.73707507612	2476.5
1879.07354898269	2475.80004882813
1881.40933039328	2493.80004882813
1883.74441963861	2469.19995117188
1886.07881704925	2488.10009765625
1888.41252295551	2465.89990234375
1890.74553768751	2474.10009765625
1893.07786157519	2444.39990234375
1895.40949494822	2498.60009765625
1897.74043813615	2472.80004882813
1900.07069146823	2442.5
1902.40025527357	2457.60009765625
1904.72912988106	2450.10009765625
1907.05731561938	2476.10009765625
1909.38481281699	2482.60009765625
1911.71162180217	2464.39990234375
1914.037742903	2442
1916.36317644734	2486.39990234375
1918.68792276284	2458.30004882813
1921.01198217697	2452.5
1923.33535501699	2470.10009765625
1925.65804160996	2435.10009765625
1927.98004228273	2462.39990234375
1930.30135736196	2473
1932.6219871741	2450.10009765625
1934.94193204543	2488.60009765625
1937.26119230198	2424
1939.57976826962	2459.10009765625
1941.89766027402	2466.39990234375
1944.21486864062	2463.80004882813
1946.53139369472	2451
1948.84723576137	2467
1951.16239516543	2444.5
1953.47687223159	2426.30004882813
1955.79066728434	2453.30004882813
1958.10378064794	2470.10009765625
1960.4162126465	2467.10009765625
1962.7279636039	2442.19995117188
1965.03903384385	2474.60009765625
1967.34942368987	2459.5
1969.65913346524	2466.5
1971.96816349311	2452.19995117188
1974.2765140964	2447.10009765625
1976.58418559784	2475.39990234375
1978.89117831997	2448.60009765625
1981.19749258516	2482.10009765625
1983.50312871555	2452
1985.80808703313	2467.60009765625
1988.11236785967	2469.60009765625
1990.41597151676	2458.10009765625
1992.71889832581	2433.89990234375
1995.02114860801	2476.60009765625
1997.3227226844	2473.39990234375
1999.62362087581	2449.10009765625
2001.92384350288	2482.39990234375
2004.22339088608	2458.89990234375
2006.52226334567	2487.60009765625
2008.82046120173	2488.69995117188
2011.11798477417	2465.60009765625
2013.41483438269	2463.5
2015.71101034681	2471
2018.00651298588	2457.5
2020.30134261905	2474.80004882813
2022.59549956528	2488.80004882813
2024.88898414337	2481
2027.1817966719	2478.30004882813
2029.4739374693	2454.89990234375
2031.76540685379	2459
2034.05620514342	2456.30004882813
2036.34633265607	2432.89990234375
2038.6357897094	2447.10009765625
2040.92457662092	2459.10009765625
2043.21269370795	2436.80004882813
2045.50014128763	2454.89990234375
2047.78691967691	2453.80004882813
2050.07302919256	2443.69995117188
2052.35847015118	2419.89990234375
2054.64324286919	2453.19995117188
2056.9273476628	2427.39990234375
2059.21078484808	2409.60009765625
2061.4935547409	2469
2063.77565765696	2416.60009765625
2066.05709391176	2424.89990234375
2068.33786382065	2445.69995117188
2070.61796769879	2422.19995117188
2072.89740586116	2441.10009765625
2075.17617862255	2401.19995117188
2077.45428629759	2428.69995117188
2079.73172920075	2429.30004882813
2082.00850764627	2424.30004882813
2084.28462194827	2420.89990234375
2086.56007242065	2429.19995117188
2088.83485937717	2411.80004882813
2091.10898313139	2414.30004882813
2093.3824439967	2440
2095.65524228632	2434.5
2097.92737831328	2438.19995117188
2100.19885239047	2432.69995117188
2102.46966483057	2437.60009765625
2104.7398159461	2455.69995117188
2107.00930604941	2462.19995117188
2109.27813545267	2439.30004882813
2111.54630446787	2466.10009765625
2113.81381340685	2494.89990234375
2116.08066258126	2480.5
2118.34685230257	2465.69995117188
2120.61238288211	2483.5
2122.87725463099	2487.69995117188
2125.1414678602	2504.5
2127.40502288052	2489.30004882813
2129.66792000257	2462.69995117188
2131.93015953682	2497.89990234375
2134.19174179353	2450.10009765625
2136.45266708282	2457
2138.71293571463	2471.5
2140.97254799873	2488.19995117188
2143.23150424473	2485.80004882813
2145.48980476205	2504.19995117188
2147.74744985996	2498.39990234375
2150.00443984754	2501.30004882813
2152.26077503373	2500.80004882813
2154.51645572728	2522.69995117188
2156.77148223677	2510.39990234375
2159.02585487064	2526.10009765625
2161.27957393713	2543.10009765625
2163.53263974432	2540.10009765625
2165.78505260012	2530.5
2168.0368128123	2504.5
2170.28792068844	2479.39990234375
2172.53837653595	2493.69995117188
2174.78818066207	2486.69995117188
2177.03733337389	2452.69995117188
2179.28583497833	2442.89990234375
2181.53368578214	2448
2183.78088609192	2450.10009765625
2186.02743621406	2461
2188.27333645484	2453.30004882813
2190.51858712033	2444.89990234375
2192.76318851646	2457.69995117188
2195.00714094901	2434.69995117188
2197.25044472354	2429.5
2199.49310014551	2435.10009765625
2201.73510752018	2422.69995117188
2203.97646715265	2397
2206.21717934786	2431.30004882813
2208.45724441058	2424.89990234375
2210.69666264543	2416.89990234375
2212.93543435686	2428.89990234375
2215.17355984914	2420.19995117188
2217.41103942642	2388.10009765625
2219.64787339264	2390.30004882813
2221.8840620516	2374.5
2224.11960570695	2437.60009765625
2226.35450466215	2391.5
2228.58875922051	2378.30004882813
2230.82236968518	2411.30004882813
2233.05533635916	2432.30004882813
2235.28765954527	2411.60009765625
2237.51933954617	2399.10009765625
2239.75037666437	2412.89990234375
2241.98077120221	2406
2244.21052346188	2382.30004882813
2246.4396337454	2396.30004882813
2248.66810235461	2406
2250.89592959125	2398.80004882813
2253.12311575681	2420.80004882813
2255.34966115272	2433.30004882813
2257.57556608017	2404.10009765625
2259.80083084023	2381.60009765625
2262.02545573381	2403
2264.24944106163	2373.10009765625
2266.47278712429	2432.80004882813
2268.69549422221	2437.30004882813
2270.91756265564	2412.89990234375
2273.1389927247	2412.60009765625
2275.35978472934	2418.69995117188
2277.57993896933	2423.89990234375
2279.79945574431	2444
2282.01833535375	2424.80004882813
2284.23657809696	2431.39990234375
2286.45418427309	2418.30004882813
2288.67115418114	2439.80004882813
2290.88748811995	2450.69995117188
2293.10318638819	2432.60009765625
2295.3182492844	2450.80004882813
2297.53267710693	2476.39990234375
2299.746470154	2493.30004882813
2301.95962872364	2469.80004882813
2304.17215311376	2496.30004882813
2306.3840436221	2519.80004882813
2308.59530054621	2516
2310.80592418354	2509
2313.01591483134	2522.69995117188
2315.22527278673	2523.10009765625
2317.43399834666	2501.10009765625
2319.64209180791	2504.69995117188
2321.84955346713	2468.10009765625
2324.05638362079	2471.80004882813
2326.26258256524	2465.19995117188
2328.46815059664	2452.39990234375
2330.67308801098	2429.80004882813
2332.87739510415	2448.19995117188
2335.08107217184	2431.30004882813
2337.2841195096	2432
2339.48653741281	2411.30004882813
2341.68832617672	2430.60009765625
2343.8894860964	2439.30004882813
2346.09001746678	2420.10009765625
2348.28992058261	2435.39990234375
2350.48919573852	2420.60009765625
2352.68784322898	2445.89990234375
2354.88586334826	2416.89990234375
2357.08325639055	2427.19995117188
2359.2800226498	2413
2361.47616241988	2421.30004882813
2363.67167599445	2393.80004882813
2365.86656366706	2409.39990234375
2368.06082573107	2386.69995117188
2370.2544624797	2367.5
2372.44747420603	2362.10009765625
2374.63986120295	2382.10009765625
2376.83162376322	2379.89990234375
2379.02276217945	2358.69995117188
2381.21327674408	2360.19995117188
2383.4031677494	2365.39990234375
2385.59243548756	2386.69995117188
2387.78108025053	2355
2389.96910233014	2369
2392.15650201809	2384.69995117188
2394.34327960587	2363.39990234375
2396.52943538486	2343.30004882813
2398.71496964628	2348.30004882813
2400.89988268118	2340.89990234375
2403.08417478048	2360.89990234375
2405.26784623491	2357.30004882813
2407.45089733509	2335.89990234375
2409.63332837146	2339.5
2411.81513963429	2349.10009765625
2413.99633141375	2357.19995117188
2416.1769039998	2339.69995117188
2418.35685768227	2331.39990234375
2420.53619275084	2349.69995117188
2422.71490949505	2328.5
2424.89300820425	2343.5
2427.07048916765	2371.69995117188
2429.24735267433	2369.89990234375
2431.42359901319	2360.69995117188
2433.59922847297	2360.69995117188
2435.7742413423	2362.89990234375
2437.94863790961	2353.30004882813
2440.12241846321	2334.60009765625
2442.29558329121	2332.89990234375
2444.46813268162	2351.5
2446.64006692228	2366.30004882813
2448.81138630086	2342.60009765625
2450.98209110489	2335.69995117188
2453.15218162174	2318.80004882813
2455.32165813864	2343
2457.49052094265	2352.69995117188
2459.65877032069	2333.60009765625
2461.8264065595	2357.89990234375
2463.99342994572	2354
2466.15984076579	2374.10009765625
2468.325639306	2372.10009765625
2470.49082585251	2348.30004882813
2472.65540069131	2387.60009765625
2474.81936410824	2395
2476.98271638899	2376.69995117188
2479.14545781909	2359.5
2481.30758868392	2395.69995117188
2483.4691092687	2394.39990234375
2485.63001985852	2378.80004882813
2487.79032073829	2389.89990234375
2489.95001219277	2353.39990234375
2492.10909450659	2378.69995117188
2494.26756796419	2367.39990234375
2496.42543284989	2359.19995117188
2498.58268944783	2346.89990234375
2500.73933804202	2376.69995117188
2502.8953789163	2354.10009765625
2505.05081235436	2377.80004882813
2507.20563863974	2356.80004882813
2509.35985805582	2387.89990234375
2511.51347088583	2380.60009765625
2513.66647741285	2385.60009765625
2515.81887791981	2401.5
2517.97067268946	2399.30004882813
2520.12186200443	2422.80004882813
2522.27244614716	2397
2524.42242539999	2388.39990234375
2526.57180004504	2383.5
2528.72057036433	2361.39990234375
2530.8687366397	2379.80004882813
2533.01629915284	2363.39990234375
2535.16325818527	2338
2537.30961401839	2310
2539.45536693343	2325.30004882813
2541.60051721145	2303.89990234375
2543.74506513338	2293.39990234375
2545.88901097997	2296.30004882813
2548.03235503185	2304.89990234375
2550.17509756946	2294.80004882813
2552.31723887311	2289.30004882813
2554.45877922293	2272.89990234375
2556.59971889893	2268.80004882813
2558.74005818094	2280.10009765625
2560.87979734864	2271.60009765625
2563.01893668155	2293.19995117188
2565.15747645906	2270.10009765625
2567.29541696037	2273
2569.43275846454	2288.39990234375
2571.56950125049	2279.10009765625
2573.70564559696	2262.80004882813
2575.84119178254	2295.60009765625
2577.97614008569	2260.89990234375
2580.11049078468	2278.80004882813
2582.24424415764	2262.60009765625
2584.37740048255	2283.30004882813
2586.50996003722	2278
2588.64192309931	2277.39990234375
2590.77328994634	2292.60009765625
2592.90406085564	2261.89990234375
2595.03423610442	2275.30004882813
2597.16381596971	2277.39990234375
2599.29280072839	2282.89990234375
2601.42119065719	2293.39990234375
2603.54898603267	2293.10009765625
2605.67618713125	2292.5
2607.80279422919	2317.69995117188
2609.92880760257	2298.69995117188
2612.05422752735	2305.39990234375
2614.17905427932	2305
2616.30328813408	2311.10009765625
2618.42692936713	2309.5
2620.54997825377	2325.89990234375
2622.67243506915	2296.39990234375
2624.79430008828	2318
2626.915573586	2304.30004882813
2629.03625583699	2320
2631.15634711579	2343.80004882813
2633.27584769675	2329.10009765625
2635.39475785408	2328.5
2637.51307786185	2339.89990234375
2639.63080799394	2327.30004882813
2641.74794852409	2373.80004882813
2643.86449972589	2377.89990234375
2645.98046187273	2389.80004882813
2648.0958352379	2381.80004882813
2650.21062009449	2419.60009765625
2652.32481671544	2409.39990234375
2654.43842537353	2431.10009765625
2656.5514463414	2440.80004882813
2658.66387989151	2454.10009765625
2660.77572629616	2466.30004882813
2662.88698582751	2517.80004882813
2664.99765875753	2530.10009765625
2667.10774535806	2521.69995117188
2669.21724590076	2538.10009765625
2671.32616065714	2521.89990234375
2673.43448989857	2522.39990234375
2675.5422338962	2495.60009765625
2677.64939292108	2463
2679.75596724408	2429.5
2681.86195713589	2388.30004882813
2683.96736286707	2398.69995117188
2686.07218470799	2388.89990234375
2688.17642292889	2313.69995117188
2690.28007779982	2346.39990234375
2692.38314959069	2318.39990234375
2694.48563857123	2304
2696.58754501103	2291.19995117188
2698.6888691795	2313.69995117188
2700.78961134588	2292.80004882813
2702.8897717793	2320.80004882813
2704.98935074864	2295.39990234375
2707.08834852271	2300.80004882813
2709.18676537009	2288.30004882813
2711.28460155925	2303.39990234375
2713.38185735843	2315.39990234375
2715.47853303577	2288
2717.57462885924	2273.30004882813
2719.67014509659	2267.19995117188
2721.76508201548	2244
2723.85943988337	2267.60009765625
2725.95321896754	2257.60009765625
2728.04641953515	2232.30004882813
2730.13904185316	2223.80004882813
2732.23108618837	2241.19995117188
2734.32255280744	2229.39990234375
2736.41344197683	2219.89990234375
2738.50375396288	2248.30004882813
2740.5934890317	2208.30004882813
2742.68264744932	2218.5
2744.77122948153	2233.60009765625
2746.85923539398	2209.5
2748.94666545217	2211.69995117188
2751.03351992142	2239.69995117188
2753.11979906688	2199
2755.20550315355	2208.89990234375
2757.29063244624	2190.5
2759.37518720963	2193.89990234375
2761.45916770819	2170.89990234375
2763.54257420625	2204.39990234375
2765.62540696797	2206.5
2767.70766625733	2198.19995117188
2769.78935233816	2181.19995117188
2771.87046547413	2195.10009765625
2773.95100592869	2181.69995117188
2776.03097396519	2226.39990234375
2778.11036984677	2203.5
2780.18919383641	2200.5
2782.26744619693	2220.5
2784.34512719097	2195.30004882813
2786.42223708102	2229.30004882813
2788.49877612937	2181.39990234375
2790.57474459816	2211.80004882813
2792.65014274937	2205.39990234375
2794.7249708448	2193.39990234375
2796.79922914607	2183.60009765625
2798.87291791465	2198.30004882813
2800.94603741181	2212
2803.01858789869	2198.69995117188
2805.09056963623	2205.10009765625
2807.1619828852	2206.89990234375
2809.23282790621	2194.39990234375
2811.30310495971	2191
2813.37281430593	2178.89990234375
2815.441956205	2184.80004882813
2817.51053091682	2170.30004882813
2819.57853870114	2194.80004882813
2821.64597981753	2185.39990234375
2823.7128545254	2162
2825.77916308399	2201.30004882813
2827.84490575233	2189
2829.91008278933	2217.89990234375
2831.97469445369	2200.89990234375
2834.03874100395	2190.80004882813
2836.10222269847	2197.80004882813
2838.16513979544	2187.30004882813
2840.22749255288	2201.89990234375
2842.28928122863	2224.69995117188
2844.35050608034	2257.19995117188
2846.41116736553	2277.80004882813
2848.47126534149	2292.69995117188
2850.53080026537	2293.39990234375
2852.58977239414	2323.19995117188
2854.64818198459	2326.89990234375
2856.70602929332	2313.39990234375
2858.76331457678	2303
2860.82003809123	2306.89990234375
2862.87620009274	2330.5
2864.93180083723	2291.19995117188
2866.98684058043	2343.30004882813
2869.04131957789	2296.60009765625
2871.09523808497	2307.80004882813
2873.14859635689	2309.89990234375
2875.20139464866	2306.80004882813
2877.2536332151	2320.69995117188
2879.30531231091	2320.19995117188
2881.35643219054	2304.30004882813
2883.40699310831	2304
2885.45699531834	2333.19995117188
2887.50643907457	2335.5
2889.55532463077	2312.30004882813
2891.60365224053	2326.80004882813
2893.65142215724	2357.69995117188
2895.69863463414	2354.19995117188
2897.74528992426	2366.39990234375
2899.79138828046	2341.69995117188
2901.83692995544	2328.69995117188
2903.88191520168	2348.5
2905.92634427151	2364.60009765625
2907.97021741706	2338.30004882813
2910.01353489027	2341
2912.05629694294	2356.39990234375
2914.09850382663	2325.30004882813
2916.14015579276	2355.10009765625
2918.18125309254	2356.39990234375
2920.22179597702	2347.89990234375
2922.26178469705	2352.69995117188
2924.30121950329	2368
2926.34010064624	2370.30004882813
2928.37842837619	2392.39990234375
2930.41620294326	2397.5
2932.45342459737	2368.5
2934.49009358828	2375.30004882813
2936.52621016555	2379.80004882813
2938.56177457854	2391.69995117188
2940.59678707645	2348.10009765625
2942.63124790827	2329.30004882813
2944.66515732282	2314
2946.69851556873	2327.80004882813
2948.73132289443	2297.89990234375
2950.76357954817	2292.39990234375
2952.79528577803	2267.30004882813
2954.82644183188	2279.60009765625
2956.85704795741	2269.5
2958.8871044021	2291.60009765625
2960.91661141328	2262
2962.94556923807	2272.80004882813
2964.97397812339	2261.60009765625
2967.00183831598	2249.69995117188
2969.0291500624	2246.89990234375
2971.05591360902	2257.69995117188
2973.08212920199	2252.80004882813
2975.1077970873	2200.19995117188
2977.13291751074	2241.10009765625
2979.1574907179	2216.19995117188
2981.18151695419	2230.30004882813
2983.20499646482	2192.89990234375
2985.2279294948	2214.89990234375
2987.25031628898	2209.89990234375
2989.27215709199	2232.80004882813
2991.29345214825	2207.69995117188
2993.31420170204	2223.10009765625
2995.33440599738	2185.89990234375
2997.35406527816	2171.39990234375
2999.37317978802	2168.30004882813
3001.39174977045	2176.39990234375
3003.40977546872	2202.30004882813
3005.42725712591	2207.39990234375
3007.44419498491	2228.89990234375
3009.4605892884	2196.30004882813
3011.47644027889	2221.69995117188
3013.49174819865	2220.10009765625
3015.5065132898	2212.69995117188
3017.52073579424	2209.39990234375
3019.53441595366	2241.19995117188
3021.54755400959	2218.19995117188
3023.56015020332	2213.69995117188
3025.57220477598	2210.30004882813
3027.58371796846	2221.69995117188
3029.5946900215	2227
3031.6051211756	2256.89990234375
3033.61501167107	2247.69995117188
3035.62436174803	2177
3037.6331716464	2177.69995117188
3039.64144160588	2188.80004882813
3041.649171866	2154.80004882813
3043.65636266607	2165
3045.6630142452	2138.60009765625
3047.66912684229	2143.5
3049.67470069605	2160.60009765625
3051.679736045	2141.5
3053.68423312742	2144.5
3055.68819218143	2126.10009765625
3057.6916134449	2104.10009765625
3059.69449715556	2119.60009765625
3061.69684355086	2128.10009765625
3063.6986528681	2103.30004882813
3065.69992534437	2114.60009765625
3067.70066121653	2110.19995117188
3069.70086072126	2102.89990234375
3071.700524095	2099.60009765625
3073.69965157405	2106.60009765625
3075.69824339442	2089
3077.69629979197	2067
3079.69382100235	2070.60009765625
3081.69080726098	2083.10009765625
3083.68725880307	2067.39990234375
3085.68317586366	2086
3087.67855867755	2079.5
3089.67340747933	2061.19995117188
3091.6677225034	2065.30004882813
3093.66150398392	2071.69995117188
3095.6547521549	2072.19995117188
3097.64746725006	2088.89990234375
3099.63964950297	2051.80004882813
3101.63129914698	2075.19995117188
3103.6224164152	2078.30004882813
3105.61300154056	2079.30004882813
3107.60305475576	2077.80004882813
3109.59257629331	2060.80004882813
3111.58156638547	2053.60009765625
3113.57002526432	2049.30004882813
3115.55795316172	2089
3117.54535030932	2054.19995117188
3119.53221693853	2078.39990234375
3121.51855328057	2073.69995117188
3123.50435956646	2067.69995117188
3125.48963602698	2057.10009765625
3127.4743828927	2074.39990234375
3129.45860039397	2057.89990234375
3131.44228876093	2052.69995117188
3133.42544822353	2042.09997558594
3135.40807901145	2058.39990234375
3137.39018135418	2055.5
3139.37175548102	2066.69995117188
3141.35280162101	2071.60009765625
3143.33332000299	2039.19995117188
3145.31331085559	2054.19995117188
3147.2927744072	2052.10009765625
3149.27171088602	2061.80004882813
3151.25012052	2058.19995117188
3153.22800353689	2059.69995117188
3155.20536016422	2051.89990234375
3157.18219062929	2071.19995117188
3159.15849515918	2040
3161.13427398075	2068.5
3163.10952732066	2061.19995117188
3165.08425540532	2021
3167.05845846092	2049.19995117188
3169.03213671344	2058.69995117188
3171.00529038863	2047.5
3172.97791971203	2069.80004882813
3174.95002490893	2066.19995117188
3176.92160620443	2055.19995117188
3178.89266382337	2076.10009765625
3180.8631979904	2056
3182.83320892991	2033.19995117188
3184.80269686609	2050.39990234375
3186.77166202289	2034.19995117188
3188.74010462406	2023.30004882813
3190.70802489307	2049.80004882813
3192.67542305323	2038.19995117188
3194.64229932757	2042.69995117188
3196.60865393892	2047.5
3198.57448710987	2038.5
3200.53979906279	2059.80004882813
3202.50459001981	2038.40002441406
3204.46886020284	2043.90002441406
3206.43260983356	2049.80004882813
3208.39583913341	2045.69995117188
3210.35854832362	2029.19995117188
3212.32073762517	2052.30004882813
3214.28240725881	2036.59997558594
3216.24355744508	2062.5
3218.20418840426	2052.89990234375
3220.16430035642	2065.5
3222.12389352137	2030.19995117188
3224.08296811873	2051
3226.04152436784	2049.69995117188
3227.99956248784	2050.5
3229.95708269762	2022.69995117188
3231.91408521584	2061.5
3233.87057026092	2017.80004882813
3235.82653805105	2057.19995117188
3237.78198880419	2066.39990234375
3239.73692273806	2048.5
3241.69134007013	2045.30004882813
3243.64524101764	2049.80004882813
3245.59862579761	2073.10009765625
3247.55149462681	2041.90002441406
3249.50384772176	2053.39990234375
3251.45568529877	2058.89990234375
3253.40700757387	2055.30004882813
3255.35781476288	2053.89990234375
3257.3081070814	2055.60009765625
3259.25788474473	2049.5
3261.20714796799	2054.5
3263.15589696602	2038.30004882813
3265.10413195345	2049.5
3267.05185314463	2061.39990234375
3268.9990607537	2052.19995117188
3270.94575499455	2038
3272.89193608081	2035.80004882813
3274.8376042259	2079.10009765625
3276.78275964296	2044.5
3278.72740254492	2055.89990234375
3280.67153314443	2038
3282.61515165393	2038.90002441406
3284.55825828559	2046.40002441406
3286.50085325135	2065.69995117188
3288.44293676289	2038.59997558594
3290.38450903165	2033.90002441406
3292.32557026883	2043.59997558594
3294.26612068537	2015.90002441406
3296.20616049198	2053
3298.14568989911	2025.69995117188
3300.08470911695	2039.40002441406
3302.02321835546	2034.59997558594
3303.96121782435	2036.5
3305.89870773306	2056.60009765625
3307.83568829081	2022.69995117188
3309.77215970655	2041.30004882813
3311.70812218898	2036.90002441406
3313.64357594655	2029.80004882813
3315.57852118747	2036
3317.51295811968	2023.90002441406
3319.44688695087	2021.80004882813
3321.38030788849	2032.69995117188
3323.31322113973	2010.5
3325.24562691152	2026.30004882813
3327.17752541055	2021
3329.10891684322	2018.09997558594
3331.03980141573	2011.90002441406
3332.97017933399	2025.30004882813
3334.90005080364	2006.80004882813
3336.82941603011	2011.5
3338.75827521852	2001.59997558594
3340.68662857377	2022.80004882813
3342.6144763005	2004.90002441406
3344.54181860308	2018.30004882813
3346.46865568561	2021.40002441406
3348.39498775195	2018.5
3350.32081500571	2001.40002441406
3352.24613765022	2008.19995117188
3354.17095588855	1995.19995117188
3356.09526992352	2015.90002441406
3358.01907995769	2021.30004882813
3359.94238619334	2027.19995117188
3361.86518883251	2023.90002441406
3363.78748807697	2004.5
3365.70928412823	2021.09997558594
3367.63057718752	2008.5
3369.55136745582	2020.19995117188
3371.47165513386	1995.59997558594
3373.39144042208	2016.40002441406
3375.31072352066	1978.19995117188
3377.22950462953	2010.40002441406
3379.14778394834	2021.09997558594
3381.06556167648	2015
3382.98283801308	2022.40002441406
3384.89961315697	2025.69995117188
3386.81588730676	2003
3388.73166066076	2011.30004882813
3390.64693341702	1998
3392.56170577332	1977.5
3394.47597792716	1994.59997558594
3396.38975007581	1979.80004882813
3398.30302241623	1987.19995117188
3400.21579514512	1992.30004882813
3402.1280684589	2006.30004882813
3404.03984255374	2015.80004882813
3405.95111762553	1983.80004882813
3407.86189386987	1990.09997558594
3409.77217148212	1999.80004882813
3411.68195065733	1997
3413.5912315903	2000.90002441406
3415.50001447556	1982.09997558594
3417.40829950735	1991.90002441406
3419.31608687963	1983
3421.22337678611	2003.40002441406
3423.1301694202	1966.19995117188
3425.03646497504	1980.19995117188
3426.9422636435	2001.80004882813
3428.84756561816	1982.09997558594
3430.75237109135	1969.59997558594
3432.65668025508	1995.59997558594
3434.56049330112	1977.59997558594
3436.46381042093	1990.59997558594
3438.36663180571	1973
3440.26895764638	1981.40002441406
3442.17078813357	1974.90002441406
3444.07212345762	1975.80004882813
3445.97296380863	1982.69995117188
3447.87330937636	1957.19995117188
3449.77316035033	1959.5
3451.67251691977	1976.59997558594
3453.57137927361	1987.09997558594
3455.46974760052	1982
3457.36762208886	1960.69995117188
3459.26500292671	1952.19995117188
3461.16189030191	1964.5
3463.05828440194	1978.09997558594
3464.95418541406	1963.5
3466.84959352519	1973.09997558594
3468.74450892201	1947.09997558594
3470.63893179088	1972.40002441406
3472.53286231788	1941.09997558594
3474.42630068881	1963.40002441406
3476.31924708918	1960.59997558594
3478.2117017042	1950.09997558594
3480.1036647188	1949.40002441406
3481.99513631761	1944.30004882813
3483.88611668498	1968.90002441406
3485.77660600498	1953.69995117188
3487.66660446135	1938.80004882813
3489.55611223758	1963
3491.44512951683	1948.30004882813
3493.333656482	1917.5
3495.22169331568	1957.5
3497.10924020016	1944.19995117188
3498.99629731746	1936.19995117188
3500.88286484927	1946.90002441406
3502.76894297702	1942
3504.65453188182	1917.59997558594
3506.53963174449	1934.5
3508.42424274555	1928.80004882813
3510.30836506524	1923.69995117188
3512.19199888349	1920.59997558594
3514.07514437992	1928.19995117188
3515.95780173387	1932.59997558594
3517.83997112437	1907
3519.72165273016	1909.09997558594
3521.60284672967	1926.5
3523.48355330104	1897.30004882813
3525.36377262208	1910.80004882813
3527.24350487035	1907
3529.12275022306	1886.30004882813
3531.00150885715	1891.90002441406
3532.87978094923	1902.69995117188
3534.75756667562	1887.30004882813
3536.63486621235	1900.90002441406
3538.51167973512	1877.5
3540.38800741934	1896
3542.26384944011	1871.30004882813
3544.13920597223	1904.19995117188
3546.01407719018	1888
3547.88846326815	1870.09997558594
3549.76236438002	1897.90002441406
3551.63578069934	1874.69995117188
3553.50871239938	1874.5
3555.38115965309	1858.69995117188
3557.25312263311	1873.69995117188
3559.12460151177	1856.80004882813
3560.99559646109	1875.40002441406
3562.86610765279	1861.5
3564.73613525825	1858
3566.60567944857	1863.59997558594
3568.47474039453	1848.09997558594
3570.34331826658	1865.30004882813
3572.21141323487	1857.30004882813
3574.07902546925	1849.80004882813
3575.94615513922	1859.80004882813
3577.81280241401	1865.5
3579.67896746249	1871.80004882813
3581.54465045325	1866.59997558594
3583.40985155455	1876.19995117188
3585.27457093432	1863.40002441406
3587.1388087602	1846.09997558594
3589.00256519949	1859.5
3590.86584041919	1845
3592.72863458597	1847.90002441406
3594.59094786618	1849.59997558594
3596.45278042585	1860.59997558594
3598.31413243069	1863.90002441406
3600.17500404611	1850.59997558594
3602.03539543717	1833
3603.89530676861	1841.09997558594
3605.75473820488	1857.30004882813
3607.61368991007	1836.69995117188
3609.47216204797	1853.5
3611.33015478203	1838
3613.18766827539	1831.80004882813
3615.04470269087	1854.5
3616.90125819094	1833.80004882813
3618.75733493776	1832.69995117188
3620.61293309318	1830
3622.46805281869	1836
3624.32269427547	1819.30004882813
3626.17685762439	1835.90002441406
3628.03054302596	1841.90002441406
3629.88375064038	1836.80004882813
3631.73648062751	1834.80004882813
3633.5887331469	1851.80004882813
3635.44050835775	1829.69995117188
3637.29180641893	1836.30004882813
3639.14262748899	1841.40002441406
3640.99297172614	1804.90002441406
3642.84283928828	1805.80004882813
3644.69223033294	1814.09997558594
3646.54114501734	1814.59997558594
3648.38958349836	1803.09997558594
3650.23754593256	1800.5
3652.08503247614	1821
3653.93204328497	1815.80004882813
3655.77857851462	1829.30004882813
3657.62463832028	1799.90002441406
3659.47022285682	1804.90002441406
3661.31533227877	1814.5
3663.15996674033	1795.19995117188
3665.00412639535	1807.09997558594
3666.84781139736	1789.40002441406
3668.69102189953	1802.80004882813
3670.5337580547	1809.80004882813
3672.37602001537	1814.59997558594
3674.21780793368	1791.80004882813
3676.05912196148	1789.59997558594
3677.89996225021	1786.90002441406
3679.74032895103	1785.59997558594
3681.58022221471	1796
3683.41964219171	1786.59997558594
3685.25858903211	1795.90002441406
3687.0970628857	1792.30004882813
3688.93506390186	1785.30004882813
3690.77259222968	1794.59997558594
3692.60964801787	1776.5
3694.44623141481	1761.59997558594
3696.28234256853	1776.59997558594
3698.11798162669	1785.09997558594
3699.95314873665	1771.80004882813
3701.78784404537	1775
3703.62206769951	1770.69995117188
3705.45581984533	1770.69995117188
3707.28910062877	1774
3709.12191019542	1752.90002441406
3710.95424869052	1786.90002441406
3712.78611625894	1773.30004882813
3714.6175130452	1760.19995117188
3716.44843919349	1760
3718.27889484764	1759.40002441406
3720.1088801511	1753.69995117188
3721.93839524699	1749.09997558594
3723.76744027808	1762.90002441406
3725.59601538677	1750
3727.4241207151	1752.90002441406
