40.2973356941271	1136.19995117188
43.2236257608418	1144.5
46.1488808466109	1157.5
49.0731017336173	1160.30004882813
51.9962892025666	1173.09997558594
54.9184440327569	1184.30004882813
57.8395670020446	1191.90002441406
60.7596588868509	1215.09997558594
63.6787204621708	1237.19995117188
66.5967525015794	1258
69.5137557772381	1277.90002441406
72.4297310598838	1316.90002441406
75.3446791188512	1374
78.2586007220466	1431.59997558594
81.1714966360015	1533.40002441406
84.0833676258266	1604.09997558594
86.994214455242	1718.30004882813
89.9040378865662	1866.19995117188
92.8128386807427	1984.19995117188
95.7206175973133	2109.80004882813
98.6273753944444	2179
101.533112828928	2249.30004882813
104.437830656161	2273.69995117188
107.34152963018	2292.60009765625
110.244210503676	2297.80004882813
113.145874027931	2261.69995117188
116.046520952895	2251.10009765625
118.946152027154	2229
121.844767997933	2213.30004882813
124.74236961111	2206.19995117188
127.638957611212	2198.10009765625
130.534532741422	2205.89990234375
133.429095743606	2184.10009765625
136.322647358252	2195.30004882813
139.215188324544	2214.60009765625
142.106719380311	2211.10009765625
144.997241262089	2221
147.886754705057	2228.5
150.775260443096	2234.5
153.662759208748	2222.80004882813
156.549251733282	2213.80004882813
159.434738746612	2215.89990234375
162.319220977376	2197.19995117188
165.20269915289	2247.30004882813
168.085173999178	2199.5
170.966646240977	2208.5
173.847116601709	2186
176.726585803528	2180.5
179.605054567295	2179.5
182.48252361259	2172.39990234375
185.358993657701	2167.39990234375
188.234465419645	2172.69995117188
191.108939614183	2167.69995117188
193.982416955795	2172.30004882813
196.854898157687	2158.10009765625
199.726383931801	2175.60009765625
202.596874988835	2162.39990234375
205.466372038225	2188.19995117188
208.334875788145	2177.19995117188
211.202386945534	2166.69995117188
214.068906216069	2158.80004882813
216.934434304194	2179.30004882813
219.798971913111	2163
222.662519744776	2184.5
225.525078499925	2162.39990234375
228.386648878069	2177.5
231.247231577465	2195
234.106827295172	2169.19995117188
236.965436727012	2163.80004882813
239.823060567597	2169.10009765625
242.679699510337	2162.89990234375
245.535354247396	2164.30004882813
248.390025469775	2166.5
251.243713867223	2142
254.096420128327	2152.39990234375
256.948144940459	2150.19995117188
259.798888989788	2153.5
262.648652961315	2153.69995117188
265.49743753883	2166.10009765625
268.345243404939	2149.60009765625
271.192071241073	2157.30004882813
274.037921727485	2146.5
276.882795543246	2132.39990234375
279.72669336624	2147.5
282.569615873213	2187
285.411563739724	2160.10009765625
288.252537640165	2174.60009765625
291.092538247763	2218.80004882813
293.931566234616	2156.69995117188
296.769622271633	2185.19995117188
299.606707028594	2180.89990234375
302.442821174104	2212.89990234375
305.277965375652	2197.39990234375
308.112140299574	2186.39990234375
310.945346611062	2211.39990234375
313.777584974167	2176.69995117188
316.608856051813	2209.60009765625
319.439160505797	2208.60009765625
322.268498996783	2204.30004882813
325.096872184303	2218
327.924280726782	2200.39990234375
330.750725281521	2188
333.576206504693	2204
336.400725051388	2196.5
339.224281575542	2197.60009765625
342.046876730026	2147.89990234375
344.868511166586	2171.10009765625
347.689185535872	2161.5
350.508900487421	2170.5
353.327656669699	2181.30004882813
356.145454730079	2169.69995117188
358.962295314817	2177.5
361.778179069105	2179.80004882813
364.593106637051	2190.69995117188
367.407078661675	2194.60009765625
370.220095784913	2194.39990234375
373.032158647655	2183.60009765625
375.843267889676	2192.10009765625
378.653424149715	2208.19995117188
381.462628065436	2195.19995117188
384.270880273432	2191.30004882813
387.078181409254	2201
389.884532107358	2210.39990234375
392.689933001188	2226.19995117188
395.494384723112	2228.39990234375
398.29788790445	2238.89990234375
401.100443175488	2273
403.902051165437	2235.60009765625
406.702712502518	2261.10009765625
409.502427813866	2220.80004882813
412.301197725607	2245.89990234375
415.099022862823	2220.5
417.89590384957	2227.89990234375
420.691841308876	2221.19995117188
423.486835862752	2232.80004882813
426.280888132173	2220.69995117188
429.073998737112	2250.89990234375
431.866168296507	2243.89990234375
434.657397428298	2223.5
437.447686749412	2225.5
440.237036875762	2248.69995117188
443.025448422257	2251.69995117188
445.812922002813	2259
448.599458230326	2250.69995117188
451.38505771672	2234.19995117188
454.169721072909	2242.80004882813
456.953448908819	2257.19995117188
459.736241833384	2247.69995117188
462.518100454555	2228.60009765625
465.2990253793	2250.69995117188
468.079017213605	2227.39990234375
470.858076562476	2271.60009765625
473.636204029939	2260.19995117188
476.41340021906	2259.60009765625
479.189665731938	2235.69995117188
481.965001169667	2237.60009765625
484.739407132419	2230.10009765625
487.512884219391	2261.89990234375
490.285433028796	2251.5
493.057054157921	2255.89990234375
495.827748203087	2258.10009765625
498.597515759658	2289
501.366357422061	2287.5
504.134273783759	2283.19995117188
506.901265437278	2245.89990234375
509.66733297421	2280.5
512.432476985198	2262.19995117188
515.196698059945	2276.39990234375
517.959996787225	2278.5
520.722373754895	2286.89990234375
523.483829549856	2286.80004882813
526.24436475811	2294.89990234375
529.003979964696	2275
531.762675753779	2282.39990234375
534.520452708569	2289.10009765625
537.277311411375	2276.5
540.03325244359	2278.30004882813
542.788276385682	2298.69995117188
545.54238381725	2268.19995117188
548.295575316938	2286.39990234375
551.047851462516	2286.10009765625
553.799212830831	2292.5
556.549659997851	2273.89990234375
559.299193538643	2265
562.047814027381	2300
564.795522037318	2273
567.542318140861	2270.69995117188
570.288202909507	2283.80004882813
573.033176913873	2263.60009765625
575.7772407237	2273.60009765625
578.520394907829	2277.69995117188
581.26264003424	2276.30004882813
584.003976670046	2258.10009765625
586.744405381469	2286.39990234375
589.483926733869	2278.60009765625
592.222541291746	2304.39990234375
594.96024961872	2295
597.697052277563	2290.19995117188
600.432949830166	2292.39990234375
603.167942837587	2322.60009765625
605.902031860012	2288.39990234375
608.635217456783	2303.10009765625
611.367500186378	2309
614.098880606429	2303.80004882813
616.82935927374	2317.10009765625
619.558936744248	2310.10009765625
622.287613573072	2327.89990234375
625.015390314457	2323.39990234375
627.742267521848	2311.10009765625
630.468245747829	2322.10009765625
633.193325544166	2309
635.917507461792	2316.80004882813
638.640792050804	2315.80004882813
641.36317986048	2298.69995117188
644.084671439281	2321.89990234375
646.805267334845	2302.19995117188
649.524968093967	2287.30004882813
652.24377426266	2319.80004882813
654.961686386106	2332.69995117188
657.678705008678	2305.5
660.394830673939	2312.60009765625
663.110063924628	2321.39990234375
665.824405302728	2310.80004882813
668.537855349351	2339.60009765625
671.250414604863	2329.89990234375
673.962083608812	2331.10009765625
676.672862899949	2339.89990234375
679.382753016218	2325.19995117188
682.091754494801	2349.69995117188
684.799867872061	2353.89990234375
687.507093683595	2332.19995117188
690.213432464198	2327.69995117188
692.918884747899	2359.19995117188
695.623451067937	2342.69995117188
698.327131956755	2355.10009765625
701.029927946065	2354.5
703.731839566754	2372.5
706.43286734896	2388.10009765625
709.133011822067	2377.39990234375
711.832273514658	2373.5
714.53065295457	2366.89990234375
717.228150668879	2359.5
719.924767183889	2389.89990234375
722.620503025148	2375.30004882813
725.315358717446	2381.10009765625
728.009334784827	2358.60009765625
730.702431750559	2386.39990234375
733.394650137188	2352.89990234375
736.085990466498	2377.69995117188
738.776453259519	2386.39990234375
741.466039036542	2358.80004882813
744.154748317125	2372.10009765625
746.842581620074	2382.69995117188
749.529539463458	2380.69995117188
752.215622364608	2342.30004882813
754.900830840131	2370.10009765625
757.585165405892	2385
760.26862657703	2384.10009765625
762.951214867957	2395.5
765.632930792356	2383.89990234375
768.313774863181	2373.5
770.993747592673	2388.30004882813
773.672849492359	2357.89990234375
776.351081073017	2403.69995117188
779.028442844757	2376.30004882813
781.704935316928	2387.60009765625
784.380558998208	2382.19995117188
787.055314396528	2378.69995117188
789.729202019141	2368
792.402222372581	2405.69995117188
795.074375962669	2380.10009765625
797.745663294537	2371
800.416084872622	2408.69995117188
803.085641200652	2397.89990234375
805.754332781664	2418.89990234375
808.422160117986	2398.89990234375
811.089123711292	2396.39990234375
813.75522406252	2427.19995117188
816.420461671951	2429.69995117188
819.084837039164	2442.69995117188
821.748350663067	2421.39990234375
824.411003041866	2411.60009765625
827.072794673116	2452.60009765625
829.733726053668	2436.39990234375
832.39379767971	2453.30004882813
835.05301004674	2459.30004882813
837.711363649601	2451.80004882813
840.368858982457	2459.60009765625
843.025496538805	2470.60009765625
845.681276811467	2503.19995117188
848.336200292618	2488.80004882813
850.99026747375	2547.39990234375
853.643478845713	2519
856.29583489868	2536.80004882813
858.947336122176	2506.39990234375
861.59798300506	2519.10009765625
864.247776035556	2519.39990234375
866.896715701222	2551.39990234375
869.544802488959	2533.30004882813
872.192036885046	2528.10009765625
874.838419375087	2543.60009765625
877.483950444054	2549.89990234375
880.128630576285	2541.80004882813
882.772460255461	2535
885.415439964628	2562.19995117188
888.057570186211	2525.89990234375
890.698851401966	2554.39990234375
893.339284093045	2545.69995117188
895.978868739961	2531.60009765625
898.617605822596	2497.80004882813
901.255495820196	2536.19995117188
903.892539211396	2546
906.528736474184	2533.39990234375
909.164088085949	2514.60009765625
911.798594523442	2527.39990234375
914.432256262804	2508.10009765625
917.065073779549	2538.30004882813
919.697047548589	2570.80004882813
922.328178044212	2556.89990234375
924.9584657401	2570.5
927.587911109317	2583.19995117188
930.216514624317	2581.30004882813
932.844276756963	2565.69995117188
935.471197978488	2571.30004882813
938.097278759538	2568.60009765625
940.722519570163	2580.69995117188
943.346920879798	2641.30004882813
945.97048315729	2640.69995117188
948.593206870885	2676.60009765625
951.215092488219	2671.30004882813
953.836140476366	2721.89990234375
956.456351301787	2753.19995117188
959.07572543037	2743.69995117188
961.694263327369	2734.39990234375
964.311965457521	2787.19995117188
966.928832284933	2790.69995117188
969.544864273135	2789.10009765625
972.160061885076	2771.39990234375
974.774425583129	2747.10009765625
977.387955829099	2712.10009765625
980.000653084196	2684.39990234375
982.612517809061	2703.60009765625
985.223550463768	2693.19995117188
987.833751507819	2689.89990234375
990.443121400135	2746.60009765625
993.051660599081	2785.30004882813
995.659369562449	2818.60009765625
998.266248747469	2901.10009765625
1000.87229861081	3017.89990234375
1003.47751960857	3150
1006.0819121963	3231.89990234375
1008.68547682897	3220.69995117188
1011.28821396104	3119.69995117188
1013.89012404635	2992.69995117188
1016.49120753824	2924.80004882813
1019.09146488947	2837.39990234375
1021.69089655226	2818.60009765625
1024.28950297827	2806.39990234375
1026.88728461863	2778
1029.48424192392	2770.60009765625
1032.08037534416	2741.80004882813
1034.67568532886	2729.89990234375
1037.27017232694	2753.19995117188
1039.86383678682	2738.10009765625
1042.45667915637	2743
1045.04869988293	2720.10009765625
1047.6398994133	2759
1050.23027819374	2729.69995117188
1052.81983666998	2730.30004882813
1055.40857528724	2719.69995117188
1057.99649449018	2720.5
1060.58359472296	2763.5
1063.1698764292	2729.69995117188
1065.755340052	2742.5
1068.33998603393	2781.10009765625
1070.92381481706	2763.60009765625
1073.50682684291	2784.19995117188
1076.08902255251	2787.5
1078.67040238637	2758.5
1081.25096678445	2761.69995117188
1083.83071618624	2770.5
1086.4096510307	2752.60009765625
1088.98777175629	2791.60009765625
1091.56507880094	2761.30004882813
1094.14157260208	2750.39990234375
1096.71725359664	2782.19995117188
1099.29212222106	2788
1101.86617891125	2777.39990234375
1104.43942410262	2790.60009765625
1107.01185823011	2766.39990234375
1109.58348172812	2795.69995117188
1112.15429503057	2791.5
1114.7242985709	2795.19995117188
1117.29349278203	2822.80004882813
1119.86187809642	2835.39990234375
1122.42945494599	2857
1124.99622376222	2916.89990234375
1127.56218497606	2939.80004882813
1130.12733901801	2982.5
1132.69168631804	2993.69995117188
1135.25522730568	3046.19995117188
1137.81796240995	3097.39990234375
1140.37989205941	3172.60009765625
1142.9410166821	3228.89990234375
1145.50133670561	3378.80004882813
1148.06085255708	3563.39990234375
1150.61956466311	3879.60009765625
1153.17747344987	4276.89990234375
1155.73457934305	4551.39990234375
1158.29088276786	4779.7001953125
1160.84638414903	4570.7001953125
1163.40108391085	4248.2998046875
1165.95498247711	3874.39990234375
1168.50808027116	3523.80004882813
1171.06037771587	3295
1173.61187523364	3193.19995117188
1176.16257324643	3149.5
1178.71247217573	3095.30004882813
1181.26157244255	3038.5
1183.80987446746	3027.39990234375
1186.35737867059	3126
1188.90408547157	3149.30004882813
1191.44999528961	3231
1193.99510854347	3226.80004882813
1196.53942565142	3258.30004882813
1199.08294703133	3210.19995117188
1201.62567310057	3138
1204.16760427611	3061.69995117188
1206.70874097445	3039.69995117188
1209.24908361163	3023
1211.78863260327	2947.5
1214.32738836454	2970.19995117188
1216.86535131017	2949.60009765625
1219.40252185445	2923.60009765625
1221.93890041121	2912.39990234375
1224.47448739389	2864.80004882813
1227.00928321544	2896.10009765625
1229.54328828842	2889.10009765625
1232.07650302491	2892.69995117188
1234.60892783662	2893.19995117188
1237.14056313477	2897.60009765625
1239.67140933017	2903.69995117188
1242.2014668332	2932.5
1244.73073605384	2943.89990234375
1247.25921740159	2935.5
1249.78691128558	2970.39990234375
1252.31381811448	2993.39990234375
1254.83993829655	3039
1257.36527223962	3026.80004882813
1259.88982035112	3095
1262.41358303803	3100.69995117188
1264.93656070696	3122.39990234375
1267.45875376405	3151.69995117188
1269.98016261505	3186
1272.50078766531	3178.69995117188
1275.02062931974	3227.19995117188
1277.53968798285	3208.19995117188
1280.05796405875	3195.10009765625
1282.57545795112	3108.80004882813
1285.09217006325	3100
1287.60810079802	3079.69995117188
1290.12325055788	3041.10009765625
1292.63761974492	3089.60009765625
1295.15120876079	3079.80004882813
1297.66401800676	3090.60009765625
1300.17604788367	3126.89990234375
1302.687298792	3092.10009765625
1305.19777113181	3113.30004882813
1307.70746530274	3089.80004882813
1310.21638170408	3070.80004882813
1312.7245207347	3099.10009765625
1315.23188279307	3082.89990234375
1317.73846827728	3046.39990234375
1320.24427758502	3059.39990234375
1322.74931111359	3056
1325.25356925991	3047.39990234375
1327.75705242051	3017.69995117188
1330.25976099151	3065.19995117188
1332.76169536868	3000.89990234375
1335.26285594737	3003.80004882813
1337.76324312256	2957.10009765625
1340.26285728887	3012.30004882813
1342.76169884052	3024.80004882813
1345.25976817132	3011.19995117188
1347.75706567474	3018.60009765625
1350.25359174387	3013.80004882813
1352.74934677141	3000.80004882813
1355.24433114968	3002.5
1357.73854527062	2991.80004882813
1360.23198952583	2985.89990234375
1362.7246643065	2950.5
1365.21657000347	2994.89990234375
1367.7077070072	2960.5
1370.19807570777	2978.80004882813
1372.68767649492	2994
1375.176509758	3008.5
1377.66457588599	2999
1380.15187526753	3010.69995117188
1382.63840829087	2979.89990234375
1385.1241753439	3024.30004882813
1387.60917681417	3044.69995117188
1390.09341308884	3043.69995117188
1392.57688455474	3097.89990234375
1395.05959159829	3039.30004882813
1397.54153460562	3060.30004882813
1400.02271396243	3064.19995117188
1402.50313005414	3001
1404.98278326576	3063.69995117188
1407.46167398196	3051.89990234375
1409.93980258707	3062.5
1412.41716946504	3041.5
1414.89377499951	3065.5
1417.36961957373	3070.80004882813
1419.84470357062	3094
1422.31902737275	3101.10009765625
1424.79259136235	3147.89990234375
1427.26539592129	3104.89990234375
1429.73744143111	3177.69995117188
1432.20872827299	3191.10009765625
1434.67925682777	3213.19995117188
1437.14902747597	3288.39990234375
1439.61804059773	3306.80004882813
1442.0862965729	3362.10009765625
1444.55379578093	3366.60009765625
1447.02053860099	3404.69995117188
1449.48652541188	3376.30004882813
1451.95175659206	3371.89990234375
1454.41623251969	3315.39990234375
1456.87995357255	3368.80004882813
1459.34292012811	3333.5
1461.80513256351	3306.89990234375
1464.26659125557	3298.30004882813
1466.72729658073	3280.5
1469.18724891517	3245.30004882813
1471.64644863469	3275.10009765625
1474.10489611478	3218.89990234375
1476.5625917306	3238.69995117188
1479.01953585699	3239.10009765625
1481.47572886844	3250.19995117188
1483.93117113917	3264.80004882813
1486.38586304302	3313.10009765625
1488.83980495354	3323.60009765625
1491.29299724395	3353.30004882813
1493.74544028715	3366.80004882813
1496.19713445573	3475.60009765625
1498.64808012193	3503.19995117188
1501.09827765772	3601.60009765625
1503.54772743471	3835.80004882813
1505.99642982421	4074
1508.44438519723	4372.5
1510.89159392446	4745.2001953125
1513.33805637625	5135
1515.78377292266	5416.39990234375
1518.22874393346	5599
1520.67296977806	5587.39990234375
1523.11645082559	5379.60009765625
1525.55918744488	4967.2001953125
1528.00118000444	4692.10009765625
1530.44242887245	4291.2998046875
1532.88293441684	3911.30004882813
1535.32269700517	3599.39990234375
1537.76171700475	3465.30004882813
1540.19999478255	3405
1542.63753070526	3332.89990234375
1545.07432513925	3299.19995117188
1547.5103784506	3244.39990234375
1549.94569100509	3243.69995117188
1552.38026316819	3206.39990234375
1554.8140953051	3206
1557.24718778067	3218.19995117188
1559.67954095952	3206.39990234375
1562.11115520592	3195.5
1564.54203088386	3203
1566.97216835704	3152.30004882813
1569.40156798888	3195.60009765625
1571.83023014248	3218.69995117188
1574.25815518067	3219.39990234375
1576.68534346597	3193.30004882813
1579.11179536062	3200.39990234375
1581.53751122658	3211.60009765625
1583.9624914255	3218.5
1586.38673631876	3194.10009765625
1588.81024626745	3193.19995117188
1591.23302163235	3179.60009765625
1593.655062774	3161.10009765625
1596.07637005262	3202.10009765625
1598.49694382815	3196.30004882813
1600.91678446025	3195
1603.33589230831	3150.5
1605.75426773142	3182.69995117188
1608.1719110884	3191
1610.58882273779	3149
1613.00500303784	3151.69995117188
1615.42045234654	3156.89990234375
1617.83517102158	3134.10009765625
1620.24915942039	3200.80004882813
1622.66241790012	3180.80004882813
1625.07494681764	3179.30004882813
1627.48674652954	3163.39990234375
1629.89781739216	3185.80004882813
1632.30815976152	3142.19995117188
1634.71777399343	3175.5
1637.12666044338	3195.30004882813
1639.53481946661	3226.80004882813
1641.94225141808	3221.69995117188
1644.34895665248	3264.69995117188
1646.75493552424	3297
1649.16018838752	3339.89990234375
1651.56471559621	3379.39990234375
1653.96851750392	3408.39990234375
1656.37159446403	3452.19995117188
1658.7739468296	3451
1661.17557495349	3454.89990234375
1663.57647918824	3379.30004882813
1665.97665988617	3336.5
1668.37611739929	3320.80004882813
1670.77485207939	3265
1673.17286427799	3204.69995117188
1675.57015434633	3205.80004882813
1677.96672263542	3202.80004882813
1680.36256949598	3167.19995117188
1682.7576952785	3163
1685.15210033318	3157.19995117188
1687.54578501	3181.30004882813
1689.93874965866	3112
1692.33099462861	3147.10009765625
1694.72252026904	3155.30004882813
1697.11332692889	3121.89990234375
1699.50341495686	3127.89990234375
1701.89278470137	3107.80004882813
1704.28143651061	3108.30004882813
1706.66937073251	3100
1709.05658771473	3062.19995117188
1711.44308780473	3132.10009765625
1713.82887134968	3095.30004882813
1716.21393869648	3051
1718.59829019185	3094.10009765625
1720.98192618221	3086.60009765625
1723.36484701374	3093.5
1725.74705303238	3099.69995117188
1728.12854458384	3115.19995117188
1730.50932201356	3112.10009765625
1732.88938566673	3126.19995117188
1735.26873588834	3083.89990234375
1737.64737302307	3080.89990234375
1740.02529741544	3115.80004882813
1742.40250940964	3154
1744.77900934969	3110.5
1747.15479757933	3123.69995117188
1749.52987444206	3103.10009765625
1751.90424028116	3087.10009765625
1754.27789543967	3106.10009765625
1756.65084026037	3102.10009765625
1759.02307508582	3091.19995117188
1761.39460025833	3091.5
1763.76541612	3067
1766.13552301265	3101.89990234375
1768.50492127791	3078.30004882813
1770.87361125714	3066.5
1773.2415932915	3062.10009765625
1775.60886772188	3068.60009765625
1777.97543488896	3092.10009765625
1780.34129513318	3078.30004882813
1782.70644879475	3100.80004882813
1785.07089621365	3071.80004882813
1787.43463772964	3032.80004882813
1789.7976736822	3066.5
1792.16000441066	3118.19995117188
1794.52163025405	3085.10009765625
1796.88255155121	3092.60009765625
1799.24276864074	3052
1801.60228186102	3091.80004882813
1803.96109155019	3043.19995117188
1806.31919804618	3093
1808.67660168668	3076.39990234375
1811.03330280916	3093.5
1813.38930175088	3094.30004882813
1815.74459884884	3065.19995117188
1818.09919443984	3109
1820.45308886047	3106.10009765625
1822.80628244708	3080.69995117188
1825.1587755358	3076.80004882813
1827.51056846254	3090
1829.86166156297	3087.60009765625
1832.21205517258	3067.60009765625
1834.56174962661	3107.5
1836.91074526009	3074.89990234375
1839.25904240783	3091.89990234375
1841.60664140443	3059.10009765625
1843.95354258425	3116.10009765625
1846.29974628146	3065.10009765625
1848.64525282998	3108.69995117188
1850.99006256356	3082.30004882813
1853.3341758157	3033.39990234375
1855.67759291968	3064.39990234375
1858.02031420858	3067.80004882813
1860.36234001528	3107.89990234375
1862.70367067241	3082.39990234375
1865.04430651244	3069.80004882813
1867.38424786755	3075.39990234375
1869.72349506978	3070.80004882813
1872.06204845094	3058.89990234375
1874.39990834258	3053.30004882813
1876.73707507612	3106.10009765625
1879.07354898269	3071.60009765625
1881.40933039328	3078.80004882813
1883.74441963861	3074.5
1886.07881704925	3054
1888.41252295551	3052.39990234375
1890.74553768751	3044.60009765625
1893.07786157519	3057
1895.40949494822	3048.39990234375
1897.74043813615	3042.69995117188
1900.07069146823	3047
1902.40025527357	3048.39990234375
1904.72912988106	3078.80004882813
1907.05731561938	3011.80004882813
1909.38481281699	3060.69995117188
1911.71162180217	3061.89990234375
1914.037742903	3076.30004882813
1916.36317644734	3059.30004882813
1918.68792276284	3053.69995117188
1921.01198217697	3075.30004882813
1923.33535501699	3039.19995117188
1925.65804160996	3002.80004882813
1927.98004228273	3036.69995117188
1930.30135736196	3060.80004882813
1932.6219871741	3065
1934.94193204543	3050.69995117188
1937.26119230198	3034.19995117188
1939.57976826962	3050
1941.89766027402	3040.10009765625
1944.21486864062	3076.69995117188
1946.53139369472	3056.89990234375
1948.84723576137	3060
1951.16239516543	3072.69995117188
1953.47687223159	3071.30004882813
1955.79066728434	3046.10009765625
1958.10378064794	3037.10009765625
1960.4162126465	3055.39990234375
1962.7279636039	3055.5
1965.03903384385	3041.10009765625
1967.34942368987	3060.60009765625
1969.65913346524	3077
1971.96816349311	3079.10009765625
1974.2765140964	3048.30004882813
1976.58418559784	3048.39990234375
1978.89117831997	3064.80004882813
1981.19749258516	3056.5
1983.50312871555	3050.69995117188
1985.80808703313	3054.19995117188
1988.11236785967	3047.39990234375
1990.41597151676	3052.5
1992.71889832581	3044.39990234375
1995.02114860801	3054
1997.3227226844	3035.60009765625
1999.62362087581	3061.10009765625
2001.92384350288	3036.80004882813
2004.22339088608	3118.69995117188
2006.52226334567	3062.19995117188
2008.82046120173	3061.10009765625
2011.11798477417	3071
2013.41483438269	3059.5
2015.71101034681	3066.60009765625
2018.00651298588	3060.39990234375
2020.30134261905	3066.80004882813
2022.59549956528	3098.30004882813
2024.88898414337	3076.5
2027.1817966719	3079.89990234375
2029.4739374693	3083.19995117188
2031.76540685379	3020.80004882813
2034.05620514342	3046.69995117188
2036.34633265607	3019.80004882813
2038.6357897094	2999.19995117188
2040.92457662092	3032
2043.21269370795	3010.5
2045.50014128763	3041.80004882813
2047.78691967691	3009.10009765625
2050.07302919256	2997.60009765625
2052.35847015118	3014.60009765625
2054.64324286919	3017.60009765625
2056.9273476628	2983.19995117188
2059.21078484808	3014.89990234375
2061.4935547409	3033.39990234375
2063.77565765696	2975.69995117188
2066.05709391176	3003.80004882813
2068.33786382065	3016.89990234375
2070.61796769879	2982.5
2072.89740586116	3006.19995117188
2075.17617862255	2998.80004882813
2077.45428629759	2986.89990234375
2079.73172920075	2986.10009765625
2082.00850764627	3014
2084.28462194827	3042.69995117188
2086.56007242065	2996.89990234375
2088.83485937717	3013.89990234375
2091.10898313139	2997.19995117188
2093.3824439967	2994.19995117188
2095.65524228632	3016.10009765625
2097.92737831328	3003.80004882813
2100.19885239047	3013.5
2102.46966483057	3014
2104.7398159461	3027.19995117188
2107.00930604941	3030
2109.27813545267	3000.19995117188
2111.54630446787	3077.60009765625
2113.81381340685	3037.19995117188
2116.08066258126	3047.39990234375
2118.34685230257	3124.80004882813
2120.61238288211	3108.10009765625
2122.87725463099	3047
2125.1414678602	3064.10009765625
2127.40502288052	3085.60009765625
2129.66792000257	3072.39990234375
2131.93015953682	3083.5
2134.19174179353	3065.39990234375
2136.45266708282	3058.30004882813
2138.71293571463	3077.5
2140.97254799873	3074.80004882813
2143.23150424473	3044
2145.48980476205	3044.80004882813
2147.74744985996	3068.10009765625
2150.00443984754	3075
2152.26077503373	3110.39990234375
2154.51645572728	3126.10009765625
2156.77148223677	3086
2159.02585487064	3127.19995117188
2161.27957393713	3130.30004882813
2163.53263974432	3159.89990234375
2165.78505260012	3100.80004882813
2168.0368128123	3115.30004882813
2170.28792068844	3099.10009765625
2172.53837653595	3066.60009765625
2174.78818066207	3077.60009765625
2177.03733337389	3046.39990234375
2179.28583497833	3061.10009765625
2181.53368578214	3003.10009765625
2183.78088609192	3019.5
2186.02743621406	2968.80004882813
2188.27333645484	3028.10009765625
2190.51858712033	3022.89990234375
2192.76318851646	2956.10009765625
2195.00714094901	2962
2197.25044472354	2974
2199.49310014551	2983.10009765625
2201.73510752018	2996
2203.97646715265	2968.19995117188
2206.21717934786	2949.10009765625
2208.45724441058	2974.39990234375
2210.69666264543	2972
2212.93543435686	2973
2215.17355984914	2960.30004882813
2217.41103942642	2978.89990234375
2219.64787339264	2973.10009765625
2221.8840620516	2945
2224.11960570695	2946.30004882813
2226.35450466215	2942.89990234375
2228.58875922051	2962.80004882813
2230.82236968518	2927.19995117188
2233.05533635916	2952.19995117188
2235.28765954527	2951.30004882813
2237.51933954617	2952.30004882813
2239.75037666437	2993.69995117188
2241.98077120221	2944.10009765625
2244.21052346188	2966.19995117188
2246.4396337454	3007.30004882813
2248.66810235461	2957.89990234375
2250.89592959125	2964.10009765625
2253.12311575681	2977.39990234375
2255.34966115272	2979.19995117188
2257.57556608017	2976.89990234375
2259.80083084023	2949.89990234375
2262.02545573381	2997.60009765625
2264.24944106163	2966.30004882813
2266.47278712429	2973.30004882813
2268.69549422221	2968.5
2270.91756265564	2989.10009765625
2273.1389927247	2968.89990234375
2275.35978472934	2957.89990234375
2277.57993896933	2976.10009765625
2279.79945574431	3004.60009765625
2282.01833535375	2972.39990234375
2284.23657809696	3020
2286.45418427309	2988.60009765625
2288.67115418114	2980.5
2290.88748811995	3027.60009765625
2293.10318638819	2999.5
2295.3182492844	3037.89990234375
2297.53267710693	3014.5
2299.746470154	3027.89990234375
2301.95962872364	3064.19995117188
2304.17215311376	3081.39990234375
2306.3840436221	3073.69995117188
2308.59530054621	3111.89990234375
2310.80592418354	3096
2313.01591483134	3095.30004882813
2315.22527278673	3096.80004882813
2317.43399834666	3109.39990234375
2319.64209180791	3082.89990234375
2321.84955346713	3051.19995117188
2324.05638362079	3019
2326.26258256524	3041.10009765625
2328.46815059664	2998.60009765625
2330.67308801098	2999.10009765625
2332.87739510415	2998.80004882813
2335.08107217184	2984.39990234375
2337.2841195096	2991
2339.48653741281	3013.39990234375
2341.68832617672	3000.80004882813
2343.8894860964	3017.60009765625
2346.09001746678	2997.39990234375
2348.28992058261	2987.69995117188
2350.48919573852	2978
2352.68784322898	2951.80004882813
2354.88586334826	2958.10009765625
2357.08325639055	2963.60009765625
2359.2800226498	2961.10009765625
2361.47616241988	2945.89990234375
2363.67167599445	2986.39990234375
2365.86656366706	2941
2368.06082573107	2945.39990234375
2370.2544624797	2933.89990234375
2372.44747420603	2935.80004882813
2374.63986120295	2916
2376.83162376322	2914.69995117188
2379.02276217945	2911.89990234375
2381.21327674408	2891.5
2383.4031677494	2880.39990234375
2385.59243548756	2880.10009765625
2387.78108025053	2893.19995117188
2389.96910233014	2914.69995117188
2392.15650201809	2882.10009765625
2394.34327960587	2877.5
2396.52943538486	2889.69995117188
2398.71496964628	2903.19995117188
2400.89988268118	2886.10009765625
2403.08417478048	2871.89990234375
2405.26784623491	2881.69995117188
2407.45089733509	2893.80004882813
2409.63332837146	2887
2411.81513963429	2878.39990234375
2413.99633141375	2826.30004882813
2416.1769039998	2839.5
2418.35685768227	2868
2420.53619275084	2878.60009765625
2422.71490949505	2889.10009765625
2424.89300820425	2917.10009765625
2427.07048916765	2884.5
2429.24735267433	2870.19995117188
2431.42359901319	2895.10009765625
2433.59922847297	2889.39990234375
2435.7742413423	2887.60009765625
2437.94863790961	2883.5
2440.12241846321	2882
2442.29558329121	2816
2444.46813268162	2853.30004882813
2446.64006692228	2878.5
2448.81138630086	2871.60009765625
2450.98209110489	2863.39990234375
2453.15218162174	2883.5
2455.32165813864	2844.60009765625
2457.49052094265	2862.19995117188
2459.65877032069	2859.80004882813
2461.8264065595	2901.5
2463.99342994572	2901.89990234375
2466.15984076579	2919.80004882813
2468.325639306	2899.69995117188
2470.49082585251	2902.69995117188
2472.65540069131	2911.19995117188
2474.81936410824	2910.80004882813
2476.98271638899	2932.10009765625
2479.14545781909	2896.89990234375
2481.30758868392	2909.19995117188
2483.4691092687	2907.19995117188
2485.63001985852	2904
2487.79032073829	2872.30004882813
2489.95001219277	2871.89990234375
2492.10909450659	2871
2494.26756796419	2877.5
2496.42543284989	2899.10009765625
2498.58268944783	2883.39990234375
2500.73933804202	2893.89990234375
2502.8953789163	2893.19995117188
2505.05081235436	2918.80004882813
2507.20563863974	2905.69995117188
2509.35985805582	2914.10009765625
2511.51347088583	2931
2513.66647741285	2892
2515.81887791981	2893.80004882813
2517.97067268946	2946.69995117188
2520.12186200443	2924.5
2522.27244614716	2940.10009765625
2524.42242539999	2888.60009765625
2526.57180004504	2890.19995117188
2528.72057036433	2923.10009765625
2530.8687366397	2864
2533.01629915284	2875.60009765625
2535.16325818527	2890.19995117188
2537.30961401839	2858.80004882813
2539.45536693343	2841
2541.60051721145	2823.60009765625
2543.74506513338	2837.19995117188
2545.88901097997	2827.89990234375
2548.03235503185	2832
2550.17509756946	2816.19995117188
2552.31723887311	2768
2554.45877922293	2822
2556.59971889893	2790.10009765625
2558.74005818094	2782.69995117188
2560.87979734864	2764.30004882813
2563.01893668155	2780
2565.15747645906	2789
2567.29541696037	2771.60009765625
2569.43275846454	2820.89990234375
2571.56950125049	2768.39990234375
2573.70564559696	2819.60009765625
2575.84119178254	2764.89990234375
2577.97614008569	2805
2580.11049078468	2790.80004882813
2582.24424415764	2794.69995117188
2584.37740048255	2823.80004882813
2586.50996003722	2777
2588.64192309931	2792.10009765625
2590.77328994634	2809.5
2592.90406085564	2814.30004882813
2595.03423610442	2796.10009765625
2597.16381596971	2776.89990234375
2599.29280072839	2811.89990234375
2601.42119065719	2797.39990234375
2603.54898603267	2773.60009765625
2605.67618713125	2803.19995117188
2607.80279422919	2803.5
2609.92880760257	2791.60009765625
2612.05422752735	2797.80004882813
2614.17905427932	2801.10009765625
2616.30328813408	2813.19995117188
2618.42692936713	2836.19995117188
2620.54997825377	2803.19995117188
2622.67243506915	2820.30004882813
2624.79430008828	2830.30004882813
2626.915573586	2834.80004882813
2629.03625583699	2828.10009765625
2631.15634711579	2796.39990234375
2633.27584769675	2845.80004882813
2635.39475785408	2853
2637.51307786185	2873.89990234375
2639.63080799394	2876
2641.74794852409	2888.80004882813
2643.86449972589	2937.30004882813
2645.98046187273	2951.60009765625
2648.0958352379	2913.19995117188
2650.21062009449	2932.30004882813
2652.32481671544	2990.60009765625
2654.43842537353	3005.19995117188
2656.5514463414	3006.10009765625
2658.66387989151	3025.89990234375
2660.77572629616	3077
2662.88698582751	3076.19995117188
2664.99765875753	3081.10009765625
2667.10774535806	3109.80004882813
2669.21724590076	3080.30004882813
2671.32616065714	3082.80004882813
2673.43448989857	3085.5
2675.5422338962	3034.30004882813
2677.64939292108	3027.69995117188
2679.75596724408	2988.89990234375
2681.86195713589	2967.89990234375
2683.96736286707	2939.10009765625
2686.07218470799	2906.5
2688.17642292889	2902.10009765625
2690.28007779982	2849.80004882813
2692.38314959069	2846.60009765625
2694.48563857123	2815.89990234375
2696.58754501103	2825.89990234375
2698.6888691795	2826.69995117188
2700.78961134588	2806.10009765625
2702.8897717793	2820.89990234375
2704.98935074864	2826.80004882813
2707.08834852271	2825
2709.18676537009	2822.10009765625
2711.28460155925	2803.39990234375
2713.38185735843	2828.10009765625
2715.47853303577	2810
2717.57462885924	2801.30004882813
2719.67014509659	2768.89990234375
2721.76508201548	2776.19995117188
2723.85943988337	2753.80004882813
2725.95321896754	2766.89990234375
2728.04641953515	2766.80004882813
2730.13904185316	2751.5
2732.23108618837	2753.10009765625
2734.32255280744	2729.10009765625
2736.41344197683	2743.10009765625
2738.50375396288	2735
2740.5934890317	2718.60009765625
2742.68264744932	2705.60009765625
2744.77122948153	2720.89990234375
2746.85923539398	2735.10009765625
2748.94666545217	2691.39990234375
2751.03351992142	2710.30004882813
2753.11979906688	2695.30004882813
2755.20550315355	2681
2757.29063244624	2688.30004882813
2759.37518720963	2704.60009765625
2761.45916770819	2666.39990234375
2763.54257420625	2688.69995117188
2765.62540696797	2677.69995117188
2767.70766625733	2647.30004882813
2769.78935233816	2654.30004882813
2771.87046547413	2683.19995117188
2773.95100592869	2659.19995117188
2776.03097396519	2711
2778.11036984677	2693.10009765625
2780.18919383641	2660.19995117188
2782.26744619693	2698.60009765625
2784.34512719097	2686.30004882813
2786.42223708102	2691.39990234375
2788.49877612937	2675.39990234375
2790.57474459816	2653.89990234375
2792.65014274937	2677.69995117188
2794.7249708448	2654.80004882813
2796.79922914607	2646.30004882813
2798.87291791465	2666.89990234375
2800.94603741181	2688.89990234375
2803.01858789869	2656
2805.09056963623	2669.60009765625
2807.1619828852	2688.39990234375
2809.23282790621	2649.80004882813
2811.30310495971	2698.10009765625
2813.37281430593	2659.39990234375
2815.441956205	2686.60009765625
2817.51053091682	2663.30004882813
2819.57853870114	2698
2821.64597981753	2677.30004882813
2823.7128545254	2690.10009765625
2825.77916308399	2698.19995117188
2827.84490575233	2718.5
2829.91008278933	2748.80004882813
2831.97469445369	2761.19995117188
2834.03874100395	2770.5
2836.10222269847	2790.89990234375
2838.16513979544	2817.10009765625
2840.22749255288	2885
2842.28928122863	2949.69995117188
2844.35050608034	3072.39990234375
2846.41116736553	3176.19995117188
2848.47126534149	3282
2850.53080026537	3385.89990234375
2852.58977239414	3398.39990234375
2854.64818198459	3410.30004882813
2856.70602929332	3401.5
2858.76331457678	3377.89990234375
2860.82003809123	3348.5
2862.87620009274	3335.5
2864.93180083723	3362.69995117188
2866.98684058043	3333.69995117188
2869.04131957789	3395.10009765625
2871.09523808497	3425.39990234375
2873.14859635689	3452.69995117188
2875.20139464866	3481
2877.2536332151	3452.10009765625
2879.30531231091	3472.30004882813
2881.35643219054	3462.69995117188
2883.40699310831	3488.89990234375
2885.45699531834	3502.30004882813
2887.50643907457	3493.10009765625
2889.55532463077	3529
2891.60365224053	3574.5
2893.65142215724	3597.89990234375
2895.69863463414	3591.30004882813
2897.74528992426	3634.80004882813
2899.79138828046	3655.39990234375
2901.83692995544	3616.19995117188
2903.88191520168	3638.19995117188
2905.92634427151	3595
2907.97021741706	3592.69995117188
2910.01353489027	3630.80004882813
2912.05629694294	3616.19995117188
2914.09850382663	3659.69995117188
2916.14015579276	3710.39990234375
2918.18125309254	3713.39990234375
2920.22179597702	3676.69995117188
2922.26178469705	3767.69995117188
2924.30121950329	3756
2926.34010064624	3779.60009765625
2928.37842837619	3842.69995117188
2930.41620294326	3854.69995117188
2932.45342459737	3792.60009765625
2934.49009358828	3825.10009765625
2936.52621016555	3821.39990234375
2938.56177457854	3727.5
2940.59678707645	3740.39990234375
2942.63124790827	3621.30004882813
2944.66515732282	3553.60009765625
2946.69851556873	3501.89990234375
2948.73132289443	3453.5
2950.76357954817	3416.80004882813
2952.79528577803	3345.5
2954.82644183188	3306.60009765625
2956.85704795741	3308.39990234375
2958.8871044021	3277.60009765625
2960.91661141328	3278.69995117188
2962.94556923807	3246.89990234375
2964.97397812339	3213.10009765625
2967.00183831598	3195.89990234375
2969.0291500624	3191.60009765625
2971.05591360902	3137.19995117188
2973.08212920199	3150.39990234375
2975.1077970873	3079.39990234375
2977.13291751074	3042
2979.1574907179	3046.60009765625
2981.18151695419	2984.39990234375
2983.20499646482	2983.69995117188
2985.2279294948	2992.69995117188
2987.25031628898	2890.5
2989.27215709199	2888.5
2991.29345214825	2905.30004882813
2993.31420170204	2863
2995.33440599738	2888.60009765625
2997.35406527816	2835.30004882813
2999.37317978802	2827.30004882813
3001.39174977045	2836
3003.40977546872	2874
3005.42725712591	2859
3007.44419498491	2909.69995117188
3009.4605892884	2900.5
3011.47644027889	2929.69995117188
3013.49174819865	2904.10009765625
3015.5065132898	2914.39990234375
3017.52073579424	2873.19995117188
3019.53441595366	2878.30004882813
3021.54755400959	2850.19995117188
3023.56015020332	2797.60009765625
3025.57220477598	2788.80004882813
3027.58371796846	2757
3029.5946900215	2780.19995117188
3031.6051211756	2709.69995117188
3033.61501167107	2741.60009765625
3035.62436174803	2699.69995117188
3037.6331716464	2656.10009765625
3039.64144160588	2682.69995117188
3041.649171866	2659.10009765625
3043.65636266607	2648.60009765625
3045.6630142452	2633.39990234375
3047.66912684229	2618.69995117188
3049.67470069605	2609.19995117188
3051.679736045	2625
3053.68423312742	2599.69995117188
3055.68819218143	2622.19995117188
3057.6916134449	2622.5
3059.69449715556	2613
3061.69684355086	2620.5
3063.6986528681	2601.60009765625
3065.69992534437	2595.69995117188
3067.70066121653	2546.19995117188
3069.70086072126	2570.5
3071.700524095	2572.10009765625
3073.69965157405	2549.89990234375
3075.69824339442	2543
3077.69629979197	2517.89990234375
3079.69382100235	2530.89990234375
3081.69080726098	2518.89990234375
3083.68725880307	2475.60009765625
3085.68317586366	2489.10009765625
3087.67855867755	2508.10009765625
3089.67340747933	2523.69995117188
3091.6677225034	2480.80004882813
3093.66150398392	2474.10009765625
3095.6547521549	2471.89990234375
3097.64746725006	2499.69995117188
3099.63964950297	2502.80004882813
3101.63129914698	2478.89990234375
3103.6224164152	2469
3105.61300154056	2484.39990234375
3107.60305475576	2503.89990234375
3109.59257629331	2480.60009765625
3111.58156638547	2450
3113.57002526432	2489.30004882813
3115.55795316172	2475.60009765625
3117.54535030932	2461
3119.53221693853	2484.80004882813
3121.51855328057	2490.39990234375
3123.50435956646	2505
3125.48963602698	2511.69995117188
3127.4743828927	2489.10009765625
3129.45860039397	2527.10009765625
3131.44228876093	2469.19995117188
3133.42544822353	2484.69995117188
3135.40807901145	2504.10009765625
3137.39018135418	2464.5
3139.37175548102	2459
3141.35280162101	2508.89990234375
3143.33332000299	2462.69995117188
3145.31331085559	2469.19995117188
3147.2927744072	2480.89990234375
3149.27171088602	2496.39990234375
3151.25012052	2480.69995117188
3153.22800353689	2468.5
3155.20536016422	2492.69995117188
3157.18219062929	2495.30004882813
3159.15849515918	2482.5
3161.13427398075	2481.89990234375
3163.10952732066	2499.10009765625
3165.08425540532	2478.80004882813
3167.05845846092	2475.80004882813
3169.03213671344	2462.69995117188
3171.00529038863	2478.39990234375
3172.97791971203	2476.80004882813
3174.95002490893	2483.60009765625
3176.92160620443	2470.30004882813
3178.89266382337	2488.60009765625
3180.8631979904	2488.10009765625
3182.83320892991	2485.19995117188
3184.80269686609	2500.89990234375
3186.77166202289	2500.80004882813
3188.74010462406	2485.39990234375
3190.70802489307	2485.5
3192.67542305323	2478.60009765625
3194.64229932757	2490.5
3196.60865393892	2496.5
3198.57448710987	2467.10009765625
3200.53979906279	2479.60009765625
3202.50459001981	2484.39990234375
3204.46886020284	2465.80004882813
3206.43260983356	2493.89990234375
3208.39583913341	2477.69995117188
3210.35854832362	2490.80004882813
3212.32073762517	2481.39990234375
3214.28240725881	2492.89990234375
3216.24355744508	2480.30004882813
3218.20418840426	2466.80004882813
3220.16430035642	2477.89990234375
3222.12389352137	2481.5
3224.08296811873	2486.89990234375
3226.04152436784	2475.19995117188
3227.99956248784	2500.39990234375
3229.95708269762	2475.39990234375
3231.91408521584	2475
3233.87057026092	2482.69995117188
3235.82653805105	2509.10009765625
3237.78198880419	2478
3239.73692273806	2487.39990234375
3241.69134007013	2473.89990234375
3243.64524101764	2492
3245.59862579761	2509
3247.55149462681	2509.39990234375
3249.50384772176	2498.60009765625
3251.45568529877	2493.39990234375
3253.40700757387	2499.39990234375
3255.35781476288	2519.39990234375
3257.3081070814	2520
3259.25788474473	2530.30004882813
3261.20714796799	2493.30004882813
3263.15589696602	2529
3265.10413195345	2510.19995117188
3267.05185314463	2503.5
3268.9990607537	2497.10009765625
3270.94575499455	2524.19995117188
3272.89193608081	2500.89990234375
3274.8376042259	2508.80004882813
3276.78275964296	2495.89990234375
3278.72740254492	2512.60009765625
3280.67153314443	2504.60009765625
3282.61515165393	2518.30004882813
3284.55825828559	2510.39990234375
3286.50085325135	2518.69995117188
3288.44293676289	2525.80004882813
3290.38450903165	2516.60009765625
3292.32557026883	2510.19995117188
3294.26612068537	2537.60009765625
3296.20616049198	2517.89990234375
3298.14568989911	2529.60009765625
3300.08470911695	2510.5
3302.02321835546	2525
3303.96121782435	2496.19995117188
3305.89870773306	2480.19995117188
3307.83568829081	2508
3309.77215970655	2505
3311.70812218898	2520.39990234375
3313.64357594655	2505.39990234375
3315.57852118747	2503.19995117188
3317.51295811968	2491
3319.44688695087	2483.30004882813
3321.38030788849	2490.60009765625
3323.31322113973	2473.60009765625
3325.24562691152	2444.89990234375
3327.17752541055	2475.19995117188
3329.10891684322	2490.60009765625
3331.03980141573	2499.30004882813
3332.97017933399	2487.10009765625
3334.90005080364	2490.30004882813
3336.82941603011	2465.19995117188
3338.75827521852	2454.10009765625
3340.68662857377	2467.39990234375
3342.6144763005	2446.5
3344.54181860308	2470.19995117188
3346.46865568561	2440
3348.39498775195	2441.60009765625
3350.32081500571	2468.80004882813
3352.24613765022	2463.80004882813
3354.17095588855	2457.89990234375
3356.09526992352	2458
3358.01907995769	2475.30004882813
3359.94238619334	2467.10009765625
3361.86518883251	2457.69995117188
3363.78748807697	2425
3365.70928412823	2462.5
3367.63057718752	2436.89990234375
3369.55136745582	2462.19995117188
3371.47165513386	2469.80004882813
3373.39144042208	2438.60009765625
3375.31072352066	2415.39990234375
3377.22950462953	2466.89990234375
3379.14778394834	2447.60009765625
3381.06556167648	2437.30004882813
3382.98283801308	2443.5
3384.89961315697	2453.80004882813
3386.81588730676	2447.89990234375
3388.73166066076	2449.19995117188
3390.64693341702	2425
3392.56170577332	2443
3394.47597792716	2442.60009765625
3396.38975007581	2426.60009765625
3398.30302241623	2449.19995117188
3400.21579514512	2429.10009765625
3402.1280684589	2396.30004882813
3404.03984255374	2439.5
3405.95111762553	2434.19995117188
3407.86189386987	2429.30004882813
3409.77217148212	2424.60009765625
3411.68195065733	2430
3413.5912315903	2395.19995117188
3415.50001447556	2421.30004882813
3417.40829950735	2414.39990234375
3419.31608687963	2416.19995117188
3421.22337678611	2388.30004882813
3423.1301694202	2373.69995117188
3425.03646497504	2418.60009765625
3426.9422636435	2376.80004882813
3428.84756561816	2419.10009765625
3430.75237109135	2396.10009765625
3432.65668025508	2385
3434.56049330112	2373.69995117188
3436.46381042093	2407.5
3438.36663180571	2373.5
3440.26895764638	2402.60009765625
3442.17078813357	2370.39990234375
3444.07212345762	2353.69995117188
3445.97296380863	2407.39990234375
3447.87330937636	2394
3449.77316035033	2359.19995117188
3451.67251691977	2378.80004882813
3453.57137927361	2367.19995117188
3455.46974760052	2367.60009765625
3457.36762208886	2388.80004882813
3459.26500292671	2373.19995117188
3461.16189030191	2365.89990234375
3463.05828440194	2376.5
3464.95418541406	2361.19995117188
3466.84959352519	2325.5
3468.74450892201	2344.19995117188
3470.63893179088	2311.5
3472.53286231788	2349.69995117188
3474.42630068881	2335.69995117188
3476.31924708918	2361.30004882813
3478.2117017042	2347.80004882813
3480.1036647188	2336.89990234375
3481.99513631761	2324.39990234375
3483.88611668498	2323.5
3485.77660600498	2336.19995117188
3487.66660446135	2349.19995117188
3489.55611223758	2310.5
3491.44512951683	2324.5
3493.333656482	2296.80004882813
3495.22169331568	2316
3497.10924020016	2287.89990234375
3498.99629731746	2300.5
3500.88286484927	2273
3502.76894297702	2279.30004882813
3504.65453188182	2299.80004882813
3506.53963174449	2267.89990234375
3508.42424274555	2290.60009765625
3510.30836506524	2262.5
3512.19199888349	2262.30004882813
3514.07514437992	2251.69995117188
3515.95780173387	2246
3517.83997112437	2256.60009765625
3519.72165273016	2235.30004882813
3521.60284672967	2235.5
3523.48355330104	2273.60009765625
3525.36377262208	2206.5
3527.24350487035	2213.5
3529.12275022306	2211.69995117188
3531.00150885715	2230.30004882813
3532.87978094923	2175.89990234375
3534.75756667562	2210.89990234375
3536.63486621235	2218.60009765625
3538.51167973512	2173.80004882813
3540.38800741934	2190.39990234375
3542.26384944011	2187.89990234375
3544.13920597223	2187.89990234375
3546.01407719018	2191.19995117188
3547.88846326815	2188.80004882813
3549.76236438002	2205.5
3551.63578069934	2164.60009765625
3553.50871239938	2170.19995117188
3555.38115965309	2177.89990234375
3557.25312263311	2179.30004882813
3559.12460151177	2179.80004882813
3560.99559646109	2197.39990234375
3562.86610765279	2135.80004882813
3564.73613525825	2153
3566.60567944857	2147.69995117188
3568.47474039453	2135.10009765625
3570.34331826658	2170.89990234375
3572.21141323487	2148.10009765625
3574.07902546925	2149.19995117188
3575.94615513922	2151.19995117188
3577.81280241401	2128.30004882813
3579.67896746249	2128.69995117188
3581.54465045325	2130.19995117188
3583.40985155455	2136.39990234375
3585.27457093432	2115.60009765625
3587.1388087602	2141.39990234375
3589.00256519949	2126.19995117188
3590.86584041919	2142.60009765625
3592.72863458597	2115.60009765625
3594.59094786618	2123
3596.45278042585	2135.19995117188
3598.31413243069	2126
3600.17500404611	2115.10009765625
3602.03539543717	2102.10009765625
3603.89530676861	2111.69995117188
3605.75473820488	2095
3607.61368991007	2081.5
3609.47216204797	2077.5
3611.33015478203	2087.80004882813
3613.18766827539	2105.10009765625
3615.04470269087	2126.89990234375
3616.90125819094	2106.39990234375
3618.75733493776	2076
3620.61293309318	2086.60009765625
3622.46805281869	2105.19995117188
3624.32269427547	2068.89990234375
3626.17685762439	2088.89990234375
3628.03054302596	2100
3629.88375064038	2077.5
3631.73648062751	2070.69995117188
3633.5887331469	2069.30004882813
3635.44050835775	2053.89990234375
3637.29180641893	2058.39990234375
3639.14262748899	2045.30004882813
3640.99297172614	2056.39990234375
3642.84283928828	2040.90002441406
3644.69223033294	2061.5
3646.54114501734	2040.5
3648.38958349836	2050.69995117188
3650.23754593256	2052
3652.08503247614	2049.30004882813
3653.93204328497	2046.5
3655.77857851462	2013.80004882813
3657.62463832028	2023
3659.47022285682	2029.59997558594
3661.31533227877	2030.30004882813
3663.15996674033	2017.09997558594
3665.00412639535	2025.90002441406
3666.84781139736	2016.30004882813
3668.69102189953	2015.30004882813
3670.5337580547	2005.30004882813
3672.37602001537	2016.19995117188
3674.21780793368	2001
3676.05912196148	2004.40002441406
3677.89996225021	1990.90002441406
3679.74032895103	1997.90002441406
3681.58022221471	1988.5
3683.41964219171	1973.40002441406
3685.25858903211	1955.30004882813
3687.0970628857	1972.19995117188
3688.93506390186	1975.80004882813
3690.77259222968	1968.40002441406
3692.60964801787	1991.19995117188
3694.44623141481	1968
3696.28234256853	1976.59997558594
3698.11798162669	1955.90002441406
3699.95314873665	1966.19995117188
3701.78784404537	1963.80004882813
3703.62206769951	1933.19995117188
3705.45581984533	1960.69995117188
3707.28910062877	1968.40002441406
3709.12191019542	1987.80004882813
3710.95424869052	1943.09997558594
3712.78611625894	1937.09997558594
3714.6175130452	1942.59997558594
3716.44843919349	1949.80004882813
3718.27889484764	1961.09997558594
3720.1088801511	1929.40002441406
3721.93839524699	1940.69995117188
3723.76744027808	1947.80004882813
3725.59601538677	1940.69995117188
3727.4241207151	1947.80004882813
