40.2973356941271	1133
43.2236257608418	1138
46.1488808466109	1141.5
49.0731017336173	1141.80004882813
51.9962892025666	1146.5
54.9184440327569	1142.30004882813
57.8395670020446	1150.90002441406
60.7596588868509	1161.69995117188
63.6787204621708	1163.80004882813
66.5967525015794	1167.30004882813
69.5137557772381	1173.69995117188
72.4297310598838	1185.19995117188
75.3446791188512	1203.80004882813
78.2586007220466	1214.69995117188
81.1714966360015	1233.80004882813
84.0833676258266	1251.40002441406
86.994214455242	1281.80004882813
89.9040378865662	1313.19995117188
92.8128386807427	1324.69995117188
95.7206175973133	1347.09997558594
98.6273753944444	1367.19995117188
101.533112828928	1368.80004882813
104.437830656161	1370.80004882813
107.34152963018	1365.69995117188
110.244210503676	1375
113.145874027931	1369.40002441406
116.046520952895	1354.90002441406
118.946152027154	1359.19995117188
121.844767997933	1356.90002441406
124.74236961111	1350.90002441406
127.638957611212	1338.59997558594
130.534532741422	1346.40002441406
133.429095743606	1327.5
136.322647358252	1330.90002441406
139.215188324544	1329.40002441406
142.106719380311	1332.5
144.997241262089	1320.40002441406
147.886754705057	1323.09997558594
150.775260443096	1329.30004882813
153.662759208748	1317.69995117188
156.549251733282	1314.40002441406
159.434738746612	1311.80004882813
162.319220977376	1313.69995117188
165.20269915289	1313.19995117188
168.085173999178	1309.59997558594
170.966646240977	1292.19995117188
173.847116601709	1303.09997558594
176.726585803528	1290.40002441406
179.605054567295	1287.19995117188
182.48252361259	1290.30004882813
185.358993657701	1277.19995117188
188.234465419645	1278
191.108939614183	1269.90002441406
193.982416955795	1267.09997558594
196.854898157687	1278.69995117188
199.726383931801	1271.80004882813
202.596874988835	1273.40002441406
205.466372038225	1267.80004882813
208.334875788145	1257
211.202386945534	1261.19995117188
214.068906216069	1261.90002441406
216.934434304194	1258.90002441406
219.798971913111	1260.40002441406
222.662519744776	1258.80004882813
225.525078499925	1259.90002441406
228.386648878069	1255.40002441406
231.247231577465	1257
234.106827295172	1256.59997558594
236.965436727012	1260.69995117188
239.823060567597	1254.5
242.679699510337	1249
245.535354247396	1250.19995117188
248.390025469775	1235.90002441406
251.243713867223	1237.30004882813
254.096420128327	1237.30004882813
256.948144940459	1236.80004882813
259.798888989788	1231.19995117188
262.648652961315	1239
265.49743753883	1231.69995117188
268.345243404939	1226.80004882813
271.192071241073	1235.5
274.037921727485	1229.90002441406
276.882795543246	1231.80004882813
279.72669336624	1229.09997558594
282.569615873213	1230.30004882813
285.411563739724	1216.5
288.252537640165	1222.19995117188
291.092538247763	1223.69995117188
293.931566234616	1222.09997558594
296.769622271633	1219.80004882813
299.606707028594	1223.90002441406
302.442821174104	1227
305.277965375652	1218.30004882813
308.112140299574	1219.5
310.945346611062	1223.59997558594
313.777584974167	1223.30004882813
316.608856051813	1220.90002441406
319.439160505797	1223.59997558594
322.268498996783	1222.69995117188
325.096872184303	1216.40002441406
327.924280726782	1224.19995117188
330.750725281521	1216.59997558594
333.576206504693	1216.90002441406
336.400725051388	1216.30004882813
339.224281575542	1216.19995117188
342.046876730026	1219
344.868511166586	1218.09997558594
347.689185535872	1220.19995117188
350.508900487421	1219.09997558594
353.327656669699	1212
356.145454730079	1222.80004882813
358.962295314817	1215.19995117188
361.778179069105	1211
364.593106637051	1219.40002441406
367.407078661675	1211.40002441406
370.220095784913	1223.30004882813
373.032158647655	1219.09997558594
375.843267889676	1209.30004882813
378.653424149715	1221
381.462628065436	1215.59997558594
384.270880273432	1226.40002441406
387.078181409254	1209.69995117188
389.884532107358	1214.59997558594
392.689933001188	1222.69995117188
395.494384723112	1224.90002441406
398.29788790445	1215.59997558594
401.100443175488	1210.80004882813
403.902051165437	1219.40002441406
406.702712502518	1217.09997558594
409.502427813866	1217.40002441406
412.301197725607	1227.5
415.099022862823	1215.69995117188
417.89590384957	1226.09997558594
420.691841308876	1221.80004882813
423.486835862752	1227.09997558594
426.280888132173	1219.40002441406
429.073998737112	1218.59997558594
431.866168296507	1226
434.657397428298	1217.40002441406
437.447686749412	1225.19995117188
440.237036875762	1218.90002441406
443.025448422257	1225.69995117188
445.812922002813	1220.5
448.599458230326	1225
451.38505771672	1219.90002441406
454.169721072909	1227.69995117188
456.953448908819	1223.30004882813
459.736241833384	1224.30004882813
462.518100454555	1224.09997558594
465.2990253793	1221.69995117188
468.079017213605	1227.40002441406
470.858076562476	1225.90002441406
473.636204029939	1226.30004882813
476.41340021906	1216.59997558594
479.189665731938	1233.59997558594
481.965001169667	1217.40002441406
484.739407132419	1222.19995117188
487.512884219391	1229.69995117188
490.285433028796	1223.30004882813
493.057054157921	1228.90002441406
495.827748203087	1224.30004882813
498.597515759658	1225.09997558594
501.366357422061	1224.40002441406
504.134273783759	1231.30004882813
506.901265437278	1224.5
509.66733297421	1230.69995117188
512.432476985198	1225.59997558594
515.196698059945	1234.09997558594
517.959996787225	1236.90002441406
520.722373754895	1232.59997558594
523.483829549856	1234.09997558594
526.24436475811	1233.09997558594
529.003979964696	1235.30004882813
531.762675753779	1225.09997558594
534.520452708569	1226
537.277311411375	1231.59997558594
540.03325244359	1226.5
542.788276385682	1226.80004882813
545.54238381725	1223.80004882813
548.295575316938	1226.19995117188
551.047851462516	1222.30004882813
553.799212830831	1227.30004882813
556.549659997851	1230.09997558594
559.299193538643	1233.19995117188
562.047814027381	1229.19995117188
564.795522037318	1232.19995117188
567.542318140861	1233
570.288202909507	1234.19995117188
573.033176913873	1228.40002441406
575.7772407237	1230.30004882813
578.520394907829	1226.5
581.26264003424	1227.69995117188
584.003976670046	1227.69995117188
586.744405381469	1228.5
589.483926733869	1223.19995117188
592.222541291746	1223
594.96024961872	1229.80004882813
597.697052277563	1229.40002441406
600.432949830166	1232
603.167942837587	1229.40002441406
605.902031860012	1230.80004882813
608.635217456783	1227.90002441406
611.367500186378	1235.69995117188
614.098880606429	1233
616.82935927374	1237.30004882813
619.558936744248	1239.90002441406
622.287613573072	1234.80004882813
625.015390314457	1229.30004882813
627.742267521848	1233
630.468245747829	1231
633.193325544166	1234.69995117188
635.917507461792	1232.09997558594
638.640792050804	1228.30004882813
641.36317986048	1234.5
644.084671439281	1234.09997558594
646.805267334845	1233.30004882813
649.524968093967	1235.90002441406
652.24377426266	1230.69995117188
654.961686386106	1231.19995117188
657.678705008678	1228
660.394830673939	1229.59997558594
663.110063924628	1234.5
665.824405302728	1240.90002441406
668.537855349351	1235.30004882813
671.250414604863	1226.09997558594
673.962083608812	1235.30004882813
676.672862899949	1233.59997558594
679.382753016218	1232.30004882813
682.091754494801	1236.09997558594
684.799867872061	1240.40002441406
687.507093683595	1235.5
690.213432464198	1237.69995117188
692.918884747899	1238.69995117188
695.623451067937	1234.09997558594
698.327131956755	1240.5
701.029927946065	1238.30004882813
703.731839566754	1248.30004882813
706.43286734896	1241.40002441406
709.133011822067	1238.30004882813
711.832273514658	1240.5
714.53065295457	1243.19995117188
717.228150668879	1241.19995117188
719.924767183889	1238.80004882813
722.620503025148	1245
725.315358717446	1241
728.009334784827	1241.59997558594
730.702431750559	1247
733.394650137188	1242.30004882813
736.085990466498	1235.30004882813
738.776453259519	1241.80004882813
741.466039036542	1250.30004882813
744.154748317125	1246.19995117188
746.842581620074	1246.19995117188
749.529539463458	1250.30004882813
752.215622364608	1240.59997558594
754.900830840131	1241.59997558594
757.585165405892	1244.80004882813
760.26862657703	1245.59997558594
762.951214867957	1243.90002441406
765.632930792356	1246.59997558594
768.313774863181	1253.40002441406
770.993747592673	1242
773.672849492359	1246
776.351081073017	1236.09997558594
779.028442844757	1244.09997558594
781.704935316928	1248.5
784.380558998208	1235
787.055314396528	1239.5
789.729202019141	1241.09997558594
792.402222372581	1239.40002441406
795.074375962669	1245.59997558594
797.745663294537	1236.30004882813
800.416084872622	1251.19995117188
803.085641200652	1241.59997558594
805.754332781664	1243.59997558594
808.422160117986	1248.19995117188
811.089123711292	1240.80004882813
813.75522406252	1241.80004882813
816.420461671951	1241.59997558594
819.084837039164	1243.59997558594
821.748350663067	1250.5
824.411003041866	1250.90002441406
827.072794673116	1252.69995117188
829.733726053668	1258.80004882813
832.39379767971	1248.59997558594
835.05301004674	1253
837.711363649601	1252.69995117188
840.368858982457	1244.40002441406
843.025496538805	1247.90002441406
845.681276811467	1251.80004882813
848.336200292618	1256.5
850.99026747375	1255.09997558594
853.643478845713	1254.30004882813
856.29583489868	1258.30004882813
858.947336122176	1256.5
861.59798300506	1260.09997558594
864.247776035556	1261
866.896715701222	1258.59997558594
869.544802488959	1259.09997558594
872.192036885046	1256.90002441406
874.838419375087	1255.80004882813
877.483950444054	1256.80004882813
880.128630576285	1264.59997558594
882.772460255461	1255.69995117188
885.415439964628	1255.19995117188
888.057570186211	1264
890.698851401966	1257.59997558594
893.339284093045	1266
895.978868739961	1261.40002441406
898.617605822596	1260.59997558594
901.255495820196	1256.40002441406
903.892539211396	1269.19995117188
906.528736474184	1263.30004882813
909.164088085949	1261.40002441406
911.798594523442	1264
914.432256262804	1260.90002441406
917.065073779549	1267.5
919.697047548589	1257.90002441406
922.328178044212	1265.40002441406
924.9584657401	1270.40002441406
927.587911109317	1273.09997558594
930.216514624317	1279.30004882813
932.844276756963	1271.69995117188
935.471197978488	1273.80004882813
938.097278759538	1268.90002441406
940.722519570163	1280
943.346920879798	1277.09997558594
945.97048315729	1274.5
948.593206870885	1277
951.215092488219	1266.59997558594
953.836140476366	1275.80004882813
956.456351301787	1271.19995117188
959.07572543037	1274
961.694263327369	1277.30004882813
964.311965457521	1274.5
966.928832284933	1273.09997558594
969.544864273135	1280.5
972.160061885076	1272.30004882813
974.774425583129	1277.40002441406
977.387955829099	1276.59997558594
980.000653084196	1275.80004882813
982.612517809061	1265.90002441406
985.223550463768	1273.90002441406
987.833751507819	1273.80004882813
990.443121400135	1271.40002441406
993.051660599081	1266.59997558594
995.659369562449	1264.90002441406
998.266248747469	1272.5
1000.87229861081	1284.59997558594
1003.47751960857	1285
1006.0819121963	1287.69995117188
1008.68547682897	1282.90002441406
1011.28821396104	1274.69995117188
1013.89012404635	1266.5
1016.49120753824	1270.30004882813
1019.09146488947	1264
1021.69089655226	1267.19995117188
1024.28950297827	1264.90002441406
1026.88728461863	1269
1029.48424192392	1279.5
1032.08037534416	1269.09997558594
1034.67568532886	1275.59997558594
1037.27017232694	1264
1039.86383678682	1267
1042.45667915637	1272.09997558594
1045.04869988293	1277.19995117188
1047.6398994133	1272.40002441406
1050.23027819374	1288.69995117188
1052.81983666998	1282.80004882813
1055.40857528724	1276.69995117188
1057.99649449018	1273.90002441406
1060.58359472296	1275.69995117188
1063.1698764292	1274.19995117188
1065.755340052	1270.19995117188
1068.33998603393	1274.59997558594
1070.92381481706	1275.69995117188
1073.50682684291	1291.19995117188
1076.08902255251	1284.90002441406
1078.67040238637	1278.59997558594
1081.25096678445	1286.19995117188
1083.83071618624	1291.40002441406
1086.4096510307	1280
1088.98777175629	1276.69995117188
1091.56507880094	1279.09997558594
1094.14157260208	1267.09997558594
1096.71725359664	1279.69995117188
1099.29212222106	1278.80004882813
1101.86617891125	1278.5
1104.43942410262	1275.09997558594
1107.01185823011	1274.30004882813
1109.58348172812	1275.40002441406
1112.15429503057	1274.19995117188
1114.7242985709	1275.09997558594
1117.29349278203	1275.90002441406
1119.86187809642	1279
1122.42945494599	1280
1124.99622376222	1288.69995117188
1127.56218497606	1294.19995117188
1130.12733901801	1281
1132.69168631804	1273.59997558594
1135.25522730568	1279
1137.81796240995	1278.09997558594
1140.37989205941	1268.80004882813
1142.9410166821	1272.59997558594
1145.50133670561	1266.09997558594
1148.06085255708	1269.69995117188
1150.61956466311	1273.90002441406
1153.17747344987	1288.80004882813
1155.73457934305	1279.5
1158.29088276786	1277.5
1160.84638414903	1280.40002441406
1163.40108391085	1274.90002441406
1165.95498247711	1267.80004882813
1168.50808027116	1281.19995117188
1171.06037771587	1280
1173.61187523364	1275.90002441406
1176.16257324643	1280.30004882813
1178.71247217573	1277
1181.26157244255	1279.59997558594
1183.80987446746	1276.5
1186.35737867059	1266.30004882813
1188.90408547157	1277.09997558594
1191.44999528961	1278.40002441406
1193.99510854347	1272.5
1196.53942565142	1279.09997558594
1199.08294703133	1270.69995117188
1201.62567310057	1283.19995117188
1204.16760427611	1285.40002441406
1206.70874097445	1297
1209.24908361163	1283.30004882813
1211.78863260327	1286.80004882813
1214.32738836454	1281.40002441406
1216.86535131017	1289.19995117188
1219.40252185445	1290.69995117188
1221.93890041121	1280.90002441406
1224.47448739389	1288.69995117188
1227.00928321544	1290.09997558594
1229.54328828842	1283.90002441406
1232.07650302491	1298.19995117188
1234.60892783662	1288.90002441406
1237.14056313477	1293.09997558594
1239.67140933017	1300.59997558594
1242.2014668332	1300.40002441406
1244.73073605384	1296.90002441406
1247.25921740159	1302.30004882813
1249.78691128558	1306.30004882813
1252.31381811448	1296.19995117188
1254.83993829655	1300.30004882813
1257.36527223962	1311
1259.88982035112	1308.09997558594
1262.41358303803	1314.09997558594
1264.93656070696	1323.90002441406
1267.45875376405	1303.90002441406
1269.98016261505	1315.40002441406
1272.50078766531	1310.40002441406
1275.02062931974	1314.19995117188
1277.53968798285	1323.09997558594
1280.05796405875	1319.59997558594
1282.57545795112	1302.90002441406
1285.09217006325	1317
1287.60810079802	1310.80004882813
1290.12325055788	1318.69995117188
1292.63761974492	1316.09997558594
1295.15120876079	1318.19995117188
1297.66401800676	1327.5
1300.17604788367	1316.69995117188
1302.687298792	1324.19995117188
1305.19777113181	1325.69995117188
1307.70746530274	1333.59997558594
1310.21638170408	1328.90002441406
1312.7245207347	1337.69995117188
1315.23188279307	1332.80004882813
1317.73846827728	1324.59997558594
1320.24427758502	1337.90002441406
1322.74931111359	1327.5
1325.25356925991	1327.90002441406
1327.75705242051	1328.59997558594
1330.25976099151	1326.59997558594
1332.76169536868	1328.19995117188
1335.26285594737	1338.09997558594
1337.76324312256	1327.69995117188
1340.26285728887	1319.80004882813
1342.76169884052	1328.40002441406
1345.25976817132	1319
1347.75706567474	1323.80004882813
1350.25359174387	1323.5
1352.74934677141	1317.19995117188
1355.24433114968	1311.40002441406
1357.73854527062	1315.90002441406
1360.23198952583	1299.69995117188
1362.7246643065	1311.80004882813
1365.21657000347	1304
1367.7077070072	1302.19995117188
1370.19807570777	1303.69995117188
1372.68767649492	1306.09997558594
1375.176509758	1300.59997558594
1377.66457588599	1305.40002441406
1380.15187526753	1311.5
1382.63840829087	1300.19995117188
1385.1241753439	1299.09997558594
1387.60917681417	1298
1390.09341308884	1313.59997558594
1392.57688455474	1312.59997558594
1395.05959159829	1310.30004882813
1397.54153460562	1312.90002441406
1400.02271396243	1331.19995117188
1402.50313005414	1306.80004882813
1404.98278326576	1321.40002441406
1407.46167398196	1316.30004882813
1409.93980258707	1320.5
1412.41716946504	1320.40002441406
1414.89377499951	1318.90002441406
1417.36961957373	1315.59997558594
1419.84470357062	1318.5
1422.31902737275	1315
1424.79259136235	1324.09997558594
1427.26539592129	1319
1429.73744143111	1328.80004882813
1432.20872827299	1321.80004882813
1434.67925682777	1330.40002441406
1437.14902747597	1339.30004882813
1439.61804059773	1343.5
1442.0862965729	1343.59997558594
1444.55379578093	1346.69995117188
1447.02053860099	1364.90002441406
1449.48652541188	1349.19995117188
1451.95175659206	1342.09997558594
1454.41623251969	1355.19995117188
1456.87995357255	1346.90002441406
1459.34292012811	1339.09997558594
1461.80513256351	1345.19995117188
1464.26659125557	1326.19995117188
1466.72729658073	1328.19995117188
1469.18724891517	1329.5
1471.64644863469	1323.09997558594
1474.10489611478	1319.59997558594
1476.5625917306	1317.90002441406
1479.01953585699	1310.40002441406
1481.47572886844	1307.90002441406
1483.93117113917	1301
1486.38586304302	1309.40002441406
1488.83980495354	1305.40002441406
1491.29299724395	1301.09997558594
1493.74544028715	1301
1496.19713445573	1309.40002441406
1498.64808012193	1298.30004882813
1501.09827765772	1297.90002441406
1503.54772743471	1296.09997558594
1505.99642982421	1300.19995117188
1508.44438519723	1311.59997558594
1510.89159392446	1301.09997558594
1513.33805637625	1298.19995117188
1515.78377292266	1308.80004882813
1518.22874393346	1291.59997558594
1520.67296977806	1308.69995117188
1523.11645082559	1308.09997558594
1525.55918744488	1306.09997558594
1528.00118000444	1308.69995117188
1530.44242887245	1310.80004882813
1532.88293441684	1311.90002441406
1535.32269700517	1318.19995117188
1537.76171700475	1320.90002441406
1540.19999478255	1314
1542.63753070526	1312.30004882813
1545.07432513925	1326
1547.5103784506	1322.30004882813
1549.94569100509	1324.59997558594
1552.38026316819	1331.5
1554.8140953051	1323
1557.24718778067	1323.80004882813
1559.67954095952	1318.40002441406
1562.11115520592	1327.80004882813
1564.54203088386	1310.30004882813
1566.97216835704	1317.69995117188
1569.40156798888	1314
1571.83023014248	1318.19995117188
1574.25815518067	1319.19995117188
1576.68534346597	1319.30004882813
1579.11179536062	1322.19995117188
1581.53751122658	1326.90002441406
1583.9624914255	1333.40002441406
1586.38673631876	1337.90002441406
1588.81024626745	1334.30004882813
1591.23302163235	1330.40002441406
1593.655062774	1328.30004882813
1596.07637005262	1333.80004882813
1598.49694382815	1329.90002441406
1600.91678446025	1328.90002441406
1603.33589230831	1338.69995117188
1605.75426773142	1343.80004882813
1608.1719110884	1336.09997558594
1610.58882273779	1327.09997558594
1613.00500303784	1327.09997558594
1615.42045234654	1339
1617.83517102158	1349.09997558594
1620.24915942039	1339.69995117188
1622.66241790012	1337.40002441406
1625.07494681764	1337.80004882813
1627.48674652954	1336.90002441406
1629.89781739216	1344.40002441406
1632.30815976152	1342.40002441406
1634.71777399343	1345.90002441406
1637.12666044338	1349.69995117188
1639.53481946661	1356
1641.94225141808	1358.59997558594
1644.34895665248	1358.09997558594
1646.75493552424	1366.30004882813
1649.16018838752	1377.30004882813
1651.56471559621	1375.69995117188
1653.96851750392	1377.5
1656.37159446403	1374.90002441406
1658.7739468296	1373.09997558594
1661.17557495349	1361
1663.57647918824	1361.30004882813
1665.97665988617	1372.5
1668.37611739929	1347.30004882813
1670.77485207939	1348
1673.17286427799	1345.5
1675.57015434633	1335.80004882813
1677.96672263542	1332.69995117188
1680.36256949598	1336.59997558594
1682.7576952785	1328.59997558594
1685.15210033318	1328.59997558594
1687.54578501	1310.19995117188
1689.93874965866	1326.5
1692.33099462861	1316.90002441406
1694.72252026904	1303.5
1697.11332692889	1302.69995117188
1699.50341495686	1304.30004882813
1701.89278470137	1306.5
1704.28143651061	1293.30004882813
1706.66937073251	1290.90002441406
1709.05658771473	1295.5
1711.44308780473	1297
1713.82887134968	1290
1716.21393869648	1284.5
1718.59829019185	1287.09997558594
1720.98192618221	1295.80004882813
1723.36484701374	1295.40002441406
1725.74705303238	1293.90002441406
1728.12854458384	1293.69995117188
1730.50932201356	1291.5
1732.88938566673	1300.40002441406
1735.26873588834	1291.80004882813
1737.64737302307	1292.59997558594
1740.02529741544	1291.40002441406
1742.40250940964	1289.90002441406
1744.77900934969	1307.5
1747.15479757933	1284.30004882813
1749.52987444206	1286.30004882813
1751.90424028116	1292.5
1754.27789543967	1286.5
1756.65084026037	1283.40002441406
1759.02307508582	1293.80004882813
1761.39460025833	1298.69995117188
1763.76541612	1291.19995117188
1766.13552301265	1285.40002441406
1768.50492127791	1286.40002441406
1770.87361125714	1282.19995117188
1773.2415932915	1284.80004882813
1775.60886772188	1290.90002441406
1777.97543488896	1298.40002441406
1780.34129513318	1286.09997558594
1782.70644879475	1289
1785.07089621365	1292.90002441406
1787.43463772964	1291.90002441406
1789.7976736822	1293.09997558594
1792.16000441066	1287.80004882813
1794.52163025405	1287.19995117188
1796.88255155121	1290.80004882813
1799.24276864074	1284.40002441406
1801.60228186102	1290.30004882813
1803.96109155019	1296.80004882813
1806.31919804618	1289.40002441406
1808.67660168668	1293.30004882813
1811.03330280916	1294.5
1813.38930175088	1299
1815.74459884884	1284.30004882813
1818.09919443984	1289.09997558594
1820.45308886047	1294.80004882813
1822.80628244708	1275.5
1825.1587755358	1282.5
1827.51056846254	1293.80004882813
1829.86166156297	1291.80004882813
1832.21205517258	1289.69995117188
1834.56174962661	1296.80004882813
1836.91074526009	1295.5
1839.25904240783	1300.19995117188
1841.60664140443	1297.09997558594
1843.95354258425	1295.40002441406
1846.29974628146	1290.90002441406
1848.64525282998	1293.5
1850.99006256356	1295
1853.3341758157	1286.90002441406
1855.67759291968	1302.80004882813
1858.02031420858	1295.40002441406
1860.36234001528	1293.90002441406
1862.70367067241	1296.30004882813
1865.04430651244	1291.5
1867.38424786755	1283.5
1869.72349506978	1296.40002441406
1872.06204845094	1297.80004882813
1874.39990834258	1298.5
1876.73707507612	1294.30004882813
1879.07354898269	1304.69995117188
1881.40933039328	1296.59997558594
1883.74441963861	1290.5
1886.07881704925	1283.69995117188
1888.41252295551	1300.09997558594
1890.74553768751	1294.90002441406
1893.07786157519	1288.30004882813
1895.40949494822	1300.5
1897.74043813615	1295.30004882813
1900.07069146823	1290.90002441406
1902.40025527357	1288.19995117188
1904.72912988106	1285
1907.05731561938	1294.5
1909.38481281699	1300.30004882813
1911.71162180217	1294.80004882813
1914.037742903	1299.19995117188
1916.36317644734	1295.30004882813
1918.68792276284	1290.69995117188
1921.01198217697	1296.30004882813
1923.33535501699	1299.09997558594
1925.65804160996	1297.80004882813
1927.98004228273	1295.19995117188
1930.30135736196	1293.19995117188
1932.6219871741	1298.69995117188
1934.94193204543	1285.30004882813
1937.26119230198	1296.40002441406
1939.57976826962	1294.19995117188
1941.89766027402	1292.69995117188
1944.21486864062	1302.09997558594
1946.53139369472	1300.09997558594
1948.84723576137	1299
1951.16239516543	1296.59997558594
1953.47687223159	1311.5
1955.79066728434	1296.19995117188
1958.10378064794	1303.40002441406
1960.4162126465	1296.09997558594
1962.7279636039	1290.90002441406
1965.03903384385	1301.59997558594
1967.34942368987	1293.80004882813
1969.65913346524	1308.5
1971.96816349311	1305.90002441406
1974.2765140964	1291.59997558594
1976.58418559784	1298.5
1978.89117831997	1299.80004882813
1981.19749258516	1303.69995117188
1983.50312871555	1297.90002441406
1985.80808703313	1301.30004882813
1988.11236785967	1306.40002441406
1990.41597151676	1296
1992.71889832581	1304.30004882813
1995.02114860801	1313.59997558594
1997.3227226844	1294.30004882813
1999.62362087581	1297.90002441406
2001.92384350288	1298.80004882813
2004.22339088608	1295.80004882813
2006.52226334567	1298.19995117188
2008.82046120173	1299.30004882813
2011.11798477417	1311.30004882813
2013.41483438269	1303.5
2015.71101034681	1300.09997558594
2018.00651298588	1300.5
2020.30134261905	1306.19995117188
2022.59549956528	1299.40002441406
2024.88898414337	1308.5
2027.1817966719	1305.40002441406
2029.4739374693	1307.59997558594
2031.76540685379	1307.69995117188
2034.05620514342	1298.40002441406
2036.34633265607	1295.5
2038.6357897094	1288.40002441406
2040.92457662092	1306.5
2043.21269370795	1306.69995117188
2045.50014128763	1312.5
2047.78691967691	1310.40002441406
2050.07302919256	1305.69995117188
2052.35847015118	1307.30004882813
2054.64324286919	1316.80004882813
2056.9273476628	1309
2059.21078484808	1308.09997558594
2061.4935547409	1306.40002441406
2063.77565765696	1298.90002441406
2066.05709391176	1309.40002441406
2068.33786382065	1308.19995117188
2070.61796769879	1307.59997558594
2072.89740586116	1305.90002441406
2075.17617862255	1301.5
2077.45428629759	1296.80004882813
2079.73172920075	1310.40002441406
2082.00850764627	1303.5
2084.28462194827	1327.59997558594
2086.56007242065	1309.19995117188
2088.83485937717	1308.40002441406
2091.10898313139	1306.5
2093.3824439967	1298.90002441406
2095.65524228632	1304.19995117188
2097.92737831328	1316.19995117188
2100.19885239047	1311.30004882813
2102.46966483057	1315.5
2104.7398159461	1313.5
2107.00930604941	1309.30004882813
2109.27813545267	1308.40002441406
2111.54630446787	1302.09997558594
2113.81381340685	1319
2116.08066258126	1306.59997558594
2118.34685230257	1320.5
2120.61238288211	1315.40002441406
2122.87725463099	1315
2125.1414678602	1317.90002441406
2127.40502288052	1304.69995117188
2129.66792000257	1309.30004882813
2131.93015953682	1305.19995117188
2134.19174179353	1314.59997558594
2136.45266708282	1308.5
2138.71293571463	1309.09997558594
2140.97254799873	1310.90002441406
2143.23150424473	1304.90002441406
2145.48980476205	1323.5
2147.74744985996	1318
2150.00443984754	1306.80004882813
2152.26077503373	1318.30004882813
2154.51645572728	1307.19995117188
2156.77148223677	1322.09997558594
2159.02585487064	1310
2161.27957393713	1312.59997558594
2163.53263974432	1306.09997558594
2165.78505260012	1300
2168.0368128123	1312.40002441406
2170.28792068844	1310.19995117188
2172.53837653595	1313.59997558594
2174.78818066207	1318.59997558594
2177.03733337389	1316.5
2179.28583497833	1304.80004882813
2181.53368578214	1316.40002441406
2183.78088609192	1306.90002441406
2186.02743621406	1318.59997558594
2188.27333645484	1318
2190.51858712033	1314.09997558594
2192.76318851646	1308.59997558594
2195.00714094901	1318.09997558594
2197.25044472354	1310.40002441406
2199.49310014551	1306.09997558594
2201.73510752018	1312.09997558594
2203.97646715265	1312.09997558594
2206.21717934786	1308.80004882813
2208.45724441058	1318
2210.69666264543	1324.5
2212.93543435686	1307.30004882813
2215.17355984914	1315.19995117188
2217.41103942642	1311.40002441406
2219.64787339264	1312
2221.8840620516	1303.90002441406
2224.11960570695	1311.09997558594
2226.35450466215	1308.59997558594
2228.58875922051	1310.69995117188
2230.82236968518	1308.90002441406
2233.05533635916	1305.40002441406
2235.28765954527	1308.19995117188
2237.51933954617	1306.69995117188
2239.75037666437	1319
2241.98077120221	1313.90002441406
2244.21052346188	1308
2246.4396337454	1321
2248.66810235461	1314.90002441406
2250.89592959125	1321.19995117188
2253.12311575681	1325.09997558594
2255.34966115272	1312.19995117188
2257.57556608017	1319.59997558594
2259.80083084023	1334.40002441406
2262.02545573381	1315.30004882813
2264.24944106163	1302.5
2266.47278712429	1301.69995117188
2268.69549422221	1320
2270.91756265564	1306.90002441406
2273.1389927247	1318.30004882813
2275.35978472934	1318.19995117188
2277.57993896933	1315.90002441406
2279.79945574431	1326.90002441406
2282.01833535375	1320.59997558594
2284.23657809696	1313.59997558594
2286.45418427309	1311.69995117188
2288.67115418114	1319.80004882813
2290.88748811995	1309.09997558594
2293.10318638819	1304.59997558594
2295.3182492844	1315.19995117188
2297.53267710693	1310.19995117188
2299.746470154	1309.09997558594
2301.95962872364	1317.59997558594
2304.17215311376	1324.90002441406
2306.3840436221	1312.80004882813
2308.59530054621	1314.19995117188
2310.80592418354	1313.09997558594
2313.01591483134	1318.40002441406
2315.22527278673	1317.09997558594
2317.43399834666	1309.40002441406
2319.64209180791	1313.90002441406
2321.84955346713	1311.5
2324.05638362079	1310.69995117188
2326.26258256524	1314.40002441406
2328.46815059664	1318.09997558594
2330.67308801098	1324.59997558594
2332.87739510415	1315.59997558594
2335.08107217184	1315.5
2337.2841195096	1316.80004882813
2339.48653741281	1318.69995117188
2341.68832617672	1327.09997558594
2343.8894860964	1310.80004882813
2346.09001746678	1325.40002441406
2348.28992058261	1319.5
2350.48919573852	1319.80004882813
2352.68784322898	1313
2354.88586334826	1318.09997558594
2357.08325639055	1312.30004882813
2359.2800226498	1326.59997558594
2361.47616241988	1322.59997558594
2363.67167599445	1318.5
2365.86656366706	1308.59997558594
2368.06082573107	1317.90002441406
2370.2544624797	1311.09997558594
2372.44747420603	1315.30004882813
2374.63986120295	1316.30004882813
2376.83162376322	1311.59997558594
2379.02276217945	1307.59997558594
2381.21327674408	1316
2383.4031677494	1311.30004882813
2385.59243548756	1308.30004882813
2387.78108025053	1324.40002441406
2389.96910233014	1308.5
2392.15650201809	1309.5
2394.34327960587	1313.80004882813
2396.52943538486	1311.5
2398.71496964628	1318.90002441406
2400.89988268118	1312.69995117188
2403.08417478048	1305.09997558594
2405.26784623491	1321.69995117188
2407.45089733509	1316.19995117188
2409.63332837146	1318.80004882813
2411.81513963429	1316.5
2413.99633141375	1315.30004882813
2416.1769039998	1317.90002441406
2418.35685768227	1311
2420.53619275084	1310.5
2422.71490949505	1311.59997558594
2424.89300820425	1302.90002441406
2427.07048916765	1316.5
2429.24735267433	1311.09997558594
2431.42359901319	1315.30004882813
2433.59922847297	1321.69995117188
2435.7742413423	1322.5
2437.94863790961	1310.09997558594
2440.12241846321	1315.90002441406
2442.29558329121	1310.09997558594
2444.46813268162	1314.19995117188
2446.64006692228	1313.09997558594
2448.81138630086	1316.09997558594
2450.98209110489	1316.19995117188
2453.15218162174	1322.19995117188
2455.32165813864	1313
2457.49052094265	1303.19995117188
2459.65877032069	1316.69995117188
2461.8264065595	1322.09997558594
2463.99342994572	1310.09997558594
2466.15984076579	1316.40002441406
2468.325639306	1330.19995117188
2470.49082585251	1316.09997558594
2472.65540069131	1331.40002441406
2474.81936410824	1322.69995117188
2476.98271638899	1317.09997558594
2479.14545781909	1309.5
2481.30758868392	1320.09997558594
2483.4691092687	1326.80004882813
2485.63001985852	1307.30004882813
2487.79032073829	1319.59997558594
2489.95001219277	1322.69995117188
2492.10909450659	1327.19995117188
2494.26756796419	1319.69995117188
2496.42543284989	1322.69995117188
2498.58268944783	1323.40002441406
2500.73933804202	1320.69995117188
2502.8953789163	1328
2505.05081235436	1327.5
2507.20563863974	1316.19995117188
2509.35985805582	1312.80004882813
2511.51347088583	1314.69995117188
2513.66647741285	1322.90002441406
2515.81887791981	1318.90002441406
2517.97067268946	1317.30004882813
2520.12186200443	1323.90002441406
2522.27244614716	1318.40002441406
2524.42242539999	1309.69995117188
2526.57180004504	1315.80004882813
2528.72057036433	1319.80004882813
2530.8687366397	1321.80004882813
2533.01629915284	1318.19995117188
2535.16325818527	1310.5
2537.30961401839	1320.19995117188
2539.45536693343	1314.40002441406
2541.60051721145	1316.59997558594
2543.74506513338	1325.5
2545.88901097997	1323.59997558594
2548.03235503185	1321.40002441406
2550.17509756946	1319.90002441406
2552.31723887311	1334.80004882813
2554.45877922293	1318.59997558594
2556.59971889893	1329.5
2558.74005818094	1323.80004882813
2560.87979734864	1318.90002441406
2563.01893668155	1327.5
2565.15747645906	1328.80004882813
2567.29541696037	1321.69995117188
2569.43275846454	1337.30004882813
2571.56950125049	1321.19995117188
2573.70564559696	1324
2575.84119178254	1309.30004882813
2577.97614008569	1328
2580.11049078468	1319.5
2582.24424415764	1315.69995117188
2584.37740048255	1336
2586.50996003722	1308.90002441406
2588.64192309931	1322
2590.77328994634	1329
2592.90406085564	1322.59997558594
2595.03423610442	1323.90002441406
2597.16381596971	1325.69995117188
2599.29280072839	1318.69995117188
2601.42119065719	1318.09997558594
2603.54898603267	1322.69995117188
2605.67618713125	1321.69995117188
2607.80279422919	1326.59997558594
2609.92880760257	1315.40002441406
2612.05422752735	1320.69995117188
2614.17905427932	1331.30004882813
2616.30328813408	1319.80004882813
2618.42692936713	1322.09997558594
2620.54997825377	1323.40002441406
2622.67243506915	1324.30004882813
2624.79430008828	1333
2626.915573586	1332
2629.03625583699	1325.59997558594
2631.15634711579	1324.80004882813
2633.27584769675	1323
2635.39475785408	1315.59997558594
2637.51307786185	1328.09997558594
2639.63080799394	1332.30004882813
2641.74794852409	1328.90002441406
2643.86449972589	1334.69995117188
2645.98046187273	1326
2648.0958352379	1333.09997558594
2650.21062009449	1328.5
2652.32481671544	1327.59997558594
2654.43842537353	1337.19995117188
2656.5514463414	1327.19995117188
2658.66387989151	1331.90002441406
2660.77572629616	1327.80004882813
2662.88698582751	1332.59997558594
2664.99765875753	1332.59997558594
2667.10774535806	1332.90002441406
2669.21724590076	1335.40002441406
2671.32616065714	1319.90002441406
2673.43448989857	1332.40002441406
2675.5422338962	1332.80004882813
2677.64939292108	1329.80004882813
2679.75596724408	1332.40002441406
2681.86195713589	1325
2683.96736286707	1325.69995117188
2686.07218470799	1330.59997558594
2688.17642292889	1319.5
2690.28007779982	1322.90002441406
2692.38314959069	1335.90002441406
2694.48563857123	1323.90002441406
2696.58754501103	1338.09997558594
2698.6888691795	1322.80004882813
2700.78961134588	1337.59997558594
2702.8897717793	1336.90002441406
2704.98935074864	1333.80004882813
2707.08834852271	1331.30004882813
2709.18676537009	1332
2711.28460155925	1341.5
2713.38185735843	1339.59997558594
2715.47853303577	1334
2717.57462885924	1328
2719.67014509659	1339.30004882813
2721.76508201548	1336.80004882813
2723.85943988337	1333.40002441406
2725.95321896754	1347.40002441406
2728.04641953515	1333.90002441406
2730.13904185316	1335.59997558594
2732.23108618837	1331.40002441406
2734.32255280744	1340.30004882813
2736.41344197683	1331.69995117188
2738.50375396288	1338.5
2740.5934890317	1339.90002441406
2742.68264744932	1340
2744.77122948153	1341.90002441406
2746.85923539398	1337.09997558594
2748.94666545217	1327.90002441406
2751.03351992142	1346.5
2753.11979906688	1354.30004882813
2755.20550315355	1331.90002441406
2757.29063244624	1329.80004882813
2759.37518720963	1321.80004882813
2761.45916770819	1332.59997558594
2763.54257420625	1333.09997558594
2765.62540696797	1336.59997558594
2767.70766625733	1328.69995117188
2769.78935233816	1330.69995117188
2771.87046547413	1329.5
2773.95100592869	1340.09997558594
2776.03097396519	1331.5
2778.11036984677	1340
2780.18919383641	1338.19995117188
2782.26744619693	1331.80004882813
2784.34512719097	1333.09997558594
2786.42223708102	1340.80004882813
2788.49877612937	1341.09997558594
2790.57474459816	1339.59997558594
2792.65014274937	1335.30004882813
2794.7249708448	1334.5
2796.79922914607	1342.19995117188
2798.87291791465	1344.19995117188
2800.94603741181	1338.5
2803.01858789869	1336.5
2805.09056963623	1353.59997558594
2807.1619828852	1333.30004882813
2809.23282790621	1344.09997558594
2811.30310495971	1349.30004882813
2813.37281430593	1339.59997558594
2815.441956205	1338.19995117188
2817.51053091682	1354.69995117188
2819.57853870114	1351.90002441406
2821.64597981753	1346.69995117188
2823.7128545254	1350.59997558594
2825.77916308399	1349.40002441406
2827.84490575233	1353.40002441406
2829.91008278933	1362.5
2831.97469445369	1367.40002441406
2834.03874100395	1367.69995117188
2836.10222269847	1378.09997558594
2838.16513979544	1373
2840.22749255288	1379.40002441406
2842.28928122863	1386.30004882813
2844.35050608034	1419.80004882813
2846.41116736553	1419.5
2848.47126534149	1439.59997558594
2850.53080026537	1445.09997558594
2852.58977239414	1449.40002441406
2854.64818198459	1448
2856.70602929332	1456.19995117188
2858.76331457678	1459.90002441406
2860.82003809123	1471.5
2862.87620009274	1459.80004882813
2864.93180083723	1486.90002441406
2866.98684058043	1487.30004882813
2869.04131957789	1526.80004882813
2871.09523808497	1525.09997558594
2873.14859635689	1544.30004882813
2875.20139464866	1547.09997558594
2877.2536332151	1564.59997558594
2879.30531231091	1551.09997558594
2881.35643219054	1540.19995117188
2883.40699310831	1568.5
2885.45699531834	1555.09997558594
2887.50643907457	1546.5
2889.55532463077	1562.80004882813
2891.60365224053	1561
2893.65142215724	1576.40002441406
2895.69863463414	1559.80004882813
2897.74528992426	1562.5
2899.79138828046	1566
2901.83692995544	1576.80004882813
2903.88191520168	1585.09997558594
2905.92634427151	1587.30004882813
2907.97021741706	1571.30004882813
2910.01353489027	1600
2912.05629694294	1611.69995117188
2914.09850382663	1628.80004882813
2916.14015579276	1666.80004882813
2918.18125309254	1657.09997558594
2920.22179597702	1678
2922.26178469705	1676.80004882813
2924.30121950329	1686.59997558594
2926.34010064624	1712.09997558594
2928.37842837619	1711.40002441406
2930.41620294326	1744.69995117188
2932.45342459737	1711.40002441406
2934.49009358828	1714.5
2936.52621016555	1733
2938.56177457854	1717.59997558594
2940.59678707645	1712.09997558594
2942.63124790827	1689.30004882813
2944.66515732282	1685.30004882813
2946.69851556873	1662.69995117188
2948.73132289443	1621
2950.76357954817	1621.5
2952.79528577803	1615.69995117188
2954.82644183188	1611.90002441406
2956.85704795741	1603.59997558594
2958.8871044021	1608.09997558594
2960.91661141328	1591.80004882813
2962.94556923807	1579.80004882813
2964.97397812339	1564.09997558594
2967.00183831598	1575.19995117188
2969.0291500624	1561.30004882813
2971.05591360902	1557.5
2973.08212920199	1553.30004882813
2975.1077970873	1539
2977.13291751074	1537.30004882813
2979.1574907179	1547.69995117188
2981.18151695419	1531.19995117188
2983.20499646482	1519.59997558594
2985.2279294948	1522.59997558594
2987.25031628898	1519.90002441406
2989.27215709199	1494
2991.29345214825	1495.09997558594
2993.31420170204	1476.09997558594
2995.33440599738	1489
2997.35406527816	1459.90002441406
2999.37317978802	1470.19995117188
3001.39174977045	1458.59997558594
3003.40977546872	1463.5
3005.42725712591	1461.40002441406
3007.44419498491	1465.5
3009.4605892884	1465.19995117188
3011.47644027889	1453.09997558594
3013.49174819865	1447.90002441406
3015.5065132898	1435.69995117188
3017.52073579424	1449.59997558594
3019.53441595366	1444.59997558594
3021.54755400959	1443.5
3023.56015020332	1433.19995117188
3025.57220477598	1437.09997558594
3027.58371796846	1429.59997558594
3029.5946900215	1439.90002441406
3031.6051211756	1422.59997558594
3033.61501167107	1436.40002441406
3035.62436174803	1436
3037.6331716464	1434.59997558594
3039.64144160588	1431
3041.649171866	1439.19995117188
3043.65636266607	1444.90002441406
3045.6630142452	1442.19995117188
3047.66912684229	1447.5
3049.67470069605	1450.69995117188
3051.679736045	1434.69995117188
3053.68423312742	1445.30004882813
3055.68819218143	1464.80004882813
3057.6916134449	1452.30004882813
3059.69449715556	1454.09997558594
3061.69684355086	1477.59997558594
3063.6986528681	1480.5
3065.69992534437	1471.59997558594
3067.70066121653	1476.69995117188
3069.70086072126	1460.09997558594
3071.700524095	1469.5
3073.69965157405	1468.59997558594
3075.69824339442	1462.80004882813
3077.69629979197	1469.80004882813
3079.69382100235	1462.5
3081.69080726098	1466.30004882813
3083.68725880307	1473.90002441406
3085.68317586366	1469.5
3087.67855867755	1462
3089.67340747933	1474.09997558594
3091.6677225034	1488.19995117188
3093.66150398392	1477.19995117188
3095.6547521549	1477.90002441406
3097.64746725006	1489.40002441406
3099.63964950297	1472.5
3101.63129914698	1483.40002441406
3103.6224164152	1496.90002441406
3105.61300154056	1498.09997558594
3107.60305475576	1499.30004882813
3109.59257629331	1508.69995117188
3111.58156638547	1508.19995117188
3113.57002526432	1505.5
3115.55795316172	1520.69995117188
3117.54535030932	1520.19995117188
3119.53221693853	1526.19995117188
3121.51855328057	1524.09997558594
3123.50435956646	1538.90002441406
3125.48963602698	1555.30004882813
3127.4743828927	1545.90002441406
3129.45860039397	1552.69995117188
3131.44228876093	1554.69995117188
3133.42544822353	1541.30004882813
3135.40807901145	1551.5
3137.39018135418	1574.80004882813
3139.37175548102	1564.5
3141.35280162101	1554.90002441406
3143.33332000299	1577.30004882813
3145.31331085559	1579.09997558594
3147.2927744072	1580.80004882813
3149.27171088602	1577.30004882813
3151.25012052	1594.80004882813
3153.22800353689	1592.69995117188
3155.20536016422	1581.30004882813
3157.18219062929	1592
3159.15849515918	1605
3161.13427398075	1598.90002441406
3163.10952732066	1611.90002441406
3165.08425540532	1627.59997558594
3167.05845846092	1615.30004882813
3169.03213671344	1629.30004882813
3171.00529038863	1630.19995117188
3172.97791971203	1618.5
3174.95002490893	1628.40002441406
3176.92160620443	1641.90002441406
3178.89266382337	1640.40002441406
3180.8631979904	1651.19995117188
3182.83320892991	1648.19995117188
3184.80269686609	1660.90002441406
3186.77166202289	1670
3188.74010462406	1642.19995117188
3190.70802489307	1665.59997558594
3192.67542305323	1654.59997558594
3194.64229932757	1680.69995117188
3196.60865393892	1667.09997558594
3198.57448710987	1678.30004882813
3200.53979906279	1682.09997558594
3202.50459001981	1675.69995117188
3204.46886020284	1676.90002441406
3206.43260983356	1674.5
3208.39583913341	1689.19995117188
3210.35854832362	1699.80004882813
3212.32073762517	1693.80004882813
3214.28240725881	1694.5
3216.24355744508	1710
3218.20418840426	1695
3220.16430035642	1703.19995117188
3222.12389352137	1723.30004882813
3224.08296811873	1707.09997558594
3226.04152436784	1716.69995117188
3227.99956248784	1707.80004882813
3229.95708269762	1722
3231.91408521584	1722.59997558594
3233.87057026092	1716.69995117188
3235.82653805105	1708.19995117188
3237.78198880419	1720.59997558594
3239.73692273806	1723.19995117188
3241.69134007013	1729.80004882813
3243.64524101764	1729.19995117188
3245.59862579761	1732.5
3247.55149462681	1736.69995117188
3249.50384772176	1737.30004882813
3251.45568529877	1746.80004882813
3253.40700757387	1734.90002441406
3255.35781476288	1748.80004882813
3257.3081070814	1754.19995117188
3259.25788474473	1747
3261.20714796799	1740
3263.15589696602	1762.59997558594
3265.10413195345	1766.40002441406
3267.05185314463	1754.40002441406
3268.9990607537	1763.40002441406
3270.94575499455	1760.30004882813
3272.89193608081	1738.5
3274.8376042259	1753.30004882813
3276.78275964296	1761
3278.72740254492	1760.40002441406
3280.67153314443	1752.80004882813
3282.61515165393	1774.09997558594
3284.55825828559	1762.80004882813
3286.50085325135	1766.40002441406
3288.44293676289	1754.40002441406
3290.38450903165	1765.59997558594
3292.32557026883	1770.19995117188
3294.26612068537	1766.09997558594
3296.20616049198	1760.40002441406
3298.14568989911	1768
3300.08470911695	1780
3302.02321835546	1748.59997558594
3303.96121782435	1765.59997558594
3305.89870773306	1759.40002441406
3307.83568829081	1741.09997558594
3309.77215970655	1766.5
3311.70812218898	1767.5
3313.64357594655	1773.19995117188
3315.57852118747	1774
3317.51295811968	1767.19995117188
3319.44688695087	1780.80004882813
3321.38030788849	1744.5
3323.31322113973	1750.40002441406
3325.24562691152	1764
3327.17752541055	1777.30004882813
3329.10891684322	1769.30004882813
3331.03980141573	1780.5
3332.97017933399	1772.90002441406
3334.90005080364	1776
3336.82941603011	1784.5
3338.75827521852	1759.69995117188
3340.68662857377	1794.09997558594
3342.6144763005	1770.69995117188
3344.54181860308	1772.30004882813
3346.46865568561	1775.59997558594
3348.39498775195	1777.59997558594
3350.32081500571	1785.59997558594
3352.24613765022	1772.90002441406
3354.17095588855	1784.09997558594
3356.09526992352	1762.40002441406
3358.01907995769	1779.59997558594
3359.94238619334	1800.90002441406
3361.86518883251	1775.40002441406
3363.78748807697	1772.80004882813
3365.70928412823	1784.59997558594
3367.63057718752	1780.90002441406
3369.55136745582	1772.80004882813
3371.47165513386	1782.5
3373.39144042208	1782
3375.31072352066	1786.09997558594
3377.22950462953	1790.5
3379.14778394834	1791
3381.06556167648	1789.40002441406
3382.98283801308	1790.5
3384.89961315697	1786.80004882813
3386.81588730676	1811.90002441406
3388.73166066076	1798.09997558594
3390.64693341702	1802.80004882813
3392.56170577332	1794.09997558594
3394.47597792716	1792.19995117188
3396.38975007581	1798.30004882813
3398.30302241623	1789.5
3400.21579514512	1807.90002441406
3402.1280684589	1788.40002441406
3404.03984255374	1775.90002441406
3405.95111762553	1788.59997558594
3407.86189386987	1791.19995117188
3409.77217148212	1795.80004882813
3411.68195065733	1805.69995117188
3413.5912315903	1783.59997558594
3415.50001447556	1781
3417.40829950735	1779.30004882813
3419.31608687963	1799.80004882813
3421.22337678611	1776.5
3423.1301694202	1808.80004882813
3425.03646497504	1789.5
3426.9422636435	1775.80004882813
3428.84756561816	1794
3430.75237109135	1808.09997558594
3432.65668025508	1799.19995117188
3434.56049330112	1782.69995117188
3436.46381042093	1795.80004882813
3438.36663180571	1784.80004882813
3440.26895764638	1781.59997558594
3442.17078813357	1759.90002441406
3444.07212345762	1771.59997558594
3445.97296380863	1761.80004882813
3447.87330937636	1794
3449.77316035033	1776.09997558594
3451.67251691977	1777.80004882813
3453.57137927361	1765.59997558594
3455.46974760052	1777.80004882813
3457.36762208886	1757.69995117188
3459.26500292671	1771.59997558594
3461.16189030191	1769.59997558594
3463.05828440194	1776
3464.95418541406	1745.90002441406
3466.84959352519	1746
3468.74450892201	1744.09997558594
3470.63893179088	1734.40002441406
3472.53286231788	1754.09997558594
3474.42630068881	1741
3476.31924708918	1749.30004882813
3478.2117017042	1731.80004882813
3480.1036647188	1715.09997558594
3481.99513631761	1727.69995117188
3483.88611668498	1732
3485.77660600498	1735.40002441406
3487.66660446135	1712.90002441406
3489.55611223758	1708.90002441406
3491.44512951683	1716.09997558594
3493.333656482	1729.30004882813
3495.22169331568	1705.5
3497.10924020016	1696.09997558594
3498.99629731746	1693
3500.88286484927	1700
3502.76894297702	1686.59997558594
3504.65453188182	1675.40002441406
3506.53963174449	1659.5
3508.42424274555	1677.90002441406
3510.30836506524	1680.19995117188
3512.19199888349	1650.80004882813
3514.07514437992	1656.19995117188
3515.95780173387	1665.80004882813
3517.83997112437	1630.90002441406
3519.72165273016	1644.80004882813
3521.60284672967	1636.59997558594
3523.48355330104	1623.5
3525.36377262208	1630.09997558594
3527.24350487035	1629
3529.12275022306	1603
3531.00150885715	1606.69995117188
3532.87978094923	1633.30004882813
3534.75756667562	1621.19995117188
3536.63486621235	1610.30004882813
3538.51167973512	1601.69995117188
3540.38800741934	1596.59997558594
3542.26384944011	1595.30004882813
3544.13920597223	1572.09997558594
3546.01407719018	1591.80004882813
3547.88846326815	1581.09997558594
3549.76236438002	1588.69995117188
3551.63578069934	1582.5
3553.50871239938	1576.80004882813
3555.38115965309	1548.09997558594
3557.25312263311	1552.19995117188
3559.12460151177	1554.5
3560.99559646109	1568.90002441406
3562.86610765279	1565.59997558594
3564.73613525825	1555.19995117188
3566.60567944857	1549.5
3568.47474039453	1554.40002441406
3570.34331826658	1541.09997558594
3572.21141323487	1533.69995117188
3574.07902546925	1542.30004882813
3575.94615513922	1542.5
3577.81280241401	1539.09997558594
3579.67896746249	1527.69995117188
3581.54465045325	1519.40002441406
3583.40985155455	1518.30004882813
3585.27457093432	1528.80004882813
3587.1388087602	1519.69995117188
3589.00256519949	1518.90002441406
3590.86584041919	1529.19995117188
3592.72863458597	1507.90002441406
3594.59094786618	1496
3596.45278042585	1506.40002441406
3598.31413243069	1510.30004882813
3600.17500404611	1506.59997558594
3602.03539543717	1497.80004882813
3603.89530676861	1497
3605.75473820488	1488.19995117188
3607.61368991007	1491
3609.47216204797	1486.59997558594
3611.33015478203	1480.90002441406
3613.18766827539	1485.80004882813
3615.04470269087	1483.90002441406
3616.90125819094	1489.80004882813
3618.75733493776	1474.30004882813
3620.61293309318	1469
3622.46805281869	1471.19995117188
3624.32269427547	1467.19995117188
3626.17685762439	1462.90002441406
3628.03054302596	1467.5
3629.88375064038	1462.5
3631.73648062751	1455.59997558594
3633.5887331469	1463.5
3635.44050835775	1440.30004882813
3637.29180641893	1442.80004882813
3639.14262748899	1436.69995117188
3640.99297172614	1438.90002441406
3642.84283928828	1433.59997558594
3644.69223033294	1429
3646.54114501734	1427.90002441406
3648.38958349836	1432.80004882813
3650.23754593256	1416.30004882813
3652.08503247614	1424.5
3653.93204328497	1414.80004882813
3655.77857851462	1420.40002441406
3657.62463832028	1406.09997558594
3659.47022285682	1411
3661.31533227877	1397.30004882813
3663.15996674033	1401.5
3665.00412639535	1409.19995117188
3666.84781139736	1400
3668.69102189953	1390.90002441406
3670.5337580547	1395.40002441406
3672.37602001537	1390.90002441406
3674.21780793368	1379.80004882813
3676.05912196148	1383.40002441406
3677.89996225021	1384.90002441406
3679.74032895103	1376.30004882813
3681.58022221471	1357.80004882813
3683.41964219171	1362.19995117188
3685.25858903211	1377.30004882813
3687.0970628857	1353.09997558594
3688.93506390186	1355.69995117188
3690.77259222968	1355.30004882813
3692.60964801787	1366.09997558594
3694.44623141481	1352.69995117188
3696.28234256853	1359.19995117188
3698.11798162669	1344.80004882813
3699.95314873665	1345.09997558594
3701.78784404537	1350.5
3703.62206769951	1355.69995117188
3705.45581984533	1343.5
3707.28910062877	1337.59997558594
3709.12191019542	1339.40002441406
3710.95424869052	1338.40002441406
3712.78611625894	1340.69995117188
3714.6175130452	1338.80004882813
3716.44843919349	1335.80004882813
3718.27889484764	1329.59997558594
3720.1088801511	1332
3721.93839524699	1326.59997558594
3723.76744027808	1330.40002441406
3725.59601538677	1329.90002441406
3727.4241207151	1330.5
