40.2973356941271	1138.30004882813
43.2236257608418	1145.30004882813
46.1488808466109	1147.59997558594
49.0731017336173	1146.59997558594
51.9962892025666	1147.5
54.9184440327569	1151.40002441406
57.8395670020446	1158.90002441406
60.7596588868509	1163.30004882813
63.6787204621708	1170.09997558594
66.5967525015794	1170.90002441406
69.5137557772381	1179.90002441406
72.4297310598838	1196
75.3446791188512	1213.90002441406
78.2586007220466	1231.30004882813
81.1714966360015	1255.40002441406
84.0833676258266	1288.30004882813
86.994214455242	1321
89.9040378865662	1361.90002441406
92.8128386807427	1383.80004882813
95.7206175973133	1413.80004882813
98.6273753944444	1430.09997558594
101.533112828928	1449.30004882813
104.437830656161	1436.69995117188
107.34152963018	1428.59997558594
110.244210503676	1430.59997558594
113.145874027931	1427.19995117188
116.046520952895	1419.90002441406
118.946152027154	1417.30004882813
121.844767997933	1405.40002441406
124.74236961111	1408.90002441406
127.638957611212	1409.40002441406
130.534532741422	1400
133.429095743606	1384.30004882813
136.322647358252	1389.30004882813
139.215188324544	1400.69995117188
142.106719380311	1385.5
144.997241262089	1386.5
147.886754705057	1373.40002441406
150.775260443096	1381.30004882813
153.662759208748	1376.09997558594
156.549251733282	1380.40002441406
159.434738746612	1375.5
162.319220977376	1371.59997558594
165.20269915289	1374.5
168.085173999178	1364.09997558594
170.966646240977	1355.40002441406
173.847116601709	1354.69995117188
176.726585803528	1354.30004882813
179.605054567295	1347.30004882813
182.48252361259	1338.19995117188
185.358993657701	1334.30004882813
188.234465419645	1342.69995117188
191.108939614183	1339.30004882813
193.982416955795	1334.80004882813
196.854898157687	1329.59997558594
199.726383931801	1331.5
202.596874988835	1332.69995117188
205.466372038225	1324.90002441406
208.334875788145	1320.69995117188
211.202386945534	1323.30004882813
214.068906216069	1312.5
216.934434304194	1318.19995117188
219.798971913111	1303.30004882813
222.662519744776	1313.30004882813
225.525078499925	1310.5
228.386648878069	1300.59997558594
231.247231577465	1312.19995117188
234.106827295172	1311
236.965436727012	1305.5
239.823060567597	1304.09997558594
242.679699510337	1300.19995117188
245.535354247396	1288.09997558594
248.390025469775	1300
251.243713867223	1295.40002441406
254.096420128327	1289
256.948144940459	1290.09997558594
259.798888989788	1286.90002441406
262.648652961315	1281.80004882813
265.49743753883	1279
268.345243404939	1285
271.192071241073	1284.59997558594
274.037921727485	1278.90002441406
276.882795543246	1279.09997558594
279.72669336624	1283.09997558594
282.569615873213	1279.30004882813
285.411563739724	1278
288.252537640165	1278.19995117188
291.092538247763	1268.19995117188
293.931566234616	1279.80004882813
296.769622271633	1269.90002441406
299.606707028594	1276.5
302.442821174104	1279
305.277965375652	1268.40002441406
308.112140299574	1276.69995117188
310.945346611062	1277.09997558594
313.777584974167	1273.19995117188
316.608856051813	1268.30004882813
319.439160505797	1271.30004882813
322.268498996783	1272.80004882813
325.096872184303	1274
327.924280726782	1271
330.750725281521	1268.40002441406
333.576206504693	1281.19995117188
336.400725051388	1277.80004882813
339.224281575542	1274.59997558594
342.046876730026	1278.09997558594
344.868511166586	1270
347.689185535872	1265.59997558594
350.508900487421	1267.80004882813
353.327656669699	1280.30004882813
356.145454730079	1262.19995117188
358.962295314817	1273.5
361.778179069105	1269.40002441406
364.593106637051	1265.30004882813
367.407078661675	1272.30004882813
370.220095784913	1264.30004882813
373.032158647655	1269.30004882813
375.843267889676	1270.30004882813
378.653424149715	1267.90002441406
381.462628065436	1274
384.270880273432	1276.59997558594
387.078181409254	1273.40002441406
389.884532107358	1278.5
392.689933001188	1275.69995117188
395.494384723112	1275.30004882813
398.29788790445	1278.80004882813
401.100443175488	1273
403.902051165437	1276.69995117188
406.702712502518	1282.19995117188
409.502427813866	1288
412.301197725607	1282.80004882813
415.099022862823	1276.19995117188
417.89590384957	1272.90002441406
420.691841308876	1282.90002441406
423.486835862752	1282.80004882813
426.280888132173	1278.80004882813
429.073998737112	1285.59997558594
431.866168296507	1279
434.657397428298	1273.09997558594
437.447686749412	1278
440.237036875762	1277.69995117188
443.025448422257	1284.09997558594
445.812922002813	1283.40002441406
448.599458230326	1285.5
451.38505771672	1290.59997558594
454.169721072909	1287.90002441406
456.953448908819	1281.90002441406
459.736241833384	1275.09997558594
462.518100454555	1281.90002441406
465.2990253793	1283.69995117188
468.079017213605	1291
470.858076562476	1278
473.636204029939	1280.80004882813
476.41340021906	1277.30004882813
479.189665731938	1283
481.965001169667	1275.80004882813
484.739407132419	1281.09997558594
487.512884219391	1281.80004882813
490.285433028796	1284.59997558594
493.057054157921	1289.69995117188
495.827748203087	1289.40002441406
498.597515759658	1280.69995117188
501.366357422061	1280.59997558594
504.134273783759	1286.59997558594
506.901265437278	1294.5
509.66733297421	1295.80004882813
512.432476985198	1290.5
515.196698059945	1289.09997558594
517.959996787225	1298
520.722373754895	1291.69995117188
523.483829549856	1300.30004882813
526.24436475811	1288
529.003979964696	1300.90002441406
531.762675753779	1296.59997558594
534.520452708569	1296.5
537.277311411375	1293.40002441406
540.03325244359	1294.69995117188
542.788276385682	1291.40002441406
545.54238381725	1296.30004882813
548.295575316938	1304.09997558594
551.047851462516	1295.40002441406
553.799212830831	1295.40002441406
556.549659997851	1294.19995117188
559.299193538643	1286
562.047814027381	1298.5
564.795522037318	1290.90002441406
567.542318140861	1291.30004882813
570.288202909507	1302.19995117188
573.033176913873	1290.80004882813
575.7772407237	1285.69995117188
578.520394907829	1294.80004882813
581.26264003424	1299.30004882813
584.003976670046	1304.80004882813
586.744405381469	1289.90002441406
589.483926733869	1290.80004882813
592.222541291746	1292.40002441406
594.96024961872	1291.19995117188
597.697052277563	1299.19995117188
600.432949830166	1295.19995117188
603.167942837587	1300.30004882813
605.902031860012	1289.09997558594
608.635217456783	1289.59997558594
611.367500186378	1290.30004882813
614.098880606429	1298.80004882813
616.82935927374	1297
619.558936744248	1298
622.287613573072	1302.09997558594
625.015390314457	1288.80004882813
627.742267521848	1291.19995117188
630.468245747829	1300.30004882813
633.193325544166	1294.5
635.917507461792	1295.5
638.640792050804	1287.40002441406
641.36317986048	1297.69995117188
644.084671439281	1290.59997558594
646.805267334845	1313.80004882813
649.524968093967	1305.59997558594
652.24377426266	1302.30004882813
654.961686386106	1304.59997558594
657.678705008678	1294.40002441406
660.394830673939	1298.09997558594
663.110063924628	1301.19995117188
665.824405302728	1304.69995117188
668.537855349351	1302.19995117188
671.250414604863	1290.90002441406
673.962083608812	1307.80004882813
676.672862899949	1308.40002441406
679.382753016218	1298.90002441406
682.091754494801	1296.19995117188
684.799867872061	1301.5
687.507093683595	1303.09997558594
690.213432464198	1301.69995117188
692.918884747899	1309.5
695.623451067937	1311.09997558594
698.327131956755	1302.69995117188
701.029927946065	1301
703.731839566754	1305
706.43286734896	1310.40002441406
709.133011822067	1312.80004882813
711.832273514658	1311.90002441406
714.53065295457	1306.5
717.228150668879	1305.59997558594
719.924767183889	1307.5
722.620503025148	1318.59997558594
725.315358717446	1315.09997558594
728.009334784827	1315.59997558594
730.702431750559	1311.5
733.394650137188	1314.90002441406
736.085990466498	1314.5
738.776453259519	1318.5
741.466039036542	1304.90002441406
744.154748317125	1309.80004882813
746.842581620074	1316.5
749.529539463458	1310.19995117188
752.215622364608	1321.90002441406
754.900830840131	1315.90002441406
757.585165405892	1323.40002441406
760.26862657703	1311.69995117188
762.951214867957	1324.80004882813
765.632930792356	1318.5
768.313774863181	1303.69995117188
770.993747592673	1310.19995117188
773.672849492359	1305.09997558594
776.351081073017	1307.40002441406
779.028442844757	1320.59997558594
781.704935316928	1310.80004882813
784.380558998208	1315.40002441406
787.055314396528	1309.5
789.729202019141	1311.80004882813
792.402222372581	1305.19995117188
795.074375962669	1306.30004882813
797.745663294537	1311.90002441406
800.416084872622	1312.5
803.085641200652	1308.5
805.754332781664	1319.59997558594
808.422160117986	1324.69995117188
811.089123711292	1314.90002441406
813.75522406252	1309
816.420461671951	1330.40002441406
819.084837039164	1324.80004882813
821.748350663067	1321.90002441406
824.411003041866	1315.30004882813
827.072794673116	1320.90002441406
829.733726053668	1328.69995117188
832.39379767971	1322.80004882813
835.05301004674	1329.90002441406
837.711363649601	1316.90002441406
840.368858982457	1312.5
843.025496538805	1333.30004882813
845.681276811467	1317.5
848.336200292618	1328.80004882813
850.99026747375	1335.59997558594
853.643478845713	1322.59997558594
856.29583489868	1330.69995117188
858.947336122176	1329.80004882813
861.59798300506	1332.5
864.247776035556	1332.09997558594
866.896715701222	1322.80004882813
869.544802488959	1313.80004882813
872.192036885046	1325.19995117188
874.838419375087	1331.59997558594
877.483950444054	1337.69995117188
880.128630576285	1330.5
882.772460255461	1318.69995117188
885.415439964628	1328.5
888.057570186211	1325.80004882813
890.698851401966	1325.69995117188
893.339284093045	1320.90002441406
895.978868739961	1335.80004882813
898.617605822596	1331.30004882813
901.255495820196	1340
903.892539211396	1344.80004882813
906.528736474184	1342.40002441406
909.164088085949	1326.40002441406
911.798594523442	1336.59997558594
914.432256262804	1326.69995117188
917.065073779549	1337.30004882813
919.697047548589	1339.69995117188
922.328178044212	1335.19995117188
924.9584657401	1341.30004882813
927.587911109317	1337.30004882813
930.216514624317	1339.5
932.844276756963	1352.59997558594
935.471197978488	1354.69995117188
938.097278759538	1355.09997558594
940.722519570163	1342.09997558594
943.346920879798	1350.19995117188
945.97048315729	1360.69995117188
948.593206870885	1335.19995117188
951.215092488219	1348.90002441406
953.836140476366	1339.59997558594
956.456351301787	1346.90002441406
959.07572543037	1347.80004882813
961.694263327369	1347.5
964.311965457521	1336.09997558594
966.928832284933	1347.09997558594
969.544864273135	1336.30004882813
972.160061885076	1342.5
974.774425583129	1335.59997558594
977.387955829099	1341.80004882813
980.000653084196	1333.80004882813
982.612517809061	1336
985.223550463768	1346.19995117188
987.833751507819	1347
990.443121400135	1340.80004882813
993.051660599081	1350.09997558594
995.659369562449	1340.80004882813
998.266248747469	1333.59997558594
1000.87229861081	1367.69995117188
1003.47751960857	1366
1006.0819121963	1370.40002441406
1008.68547682897	1340.5
1011.28821396104	1346.5
1013.89012404635	1341
1016.49120753824	1340.59997558594
1019.09146488947	1350
1021.69089655226	1342.80004882813
1024.28950297827	1336.90002441406
1026.88728461863	1332.19995117188
1029.48424192392	1347.19995117188
1032.08037534416	1343.5
1034.67568532886	1353.69995117188
1037.27017232694	1354.30004882813
1039.86383678682	1345.69995117188
1042.45667915637	1351.19995117188
1045.04869988293	1342.40002441406
1047.6398994133	1348.19995117188
1050.23027819374	1339.90002441406
1052.81983666998	1351.59997558594
1055.40857528724	1349.09997558594
1057.99649449018	1359.09997558594
1060.58359472296	1350.09997558594
1063.1698764292	1343.30004882813
1065.755340052	1343.59997558594
1068.33998603393	1354.90002441406
1070.92381481706	1348.30004882813
1073.50682684291	1360.40002441406
1076.08902255251	1351
1078.67040238637	1346.09997558594
1081.25096678445	1352.80004882813
1083.83071618624	1357.09997558594
1086.4096510307	1353.80004882813
1088.98777175629	1343.59997558594
1091.56507880094	1339.90002441406
1094.14157260208	1360.69995117188
1096.71725359664	1354
1099.29212222106	1355.19995117188
1101.86617891125	1347.5
1104.43942410262	1342.90002441406
1107.01185823011	1350.40002441406
1109.58348172812	1357.40002441406
1112.15429503057	1340.80004882813
1114.7242985709	1346.19995117188
1117.29349278203	1349
1119.86187809642	1349.09997558594
1122.42945494599	1358.5
1124.99622376222	1347.40002441406
1127.56218497606	1348
1130.12733901801	1349.69995117188
1132.69168631804	1357
1135.25522730568	1354.80004882813
1137.81796240995	1350.30004882813
1140.37989205941	1346.69995117188
1142.9410166821	1354
1145.50133670561	1337.09997558594
1148.06085255708	1353.30004882813
1150.61956466311	1337.80004882813
1153.17747344987	1339.30004882813
1155.73457934305	1348.90002441406
1158.29088276786	1350.40002441406
1160.84638414903	1349.69995117188
1163.40108391085	1351.59997558594
1165.95498247711	1348.90002441406
1168.50808027116	1352.40002441406
1171.06037771587	1347.5
1173.61187523364	1345.09997558594
1176.16257324643	1343.09997558594
1178.71247217573	1354.30004882813
1181.26157244255	1345.59997558594
1183.80987446746	1350.80004882813
1186.35737867059	1346.90002441406
1188.90408547157	1348.59997558594
1191.44999528961	1349.90002441406
1193.99510854347	1350.5
1196.53942565142	1359.80004882813
1199.08294703133	1338.09997558594
1201.62567310057	1354.90002441406
1204.16760427611	1358
1206.70874097445	1367.69995117188
1209.24908361163	1352.59997558594
1211.78863260327	1357
1214.32738836454	1360.80004882813
1216.86535131017	1355.30004882813
1219.40252185445	1353.80004882813
1221.93890041121	1352.69995117188
1224.47448739389	1363.80004882813
1227.00928321544	1367.30004882813
1229.54328828842	1364.90002441406
1232.07650302491	1376.09997558594
1234.60892783662	1377.40002441406
1237.14056313477	1368.40002441406
1239.67140933017	1371.69995117188
1242.2014668332	1371.40002441406
1244.73073605384	1373.80004882813
1247.25921740159	1376.40002441406
1249.78691128558	1373.80004882813
1252.31381811448	1373.19995117188
1254.83993829655	1368.30004882813
1257.36527223962	1381.5
1259.88982035112	1378.30004882813
1262.41358303803	1377.40002441406
1264.93656070696	1383.40002441406
1267.45875376405	1376.80004882813
1269.98016261505	1386
1272.50078766531	1380.19995117188
1275.02062931974	1386.90002441406
1277.53968798285	1370.90002441406
1280.05796405875	1381
1282.57545795112	1377.90002441406
1285.09217006325	1382.80004882813
1287.60810079802	1378.09997558594
1290.12325055788	1387.30004882813
1292.63761974492	1394.19995117188
1295.15120876079	1394.5
1297.66401800676	1389.30004882813
1300.17604788367	1387.09997558594
1302.687298792	1384.30004882813
1305.19777113181	1380.69995117188
1307.70746530274	1395.30004882813
1310.21638170408	1386.5
1312.7245207347	1394.69995117188
1315.23188279307	1415.09997558594
1317.73846827728	1407.59997558594
1320.24427758502	1393.09997558594
1322.74931111359	1398.59997558594
1325.25356925991	1400
1327.75705242051	1401
1330.25976099151	1408.69995117188
1332.76169536868	1399.5
1335.26285594737	1395.09997558594
1337.76324312256	1396.90002441406
1340.26285728887	1395
1342.76169884052	1394.90002441406
1345.25976817132	1384.5
1347.75706567474	1380.69995117188
1350.25359174387	1385.09997558594
1352.74934677141	1380.80004882813
1355.24433114968	1373.59997558594
1357.73854527062	1380.69995117188
1360.23198952583	1380.5
1362.7246643065	1386.59997558594
1365.21657000347	1373.69995117188
1367.7077070072	1368.30004882813
1370.19807570777	1370.40002441406
1372.68767649492	1380.19995117188
1375.176509758	1370
1377.66457588599	1373.5
1380.15187526753	1365.69995117188
1382.63840829087	1366.69995117188
1385.1241753439	1373.40002441406
1387.60917681417	1374.80004882813
1390.09341308884	1384.40002441406
1392.57688455474	1374.19995117188
1395.05959159829	1376.19995117188
1397.54153460562	1395.90002441406
1400.02271396243	1389.69995117188
1402.50313005414	1381.19995117188
1404.98278326576	1387.80004882813
1407.46167398196	1384.30004882813
1409.93980258707	1383
1412.41716946504	1397.40002441406
1414.89377499951	1388.09997558594
1417.36961957373	1384.59997558594
1419.84470357062	1384.09997558594
1422.31902737275	1387.09997558594
1424.79259136235	1391.40002441406
1427.26539592129	1380
1429.73744143111	1383.5
1432.20872827299	1393.5
1434.67925682777	1394.90002441406
1437.14902747597	1406.09997558594
1439.61804059773	1393.80004882813
1442.0862965729	1417.09997558594
1444.55379578093	1406.40002441406
1447.02053860099	1424.40002441406
1449.48652541188	1418.80004882813
1451.95175659206	1433.40002441406
1454.41623251969	1407.5
1456.87995357255	1417.09997558594
1459.34292012811	1392.5
1461.80513256351	1410.09997558594
1464.26659125557	1400.80004882813
1466.72729658073	1385.80004882813
1469.18724891517	1393.30004882813
1471.64644863469	1406.5
1474.10489611478	1389.19995117188
1476.5625917306	1393.90002441406
1479.01953585699	1378.5
1481.47572886844	1365.30004882813
1483.93117113917	1371.09997558594
1486.38586304302	1365.59997558594
1488.83980495354	1375.69995117188
1491.29299724395	1388.80004882813
1493.74544028715	1369.30004882813
1496.19713445573	1369.5
1498.64808012193	1374.40002441406
1501.09827765772	1374.59997558594
1503.54772743471	1379.90002441406
1505.99642982421	1380.5
1508.44438519723	1369.19995117188
1510.89159392446	1369.80004882813
1513.33805637625	1357.5
1515.78377292266	1371
1518.22874393346	1377.09997558594
1520.67296977806	1377.69995117188
1523.11645082559	1370.40002441406
1525.55918744488	1368.09997558594
1528.00118000444	1378.69995117188
1530.44242887245	1375
1532.88293441684	1372.30004882813
1535.32269700517	1376.40002441406
1537.76171700475	1374.40002441406
1540.19999478255	1380.90002441406
1542.63753070526	1378.30004882813
1545.07432513925	1373.90002441406
1547.5103784506	1380.59997558594
1549.94569100509	1383.90002441406
1552.38026316819	1394.30004882813
1554.8140953051	1377.40002441406
1557.24718778067	1384.19995117188
1559.67954095952	1385.30004882813
1562.11115520592	1385.80004882813
1564.54203088386	1382.5
1566.97216835704	1381.90002441406
1569.40156798888	1388.69995117188
1571.83023014248	1392.30004882813
1574.25815518067	1396.90002441406
1576.68534346597	1392.30004882813
1579.11179536062	1394
1581.53751122658	1385.30004882813
1583.9624914255	1384.30004882813
1586.38673631876	1388.69995117188
1588.81024626745	1390.80004882813
1591.23302163235	1391.30004882813
1593.655062774	1392.09997558594
1596.07637005262	1402.90002441406
1598.49694382815	1389.69995117188
1600.91678446025	1389.90002441406
1603.33589230831	1410.69995117188
1605.75426773142	1401.19995117188
1608.1719110884	1407.09997558594
1610.58882273779	1400.19995117188
1613.00500303784	1401.69995117188
1615.42045234654	1408.90002441406
1617.83517102158	1407.5
1620.24915942039	1421.09997558594
1622.66241790012	1563.80004882813
1625.07494681764	1447.80004882813
1627.48674652954	1422.5
1629.89781739216	1428.90002441406
1632.30815976152	1409
1634.71777399343	1424.40002441406
1637.12666044338	1421.40002441406
1639.53481946661	1419.5
1641.94225141808	1422.90002441406
1644.34895665248	1418.30004882813
1646.75493552424	1429.90002441406
1649.16018838752	1437
1651.56471559621	1456.90002441406
1653.96851750392	1429.69995117188
1656.37159446403	1442.5
1658.7739468296	1431.19995117188
1661.17557495349	1428.09997558594
1663.57647918824	1437.5
1665.97665988617	1425.90002441406
1668.37611739929	1423.09997558594
1670.77485207939	1412.19995117188
1673.17286427799	1401.40002441406
1675.57015434633	1409.69995117188
1677.96672263542	1423.5
1680.36256949598	1422.69995117188
1682.7576952785	1403.19995117188
1685.15210033318	1404.69995117188
1687.54578501	1393.5
1689.93874965866	1398.90002441406
1692.33099462861	1390.09997558594
1694.72252026904	1393.59997558594
1697.11332692889	1398.19995117188
1699.50341495686	1386.30004882813
1701.89278470137	1373.5
1704.28143651061	1372.5
1706.66937073251	1376
1709.05658771473	1376.59997558594
1711.44308780473	1381.90002441406
1713.82887134968	1379.90002441406
1716.21393869648	1385.09997558594
1718.59829019185	1387.90002441406
1720.98192618221	1380
1723.36484701374	1381.30004882813
1725.74705303238	1384.90002441406
1728.12854458384	1384.19995117188
1730.50932201356	1390.59997558594
1732.88938566673	1384.90002441406
1735.26873588834	1384.59997558594
1737.64737302307	1373.40002441406
1740.02529741544	1385.80004882813
1742.40250940964	1385.5
1744.77900934969	1381.5
1747.15479757933	1378.80004882813
1749.52987444206	1389.19995117188
1751.90424028116	1384.59997558594
1754.27789543967	1386.09997558594
1756.65084026037	1371.19995117188
1759.02307508582	1391.80004882813
1761.39460025833	1386.30004882813
1763.76541612	1379.69995117188
1766.13552301265	1390.80004882813
1768.50492127791	1384
1770.87361125714	1380.5
1773.2415932915	1390.09997558594
1775.60886772188	1387.40002441406
1777.97543488896	1381.19995117188
1780.34129513318	1384.59997558594
1782.70644879475	1388.40002441406
1785.07089621365	1388.40002441406
1787.43463772964	1370.59997558594
1789.7976736822	1375.19995117188
1792.16000441066	1378.19995117188
1794.52163025405	1380.59997558594
1796.88255155121	1382.90002441406
1799.24276864074	1378.19995117188
1801.60228186102	1382.5
1803.96109155019	1386.40002441406
1806.31919804618	1372.09997558594
1808.67660168668	1375.80004882813
1811.03330280916	1384.69995117188
1813.38930175088	1382.19995117188
1815.74459884884	1397.40002441406
1818.09919443984	1370.5
1820.45308886047	1391.40002441406
1822.80628244708	1390
1825.1587755358	1378.90002441406
1827.51056846254	1381.40002441406
1829.86166156297	1383.09997558594
1832.21205517258	1383
1834.56174962661	1379.5
1836.91074526009	1387.5
1839.25904240783	1393.90002441406
1841.60664140443	1385.30004882813
1843.95354258425	1387.90002441406
1846.29974628146	1376.80004882813
1848.64525282998	1389.69995117188
1850.99006256356	1380.09997558594
1853.3341758157	1387.80004882813
1855.67759291968	1384
1858.02031420858	1381.19995117188
1860.36234001528	1393.80004882813
1862.70367067241	1394.80004882813
1865.04430651244	1383.80004882813
1867.38424786755	1387.90002441406
1869.72349506978	1390.90002441406
1872.06204845094	1388.69995117188
1874.39990834258	1382.19995117188
1876.73707507612	1387.40002441406
1879.07354898269	1395.09997558594
1881.40933039328	1395.40002441406
1883.74441963861	1385.30004882813
1886.07881704925	1395.90002441406
1888.41252295551	1391.59997558594
1890.74553768751	1383.40002441406
1893.07786157519	1394.30004882813
1895.40949494822	1381
1897.74043813615	1390.40002441406
1900.07069146823	1380.19995117188
1902.40025527357	1377.30004882813
1904.72912988106	1393.30004882813
1907.05731561938	1381.80004882813
1909.38481281699	1392.40002441406
1911.71162180217	1392.90002441406
1914.037742903	1382.69995117188
1916.36317644734	1384.5
1918.68792276284	1396.69995117188
1921.01198217697	1394.69995117188
1923.33535501699	1397
1925.65804160996	1398.19995117188
1927.98004228273	1376.69995117188
1930.30135736196	1375.69995117188
1932.6219871741	1387.40002441406
1934.94193204543	1387.80004882813
1937.26119230198	1403.90002441406
1939.57976826962	1397
1941.89766027402	1393.90002441406
1944.21486864062	1378.19995117188
1946.53139369472	1386.59997558594
1948.84723576137	1386.80004882813
1951.16239516543	1382.69995117188
1953.47687223159	1380.59997558594
1955.79066728434	1403.69995117188
1958.10378064794	1404.80004882813
1960.4162126465	1382.59997558594
1962.7279636039	1392
1965.03903384385	1394.69995117188
1967.34942368987	1398.5
1969.65913346524	1394.90002441406
1971.96816349311	1400.59997558594
1974.2765140964	1386.5
1976.58418559784	1396
1978.89117831997	1395
1981.19749258516	1390.09997558594
1983.50312871555	1386.40002441406
1985.80808703313	1401.5
1988.11236785967	1403.30004882813
1990.41597151676	1395.40002441406
1992.71889832581	1403.90002441406
1995.02114860801	1389.09997558594
1997.3227226844	1402.09997558594
1999.62362087581	1403.5
2001.92384350288	1402.09997558594
2004.22339088608	1402.90002441406
2006.52226334567	1397.40002441406
2008.82046120173	1392.30004882813
2011.11798477417	1396
2013.41483438269	1398.69995117188
2015.71101034681	1403.5
2018.00651298588	1397.5
2020.30134261905	1407.80004882813
2022.59549956528	1412.90002441406
2024.88898414337	1393.40002441406
2027.1817966719	1388.80004882813
2029.4739374693	1406
2031.76540685379	1396.80004882813
2034.05620514342	1395.19995117188
2036.34633265607	1393.69995117188
2038.6357897094	1399.5
2040.92457662092	1396.5
2043.21269370795	1400.5
2045.50014128763	1394.30004882813
2047.78691967691	1399.80004882813
2050.07302919256	1403.40002441406
2052.35847015118	1398.90002441406
2054.64324286919	1412.19995117188
2056.9273476628	1390.09997558594
2059.21078484808	1404.69995117188
2061.4935547409	1403.40002441406
2063.77565765696	1393.59997558594
2066.05709391176	1408.69995117188
2068.33786382065	1399.80004882813
2070.61796769879	1393
2072.89740586116	1388.69995117188
2075.17617862255	1392.90002441406
2077.45428629759	1395.30004882813
2079.73172920075	1397.80004882813
2082.00850764627	1413
2084.28462194827	1392.40002441406
2086.56007242065	1399.40002441406
2088.83485937717	1400
2091.10898313139	1402.19995117188
2093.3824439967	1414
2095.65524228632	1393.19995117188
2097.92737831328	1402.90002441406
2100.19885239047	1410.80004882813
2102.46966483057	1407.90002441406
2104.7398159461	1407.09997558594
2107.00930604941	1399.40002441406
2109.27813545267	1404
2111.54630446787	1413
2113.81381340685	1400.40002441406
2116.08066258126	1408.30004882813
2118.34685230257	1389.5
2120.61238288211	1406.69995117188
2122.87725463099	1394.5
2125.1414678602	1404.40002441406
2127.40502288052	1410.69995117188
2129.66792000257	1402.69995117188
2131.93015953682	1406.59997558594
2134.19174179353	1405.30004882813
2136.45266708282	1398.30004882813
2138.71293571463	1405.19995117188
2140.97254799873	1406.90002441406
2143.23150424473	1398.90002441406
2145.48980476205	1419
2147.74744985996	1431.09997558594
2150.00443984754	1410.09997558594
2152.26077503373	1411.40002441406
2154.51645572728	1403.30004882813
2156.77148223677	1406.40002441406
2159.02585487064	1417.90002441406
2161.27957393713	1409.09997558594
2163.53263974432	1399.59997558594
2165.78505260012	1413.19995117188
2168.0368128123	1403.19995117188
2170.28792068844	1411.69995117188
2172.53837653595	1403.59997558594
2174.78818066207	1410.90002441406
2177.03733337389	1407.90002441406
2179.28583497833	1403.59997558594
2181.53368578214	1407.5
2183.78088609192	1405.5
2186.02743621406	1397.40002441406
2188.27333645484	1402.80004882813
2190.51858712033	1394.5
2192.76318851646	1400.80004882813
2195.00714094901	1402.40002441406
2197.25044472354	1406.09997558594
2199.49310014551	1411
2201.73510752018	1411.40002441406
2203.97646715265	1392.30004882813
2206.21717934786	1410.69995117188
2208.45724441058	1419.90002441406
2210.69666264543	1406.5
2212.93543435686	1409.5
2215.17355984914	1398.80004882813
2217.41103942642	1403.59997558594
2219.64787339264	1393.5
2221.8840620516	1402.09997558594
2224.11960570695	1405.19995117188
2226.35450466215	1406
2228.58875922051	1410.19995117188
2230.82236968518	1403.30004882813
2233.05533635916	1407.59997558594
2235.28765954527	1411.19995117188
2237.51933954617	1407
2239.75037666437	1408.09997558594
2241.98077120221	1398.5
2244.21052346188	1419.5
2246.4396337454	1415.59997558594
2248.66810235461	1414.90002441406
2250.89592959125	1405.5
2253.12311575681	1423.90002441406
2255.34966115272	1410.59997558594
2257.57556608017	1403.30004882813
2259.80083084023	1416.69995117188
2262.02545573381	1406.30004882813
2264.24944106163	1408
2266.47278712429	1407.80004882813
2268.69549422221	1420.59997558594
2270.91756265564	1411.69995117188
2273.1389927247	1413.80004882813
2275.35978472934	1406.80004882813
2277.57993896933	1418.19995117188
2279.79945574431	1405.30004882813
2282.01833535375	1397.09997558594
2284.23657809696	1412.5
2286.45418427309	1401.59997558594
2288.67115418114	1409.90002441406
2290.88748811995	1409.80004882813
2293.10318638819	1402.90002441406
2295.3182492844	1413.59997558594
2297.53267710693	1411.19995117188
2299.746470154	1395.69995117188
2301.95962872364	1405.19995117188
2304.17215311376	1414.19995117188
2306.3840436221	1415
2308.59530054621	1408.09997558594
2310.80592418354	1407.90002441406
2313.01591483134	1418.09997558594
2315.22527278673	1398.40002441406
2317.43399834666	1411.69995117188
2319.64209180791	1398.59997558594
2321.84955346713	1417.19995117188
2324.05638362079	1401.80004882813
2326.26258256524	1417
2328.46815059664	1411.19995117188
2330.67308801098	1404.19995117188
2332.87739510415	1413
2335.08107217184	1412.40002441406
2337.2841195096	1418.19995117188
2339.48653741281	1414.69995117188
2341.68832617672	1418.09997558594
2343.8894860964	1406.40002441406
2346.09001746678	1406.19995117188
2348.28992058261	1402.90002441406
2350.48919573852	1404.40002441406
2352.68784322898	1413.40002441406
2354.88586334826	1403.80004882813
2357.08325639055	1409.09997558594
2359.2800226498	1412.30004882813
2361.47616241988	1408.5
2363.67167599445	1414.19995117188
2365.86656366706	1423.19995117188
2368.06082573107	1421
2370.2544624797	1410
2372.44747420603	1412.19995117188
2374.63986120295	1412.40002441406
2376.83162376322	1418.09997558594
2379.02276217945	1409.80004882813
2381.21327674408	1407.80004882813
2383.4031677494	1418
2385.59243548756	1412.80004882813
2387.78108025053	1419
2389.96910233014	1412.30004882813
2392.15650201809	1416.69995117188
2394.34327960587	1421.09997558594
2396.52943538486	1410.09997558594
2398.71496964628	1402.40002441406
2400.89988268118	1417.59997558594
2403.08417478048	1413.90002441406
2405.26784623491	1419.5
2407.45089733509	1425
2409.63332837146	1415.90002441406
2411.81513963429	1416
2413.99633141375	1411.30004882813
2416.1769039998	1411.30004882813
2418.35685768227	1413.19995117188
2420.53619275084	1414.30004882813
2422.71490949505	1414.90002441406
2424.89300820425	1411.59997558594
2427.07048916765	1408.59997558594
2429.24735267433	1413.30004882813
2431.42359901319	1404.5
2433.59922847297	1414.30004882813
2435.7742413423	1410.30004882813
2437.94863790961	1405.40002441406
2440.12241846321	1400.40002441406
2442.29558329121	1396.5
2444.46813268162	1412
2446.64006692228	1417.09997558594
2448.81138630086	1396.09997558594
2450.98209110489	1423.69995117188
2453.15218162174	1415.5
2455.32165813864	1413.40002441406
2457.49052094265	1407.59997558594
2459.65877032069	1410.30004882813
2461.8264065595	1425.09997558594
2463.99342994572	1416.19995117188
2466.15984076579	1423.80004882813
2468.325639306	1411.40002441406
2470.49082585251	1420.80004882813
2472.65540069131	1417.69995117188
2474.81936410824	1412.69995117188
2476.98271638899	1417.80004882813
2479.14545781909	1418.30004882813
2481.30758868392	1422.90002441406
2483.4691092687	1411.40002441406
2485.63001985852	1415.80004882813
2487.79032073829	1417.19995117188
2489.95001219277	1396.19995117188
2492.10909450659	1422.09997558594
2494.26756796419	1427.19995117188
2496.42543284989	1425.90002441406
2498.58268944783	1421.30004882813
2500.73933804202	1413.30004882813
2502.8953789163	1415.40002441406
2505.05081235436	1415.09997558594
2507.20563863974	1409.19995117188
2509.35985805582	1424.09997558594
2511.51347088583	1429.09997558594
2513.66647741285	1428.30004882813
2515.81887791981	1415.30004882813
2517.97067268946	1431.69995117188
2520.12186200443	1420.40002441406
2522.27244614716	1413.5
2524.42242539999	1411
2526.57180004504	1423
2528.72057036433	1422.5
2530.8687366397	1413.5
2533.01629915284	1415.09997558594
2535.16325818527	1417.90002441406
2537.30961401839	1417.30004882813
2539.45536693343	1417.19995117188
2541.60051721145	1414.30004882813
2543.74506513338	1414.69995117188
2545.88901097997	1409
2548.03235503185	1424.09997558594
2550.17509756946	1422.69995117188
2552.31723887311	1425.59997558594
2554.45877922293	1417.90002441406
2556.59971889893	1417.80004882813
2558.74005818094	1412.69995117188
2560.87979734864	1417.40002441406
2563.01893668155	1417.30004882813
2565.15747645906	1408.19995117188
2567.29541696037	1418.69995117188
2569.43275846454	1414.80004882813
2571.56950125049	1415.90002441406
2573.70564559696	1415.30004882813
2575.84119178254	1417.40002441406
2577.97614008569	1435.19995117188
2580.11049078468	1423.30004882813
2582.24424415764	1428.5
2584.37740048255	1414.30004882813
2586.50996003722	1416
2588.64192309931	1411.90002441406
2590.77328994634	1416.09997558594
2592.90406085564	1413.69995117188
2595.03423610442	1403.30004882813
2597.16381596971	1415.90002441406
2599.29280072839	1422.30004882813
2601.42119065719	1412.40002441406
2603.54898603267	1424.90002441406
2605.67618713125	1410.30004882813
2607.80279422919	1420.5
2609.92880760257	1424.19995117188
2612.05422752735	1429.59997558594
2614.17905427932	1419.90002441406
2616.30328813408	1417.80004882813
2618.42692936713	1419.40002441406
2620.54997825377	1431.40002441406
2622.67243506915	1423.19995117188
2624.79430008828	1425
2626.915573586	1420.80004882813
2629.03625583699	1422.40002441406
2631.15634711579	1423.5
2633.27584769675	1431.09997558594
2635.39475785408	1422.5
2637.51307786185	1424
2639.63080799394	1419.69995117188
2641.74794852409	1428.19995117188
2643.86449972589	1418.30004882813
2645.98046187273	1431.40002441406
2648.0958352379	1429.09997558594
2650.21062009449	1423.19995117188
2652.32481671544	1410.19995117188
2654.43842537353	1417
2656.5514463414	1424
2658.66387989151	1425.69995117188
2660.77572629616	1425.40002441406
2662.88698582751	1416.80004882813
2664.99765875753	1425.69995117188
2667.10774535806	1436.90002441406
2669.21724590076	1435.5
2671.32616065714	1428.80004882813
2673.43448989857	1416.5
2675.5422338962	1421.90002441406
2677.64939292108	1426.90002441406
2679.75596724408	1425.19995117188
2681.86195713589	1412.09997558594
2683.96736286707	1426.09997558594
2686.07218470799	1443.59997558594
2688.17642292889	1417.69995117188
2690.28007779982	1417.80004882813
2692.38314959069	1426.40002441406
2694.48563857123	1419.09997558594
2696.58754501103	1409.09997558594
2698.6888691795	1435
2700.78961134588	1426.30004882813
2702.8897717793	1420.90002441406
2704.98935074864	1421
2707.08834852271	1422.19995117188
2709.18676537009	1421.69995117188
2711.28460155925	1438.59997558594
2713.38185735843	1424.19995117188
2715.47853303577	1423.40002441406
2717.57462885924	1426.59997558594
2719.67014509659	1433.80004882813
2721.76508201548	1431.40002441406
2723.85943988337	1430
2725.95321896754	1431.80004882813
2728.04641953515	1428.90002441406
2730.13904185316	1429.5
2732.23108618837	1432.5
2734.32255280744	1428.5
2736.41344197683	1433.5
2738.50375396288	1438
2740.5934890317	1451.19995117188
2742.68264744932	1422.69995117188
2744.77122948153	1433.30004882813
2746.85923539398	1445.80004882813
2748.94666545217	1440
2751.03351992142	1428.5
2753.11979906688	1436.30004882813
2755.20550315355	1420.90002441406
2757.29063244624	1443.19995117188
2759.37518720963	1435.30004882813
2761.45916770819	1432.69995117188
2763.54257420625	1428.5
2765.62540696797	1440.19995117188
2767.70766625733	1425.40002441406
2769.78935233816	1433.59997558594
2771.87046547413	1436
2773.95100592869	1428.5
2776.03097396519	1432.30004882813
2778.11036984677	1440.09997558594
2780.18919383641	1419.19995117188
2782.26744619693	1435.5
2784.34512719097	1433.59997558594
2786.42223708102	1426
2788.49877612937	1419
2790.57474459816	1429.30004882813
2792.65014274937	1434.30004882813
2794.7249708448	1437.40002441406
2796.79922914607	1439.80004882813
2798.87291791465	1428.80004882813
2800.94603741181	1445.30004882813
2803.01858789869	1438.59997558594
2805.09056963623	1434
2807.1619828852	1437.40002441406
2809.23282790621	1433.90002441406
2811.30310495971	1440.5
2813.37281430593	1440.80004882813
2815.441956205	1434.90002441406
2817.51053091682	1433.09997558594
2819.57853870114	1432.30004882813
2821.64597981753	1438
2823.7128545254	1450.09997558594
2825.77916308399	1447.69995117188
2827.84490575233	1437.90002441406
2829.91008278933	1447.09997558594
2831.97469445369	1449.59997558594
2834.03874100395	1455.09997558594
2836.10222269847	1449.09997558594
2838.16513979544	1452.69995117188
2840.22749255288	1422.19995117188
2842.28928122863	1453.80004882813
2844.35050608034	1456.80004882813
2846.41116736553	1473.80004882813
2848.47126534149	1470.09997558594
2850.53080026537	1460.30004882813
2852.58977239414	1469.69995117188
2854.64818198459	1491.5
2856.70602929332	1486.80004882813
2858.76331457678	1504.30004882813
2860.82003809123	1521.30004882813
2862.87620009274	1525.30004882813
2864.93180083723	1517.69995117188
2866.98684058043	1544.5
2869.04131957789	1548.40002441406
2871.09523808497	1576
2873.14859635689	1573.59997558594
2875.20139464866	1571.40002441406
2877.2536332151	1582.40002441406
2879.30531231091	1579.59997558594
2881.35643219054	1572.59997558594
2883.40699310831	1569.59997558594
2885.45699531834	1569
2887.50643907457	1578
2889.55532463077	1582.80004882813
2891.60365224053	1581
2893.65142215724	1593.30004882813
2895.69863463414	1582.59997558594
2897.74528992426	1606.90002441406
2899.79138828046	1593.5
2901.83692995544	1613.30004882813
2903.88191520168	1603
2905.92634427151	1609.80004882813
2907.97021741706	1620.30004882813
2910.01353489027	1617.80004882813
2912.05629694294	1651.5
2914.09850382663	1647.5
2916.14015579276	1671.5
2918.18125309254	1691
2920.22179597702	1682.30004882813
2922.26178469705	1691.69995117188
2924.30121950329	1732
2926.34010064624	1730.80004882813
2928.37842837619	1751.30004882813
2930.41620294326	1749.69995117188
2932.45342459737	1755.59997558594
2934.49009358828	1750.30004882813
2936.52621016555	1735
2938.56177457854	1749.19995117188
2940.59678707645	1747.59997558594
2942.63124790827	1747.90002441406
2944.66515732282	1732.90002441406
2946.69851556873	1733.59997558594
2948.73132289443	1691.80004882813
2950.76357954817	1689.30004882813
2952.79528577803	1662
2954.82644183188	1668.90002441406
2956.85704795741	1659
2958.8871044021	1653.5
2960.91661141328	1648.59997558594
2962.94556923807	1632.69995117188
2964.97397812339	1643.19995117188
2967.00183831598	1649.80004882813
2969.0291500624	1617.59997558594
2971.05591360902	1639.69995117188
2973.08212920199	1648
2975.1077970873	1636.30004882813
2977.13291751074	1639
2979.1574907179	1630.80004882813
2981.18151695419	1611.80004882813
2983.20499646482	1608.90002441406
2985.2279294948	1585.40002441406
2987.25031628898	1588.30004882813
2989.27215709199	1590.09997558594
2991.29345214825	1580.09997558594
2993.31420170204	1579.19995117188
2995.33440599738	1564.59997558594
2997.35406527816	1569
2999.37317978802	1561.69995117188
3001.39174977045	1547.19995117188
3003.40977546872	1549
3005.42725712591	1553.40002441406
3007.44419498491	1542.80004882813
3009.4605892884	1537.80004882813
3011.47644027889	1520.59997558594
3013.49174819865	1531.19995117188
3015.5065132898	1536.19995117188
3017.52073579424	1537.5
3019.53441595366	1523.30004882813
3021.54755400959	1527.09997558594
3023.56015020332	1525.30004882813
3025.57220477598	1516.19995117188
3027.58371796846	1518.59997558594
3029.5946900215	1539.59997558594
3031.6051211756	1518.40002441406
3033.61501167107	1527
3035.62436174803	1530.19995117188
3037.6331716464	1521.09997558594
3039.64144160588	1537.30004882813
3041.649171866	1524.19995117188
3043.65636266607	1532
3045.6630142452	1551.30004882813
3047.66912684229	1547.30004882813
3049.67470069605	1554.80004882813
3051.679736045	1547.19995117188
3053.68423312742	1541.5
3055.68819218143	1557
3057.6916134449	1567.40002441406
3059.69449715556	1563.40002441406
3061.69684355086	1580.90002441406
3063.6986528681	1568.90002441406
3065.69992534437	1576.30004882813
3067.70066121653	1566.59997558594
3069.70086072126	1562.80004882813
3071.700524095	1570.59997558594
3073.69965157405	1578.40002441406
3075.69824339442	1556.90002441406
3077.69629979197	1563.30004882813
3079.69382100235	1571.5
3081.69080726098	1559.90002441406
3083.68725880307	1561.90002441406
3085.68317586366	1578.5
3087.67855867755	1593.09997558594
3089.67340747933	1571.59997558594
3091.6677225034	1578.5
3093.66150398392	1569.90002441406
3095.6547521549	1585.80004882813
3097.64746725006	1590.30004882813
3099.63964950297	1592.40002441406
3101.63129914698	1599.5
3103.6224164152	1575.59997558594
3105.61300154056	1592.40002441406
3107.60305475576	1599.09997558594
3109.59257629331	1616.40002441406
3111.58156638547	1600
3113.57002526432	1611.40002441406
3115.55795316172	1613.90002441406
3117.54535030932	1612.80004882813
3119.53221693853	1620.40002441406
3121.51855328057	1628.90002441406
3123.50435956646	1628.19995117188
3125.48963602698	1635.80004882813
3127.4743828927	1643.90002441406
3129.45860039397	1652.30004882813
3131.44228876093	1662
3133.42544822353	1658.90002441406
3135.40807901145	1672.30004882813
3137.39018135418	1667.40002441406
3139.37175548102	1677.40002441406
3141.35280162101	1670.80004882813
3143.33332000299	1680
3145.31331085559	1673.30004882813
3147.2927744072	1669.09997558594
3149.27171088602	1684.69995117188
3151.25012052	1697
3153.22800353689	1680
3155.20536016422	1706
3157.18219062929	1703.40002441406
3159.15849515918	1690.90002441406
3161.13427398075	1712.59997558594
3163.10952732066	1710.30004882813
3165.08425540532	1713
3167.05845846092	1727.19995117188
3169.03213671344	1723.80004882813
3171.00529038863	1721.59997558594
3172.97791971203	1741.5
3174.95002490893	1742.80004882813
3176.92160620443	1750
3178.89266382337	1765.5
3180.8631979904	1740.59997558594
3182.83320892991	1763.40002441406
3184.80269686609	1755.5
3186.77166202289	1766.80004882813
3188.74010462406	1747.09997558594
3190.70802489307	1773.80004882813
3192.67542305323	1768.09997558594
3194.64229932757	1760.19995117188
3196.60865393892	1769.19995117188
3198.57448710987	1771.59997558594
3200.53979906279	1774.80004882813
3202.50459001981	1774.30004882813
3204.46886020284	1800.30004882813
3206.43260983356	1778.69995117188
3208.39583913341	1792.40002441406
3210.35854832362	1798.5
3212.32073762517	1801.80004882813
3214.28240725881	1802
3216.24355744508	1811.19995117188
3218.20418840426	1802
3220.16430035642	1825.5
3222.12389352137	1801.90002441406
3224.08296811873	1806.40002441406
3226.04152436784	1828.40002441406
3227.99956248784	1830.80004882813
3229.95708269762	1834.69995117188
3231.91408521584	1816.09997558594
3233.87057026092	1803.09997558594
3235.82653805105	1826.09997558594
3237.78198880419	1847.30004882813
3239.73692273806	1833.19995117188
3241.69134007013	1837.90002441406
3243.64524101764	1844
3245.59862579761	1830.90002441406
3247.55149462681	1837
3249.50384772176	1837.90002441406
3251.45568529877	1842.69995117188
3253.40700757387	1845.40002441406
3255.35781476288	1855.40002441406
3257.3081070814	1827.19995117188
3259.25788474473	1862.5
3261.20714796799	1845.30004882813
3263.15589696602	1862.5
3265.10413195345	1849.09997558594
3267.05185314463	1865.40002441406
3268.9990607537	1861.90002441406
3270.94575499455	1861.69995117188
3272.89193608081	1848.5
3274.8376042259	1868.09997558594
3276.78275964296	1866.69995117188
3278.72740254492	1859.30004882813
3280.67153314443	1838.09997558594
3282.61515165393	1852.40002441406
3284.55825828559	1861.5
3286.50085325135	1874.5
3288.44293676289	1873.19995117188
3290.38450903165	1874.30004882813
3292.32557026883	1878.40002441406
3294.26612068537	1876.09997558594
3296.20616049198	1870.5
3298.14568989911	1879.30004882813
3300.08470911695	1866.40002441406
3302.02321835546	1869.69995117188
3303.96121782435	1865.40002441406
3305.89870773306	1869.80004882813
3307.83568829081	1858.19995117188
3309.77215970655	1854.80004882813
3311.70812218898	1887
3313.64357594655	1864.19995117188
3315.57852118747	1872.90002441406
3317.51295811968	1872.90002441406
3319.44688695087	1850.40002441406
3321.38030788849	1869.5
3323.31322113973	1866.5
3325.24562691152	1877.40002441406
3327.17752541055	1875.40002441406
3329.10891684322	1871.90002441406
3331.03980141573	1877.5
3332.97017933399	1869.19995117188
3334.90005080364	1870
3336.82941603011	1896.69995117188
3338.75827521852	1883.59997558594
3340.68662857377	1897.40002441406
3342.6144763005	1883.59997558594
3344.54181860308	1875
3346.46865568561	1888.30004882813
3348.39498775195	1888.19995117188
3350.32081500571	1872.30004882813
3352.24613765022	1878.80004882813
3354.17095588855	1891.40002441406
3356.09526992352	1894.30004882813
3358.01907995769	1883
3359.94238619334	1889
3361.86518883251	1893.40002441406
3363.78748807697	1890.69995117188
3365.70928412823	1906
3367.63057718752	1902.09997558594
3369.55136745582	1903.5
3371.47165513386	1918.69995117188
3373.39144042208	1911.80004882813
3375.31072352066	1901.19995117188
3377.22950462953	1899.69995117188
3379.14778394834	1880.40002441406
3381.06556167648	1907.19995117188
3382.98283801308	1891.19995117188
3384.89961315697	1917.09997558594
3386.81588730676	1903.40002441406
3388.73166066076	1923.40002441406
3390.64693341702	1916.5
3392.56170577332	1897.90002441406
3394.47597792716	1921.30004882813
3396.38975007581	1896.59997558594
3398.30302241623	1890.80004882813
3400.21579514512	1923.59997558594
3402.1280684589	1904.19995117188
3404.03984255374	1873.09997558594
3405.95111762553	1905.19995117188
3407.86189386987	1912.90002441406
3409.77217148212	1906.80004882813
3411.68195065733	1903.90002441406
3413.5912315903	1902.90002441406
3415.50001447556	1924.09997558594
3417.40829950735	1905.09997558594
3419.31608687963	1895.09997558594
3421.22337678611	1890.30004882813
3423.1301694202	1903.69995117188
3425.03646497504	1895
3426.9422636435	1924
3428.84756561816	1902.40002441406
3430.75237109135	1897.69995117188
3432.65668025508	1902.59997558594
3434.56049330112	1897.59997558594
3436.46381042093	1910.30004882813
3438.36663180571	1903.19995117188
3440.26895764638	1887.40002441406
3442.17078813357	1892
3444.07212345762	1897.30004882813
3445.97296380863	1875.69995117188
3447.87330937636	1880
3449.77316035033	1888.09997558594
3451.67251691977	1896.80004882813
3453.57137927361	1874.40002441406
3455.46974760052	1883.69995117188
3457.36762208886	1883.69995117188
3459.26500292671	1879.5
3461.16189030191	1863.09997558594
3463.05828440194	1849.5
3464.95418541406	1860.40002441406
3466.84959352519	1851.40002441406
3468.74450892201	1860.30004882813
3470.63893179088	1844.69995117188
3472.53286231788	1840.90002441406
3474.42630068881	1856
3476.31924708918	1836.19995117188
3478.2117017042	1842.69995117188
3480.1036647188	1841.19995117188
3481.99513631761	1850.90002441406
3483.88611668498	1840.30004882813
3485.77660600498	1818.59997558594
3487.66660446135	1830.09997558594
3489.55611223758	1844.19995117188
3491.44512951683	1811.30004882813
3493.333656482	1829.09997558594
3495.22169331568	1811.69995117188
3497.10924020016	1802.19995117188
3498.99629731746	1816
3500.88286484927	1775.09997558594
3502.76894297702	1798.5
3504.65453188182	1778.90002441406
3506.53963174449	1788
3508.42424274555	1791.30004882813
3510.30836506524	1778.5
3512.19199888349	1764.69995117188
3514.07514437992	1774.90002441406
3515.95780173387	1771.59997558594
3517.83997112437	1755.19995117188
3519.72165273016	1760.90002441406
3521.60284672967	1738.90002441406
3523.48355330104	1737.19995117188
3525.36377262208	1748.30004882813
3527.24350487035	1728.69995117188
3529.12275022306	1715.90002441406
3531.00150885715	1730.59997558594
3532.87978094923	1723.69995117188
3534.75756667562	1709.30004882813
3536.63486621235	1725.19995117188
3538.51167973512	1693.59997558594
3540.38800741934	1698.19995117188
3542.26384944011	1706
3544.13920597223	1696.59997558594
3546.01407719018	1698.90002441406
3547.88846326815	1682.30004882813
3549.76236438002	1688.19995117188
3551.63578069934	1684.90002441406
3553.50871239938	1682.69995117188
3555.38115965309	1683.5
3557.25312263311	1677
3559.12460151177	1649.90002441406
3560.99559646109	1646.09997558594
3562.86610765279	1671.19995117188
3564.73613525825	1673.80004882813
3566.60567944857	1655.40002441406
3568.47474039453	1655.19995117188
3570.34331826658	1641.5
3572.21141323487	1646
3574.07902546925	1642.19995117188
3575.94615513922	1660.90002441406
3577.81280241401	1638.19995117188
3579.67896746249	1641.59997558594
3581.54465045325	1635
3583.40985155455	1633.09997558594
3585.27457093432	1628.80004882813
3587.1388087602	1633.5
3589.00256519949	1632.69995117188
3590.86584041919	1634.09997558594
3592.72863458597	1621.80004882813
3594.59094786618	1629.90002441406
3596.45278042585	1620.19995117188
3598.31413243069	1614.09997558594
3600.17500404611	1606.80004882813
3602.03539543717	1604.5
3603.89530676861	1609.90002441406
3605.75473820488	1600.30004882813
3607.61368991007	1599.09997558594
3609.47216204797	1595.59997558594
3611.33015478203	1613.40002441406
3613.18766827539	1586.69995117188
3615.04470269087	1598
3616.90125819094	1586.69995117188
3618.75733493776	1593
3620.61293309318	1572.69995117188
3622.46805281869	1552.19995117188
3624.32269427547	1576.69995117188
3626.17685762439	1595.19995117188
3628.03054302596	1557.19995117188
3629.88375064038	1563.40002441406
3631.73648062751	1565.40002441406
3633.5887331469	1564.5
3635.44050835775	1556.09997558594
3637.29180641893	1547
3639.14262748899	1550.59997558594
3640.99297172614	1556
3642.84283928828	1548.59997558594
3644.69223033294	1538.69995117188
3646.54114501734	1531.59997558594
3648.38958349836	1536.5
3650.23754593256	1539.69995117188
3652.08503247614	1520.69995117188
3653.93204328497	1524.40002441406
3655.77857851462	1538.5
3657.62463832028	1529.69995117188
3659.47022285682	1527.69995117188
3661.31533227877	1517.30004882813
3663.15996674033	1513.59997558594
3665.00412639535	1521.69995117188
3666.84781139736	1489.69995117188
3668.69102189953	1491.80004882813
3670.5337580547	1502
3672.37602001537	1476.59997558594
3674.21780793368	1487.59997558594
3676.05912196148	1469.09997558594
3677.89996225021	1486
3679.74032895103	1475.90002441406
3681.58022221471	1476.69995117188
3683.41964219171	1479.80004882813
3685.25858903211	1462.90002441406
3687.0970628857	1471.5
3688.93506390186	1472.19995117188
3690.77259222968	1474
3692.60964801787	1473.09997558594
3694.44623141481	1464.5
3696.28234256853	1455.69995117188
3698.11798162669	1464.19995117188
3699.95314873665	1434.5
3701.78784404537	1461.90002441406
3703.62206769951	1439.40002441406
3705.45581984533	1449
3707.28910062877	1462.30004882813
3709.12191019542	1458.69995117188
3710.95424869052	1447.90002441406
3712.78611625894	1443
3714.6175130452	1439.5
3716.44843919349	1437
3718.27889484764	1437.59997558594
3720.1088801511	1441.5
3721.93839524699	1445.80004882813
3723.76744027808	1446.69995117188
3725.59601538677	1454
3727.4241207151	1433.5
