40.2973356941271	1151.40002441406
43.2236257608418	1151.5
46.1488808466109	1154.69995117188
49.0731017336173	1155.40002441406
51.9962892025666	1153.5
54.9184440327569	1157.59997558594
57.8395670020446	1164.80004882813
60.7596588868509	1167.80004882813
63.6787204621708	1173.80004882813
66.5967525015794	1184.90002441406
69.5137557772381	1193
72.4297310598838	1201.40002441406
75.3446791188512	1215.80004882813
78.2586007220466	1246.19995117188
81.1714966360015	1270.40002441406
84.0833676258266	1297.40002441406
86.994214455242	1343.40002441406
89.9040378865662	1397.40002441406
92.8128386807427	1408
95.7206175973133	1443.40002441406
98.6273753944444	1466.19995117188
101.533112828928	1477
104.437830656161	1467.80004882813
107.34152963018	1475.69995117188
110.244210503676	1458.90002441406
113.145874027931	1445.59997558594
116.046520952895	1447
118.946152027154	1435.09997558594
121.844767997933	1432.69995117188
124.74236961111	1429.30004882813
127.638957611212	1420.19995117188
130.534532741422	1419.40002441406
133.429095743606	1405.19995117188
136.322647358252	1422.09997558594
139.215188324544	1411.90002441406
142.106719380311	1418.80004882813
144.997241262089	1406.09997558594
147.886754705057	1409.30004882813
150.775260443096	1405.5
153.662759208748	1403
156.549251733282	1391.40002441406
159.434738746612	1392.09997558594
162.319220977376	1400.90002441406
165.20269915289	1373.30004882813
168.085173999178	1377.09997558594
170.966646240977	1381.19995117188
173.847116601709	1361.09997558594
176.726585803528	1367.30004882813
179.605054567295	1360.59997558594
182.48252361259	1352.90002441406
185.358993657701	1354.40002441406
188.234465419645	1352.69995117188
191.108939614183	1348
193.982416955795	1353.19995117188
196.854898157687	1328.09997558594
199.726383931801	1322.09997558594
202.596874988835	1339.90002441406
205.466372038225	1334.90002441406
208.334875788145	1342
211.202386945534	1338.5
214.068906216069	1324.09997558594
216.934434304194	1332.19995117188
219.798971913111	1327.69995117188
222.662519744776	1312.5
225.525078499925	1321.59997558594
228.386648878069	1320.09997558594
231.247231577465	1310.19995117188
234.106827295172	1307.40002441406
236.965436727012	1305.5
239.823060567597	1297.59997558594
242.679699510337	1303.09997558594
245.535354247396	1306.5
248.390025469775	1299.80004882813
251.243713867223	1295
254.096420128327	1304.30004882813
256.948144940459	1294
259.798888989788	1281.69995117188
262.648652961315	1282.69995117188
265.49743753883	1295
268.345243404939	1294.90002441406
271.192071241073	1281.59997558594
274.037921727485	1291.59997558594
276.882795543246	1283.19995117188
279.72669336624	1287
282.569615873213	1282.69995117188
285.411563739724	1279.09997558594
288.252537640165	1278.30004882813
291.092538247763	1292.30004882813
293.931566234616	1279.19995117188
296.769622271633	1278
299.606707028594	1276.69995117188
302.442821174104	1272.59997558594
305.277965375652	1274.59997558594
308.112140299574	1266.40002441406
310.945346611062	1271.90002441406
313.777584974167	1272.5
316.608856051813	1271.09997558594
319.439160505797	1277.69995117188
322.268498996783	1270.69995117188
325.096872184303	1273.80004882813
327.924280726782	1271.40002441406
330.750725281521	1274.90002441406
333.576206504693	1275.5
336.400725051388	1264.30004882813
339.224281575542	1267.80004882813
342.046876730026	1267.80004882813
344.868511166586	1265.5
347.689185535872	1268.90002441406
350.508900487421	1258.59997558594
353.327656669699	1271.90002441406
356.145454730079	1277.90002441406
358.962295314817	1271.30004882813
361.778179069105	1264.90002441406
364.593106637051	1270.30004882813
367.407078661675	1262.09997558594
370.220095784913	1270
373.032158647655	1269.30004882813
375.843267889676	1265.80004882813
378.653424149715	1262.30004882813
381.462628065436	1270
384.270880273432	1274
387.078181409254	1275
389.884532107358	1273.30004882813
392.689933001188	1277.09997558594
395.494384723112	1267.09997558594
398.29788790445	1273.5
401.100443175488	1272.09997558594
403.902051165437	1278.19995117188
406.702712502518	1271
409.502427813866	1287.59997558594
412.301197725607	1271.09997558594
415.099022862823	1277.30004882813
417.89590384957	1274.90002441406
420.691841308876	1270.5
423.486835862752	1268.30004882813
426.280888132173	1278.5
429.073998737112	1282.40002441406
431.866168296507	1272.5
434.657397428298	1274
437.447686749412	1283.09997558594
440.237036875762	1273.5
443.025448422257	1277.59997558594
445.812922002813	1281.30004882813
448.599458230326	1279.80004882813
451.38505771672	1272.5
454.169721072909	1278.19995117188
456.953448908819	1281.19995117188
459.736241833384	1277.59997558594
462.518100454555	1281.30004882813
465.2990253793	1278.90002441406
468.079017213605	1278.80004882813
470.858076562476	1277.90002441406
473.636204029939	1287
476.41340021906	1276.69995117188
479.189665731938	1285.30004882813
481.965001169667	1283
484.739407132419	1278.69995117188
487.512884219391	1279.19995117188
490.285433028796	1277.90002441406
493.057054157921	1279
495.827748203087	1279.69995117188
498.597515759658	1281.09997558594
501.366357422061	1297.09997558594
504.134273783759	1277.30004882813
506.901265437278	1280.30004882813
509.66733297421	1284.5
512.432476985198	1292.09997558594
515.196698059945	1287.19995117188
517.959996787225	1281.90002441406
520.722373754895	1284
523.483829549856	1290.5
526.24436475811	1297
529.003979964696	1302.40002441406
531.762675753779	1292.5
534.520452708569	1280.59997558594
537.277311411375	1291.40002441406
540.03325244359	1287.19995117188
542.788276385682	1293
545.54238381725	1303.69995117188
548.295575316938	1297
551.047851462516	1297.90002441406
553.799212830831	1292.5
556.549659997851	1290.59997558594
559.299193538643	1287.69995117188
562.047814027381	1283.59997558594
564.795522037318	1291.90002441406
567.542318140861	1284.69995117188
570.288202909507	1283.69995117188
573.033176913873	1292.30004882813
575.7772407237	1289.5
578.520394907829	1293.80004882813
581.26264003424	1287.59997558594
584.003976670046	1287.59997558594
586.744405381469	1292.30004882813
589.483926733869	1286.90002441406
592.222541291746	1291.69995117188
594.96024961872	1287.40002441406
597.697052277563	1291.90002441406
600.432949830166	1296.09997558594
603.167942837587	1284.19995117188
605.902031860012	1286.09997558594
608.635217456783	1292.90002441406
611.367500186378	1291.69995117188
614.098880606429	1282
616.82935927374	1297.09997558594
619.558936744248	1296.30004882813
622.287613573072	1294
625.015390314457	1291.80004882813
627.742267521848	1298.19995117188
630.468245747829	1297.09997558594
633.193325544166	1289.59997558594
635.917507461792	1287.30004882813
638.640792050804	1289.80004882813
641.36317986048	1287.80004882813
644.084671439281	1301.69995117188
646.805267334845	1296.80004882813
649.524968093967	1291.90002441406
652.24377426266	1292.40002441406
654.961686386106	1295.30004882813
657.678705008678	1295.30004882813
660.394830673939	1291.09997558594
663.110063924628	1303
665.824405302728	1292.30004882813
668.537855349351	1297.40002441406
671.250414604863	1296.80004882813
673.962083608812	1290.40002441406
676.672862899949	1292.09997558594
679.382753016218	1296.09997558594
682.091754494801	1295.59997558594
684.799867872061	1304
687.507093683595	1300.30004882813
690.213432464198	1300.30004882813
692.918884747899	1298
695.623451067937	1310.90002441406
698.327131956755	1298.5
701.029927946065	1301.90002441406
703.731839566754	1295.69995117188
706.43286734896	1306.69995117188
709.133011822067	1305.40002441406
711.832273514658	1303.30004882813
714.53065295457	1300.40002441406
717.228150668879	1301.5
719.924767183889	1306.90002441406
722.620503025148	1308.09997558594
725.315358717446	1311.80004882813
728.009334784827	1306.5
730.702431750559	1299.5
733.394650137188	1307.30004882813
736.085990466498	1304.19995117188
738.776453259519	1298.09997558594
741.466039036542	1305.09997558594
744.154748317125	1296.59997558594
746.842581620074	1309.19995117188
749.529539463458	1310.09997558594
752.215622364608	1307.09997558594
754.900830840131	1318
757.585165405892	1316.5
760.26862657703	1305.90002441406
762.951214867957	1318.09997558594
765.632930792356	1307.09997558594
768.313774863181	1306
770.993747592673	1307.09997558594
773.672849492359	1311.5
776.351081073017	1306
779.028442844757	1309.5
781.704935316928	1306.59997558594
784.380558998208	1299.5
787.055314396528	1305.90002441406
789.729202019141	1305.80004882813
792.402222372581	1318.09997558594
795.074375962669	1302.90002441406
797.745663294537	1311
800.416084872622	1312.59997558594
803.085641200652	1307
805.754332781664	1318.59997558594
808.422160117986	1309.5
811.089123711292	1308.59997558594
813.75522406252	1306.30004882813
816.420461671951	1301.5
819.084837039164	1311.59997558594
821.748350663067	1315.90002441406
824.411003041866	1317.19995117188
827.072794673116	1323.69995117188
829.733726053668	1312.59997558594
832.39379767971	1315.09997558594
835.05301004674	1316.5
837.711363649601	1318.19995117188
840.368858982457	1311.09997558594
843.025496538805	1312.5
845.681276811467	1328.19995117188
848.336200292618	1323.69995117188
850.99026747375	1322.09997558594
853.643478845713	1338.90002441406
856.29583489868	1332.59997558594
858.947336122176	1334
861.59798300506	1326.90002441406
864.247776035556	1317.30004882813
866.896715701222	1326
869.544802488959	1326.5
872.192036885046	1327.40002441406
874.838419375087	1325.90002441406
877.483950444054	1333.69995117188
880.128630576285	1327.90002441406
882.772460255461	1329.5
885.415439964628	1329.69995117188
888.057570186211	1324.80004882813
890.698851401966	1331.30004882813
893.339284093045	1328.59997558594
895.978868739961	1326.30004882813
898.617605822596	1332.69995117188
901.255495820196	1323
903.892539211396	1328.5
906.528736474184	1328
909.164088085949	1325.80004882813
911.798594523442	1331.5
914.432256262804	1325.09997558594
917.065073779549	1342.69995117188
919.697047548589	1349.59997558594
922.328178044212	1345.09997558594
924.9584657401	1350
927.587911109317	1337.09997558594
930.216514624317	1354.90002441406
932.844276756963	1333.40002441406
935.471197978488	1345.40002441406
938.097278759538	1366.5
940.722519570163	1361.59997558594
943.346920879798	1354
945.97048315729	1340.19995117188
948.593206870885	1352.40002441406
951.215092488219	1339.5
953.836140476366	1361
956.456351301787	1337.59997558594
959.07572543037	1338
961.694263327369	1345.19995117188
964.311965457521	1347.30004882813
966.928832284933	1323.90002441406
969.544864273135	1340.80004882813
972.160061885076	1345.69995117188
974.774425583129	1352.5
977.387955829099	1336.69995117188
980.000653084196	1329.69995117188
982.612517809061	1345.40002441406
985.223550463768	1337.80004882813
987.833751507819	1336.40002441406
990.443121400135	1349.59997558594
993.051660599081	1328
995.659369562449	1351.90002441406
998.266248747469	1343
1000.87229861081	1354.30004882813
1003.47751960857	1362.09997558594
1006.0819121963	1358.19995117188
1008.68547682897	1350.69995117188
1011.28821396104	1338.40002441406
1013.89012404635	1343.80004882813
1016.49120753824	1341.5
1019.09146488947	1339.80004882813
1021.69089655226	1330.30004882813
1024.28950297827	1338.19995117188
1026.88728461863	1327.5
1029.48424192392	1345.69995117188
1032.08037534416	1343.19995117188
1034.67568532886	1340.69995117188
1037.27017232694	1336.69995117188
1039.86383678682	1349.09997558594
1042.45667915637	1336.90002441406
1045.04869988293	1341.80004882813
1047.6398994133	1357.30004882813
1050.23027819374	1340.30004882813
1052.81983666998	1336.09997558594
1055.40857528724	1345.59997558594
1057.99649449018	1351.5
1060.58359472296	1345.90002441406
1063.1698764292	1343.09997558594
1065.755340052	1338
1068.33998603393	1343
1070.92381481706	1340.90002441406
1073.50682684291	1347.09997558594
1076.08902255251	1340.90002441406
1078.67040238637	1348.59997558594
1081.25096678445	1340.09997558594
1083.83071618624	1348
1086.4096510307	1347.19995117188
1088.98777175629	1335.90002441406
1091.56507880094	1350.40002441406
1094.14157260208	1339.80004882813
1096.71725359664	1336.30004882813
1099.29212222106	1341.19995117188
1101.86617891125	1332.59997558594
1104.43942410262	1349.40002441406
1107.01185823011	1340.09997558594
1109.58348172812	1336
1112.15429503057	1333.5
1114.7242985709	1341.69995117188
1117.29349278203	1345.09997558594
1119.86187809642	1340.90002441406
1122.42945494599	1345.19995117188
1124.99622376222	1349.69995117188
1127.56218497606	1348.5
1130.12733901801	1351.5
1132.69168631804	1346.19995117188
1135.25522730568	1349
1137.81796240995	1342.59997558594
1140.37989205941	1337.90002441406
1142.9410166821	1342.59997558594
1145.50133670561	1339.69995117188
1148.06085255708	1348.30004882813
1150.61956466311	1336.90002441406
1153.17747344987	1334
1155.73457934305	1347.90002441406
1158.29088276786	1350.80004882813
1160.84638414903	1339.19995117188
1163.40108391085	1339.69995117188
1165.95498247711	1346.90002441406
1168.50808027116	1349.40002441406
1171.06037771587	1341.19995117188
1173.61187523364	1341.80004882813
1176.16257324643	1343
1178.71247217573	1348.69995117188
1181.26157244255	1336
1183.80987446746	1340.19995117188
1186.35737867059	1336.40002441406
1188.90408547157	1345.5
1191.44999528961	1338.5
1193.99510854347	1339.5
1196.53942565142	1347.5
1199.08294703133	1344.80004882813
1201.62567310057	1342.5
1204.16760427611	1354.59997558594
1206.70874097445	1357.40002441406
1209.24908361163	1348.90002441406
1211.78863260327	1359.80004882813
1214.32738836454	1352.40002441406
1216.86535131017	1356.59997558594
1219.40252185445	1351
1221.93890041121	1361.09997558594
1224.47448739389	1355.69995117188
1227.00928321544	1364.59997558594
1229.54328828842	1350.59997558594
1232.07650302491	1370.09997558594
1234.60892783662	1354.80004882813
1237.14056313477	1373.19995117188
1239.67140933017	1367.90002441406
1242.2014668332	1372.80004882813
1244.73073605384	1365.09997558594
1247.25921740159	1370.59997558594
1249.78691128558	1373.59997558594
1252.31381811448	1356.40002441406
1254.83993829655	1366.80004882813
1257.36527223962	1375.30004882813
1259.88982035112	1382.69995117188
1262.41358303803	1371.19995117188
1264.93656070696	1378.69995117188
1267.45875376405	1377.69995117188
1269.98016261505	1373.5
1272.50078766531	1366.30004882813
1275.02062931974	1371.59997558594
1277.53968798285	1369.40002441406
1280.05796405875	1379.59997558594
1282.57545795112	1379.5
1285.09217006325	1384
1287.60810079802	1376.40002441406
1290.12325055788	1368.5
1292.63761974492	1388.30004882813
1295.15120876079	1380.19995117188
1297.66401800676	1381.40002441406
1300.17604788367	1376.09997558594
1302.687298792	1389.40002441406
1305.19777113181	1378
1307.70746530274	1396.90002441406
1310.21638170408	1382.69995117188
1312.7245207347	1394.90002441406
1315.23188279307	1384.09997558594
1317.73846827728	1387.80004882813
1320.24427758502	1387.59997558594
1322.74931111359	1400.09997558594
1325.25356925991	1390.80004882813
1327.75705242051	1384.19995117188
1330.25976099151	1389.40002441406
1332.76169536868	1394.30004882813
1335.26285594737	1384.19995117188
1337.76324312256	1399.30004882813
1340.26285728887	1387.19995117188
1342.76169884052	1383.90002441406
1345.25976817132	1386.19995117188
1347.75706567474	1386.40002441406
1350.25359174387	1377.69995117188
1352.74934677141	1369.40002441406
1355.24433114968	1377.69995117188
1357.73854527062	1368
1360.23198952583	1373.30004882813
1362.7246643065	1373.40002441406
1365.21657000347	1363
1367.7077070072	1366.19995117188
1370.19807570777	1359.90002441406
1372.68767649492	1369.19995117188
1375.176509758	1364.90002441406
1377.66457588599	1366.5
1380.15187526753	1360.5
1382.63840829087	1359.59997558594
1385.1241753439	1355.5
1387.60917681417	1367.80004882813
1390.09341308884	1375.69995117188
1392.57688455474	1380.30004882813
1395.05959159829	1374.5
1397.54153460562	1375.59997558594
1400.02271396243	1380.5
1402.50313005414	1377.09997558594
1404.98278326576	1366.30004882813
1407.46167398196	1373.30004882813
1409.93980258707	1375.90002441406
1412.41716946504	1384.40002441406
1414.89377499951	1377.69995117188
1417.36961957373	1390
1419.84470357062	1381.69995117188
1422.31902737275	1379
1424.79259136235	1388.5
1427.26539592129	1383.90002441406
1429.73744143111	1393.90002441406
1432.20872827299	1384.59997558594
1434.67925682777	1384.5
1437.14902747597	1395.40002441406
1439.61804059773	1404
1442.0862965729	1404.69995117188
1444.55379578093	1411.19995117188
1447.02053860099	1422.19995117188
1449.48652541188	1419.19995117188
1451.95175659206	1404.5
1454.41623251969	1419.80004882813
1456.87995357255	1415.5
1459.34292012811	1405.59997558594
1461.80513256351	1393.90002441406
1464.26659125557	1394
1466.72729658073	1393.5
1469.18724891517	1379.80004882813
1471.64644863469	1382.5
1474.10489611478	1383.90002441406
1476.5625917306	1372.69995117188
1479.01953585699	1376.40002441406
1481.47572886844	1367.59997558594
1483.93117113917	1372.80004882813
1486.38586304302	1379.5
1488.83980495354	1355.59997558594
1491.29299724395	1367.69995117188
1493.74544028715	1363.69995117188
1496.19713445573	1355.69995117188
1498.64808012193	1366.69995117188
1501.09827765772	1362.59997558594
1503.54772743471	1356.09997558594
1505.99642982421	1359.30004882813
1508.44438519723	1369
1510.89159392446	1363.5
1513.33805637625	1345.80004882813
1515.78377292266	1367.09997558594
1518.22874393346	1360.69995117188
1520.67296977806	1370.59997558594
1523.11645082559	1364.69995117188
1525.55918744488	1365
1528.00118000444	1366.19995117188
1530.44242887245	1362.19995117188
1532.88293441684	1360.30004882813
1535.32269700517	1365.30004882813
1537.76171700475	1361.40002441406
1540.19999478255	1377.09997558594
1542.63753070526	1369.59997558594
1545.07432513925	1367.5
1547.5103784506	1365.09997558594
1549.94569100509	1379
1552.38026316819	1386
1554.8140953051	1369.19995117188
1557.24718778067	1372.90002441406
1559.67954095952	1385.59997558594
1562.11115520592	1382.5
1564.54203088386	1361.69995117188
1566.97216835704	1378.59997558594
1569.40156798888	1372.30004882813
1571.83023014248	1366.19995117188
1574.25815518067	1370.80004882813
1576.68534346597	1383.69995117188
1579.11179536062	1381.59997558594
1581.53751122658	1376.80004882813
1583.9624914255	1381.30004882813
1586.38673631876	1374.19995117188
1588.81024626745	1391.80004882813
1591.23302163235	1386.40002441406
1593.655062774	1385.09997558594
1596.07637005262	1398.30004882813
1598.49694382815	1387.09997558594
1600.91678446025	1396
1603.33589230831	1381.30004882813
1605.75426773142	1397.90002441406
1608.1719110884	1400.30004882813
1610.58882273779	1391.5
1613.00500303784	1406.30004882813
1615.42045234654	1407.69995117188
1617.83517102158	1414.59997558594
1620.24915942039	1411.19995117188
1622.66241790012	1400.09997558594
1625.07494681764	1398.59997558594
1627.48674652954	1399.90002441406
1629.89781739216	1412.19995117188
1632.30815976152	1399.19995117188
1634.71777399343	1414.30004882813
1637.12666044338	1412.80004882813
1639.53481946661	1426.69995117188
1641.94225141808	1429.30004882813
1644.34895665248	1425.5
1646.75493552424	1426.80004882813
1649.16018838752	1431.80004882813
1651.56471559621	1445.40002441406
1653.96851750392	1441.90002441406
1656.37159446403	1424.69995117188
1658.7739468296	1441.59997558594
1661.17557495349	1434.30004882813
1663.57647918824	1438
1665.97665988617	1435.19995117188
1668.37611739929	1423.30004882813
1670.77485207939	1424.40002441406
1673.17286427799	1414
1675.57015434633	1409.59997558594
1677.96672263542	1415.69995117188
1680.36256949598	1395.40002441406
1682.7576952785	1406
1685.15210033318	1394.80004882813
1687.54578501	1387.90002441406
1689.93874965866	1381.19995117188
1692.33099462861	1378.69995117188
1694.72252026904	1377
1697.11332692889	1374.69995117188
1699.50341495686	1384.90002441406
1701.89278470137	1371.19995117188
1704.28143651061	1384.09997558594
1706.66937073251	1367.09997558594
1709.05658771473	1356.80004882813
1711.44308780473	1370.30004882813
1713.82887134968	1372.59997558594
1716.21393869648	1377.80004882813
1718.59829019185	1369.09997558594
1720.98192618221	1371.69995117188
1723.36484701374	1366.90002441406
1725.74705303238	1362.90002441406
1728.12854458384	1366
1730.50932201356	1363.09997558594
1732.88938566673	1368.90002441406
1735.26873588834	1363.40002441406
1737.64737302307	1370.80004882813
1740.02529741544	1362.40002441406
1742.40250940964	1378.69995117188
1744.77900934969	1355.59997558594
1747.15479757933	1369.80004882813
1749.52987444206	1363.30004882813
1751.90424028116	1362.69995117188
1754.27789543967	1371.19995117188
1756.65084026037	1369.59997558594
1759.02307508582	1372.59997558594
1761.39460025833	1373.30004882813
1763.76541612	1367.30004882813
1766.13552301265	1372.90002441406
1768.50492127791	1366.90002441406
1770.87361125714	1377.59997558594
1773.2415932915	1351.80004882813
1775.60886772188	1350.30004882813
1777.97543488896	1377.40002441406
1780.34129513318	1354.80004882813
1782.70644879475	1366.5
1785.07089621365	1361.5
1787.43463772964	1369.69995117188
1789.7976736822	1376.40002441406
1792.16000441066	1363.90002441406
1794.52163025405	1358.69995117188
1796.88255155121	1365.40002441406
1799.24276864074	1369.30004882813
1801.60228186102	1370.40002441406
1803.96109155019	1373.69995117188
1806.31919804618	1366.69995117188
1808.67660168668	1371.69995117188
1811.03330280916	1368.19995117188
1813.38930175088	1369.09997558594
1815.74459884884	1369.69995117188
1818.09919443984	1374.59997558594
1820.45308886047	1378.19995117188
1822.80628244708	1364.80004882813
1825.1587755358	1356.40002441406
1827.51056846254	1365
1829.86166156297	1367.59997558594
1832.21205517258	1365.09997558594
1834.56174962661	1384.09997558594
1836.91074526009	1369.19995117188
1839.25904240783	1378.69995117188
1841.60664140443	1369.40002441406
1843.95354258425	1376.80004882813
1846.29974628146	1377.30004882813
1848.64525282998	1377.40002441406
1850.99006256356	1366.30004882813
1853.3341758157	1366
1855.67759291968	1370.59997558594
1858.02031420858	1356.5
1860.36234001528	1373.90002441406
1862.70367067241	1377.19995117188
1865.04430651244	1359.30004882813
1867.38424786755	1370.19995117188
1869.72349506978	1378.40002441406
1872.06204845094	1365
1874.39990834258	1361.40002441406
1876.73707507612	1371.59997558594
1879.07354898269	1374.90002441406
1881.40933039328	1364.40002441406
1883.74441963861	1359.90002441406
1886.07881704925	1375.19995117188
1888.41252295551	1352.69995117188
1890.74553768751	1363.5
1893.07786157519	1361.19995117188
1895.40949494822	1379
1897.74043813615	1365.40002441406
1900.07069146823	1373.80004882813
1902.40025527357	1377.90002441406
1904.72912988106	1366.59997558594
1907.05731561938	1374.09997558594
1909.38481281699	1378
1911.71162180217	1364.30004882813
1914.037742903	1361.59997558594
1916.36317644734	1377.40002441406
1918.68792276284	1370.90002441406
1921.01198217697	1367.09997558594
1923.33535501699	1367.59997558594
1925.65804160996	1378.09997558594
1927.98004228273	1380.09997558594
1930.30135736196	1373.40002441406
1932.6219871741	1375.19995117188
1934.94193204543	1375.5
1937.26119230198	1381.30004882813
1939.57976826962	1367.19995117188
1941.89766027402	1371.19995117188
1944.21486864062	1374.30004882813
1946.53139369472	1373.69995117188
1948.84723576137	1380.30004882813
1951.16239516543	1374.30004882813
1953.47687223159	1373
1955.79066728434	1373.80004882813
1958.10378064794	1378.40002441406
1960.4162126465	1381.30004882813
1962.7279636039	1372.5
1965.03903384385	1375.30004882813
1967.34942368987	1382.90002441406
1969.65913346524	1374.30004882813
1971.96816349311	1381
1974.2765140964	1373.69995117188
1976.58418559784	1381.69995117188
1978.89117831997	1378.59997558594
1981.19749258516	1375.40002441406
1983.50312871555	1363.90002441406
1985.80808703313	1366.19995117188
1988.11236785967	1373.5
1990.41597151676	1380.80004882813
1992.71889832581	1377.09997558594
1995.02114860801	1373.19995117188
1997.3227226844	1394.59997558594
1999.62362087581	1376.80004882813
2001.92384350288	1393.09997558594
2004.22339088608	1371.90002441406
2006.52226334567	1381.19995117188
2008.82046120173	1377.80004882813
2011.11798477417	1384.80004882813
2013.41483438269	1375.59997558594
2015.71101034681	1375.09997558594
2018.00651298588	1380.5
2020.30134261905	1384.40002441406
2022.59549956528	1386.59997558594
2024.88898414337	1377.40002441406
2027.1817966719	1392
2029.4739374693	1386.5
2031.76540685379	1385.80004882813
2034.05620514342	1375.30004882813
2036.34633265607	1379.59997558594
2038.6357897094	1367.30004882813
2040.92457662092	1389.40002441406
2043.21269370795	1376.90002441406
2045.50014128763	1380.30004882813
2047.78691967691	1388.09997558594
2050.07302919256	1379.19995117188
2052.35847015118	1380.90002441406
2054.64324286919	1378.59997558594
2056.9273476628	1386.90002441406
2059.21078484808	1384.30004882813
2061.4935547409	1378.09997558594
2063.77565765696	1368.19995117188
2066.05709391176	1387.59997558594
2068.33786382065	1390.80004882813
2070.61796769879	1378.69995117188
2072.89740586116	1380.40002441406
2075.17617862255	1379
2077.45428629759	1381.30004882813
2079.73172920075	1373.59997558594
2082.00850764627	1373
2084.28462194827	1384.30004882813
2086.56007242065	1375.30004882813
2088.83485937717	1383.19995117188
2091.10898313139	1400.69995117188
2093.3824439967	1388.59997558594
2095.65524228632	1384.40002441406
2097.92737831328	1389.69995117188
2100.19885239047	1386.40002441406
2102.46966483057	1385.19995117188
2104.7398159461	1383.40002441406
2107.00930604941	1375.69995117188
2109.27813545267	1389.90002441406
2111.54630446787	1389.69995117188
2113.81381340685	1383.19995117188
2116.08066258126	1386.69995117188
2118.34685230257	1398.80004882813
2120.61238288211	1392.30004882813
2122.87725463099	1404.90002441406
2125.1414678602	1402.5
2127.40502288052	1383.09997558594
2129.66792000257	1396
2131.93015953682	1391.19995117188
2134.19174179353	1387.69995117188
2136.45266708282	1389.80004882813
2138.71293571463	1387.80004882813
2140.97254799873	1388.69995117188
2143.23150424473	1391.90002441406
2145.48980476205	1387.5
2147.74744985996	1376.69995117188
2150.00443984754	1390.40002441406
2152.26077503373	1382.09997558594
2154.51645572728	1394.09997558594
2156.77148223677	1398.5
2159.02585487064	1394.80004882813
2161.27957393713	1388.90002441406
2163.53263974432	1398.90002441406
2165.78505260012	1389.40002441406
2168.0368128123	1392.09997558594
2170.28792068844	1380.19995117188
2172.53837653595	1387
2174.78818066207	1370.30004882813
2177.03733337389	1389.19995117188
2179.28583497833	1391.90002441406
2181.53368578214	1384.80004882813
2183.78088609192	1382.09997558594
2186.02743621406	1381.59997558594
2188.27333645484	1395.69995117188
2190.51858712033	1381.5
2192.76318851646	1390.30004882813
2195.00714094901	1395.59997558594
2197.25044472354	1395
2199.49310014551	1398.69995117188
2201.73510752018	1400.90002441406
2203.97646715265	1388.69995117188
2206.21717934786	1382.80004882813
2208.45724441058	1378.40002441406
2210.69666264543	1393.5
2212.93543435686	1381.19995117188
2215.17355984914	1389.59997558594
2217.41103942642	1395.09997558594
2219.64787339264	1381.80004882813
2221.8840620516	1387.69995117188
2224.11960570695	1379.59997558594
2226.35450466215	1385.69995117188
2228.58875922051	1396.30004882813
2230.82236968518	1384.19995117188
2233.05533635916	1389.19995117188
2235.28765954527	1392.09997558594
2237.51933954617	1384.69995117188
2239.75037666437	1393.69995117188
2241.98077120221	1386.09997558594
2244.21052346188	1379.90002441406
2246.4396337454	1384.30004882813
2248.66810235461	1384.30004882813
2250.89592959125	1395
2253.12311575681	1389.59997558594
2255.34966115272	1393.40002441406
2257.57556608017	1396.30004882813
2259.80083084023	1382.90002441406
2262.02545573381	1393.69995117188
2264.24944106163	1388.19995117188
2266.47278712429	1390.90002441406
2268.69549422221	1388
2270.91756265564	1386.5
2273.1389927247	1394.69995117188
2275.35978472934	1396.30004882813
2277.57993896933	1383.69995117188
2279.79945574431	1384.59997558594
2282.01833535375	1385.5
2284.23657809696	1396.30004882813
2286.45418427309	1388.80004882813
2288.67115418114	1389.19995117188
2290.88748811995	1390.59997558594
2293.10318638819	1394.80004882813
2295.3182492844	1384.09997558594
2297.53267710693	1392.40002441406
2299.746470154	1395.5
2301.95962872364	1381.40002441406
2304.17215311376	1389.80004882813
2306.3840436221	1388.59997558594
2308.59530054621	1391.40002441406
2310.80592418354	1400.40002441406
2313.01591483134	1398.19995117188
2315.22527278673	1390.19995117188
2317.43399834666	1389
2319.64209180791	1400.30004882813
2321.84955346713	1401.80004882813
2324.05638362079	1393.80004882813
2326.26258256524	1396.69995117188
2328.46815059664	1389.69995117188
2330.67308801098	1396.30004882813
2332.87739510415	1404.5
2335.08107217184	1389.90002441406
2337.2841195096	1396.09997558594
2339.48653741281	1391.09997558594
2341.68832617672	1404.90002441406
2343.8894860964	1393.40002441406
2346.09001746678	1398.59997558594
2348.28992058261	1386.40002441406
2350.48919573852	1393.30004882813
2352.68784322898	1393.40002441406
2354.88586334826	1403.5
2357.08325639055	1404.19995117188
2359.2800226498	1388.5
2361.47616241988	1394.69995117188
2363.67167599445	1393.5
2365.86656366706	1395.19995117188
2368.06082573107	1399.30004882813
2370.2544624797	1394.59997558594
2372.44747420603	1394.90002441406
2374.63986120295	1397.80004882813
2376.83162376322	1396.19995117188
2379.02276217945	1393.40002441406
2381.21327674408	1385.69995117188
2383.4031677494	1412.19995117188
2385.59243548756	1399.09997558594
2387.78108025053	1394.5
2389.96910233014	1394.30004882813
2392.15650201809	1391.30004882813
2394.34327960587	1397.09997558594
2396.52943538486	1394.19995117188
2398.71496964628	1390
2400.89988268118	1395
2403.08417478048	1394.09997558594
2405.26784623491	1389.30004882813
2407.45089733509	1379.69995117188
2409.63332837146	1384
2411.81513963429	1386.09997558594
2413.99633141375	1384.09997558594
2416.1769039998	1390.30004882813
2418.35685768227	1387.09997558594
2420.53619275084	1394.90002441406
2422.71490949505	1388.30004882813
2424.89300820425	1380.30004882813
2427.07048916765	1392.90002441406
2429.24735267433	1388.19995117188
2431.42359901319	1388
2433.59922847297	1380.30004882813
2435.7742413423	1397.30004882813
2437.94863790961	1399.40002441406
2440.12241846321	1387
2442.29558329121	1393.5
2444.46813268162	1386.59997558594
2446.64006692228	1391.59997558594
2448.81138630086	1386.59997558594
2450.98209110489	1384
2453.15218162174	1396.5
2455.32165813864	1404
2457.49052094265	1396.19995117188
2459.65877032069	1400.09997558594
2461.8264065595	1390.69995117188
2463.99342994572	1406.40002441406
2466.15984076579	1394.30004882813
2468.325639306	1409.69995117188
2470.49082585251	1391.19995117188
2472.65540069131	1396.19995117188
2474.81936410824	1405.59997558594
2476.98271638899	1403.09997558594
2479.14545781909	1394.5
2481.30758868392	1392.90002441406
2483.4691092687	1397.5
2485.63001985852	1388.30004882813
2487.79032073829	1396.19995117188
2489.95001219277	1403.09997558594
2492.10909450659	1395.19995117188
2494.26756796419	1408.80004882813
2496.42543284989	1388.90002441406
2498.58268944783	1390.09997558594
2500.73933804202	1409.5
2502.8953789163	1401.19995117188
2505.05081235436	1402.80004882813
2507.20563863974	1391.5
2509.35985805582	1399.19995117188
2511.51347088583	1395.80004882813
2513.66647741285	1392.90002441406
2515.81887791981	1401.40002441406
2517.97067268946	1393.69995117188
2520.12186200443	1395.30004882813
2522.27244614716	1402.09997558594
2524.42242539999	1394.19995117188
2526.57180004504	1394.09997558594
2528.72057036433	1406.30004882813
2530.8687366397	1391
2533.01629915284	1395.30004882813
2535.16325818527	1386.90002441406
2537.30961401839	1395.59997558594
2539.45536693343	1390.09997558594
2541.60051721145	1387.80004882813
2543.74506513338	1409.30004882813
2545.88901097997	1408.19995117188
2548.03235503185	1392.69995117188
2550.17509756946	1411
2552.31723887311	1395.19995117188
2554.45877922293	1405.80004882813
2556.59971889893	1398.80004882813
2558.74005818094	1397.5
2560.87979734864	1401.90002441406
2563.01893668155	1396.19995117188
2565.15747645906	1398.30004882813
2567.29541696037	1396.69995117188
2569.43275846454	1407.19995117188
2571.56950125049	1399.30004882813
2573.70564559696	1405.5
2575.84119178254	1410.19995117188
2577.97614008569	1401.30004882813
2580.11049078468	1409.19995117188
2582.24424415764	1410.40002441406
2584.37740048255	1399.19995117188
2586.50996003722	1396.19995117188
2588.64192309931	1407.30004882813
2590.77328994634	1405.40002441406
2592.90406085564	1395.19995117188
2595.03423610442	1400.69995117188
2597.16381596971	1399.40002441406
2599.29280072839	1393.40002441406
2601.42119065719	1391.69995117188
2603.54898603267	1404.90002441406
2605.67618713125	1397.30004882813
2607.80279422919	1395.30004882813
2609.92880760257	1404.59997558594
2612.05422752735	1392.90002441406
2614.17905427932	1400.19995117188
2616.30328813408	1394.90002441406
2618.42692936713	1391.80004882813
2620.54997825377	1393.69995117188
2622.67243506915	1399.40002441406
2624.79430008828	1400.59997558594
2626.915573586	1411.40002441406
2629.03625583699	1392.59997558594
2631.15634711579	1401.19995117188
2633.27584769675	1410.09997558594
2635.39475785408	1400.30004882813
2637.51307786185	1403.69995117188
2639.63080799394	1410.09997558594
2641.74794852409	1406.5
2643.86449972589	1407.19995117188
2645.98046187273	1404.40002441406
2648.0958352379	1396.90002441406
2650.21062009449	1404.19995117188
2652.32481671544	1401.30004882813
2654.43842537353	1401.69995117188
2656.5514463414	1403.80004882813
2658.66387989151	1401.90002441406
2660.77572629616	1408.40002441406
2662.88698582751	1398.09997558594
2664.99765875753	1400.30004882813
2667.10774535806	1415
2669.21724590076	1413.90002441406
2671.32616065714	1405.19995117188
2673.43448989857	1411
2675.5422338962	1406.09997558594
2677.64939292108	1418.09997558594
2679.75596724408	1400.5
2681.86195713589	1403
2683.96736286707	1411.09997558594
2686.07218470799	1412
2688.17642292889	1397.59997558594
2690.28007779982	1398.59997558594
2692.38314959069	1404.59997558594
2694.48563857123	1404.80004882813
2696.58754501103	1398.59997558594
2698.6888691795	1394.69995117188
2700.78961134588	1403
2702.8897717793	1407.80004882813
2704.98935074864	1398.90002441406
2707.08834852271	1407.40002441406
2709.18676537009	1395
2711.28460155925	1408.80004882813
2713.38185735843	1414.30004882813
2715.47853303577	1407.90002441406
2717.57462885924	1420.80004882813
2719.67014509659	1428.09997558594
2721.76508201548	1413.69995117188
2723.85943988337	1408.40002441406
2725.95321896754	1422.80004882813
2728.04641953515	1405.40002441406
2730.13904185316	1407.09997558594
2732.23108618837	1423.90002441406
2734.32255280744	1421.90002441406
2736.41344197683	1422.40002441406
2738.50375396288	1417.59997558594
2740.5934890317	1422
2742.68264744932	1420.5
2744.77122948153	1416.40002441406
2746.85923539398	1424.90002441406
2748.94666545217	1408.09997558594
2751.03351992142	1423.69995117188
2753.11979906688	1410.30004882813
2755.20550315355	1412.80004882813
2757.29063244624	1423.69995117188
2759.37518720963	1421.30004882813
2761.45916770819	1400.59997558594
2763.54257420625	1415.69995117188
2765.62540696797	1408.5
2767.70766625733	1404.09997558594
2769.78935233816	1412.69995117188
2771.87046547413	1394
2773.95100592869	1411.69995117188
2776.03097396519	1417.80004882813
2778.11036984677	1409.5
2780.18919383641	1413.5
2782.26744619693	1408.19995117188
2784.34512719097	1407.5
2786.42223708102	1424.59997558594
2788.49877612937	1405.19995117188
2790.57474459816	1407.5
2792.65014274937	1415.59997558594
2794.7249708448	1407.90002441406
2796.79922914607	1415.30004882813
2798.87291791465	1419
2800.94603741181	1414.90002441406
2803.01858789869	1410.40002441406
2805.09056963623	1409.19995117188
2807.1619828852	1424
2809.23282790621	1422.09997558594
2811.30310495971	1417.09997558594
2813.37281430593	1433.90002441406
2815.441956205	1433.69995117188
2817.51053091682	1413.80004882813
2819.57853870114	1425
2821.64597981753	1420.59997558594
2823.7128545254	1427.80004882813
2825.77916308399	1425.30004882813
2827.84490575233	1420.80004882813
2829.91008278933	1426.19995117188
2831.97469445369	1431.5
2834.03874100395	1431.69995117188
2836.10222269847	1436.09997558594
2838.16513979544	1418.59997558594
2840.22749255288	1444.90002441406
2842.28928122863	1454.80004882813
2844.35050608034	1450.30004882813
2846.41116736553	1468.30004882813
2848.47126534149	1449.40002441406
2850.53080026537	1461.09997558594
2852.58977239414	1460
2854.64818198459	1481.19995117188
2856.70602929332	1492.80004882813
2858.76331457678	1494.30004882813
2860.82003809123	1500.80004882813
2862.87620009274	1508.90002441406
2864.93180083723	1539.59997558594
2866.98684058043	1539.40002441406
2869.04131957789	1568.5
2871.09523808497	1579
2873.14859635689	1581.5
2875.20139464866	1587.09997558594
2877.2536332151	1581
2879.30531231091	1597.40002441406
2881.35643219054	1580.80004882813
2883.40699310831	1589.19995117188
2885.45699531834	1572.30004882813
2887.50643907457	1582.30004882813
2889.55532463077	1581
2891.60365224053	1589.09997558594
2893.65142215724	1599.59997558594
2895.69863463414	1626.09997558594
2897.74528992426	1609.5
2899.79138828046	1590.09997558594
2901.83692995544	1618.40002441406
2903.88191520168	1624
2905.92634427151	1646.80004882813
2907.97021741706	1645.59997558594
2910.01353489027	1662
2912.05629694294	1675.69995117188
2914.09850382663	1695.90002441406
2916.14015579276	1716.80004882813
2918.18125309254	1715.40002441406
2920.22179597702	1744.90002441406
2922.26178469705	1730.5
2924.30121950329	1760
2926.34010064624	1768.40002441406
2928.37842837619	1775.19995117188
2930.41620294326	1798.19995117188
2932.45342459737	1790.59997558594
2934.49009358828	1809.5
2936.52621016555	1795.90002441406
2938.56177457854	1773.80004882813
2940.59678707645	1784.69995117188
2942.63124790827	1778
2944.66515732282	1750.5
2946.69851556873	1759
2948.73132289443	1724.90002441406
2950.76357954817	1710.19995117188
2952.79528577803	1698.59997558594
2954.82644183188	1681.69995117188
2956.85704795741	1682.80004882813
2958.8871044021	1669.69995117188
2960.91661141328	1672.30004882813
2962.94556923807	1656.19995117188
2964.97397812339	1663.19995117188
2967.00183831598	1665.69995117188
2969.0291500624	1659.30004882813
2971.05591360902	1660.40002441406
2973.08212920199	1640.59997558594
2975.1077970873	1635.5
2977.13291751074	1636.09997558594
2979.1574907179	1655.19995117188
2981.18151695419	1622.09997558594
2983.20499646482	1613
2985.2279294948	1613.90002441406
2987.25031628898	1611.90002441406
2989.27215709199	1584
2991.29345214825	1567.80004882813
2993.31420170204	1585.5
2995.33440599738	1565.69995117188
2997.35406527816	1564.90002441406
2999.37317978802	1561.80004882813
3001.39174977045	1561
3003.40977546872	1537.09997558594
3005.42725712591	1540.69995117188
3007.44419498491	1523.30004882813
3009.4605892884	1530.90002441406
3011.47644027889	1523.5
3013.49174819865	1523.5
3015.5065132898	1522.09997558594
3017.52073579424	1527.30004882813
3019.53441595366	1536.09997558594
3021.54755400959	1529.80004882813
3023.56015020332	1502.59997558594
3025.57220477598	1513.30004882813
3027.58371796846	1513.19995117188
3029.5946900215	1530
3031.6051211756	1523.30004882813
3033.61501167107	1518.69995117188
3035.62436174803	1525
3037.6331716464	1528.19995117188
3039.64144160588	1527.59997558594
3041.649171866	1532.80004882813
3043.65636266607	1536.40002441406
3045.6630142452	1550.19995117188
3047.66912684229	1548.80004882813
3049.67470069605	1523.09997558594
3051.679736045	1541.09997558594
3053.68423312742	1561.59997558594
3055.68819218143	1568
3057.6916134449	1565.5
3059.69449715556	1565.30004882813
3061.69684355086	1583.30004882813
3063.6986528681	1582.59997558594
3065.69992534437	1560.09997558594
3067.70066121653	1577
3069.70086072126	1578.59997558594
3071.700524095	1555.69995117188
3073.69965157405	1552.40002441406
3075.69824339442	1564.90002441406
3077.69629979197	1562.5
3079.69382100235	1553.5
3081.69080726098	1577.09997558594
3083.68725880307	1565.19995117188
3085.68317586366	1561.30004882813
3087.67855867755	1575.90002441406
3089.67340747933	1591.69995117188
3091.6677225034	1581.80004882813
3093.66150398392	1583.90002441406
3095.6547521549	1583.09997558594
3097.64746725006	1598.09997558594
3099.63964950297	1592.69995117188
3101.63129914698	1595.5
3103.6224164152	1615.90002441406
3105.61300154056	1622.59997558594
3107.60305475576	1617
3109.59257629331	1601.5
3111.58156638547	1618.90002441406
3113.57002526432	1623.09997558594
3115.55795316172	1619.19995117188
3117.54535030932	1633.5
3119.53221693853	1637.30004882813
3121.51855328057	1642.19995117188
3123.50435956646	1653.09997558594
3125.48963602698	1642.90002441406
3127.4743828927	1651.90002441406
3129.45860039397	1653
3131.44228876093	1651.69995117188
3133.42544822353	1665.69995117188
3135.40807901145	1675.5
3137.39018135418	1688.09997558594
3139.37175548102	1675.59997558594
3141.35280162101	1678.09997558594
3143.33332000299	1693.30004882813
3145.31331085559	1684.90002441406
3147.2927744072	1684.19995117188
3149.27171088602	1704.40002441406
3151.25012052	1719.59997558594
3153.22800353689	1725.19995117188
3155.20536016422	1729.30004882813
3157.18219062929	1752.30004882813
3159.15849515918	1714.30004882813
3161.13427398075	1729.30004882813
3163.10952732066	1747.5
3165.08425540532	1739.59997558594
3167.05845846092	1745.19995117188
3169.03213671344	1760.40002441406
3171.00529038863	1760.09997558594
3172.97791971203	1752.30004882813
3174.95002490893	1788.19995117188
3176.92160620443	1777.09997558594
3178.89266382337	1779.40002441406
3180.8631979904	1794.09997558594
3182.83320892991	1777.5
3184.80269686609	1797.69995117188
3186.77166202289	1794.40002441406
3188.74010462406	1792.80004882813
3190.70802489307	1798.69995117188
3192.67542305323	1813
3194.64229932757	1822.09997558594
3196.60865393892	1815
3198.57448710987	1816.59997558594
3200.53979906279	1827.90002441406
3202.50459001981	1817.09997558594
3204.46886020284	1825.69995117188
3206.43260983356	1839.59997558594
3208.39583913341	1833.69995117188
3210.35854832362	1834.90002441406
3212.32073762517	1824.80004882813
3214.28240725881	1853
3216.24355744508	1855.59997558594
3218.20418840426	1839.40002441406
3220.16430035642	1846.69995117188
3222.12389352137	1843.19995117188
3224.08296811873	1842.80004882813
3226.04152436784	1852
3227.99956248784	1863.59997558594
3229.95708269762	1848.69995117188
3231.91408521584	1863.19995117188
3233.87057026092	1875.40002441406
3235.82653805105	1865
3237.78198880419	1869.09997558594
3239.73692273806	1878.5
3241.69134007013	1875.5
3243.64524101764	1867.30004882813
3245.59862579761	1871
3247.55149462681	1892.09997558594
3249.50384772176	1883.40002441406
3251.45568529877	1878.69995117188
3253.40700757387	1873
3255.35781476288	1890.19995117188
3257.3081070814	1893.40002441406
3259.25788474473	1886.19995117188
3261.20714796799	1893.30004882813
3263.15589696602	1879.80004882813
3265.10413195345	1913.40002441406
3267.05185314463	1916.40002441406
3268.9990607537	1904.80004882813
3270.94575499455	1915.30004882813
3272.89193608081	1910.90002441406
3274.8376042259	1920.69995117188
3276.78275964296	1913.59997558594
3278.72740254492	1941.69995117188
3280.67153314443	1934.90002441406
3282.61515165393	1921.09997558594
3284.55825828559	1907.40002441406
3286.50085325135	1929.5
3288.44293676289	1911.69995117188
3290.38450903165	1918.5
3292.32557026883	1923.30004882813
3294.26612068537	1901.80004882813
3296.20616049198	1915.80004882813
3298.14568989911	1938.80004882813
3300.08470911695	1929.69995117188
3302.02321835546	1923.19995117188
3303.96121782435	1918.40002441406
3305.89870773306	1893.30004882813
3307.83568829081	1916.09997558594
3309.77215970655	1931.30004882813
3311.70812218898	1901.09997558594
3313.64357594655	1929.80004882813
3315.57852118747	1928.5
3317.51295811968	1919.19995117188
3319.44688695087	1921.59997558594
3321.38030788849	1898.69995117188
3323.31322113973	1921
3325.24562691152	1908.80004882813
3327.17752541055	1920.5
3329.10891684322	1911.80004882813
3331.03980141573	1921.69995117188
3332.97017933399	1924.90002441406
3334.90005080364	1940.59997558594
3336.82941603011	1930.40002441406
3338.75827521852	1907.90002441406
3340.68662857377	1927.30004882813
3342.6144763005	1927.59997558594
3344.54181860308	1956.80004882813
3346.46865568561	1950
3348.39498775195	1929.59997558594
3350.32081500571	1950.40002441406
3352.24613765022	1919.19995117188
3354.17095588855	1934.69995117188
3356.09526992352	1958
3358.01907995769	1946.09997558594
3359.94238619334	1970.09997558594
3361.86518883251	1934.90002441406
3363.78748807697	1955.69995117188
3365.70928412823	1955.69995117188
3367.63057718752	1949.5
3369.55136745582	1955.40002441406
3371.47165513386	1950.5
3373.39144042208	1969.69995117188
3375.31072352066	1934.69995117188
3377.22950462953	1938.09997558594
3379.14778394834	1961.59997558594
3381.06556167648	1960.5
3382.98283801308	1973.90002441406
3384.89961315697	1961.80004882813
3386.81588730676	1978.40002441406
3388.73166066076	1958.5
3390.64693341702	1967.19995117188
3392.56170577332	1943.19995117188
3394.47597792716	1986
3396.38975007581	1959.69995117188
3398.30302241623	1960.30004882813
3400.21579514512	1958.30004882813
3402.1280684589	1954.90002441406
3404.03984255374	1975.80004882813
3405.95111762553	1951.40002441406
3407.86189386987	1974.19995117188
3409.77217148212	1963
3411.68195065733	1981.90002441406
3413.5912315903	1971.5
3415.50001447556	1961.19995117188
3417.40829950735	1970.30004882813
3419.31608687963	1960.80004882813
3421.22337678611	1973
3423.1301694202	1969.30004882813
3425.03646497504	1952.40002441406
3426.9422636435	1974.90002441406
3428.84756561816	1962.69995117188
3430.75237109135	1967.40002441406
3432.65668025508	1951.09997558594
3434.56049330112	1956.80004882813
3436.46381042093	1955.40002441406
3438.36663180571	1941.5
3440.26895764638	1962.59997558594
3442.17078813357	1939.09997558594
3444.07212345762	1918.30004882813
3445.97296380863	1936.59997558594
3447.87330937636	1929.09997558594
3449.77316035033	1957.5
3451.67251691977	1938.40002441406
3453.57137927361	1946.19995117188
3455.46974760052	1923.90002441406
3457.36762208886	1930.80004882813
3459.26500292671	1917.30004882813
3461.16189030191	1920.90002441406
3463.05828440194	1917.09997558594
3464.95418541406	1905.69995117188
3466.84959352519	1921.90002441406
3468.74450892201	1905.59997558594
3470.63893179088	1907
3472.53286231788	1910.69995117188
3474.42630068881	1914.69995117188
3476.31924708918	1905.09997558594
3478.2117017042	1886.5
3480.1036647188	1892.5
3481.99513631761	1867.90002441406
3483.88611668498	1863.5
3485.77660600498	1875.59997558594
3487.66660446135	1876.40002441406
3489.55611223758	1889
3491.44512951683	1870.80004882813
3493.333656482	1840
3495.22169331568	1845.19995117188
3497.10924020016	1836
3498.99629731746	1847.69995117188
3500.88286484927	1821.40002441406
3502.76894297702	1824.19995117188
3504.65453188182	1808.80004882813
3506.53963174449	1817.59997558594
3508.42424274555	1839.40002441406
3510.30836506524	1803.80004882813
3512.19199888349	1782.5
3514.07514437992	1802.59997558594
3515.95780173387	1793.5
3517.83997112437	1788.30004882813
3519.72165273016	1782.80004882813
3521.60284672967	1786.59997558594
3523.48355330104	1769.30004882813
3525.36377262208	1763
3527.24350487035	1753.30004882813
3529.12275022306	1757.5
3531.00150885715	1764.5
3532.87978094923	1762.19995117188
3534.75756667562	1757.80004882813
3536.63486621235	1756.69995117188
3538.51167973512	1739.09997558594
3540.38800741934	1735
3542.26384944011	1723.69995117188
3544.13920597223	1711.09997558594
3546.01407719018	1717.90002441406
3547.88846326815	1721
3549.76236438002	1701.5
3551.63578069934	1715.59997558594
3553.50871239938	1703.40002441406
3555.38115965309	1703.09997558594
3557.25312263311	1701.80004882813
3559.12460151177	1671.09997558594
3560.99559646109	1691.30004882813
3562.86610765279	1678.80004882813
3564.73613525825	1709.59997558594
3566.60567944857	1677.69995117188
3568.47474039453	1665.19995117188
3570.34331826658	1667.30004882813
3572.21141323487	1652.69995117188
3574.07902546925	1676
3575.94615513922	1651.19995117188
3577.81280241401	1650
3579.67896746249	1640.59997558594
3581.54465045325	1647.40002441406
3583.40985155455	1647.80004882813
3585.27457093432	1647.80004882813
3587.1388087602	1627.69995117188
3589.00256519949	1636.69995117188
3590.86584041919	1629
3592.72863458597	1631.90002441406
3594.59094786618	1618.19995117188
3596.45278042585	1630.40002441406
3598.31413243069	1631.40002441406
3600.17500404611	1621
3602.03539543717	1614.40002441406
3603.89530676861	1616.90002441406
3605.75473820488	1610.30004882813
3607.61368991007	1603.69995117188
3609.47216204797	1605.30004882813
3611.33015478203	1584.90002441406
3613.18766827539	1595.69995117188
3615.04470269087	1602
3616.90125819094	1587.40002441406
3618.75733493776	1571.80004882813
3620.61293309318	1575.90002441406
3622.46805281869	1589.69995117188
3624.32269427547	1577.40002441406
3626.17685762439	1586.59997558594
3628.03054302596	1570.09997558594
3629.88375064038	1565.90002441406
3631.73648062751	1560.90002441406
3633.5887331469	1554.30004882813
3635.44050835775	1557.40002441406
3637.29180641893	1551.40002441406
3639.14262748899	1547.69995117188
3640.99297172614	1556.30004882813
3642.84283928828	1546.90002441406
3644.69223033294	1525.09997558594
3646.54114501734	1550.59997558594
3648.38958349836	1531.69995117188
3650.23754593256	1525
3652.08503247614	1521
3653.93204328497	1533.19995117188
3655.77857851462	1513.40002441406
3657.62463832028	1525.19995117188
3659.47022285682	1510.80004882813
3661.31533227877	1509.40002441406
3663.15996674033	1498.40002441406
3665.00412639535	1484.80004882813
3666.84781139736	1486.80004882813
3668.69102189953	1489.09997558594
3670.5337580547	1477
3672.37602001537	1483.80004882813
3674.21780793368	1468.40002441406
3676.05912196148	1478.19995117188
3677.89996225021	1464.5
3679.74032895103	1467
3681.58022221471	1463.40002441406
3683.41964219171	1452.80004882813
3685.25858903211	1459.40002441406
3687.0970628857	1450.5
3688.93506390186	1454.80004882813
3690.77259222968	1455.5
3692.60964801787	1455.80004882813
3694.44623141481	1458.40002441406
3696.28234256853	1450.90002441406
3698.11798162669	1437.19995117188
3699.95314873665	1428.69995117188
3701.78784404537	1429.59997558594
3703.62206769951	1429.90002441406
3705.45581984533	1425.40002441406
3707.28910062877	1428.90002441406
3709.12191019542	1431
3710.95424869052	1444.19995117188
3712.78611625894	1415.69995117188
3714.6175130452	1437.59997558594
3716.44843919349	1427.40002441406
3718.27889484764	1423.19995117188
3720.1088801511	1410.59997558594
3721.93839524699	1426.69995117188
3723.76744027808	1430.19995117188
3725.59601538677	1427.19995117188
3727.4241207151	1417.40002441406
