40.2973356941271	1135.19995117188
43.2236257608418	1140.40002441406
46.1488808466109	1144.90002441406
49.0731017336173	1150.40002441406
51.9962892025666	1151.40002441406
54.9184440327569	1164.09997558594
57.8395670020446	1169.19995117188
60.7596588868509	1184.90002441406
63.6787204621708	1187.69995117188
66.5967525015794	1206.40002441406
69.5137557772381	1227.80004882813
72.4297310598838	1245.90002441406
75.3446791188512	1284.40002441406
78.2586007220466	1330.30004882813
81.1714966360015	1385.90002441406
84.0833676258266	1454.19995117188
86.994214455242	1511.40002441406
89.9040378865662	1608.40002441406
92.8128386807427	1715
95.7206175973133	1804.69995117188
98.6273753944444	1883.5
101.533112828928	1918.69995117188
104.437830656161	1954.09997558594
107.34152963018	1958.30004882813
110.244210503676	1980.40002441406
113.145874027931	1943.09997558594
116.046520952895	1948.59997558594
118.946152027154	1929.30004882813
121.844767997933	1938.59997558594
124.74236961111	1943
127.638957611212	1920.80004882813
130.534532741422	1936.40002441406
133.429095743606	1919.19995117188
136.322647358252	1945.09997558594
139.215188324544	1971.69995117188
142.106719380311	1944.69995117188
144.997241262089	1981.5
147.886754705057	1968.90002441406
150.775260443096	1962.30004882813
153.662759208748	1984.19995117188
156.549251733282	1978.30004882813
159.434738746612	1981.09997558594
162.319220977376	1977.30004882813
165.20269915289	1999.30004882813
168.085173999178	1972.59997558594
170.966646240977	1968.30004882813
173.847116601709	1957.69995117188
176.726585803528	1970.09997558594
179.605054567295	1976.30004882813
182.48252361259	1952.59997558594
185.358993657701	1945.40002441406
188.234465419645	1948.40002441406
191.108939614183	1947.19995117188
193.982416955795	1961.59997558594
196.854898157687	1939.59997558594
199.726383931801	1927.90002441406
202.596874988835	1928.09997558594
205.466372038225	1945.40002441406
208.334875788145	1953.19995117188
211.202386945534	1961.90002441406
214.068906216069	1961.30004882813
216.934434304194	1966.09997558594
219.798971913111	1979.40002441406
222.662519744776	1973.5
225.525078499925	1960.40002441406
228.386648878069	1986.19995117188
231.247231577465	1970.5
234.106827295172	1952.09997558594
236.965436727012	1954.40002441406
239.823060567597	1951.5
242.679699510337	1984.80004882813
245.535354247396	1978.30004882813
248.390025469775	1970.90002441406
251.243713867223	1954.59997558594
254.096420128327	1951.5
256.948144940459	1959.30004882813
259.798888989788	1943
262.648652961315	1972.19995117188
265.49743753883	1955.80004882813
268.345243404939	1974.80004882813
271.192071241073	1978.40002441406
274.037921727485	1962.09997558594
276.882795543246	1950.5
279.72669336624	1973.5
282.569615873213	1950.80004882813
285.411563739724	1956.90002441406
288.252537640165	1967.30004882813
291.092538247763	1976.69995117188
293.931566234616	1988.30004882813
296.769622271633	1993.90002441406
299.606707028594	1987.30004882813
302.442821174104	2006.5
305.277965375652	2006.5
308.112140299574	1992.59997558594
310.945346611062	1999.69995117188
313.777584974167	1993.30004882813
316.608856051813	2008.69995117188
319.439160505797	2006.80004882813
322.268498996783	2005.5
325.096872184303	2002.40002441406
327.924280726782	1997.69995117188
330.750725281521	2001.40002441406
333.576206504693	1988.90002441406
336.400725051388	1980.59997558594
339.224281575542	1991.30004882813
342.046876730026	1977.90002441406
344.868511166586	2000.30004882813
347.689185535872	1961.5
350.508900487421	1982.30004882813
353.327656669699	1990.5
356.145454730079	1992
358.962295314817	1973.40002441406
361.778179069105	1997.30004882813
364.593106637051	1995.59997558594
367.407078661675	1987.69995117188
370.220095784913	1984
373.032158647655	1979.09997558594
375.843267889676	2008.90002441406
378.653424149715	1987.09997558594
381.462628065436	2004.30004882813
384.270880273432	1991.59997558594
387.078181409254	2012.30004882813
389.884532107358	2024.30004882813
392.689933001188	2030.59997558594
395.494384723112	2023.90002441406
398.29788790445	2047.09997558594
401.100443175488	2049.69995117188
403.902051165437	2024.19995117188
406.702712502518	2037.59997558594
409.502427813866	2019.69995117188
412.301197725607	2014
415.099022862823	1993.19995117188
417.89590384957	2024.80004882813
420.691841308876	2018.40002441406
423.486835862752	2017.59997558594
426.280888132173	2029.19995117188
429.073998737112	2045.80004882813
431.866168296507	2030.5
434.657397428298	2019.09997558594
437.447686749412	2055.80004882813
440.237036875762	2024.40002441406
443.025448422257	2027
445.812922002813	2037.19995117188
448.599458230326	2020.80004882813
451.38505771672	2024.19995117188
454.169721072909	2022
456.953448908819	2024.59997558594
459.736241833384	2026.80004882813
462.518100454555	2040.69995117188
465.2990253793	2041.80004882813
468.079017213605	2050
470.858076562476	2049.80004882813
473.636204029939	2030.09997558594
476.41340021906	2044.90002441406
479.189665731938	2055.30004882813
481.965001169667	2042.40002441406
484.739407132419	2042.19995117188
487.512884219391	2036.09997558594
490.285433028796	2037.69995117188
493.057054157921	2050.5
495.827748203087	2031.69995117188
498.597515759658	2064.39990234375
501.366357422061	2063.69995117188
504.134273783759	2044
506.901265437278	2069.10009765625
509.66733297421	2084.80004882813
512.432476985198	2050.19995117188
515.196698059945	2062.30004882813
517.959996787225	2051.80004882813
520.722373754895	2058.60009765625
523.483829549856	2055.10009765625
526.24436475811	2069.30004882813
529.003979964696	2045.40002441406
531.762675753779	2067.39990234375
534.520452708569	2042.90002441406
537.277311411375	2053.19995117188
540.03325244359	2038.5
542.788276385682	2051.5
545.54238381725	2054.10009765625
548.295575316938	2049.5
551.047851462516	2052.10009765625
553.799212830831	2011.40002441406
556.549659997851	2054.89990234375
559.299193538643	2052.89990234375
562.047814027381	2032
564.795522037318	2060.30004882813
567.542318140861	2055.69995117188
570.288202909507	2033.19995117188
573.033176913873	2037.09997558594
575.7772407237	2052.60009765625
578.520394907829	2047.19995117188
581.26264003424	2052.69995117188
584.003976670046	2036.30004882813
586.744405381469	2069.60009765625
589.483926733869	2061.19995117188
592.222541291746	2037.30004882813
594.96024961872	2054.5
597.697052277563	2040.59997558594
600.432949830166	2081.39990234375
603.167942837587	2078.60009765625
605.902031860012	2061.60009765625
608.635217456783	2054.30004882813
611.367500186378	2072.80004882813
614.098880606429	2066.5
616.82935927374	2077.89990234375
619.558936744248	2054
622.287613573072	2051.10009765625
625.015390314457	2078.19995117188
627.742267521848	2056.30004882813
630.468245747829	2061.5
633.193325544166	2096.69995117188
635.917507461792	2073.39990234375
638.640792050804	2050.89990234375
641.36317986048	2066.30004882813
644.084671439281	2085.89990234375
646.805267334845	2078.5
649.524968093967	2090.10009765625
652.24377426266	2071.30004882813
654.961686386106	2062.60009765625
657.678705008678	2096.89990234375
660.394830673939	2064
663.110063924628	2049.60009765625
665.824405302728	2087.39990234375
668.537855349351	2077.80004882813
671.250414604863	2074.30004882813
673.962083608812	2074.19995117188
676.672862899949	2064.89990234375
679.382753016218	2070
682.091754494801	2076.30004882813
684.799867872061	2110.19995117188
687.507093683595	2109.89990234375
690.213432464198	2086.10009765625
692.918884747899	2067.30004882813
695.623451067937	2090.69995117188
698.327131956755	2103.39990234375
701.029927946065	2088.89990234375
703.731839566754	2086.5
706.43286734896	2084.39990234375
709.133011822067	2113.89990234375
711.832273514658	2113.5
714.53065295457	2101.60009765625
717.228150668879	2116
719.924767183889	2105.89990234375
722.620503025148	2098.69995117188
725.315358717446	2081.69995117188
728.009334784827	2091
730.702431750559	2084.80004882813
733.394650137188	2092.69995117188
736.085990466498	2092.19995117188
738.776453259519	2073.69995117188
741.466039036542	2084.19995117188
744.154748317125	2091.5
746.842581620074	2105.69995117188
749.529539463458	2099.60009765625
752.215622364608	2101.5
754.900830840131	2089.69995117188
757.585165405892	2119.19995117188
760.26862657703	2103.10009765625
762.951214867957	2106.19995117188
765.632930792356	2103.39990234375
768.313774863181	2103.80004882813
770.993747592673	2101.69995117188
773.672849492359	2089.5
776.351081073017	2120.30004882813
779.028442844757	2120.80004882813
781.704935316928	2094.10009765625
784.380558998208	2115.19995117188
787.055314396528	2092.80004882813
789.729202019141	2123.30004882813
792.402222372581	2124.60009765625
795.074375962669	2093.19995117188
797.745663294537	2117.60009765625
800.416084872622	2124.80004882813
803.085641200652	2126
805.754332781664	2104.5
808.422160117986	2133
811.089123711292	2095.19995117188
813.75522406252	2109.80004882813
816.420461671951	2125.5
819.084837039164	2134.80004882813
821.748350663067	2166.80004882813
824.411003041866	2168.60009765625
827.072794673116	2150.80004882813
829.733726053668	2184.10009765625
832.39379767971	2169.60009765625
835.05301004674	2143.69995117188
837.711363649601	2158.69995117188
840.368858982457	2162
843.025496538805	2176.5
845.681276811467	2168.39990234375
848.336200292618	2202.69995117188
850.99026747375	2198
853.643478845713	2182.80004882813
856.29583489868	2185.89990234375
858.947336122176	2185.60009765625
861.59798300506	2213.19995117188
864.247776035556	2205.69995117188
866.896715701222	2237.19995117188
869.544802488959	2227.30004882813
872.192036885046	2264
874.838419375087	2207.69995117188
877.483950444054	2240.30004882813
880.128630576285	2215.60009765625
882.772460255461	2217.60009765625
885.415439964628	2219
888.057570186211	2220.60009765625
890.698851401966	2231.5
893.339284093045	2214.39990234375
895.978868739961	2228.19995117188
898.617605822596	2231.39990234375
901.255495820196	2185.10009765625
903.892539211396	2185.19995117188
906.528736474184	2175.80004882813
909.164088085949	2227.80004882813
911.798594523442	2216.89990234375
914.432256262804	2195.39990234375
917.065073779549	2194.89990234375
919.697047548589	2213.19995117188
922.328178044212	2234.60009765625
924.9584657401	2202.39990234375
927.587911109317	2242.60009765625
930.216514624317	2229.60009765625
932.844276756963	2212.69995117188
935.471197978488	2227.89990234375
938.097278759538	2241.80004882813
940.722519570163	2240.10009765625
943.346920879798	2249.5
945.97048315729	2278.19995117188
948.593206870885	2311.30004882813
951.215092488219	2334.60009765625
953.836140476366	2355.60009765625
956.456351301787	2365.5
959.07572543037	2350.5
961.694263327369	2393.30004882813
964.311965457521	2425.10009765625
966.928832284933	2389.30004882813
969.544864273135	2392.30004882813
972.160061885076	2388.69995117188
974.774425583129	2348.39990234375
977.387955829099	2347.30004882813
980.000653084196	2319.89990234375
982.612517809061	2322
985.223550463768	2318.60009765625
987.833751507819	2341
990.443121400135	2396.19995117188
993.051660599081	2404.19995117188
995.659369562449	2414.60009765625
998.266248747469	2449.5
1000.87229861081	2582.39990234375
1003.47751960857	2702.89990234375
1006.0819121963	2751.10009765625
1008.68547682897	2735.10009765625
1011.28821396104	2652.10009765625
1013.89012404635	2588
1016.49120753824	2523.89990234375
1019.09146488947	2469
1021.69089655226	2426
1024.28950297827	2394.19995117188
1026.88728461863	2388.10009765625
1029.48424192392	2395.39990234375
1032.08037534416	2359.30004882813
1034.67568532886	2325.19995117188
1037.27017232694	2350.39990234375
1039.86383678682	2341.89990234375
1042.45667915637	2380.69995117188
1045.04869988293	2332.80004882813
1047.6398994133	2331.39990234375
1050.23027819374	2342.30004882813
1052.81983666998	2349.69995117188
1055.40857528724	2362.60009765625
1057.99649449018	2347.69995117188
1060.58359472296	2368.30004882813
1063.1698764292	2348.89990234375
1065.755340052	2362.19995117188
1068.33998603393	2365.60009765625
1070.92381481706	2333.30004882813
1073.50682684291	2384
1076.08902255251	2382.10009765625
1078.67040238637	2372.39990234375
1081.25096678445	2384.5
1083.83071618624	2371.19995117188
1086.4096510307	2355.80004882813
1088.98777175629	2342.19995117188
1091.56507880094	2358.30004882813
1094.14157260208	2395.89990234375
1096.71725359664	2387.19995117188
1099.29212222106	2362.30004882813
1101.86617891125	2386.19995117188
1104.43942410262	2374.10009765625
1107.01185823011	2380.10009765625
1109.58348172812	2376.39990234375
1112.15429503057	2411.80004882813
1114.7242985709	2411.89990234375
1117.29349278203	2422.60009765625
1119.86187809642	2449.10009765625
1122.42945494599	2449.69995117188
1124.99622376222	2488.60009765625
1127.56218497606	2521.30004882813
1130.12733901801	2517.19995117188
1132.69168631804	2567.69995117188
1135.25522730568	2558.10009765625
1137.81796240995	2639.89990234375
1140.37989205941	2670.30004882813
1142.9410166821	2740.69995117188
1145.50133670561	2863.89990234375
1148.06085255708	3030.80004882813
1150.61956466311	3282.60009765625
1153.17747344987	3548.19995117188
1155.73457934305	3857.39990234375
1158.29088276786	3986.89990234375
1160.84638414903	3876.89990234375
1163.40108391085	3554.80004882813
1165.95498247711	3262.39990234375
1168.50808027116	3006.80004882813
1171.06037771587	2810.39990234375
1173.61187523364	2683.30004882813
1176.16257324643	2664.89990234375
1178.71247217573	2627.30004882813
1181.26157244255	2599.19995117188
1183.80987446746	2609.10009765625
1186.35737867059	2633.30004882813
1188.90408547157	2704.5
1191.44999528961	2704.69995117188
1193.99510854347	2721.10009765625
1196.53942565142	2747.80004882813
1199.08294703133	2720.5
1201.62567310057	2656.5
1204.16760427611	2598.39990234375
1206.70874097445	2575.89990234375
1209.24908361163	2527.30004882813
1211.78863260327	2525.10009765625
1214.32738836454	2525.39990234375
1216.86535131017	2520.19995117188
1219.40252185445	2477.10009765625
1221.93890041121	2467.19995117188
1224.47448739389	2430.60009765625
1227.00928321544	2457.30004882813
1229.54328828842	2434.10009765625
1232.07650302491	2466.60009765625
1234.60892783662	2421
1237.14056313477	2478.30004882813
1239.67140933017	2455.10009765625
1242.2014668332	2453.39990234375
1244.73073605384	2459.10009765625
1247.25921740159	2502.30004882813
1249.78691128558	2492.60009765625
1252.31381811448	2516.39990234375
1254.83993829655	2527.89990234375
1257.36527223962	2555.39990234375
1259.88982035112	2592
1262.41358303803	2621.89990234375
1264.93656070696	2591.89990234375
1267.45875376405	2643.19995117188
1269.98016261505	2680.30004882813
1272.50078766531	2696.19995117188
1275.02062931974	2713.30004882813
1277.53968798285	2710.69995117188
1280.05796405875	2681.10009765625
1282.57545795112	2648
1285.09217006325	2597.30004882813
1287.60810079802	2583.5
1290.12325055788	2551.39990234375
1292.63761974492	2578.5
1295.15120876079	2587.89990234375
1297.66401800676	2572.19995117188
1300.17604788367	2571.60009765625
1302.687298792	2600.5
1305.19777113181	2597.69995117188
1307.70746530274	2555.89990234375
1310.21638170408	2567.60009765625
1312.7245207347	2585.60009765625
1315.23188279307	2573.69995117188
1317.73846827728	2554.39990234375
1320.24427758502	2548.89990234375
1322.74931111359	2559.80004882813
1325.25356925991	2517.5
1327.75705242051	2566.69995117188
1330.25976099151	2563.60009765625
1332.76169536868	2525.60009765625
1335.26285594737	2544.19995117188
1337.76324312256	2524.60009765625
1340.26285728887	2490.80004882813
1342.76169884052	2494
1345.25976817132	2520.5
1347.75706567474	2533.60009765625
1350.25359174387	2521.19995117188
1352.74934677141	2540.10009765625
1355.24433114968	2504.5
1357.73854527062	2524.89990234375
1360.23198952583	2563.5
1362.7246643065	2514.60009765625
1365.21657000347	2519.5
1367.7077070072	2533.89990234375
1370.19807570777	2526.89990234375
1372.68767649492	2525.5
1375.176509758	2529.69995117188
1377.66457588599	2541.60009765625
1380.15187526753	2529.60009765625
1382.63840829087	2510.39990234375
1385.1241753439	2523.80004882813
1387.60917681417	2546.39990234375
1390.09341308884	2566
1392.57688455474	2568
1395.05959159829	2569.19995117188
1397.54153460562	2577.5
1400.02271396243	2556.69995117188
1402.50313005414	2540.80004882813
1404.98278326576	2541.80004882813
1407.46167398196	2546.89990234375
1409.93980258707	2577.39990234375
1412.41716946504	2578.30004882813
1414.89377499951	2569.69995117188
1417.36961957373	2584.89990234375
1419.84470357062	2582.89990234375
1422.31902737275	2610.10009765625
1424.79259136235	2578.30004882813
1427.26539592129	2636.80004882813
1429.73744143111	2615.5
1432.20872827299	2679.10009765625
1434.67925682777	2675.80004882813
1437.14902747597	2738.19995117188
1439.61804059773	2744.60009765625
1442.0862965729	2758.10009765625
1444.55379578093	2797.69995117188
1447.02053860099	2764.80004882813
1449.48652541188	2780.19995117188
1451.95175659206	2765.5
1454.41623251969	2788.10009765625
1456.87995357255	2748.10009765625
1459.34292012811	2721.39990234375
1461.80513256351	2729.69995117188
1464.26659125557	2691.10009765625
1466.72729658073	2675.69995117188
1469.18724891517	2724.39990234375
1471.64644863469	2717.5
1474.10489611478	2699.60009765625
1476.5625917306	2730.39990234375
1479.01953585699	2721.19995117188
1481.47572886844	2731.30004882813
1483.93117113917	2715.60009765625
1486.38586304302	2709.69995117188
1488.83980495354	2796.89990234375
1491.29299724395	2793.60009765625
1493.74544028715	2833.89990234375
1496.19713445573	2938.39990234375
1498.64808012193	2936.10009765625
1501.09827765772	3068.39990234375
1503.54772743471	3173.10009765625
1505.99642982421	3396.19995117188
1508.44438519723	3631.69995117188
1510.89159392446	3908.69995117188
1513.33805637625	4236.10009765625
1515.78377292266	4470.7001953125
1518.22874393346	4578.5
1520.67296977806	4579
1523.11645082559	4394.10009765625
1525.55918744488	4133
1528.00118000444	3801.69995117188
1530.44242887245	3497.89990234375
1532.88293441684	3255.19995117188
1535.32269700517	3048.19995117188
1537.76171700475	2926.69995117188
1540.19999478255	2831.19995117188
1542.63753070526	2795.60009765625
1545.07432513925	2752.69995117188
1547.5103784506	2708.89990234375
1549.94569100509	2714.60009765625
1552.38026316819	2682.5
1554.8140953051	2695.60009765625
1557.24718778067	2695.80004882813
1559.67954095952	2674.10009765625
1562.11115520592	2676.5
1564.54203088386	2646.89990234375
1566.97216835704	2666.60009765625
1569.40156798888	2683.10009765625
1571.83023014248	2670.39990234375
1574.25815518067	2673.39990234375
1576.68534346597	2657.39990234375
1579.11179536062	2664.10009765625
1581.53751122658	2678
1583.9624914255	2673.60009765625
1586.38673631876	2663.89990234375
1588.81024626745	2669.80004882813
1591.23302163235	2649.19995117188
1593.655062774	2676.19995117188
1596.07637005262	2679.80004882813
1598.49694382815	2698.39990234375
1600.91678446025	2668.5
1603.33589230831	2656.30004882813
1605.75426773142	2645.80004882813
1608.1719110884	2668.69995117188
1610.58882273779	2630.80004882813
1613.00500303784	2647.89990234375
1615.42045234654	2631.89990234375
1617.83517102158	2620.5
1620.24915942039	2643.69995117188
1622.66241790012	2631.80004882813
1625.07494681764	2644.30004882813
1627.48674652954	2657.5
1629.89781739216	2628.39990234375
1632.30815976152	2655.39990234375
1634.71777399343	2645.19995117188
1637.12666044338	2686.60009765625
1639.53481946661	2672.10009765625
1641.94225141808	2661.39990234375
1644.34895665248	2685.10009765625
1646.75493552424	2683.39990234375
1649.16018838752	2728
1651.56471559621	2774.10009765625
1653.96851750392	2798.80004882813
1656.37159446403	2816
1658.7739468296	2816.80004882813
1661.17557495349	2798.80004882813
1663.57647918824	2764.10009765625
1665.97665988617	2749.60009765625
1668.37611739929	2713.30004882813
1670.77485207939	2680.80004882813
1673.17286427799	2660.89990234375
1675.57015434633	2666.30004882813
1677.96672263542	2653
1680.36256949598	2640.39990234375
1682.7576952785	2645.10009765625
1685.15210033318	2651.5
1687.54578501	2642.80004882813
1689.93874965866	2618.30004882813
1692.33099462861	2633.10009765625
1694.72252026904	2648.10009765625
1697.11332692889	2639.89990234375
1699.50341495686	2640.60009765625
1701.89278470137	2617.19995117188
1704.28143651061	2618.5
1706.66937073251	2623.19995117188
1709.05658771473	2608.60009765625
1711.44308780473	2601.69995117188
1713.82887134968	2593.30004882813
1716.21393869648	2599.30004882813
1718.59829019185	2605.60009765625
1720.98192618221	2594.89990234375
1723.36484701374	2596.30004882813
1725.74705303238	2604.30004882813
1728.12854458384	2609.10009765625
1730.50932201356	2604.60009765625
1732.88938566673	2620.60009765625
1735.26873588834	2587.80004882813
1737.64737302307	2611.10009765625
1740.02529741544	2633.10009765625
1742.40250940964	2607.89990234375
1744.77900934969	2625.10009765625
1747.15479757933	2643.19995117188
1749.52987444206	2612.60009765625
1751.90424028116	2611
1754.27789543967	2573.10009765625
1756.65084026037	2611.19995117188
1759.02307508582	2593.69995117188
1761.39460025833	2571
1763.76541612	2607.39990234375
1766.13552301265	2578.30004882813
1768.50492127791	2615.19995117188
1770.87361125714	2608.39990234375
1773.2415932915	2599.89990234375
1775.60886772188	2626.5
1777.97543488896	2585.30004882813
1780.34129513318	2595.80004882813
1782.70644879475	2578.89990234375
1785.07089621365	2589.69995117188
1787.43463772964	2588
1789.7976736822	2561.80004882813
1792.16000441066	2596.80004882813
1794.52163025405	2597.60009765625
1796.88255155121	2566.39990234375
1799.24276864074	2610.5
1801.60228186102	2603
1803.96109155019	2586
1806.31919804618	2614
1808.67660168668	2599.39990234375
1811.03330280916	2629.60009765625
1813.38930175088	2596.19995117188
1815.74459884884	2590.30004882813
1818.09919443984	2619.89990234375
1820.45308886047	2582.10009765625
1822.80628244708	2600.39990234375
1825.1587755358	2599
1827.51056846254	2595.60009765625
1829.86166156297	2602.19995117188
1832.21205517258	2577.5
1834.56174962661	2593.30004882813
1836.91074526009	2582.89990234375
1839.25904240783	2586.89990234375
1841.60664140443	2595.69995117188
1843.95354258425	2574.10009765625
1846.29974628146	2610.39990234375
1848.64525282998	2595.39990234375
1850.99006256356	2569.30004882813
1853.3341758157	2594.60009765625
1855.67759291968	2549.80004882813
1858.02031420858	2575.69995117188
1860.36234001528	2585.60009765625
1862.70367067241	2578.30004882813
1865.04430651244	2563.80004882813
1867.38424786755	2555.10009765625
1869.72349506978	2573.69995117188
1872.06204845094	2580.69995117188
1874.39990834258	2552.30004882813
1876.73707507612	2606.69995117188
1879.07354898269	2580.5
1881.40933039328	2618.19995117188
1883.74441963861	2594.39990234375
1886.07881704925	2584.89990234375
1888.41252295551	2598.30004882813
1890.74553768751	2568.69995117188
1893.07786157519	2572.69995117188
1895.40949494822	2574.60009765625
1897.74043813615	2569.39990234375
1900.07069146823	2545.19995117188
1902.40025527357	2575.60009765625
1904.72912988106	2591.39990234375
1907.05731561938	2573.60009765625
1909.38481281699	2582.89990234375
1911.71162180217	2584.19995117188
1914.037742903	2568.69995117188
1916.36317644734	2580.30004882813
1918.68792276284	2571.60009765625
1921.01198217697	2572.5
1923.33535501699	2592.19995117188
1925.65804160996	2558.69995117188
1927.98004228273	2560.19995117188
1930.30135736196	2597.19995117188
1932.6219871741	2558.80004882813
1934.94193204543	2573.80004882813
1937.26119230198	2556.10009765625
1939.57976826962	2563.5
1941.89766027402	2570.30004882813
1944.21486864062	2559.80004882813
1946.53139369472	2570.80004882813
1948.84723576137	2596.80004882813
1951.16239516543	2590.60009765625
1953.47687223159	2582.5
1955.79066728434	2553.19995117188
1958.10378064794	2571
1960.4162126465	2577.39990234375
1962.7279636039	2573.60009765625
1965.03903384385	2563.60009765625
1967.34942368987	2587.80004882813
1969.65913346524	2575.19995117188
1971.96816349311	2610.5
1974.2765140964	2581.89990234375
1976.58418559784	2591.19995117188
1978.89117831997	2574.69995117188
1981.19749258516	2570.19995117188
1983.50312871555	2573.5
1985.80808703313	2567.80004882813
1988.11236785967	2584.89990234375
1990.41597151676	2548.10009765625
1992.71889832581	2556
1995.02114860801	2589.80004882813
1997.3227226844	2573.10009765625
1999.62362087581	2569
2001.92384350288	2571.80004882813
2004.22339088608	2591.39990234375
2006.52226334567	2556.80004882813
2008.82046120173	2580.19995117188
2011.11798477417	2573
2013.41483438269	2586.39990234375
2015.71101034681	2561.89990234375
2018.00651298588	2603.5
2020.30134261905	2582.30004882813
2022.59549956528	2571.10009765625
2024.88898414337	2589.69995117188
2027.1817966719	2601.30004882813
2029.4739374693	2560.60009765625
2031.76540685379	2569.5
2034.05620514342	2559.69995117188
2036.34633265607	2553.5
2038.6357897094	2535.80004882813
2040.92457662092	2535.69995117188
2043.21269370795	2571.80004882813
2045.50014128763	2551.19995117188
2047.78691967691	2554.80004882813
2050.07302919256	2527.19995117188
2052.35847015118	2547.30004882813
2054.64324286919	2519.10009765625
2056.9273476628	2538.39990234375
2059.21078484808	2545.89990234375
2061.4935547409	2564.5
2063.77565765696	2534.39990234375
2066.05709391176	2553.19995117188
2068.33786382065	2498.10009765625
2070.61796769879	2514.10009765625
2072.89740586116	2529.19995117188
2075.17617862255	2502.60009765625
2077.45428629759	2521.10009765625
2079.73172920075	2528.30004882813
2082.00850764627	2527.5
2084.28462194827	2525.10009765625
2086.56007242065	2523
2088.83485937717	2518.39990234375
2091.10898313139	2510.39990234375
2093.3824439967	2539.5
2095.65524228632	2533.19995117188
2097.92737831328	2538.89990234375
2100.19885239047	2536.69995117188
2102.46966483057	2563.89990234375
2104.7398159461	2530.30004882813
2107.00930604941	2568.5
2109.27813545267	2564.5
2111.54630446787	2586.80004882813
2113.81381340685	2572.10009765625
2116.08066258126	2576.60009765625
2118.34685230257	2572.39990234375
2120.61238288211	2586.80004882813
2122.87725463099	2606.5
2125.1414678602	2573
2127.40502288052	2599.69995117188
2129.66792000257	2601.10009765625
2131.93015953682	2598.5
2134.19174179353	2590.10009765625
2136.45266708282	2561.89990234375
2138.71293571463	2600.19995117188
2140.97254799873	2587.69995117188
2143.23150424473	2576.80004882813
2145.48980476205	2629.69995117188
2147.74744985996	2592.19995117188
2150.00443984754	2612.19995117188
2152.26077503373	2647.80004882813
2154.51645572728	2617.60009765625
2156.77148223677	2613.30004882813
2159.02585487064	2609.69995117188
2161.27957393713	2629.39990234375
2163.53263974432	2671.89990234375
2165.78505260012	2653.10009765625
2168.0368128123	2627.5
2170.28792068844	2632.10009765625
2172.53837653595	2603.39990234375
2174.78818066207	2562.89990234375
2177.03733337389	2587.10009765625
2179.28583497833	2562.5
2181.53368578214	2551.10009765625
2183.78088609192	2568.39990234375
2186.02743621406	2551.69995117188
2188.27333645484	2562.19995117188
2190.51858712033	2559.5
2192.76318851646	2549.39990234375
2195.00714094901	2519.5
2197.25044472354	2534.10009765625
2199.49310014551	2497.69995117188
2201.73510752018	2527.10009765625
2203.97646715265	2488.19995117188
2206.21717934786	2523.30004882813
2208.45724441058	2511.19995117188
2210.69666264543	2497.30004882813
2212.93543435686	2525.30004882813
2215.17355984914	2515.80004882813
2217.41103942642	2543.39990234375
2219.64787339264	2466.60009765625
2221.8840620516	2504.5
2224.11960570695	2493.19995117188
2226.35450466215	2490.89990234375
2228.58875922051	2492.39990234375
2230.82236968518	2499.10009765625
2233.05533635916	2498.10009765625
2235.28765954527	2505.5
2237.51933954617	2469.60009765625
2239.75037666437	2517
2241.98077120221	2506.80004882813
2244.21052346188	2482.10009765625
2246.4396337454	2517
2248.66810235461	2502.80004882813
2250.89592959125	2496.19995117188
2253.12311575681	2516.80004882813
2255.34966115272	2500.69995117188
2257.57556608017	2492.60009765625
2259.80083084023	2511.69995117188
2262.02545573381	2520.69995117188
2264.24944106163	2490.30004882813
2266.47278712429	2495.80004882813
2268.69549422221	2495.80004882813
2270.91756265564	2539.10009765625
2273.1389927247	2536.5
2275.35978472934	2532.89990234375
2277.57993896933	2519
2279.79945574431	2525.19995117188
2282.01833535375	2516.30004882813
2284.23657809696	2525.30004882813
2286.45418427309	2536.80004882813
2288.67115418114	2536.60009765625
2290.88748811995	2541.10009765625
2293.10318638819	2561.60009765625
2295.3182492844	2559.19995117188
2297.53267710693	2608.30004882813
2299.746470154	2588.60009765625
2301.95962872364	2579.30004882813
2304.17215311376	2610.10009765625
2306.3840436221	2599.5
2308.59530054621	2611.89990234375
2310.80592418354	2622.30004882813
2313.01591483134	2609.39990234375
2315.22527278673	2584.60009765625
2317.43399834666	2630.39990234375
2319.64209180791	2592.30004882813
2321.84955346713	2599.60009765625
2324.05638362079	2558.10009765625
2326.26258256524	2579.19995117188
2328.46815059664	2543.39990234375
2330.67308801098	2527.19995117188
2332.87739510415	2547.89990234375
2335.08107217184	2564.39990234375
2337.2841195096	2528.5
2339.48653741281	2545.5
2341.68832617672	2535
2343.8894860964	2545.80004882813
2346.09001746678	2554.30004882813
2348.28992058261	2530
2350.48919573852	2516.60009765625
2352.68784322898	2503.89990234375
2354.88586334826	2507.30004882813
2357.08325639055	2521.80004882813
2359.2800226498	2529.5
2361.47616241988	2522.39990234375
2363.67167599445	2489.5
2365.86656366706	2483
2368.06082573107	2501.30004882813
2370.2544624797	2506.89990234375
2372.44747420603	2489.60009765625
2374.63986120295	2486.60009765625
2376.83162376322	2473.10009765625
2379.02276217945	2474.5
2381.21327674408	2484.39990234375
2383.4031677494	2488.60009765625
2385.59243548756	2458.89990234375
2387.78108025053	2472.60009765625
2389.96910233014	2487.19995117188
2392.15650201809	2458.89990234375
2394.34327960587	2457.30004882813
2396.52943538486	2436.80004882813
2398.71496964628	2451.69995117188
2400.89988268118	2436.10009765625
2403.08417478048	2466.60009765625
2405.26784623491	2442.69995117188
2407.45089733509	2468.19995117188
2409.63332837146	2447
2411.81513963429	2441.19995117188
2413.99633141375	2432.69995117188
2416.1769039998	2445.69995117188
2418.35685768227	2453.5
2420.53619275084	2456.5
2422.71490949505	2435.60009765625
2424.89300820425	2464.39990234375
2427.07048916765	2444.69995117188
2429.24735267433	2432.5
2431.42359901319	2469.39990234375
2433.59922847297	2448
2435.7742413423	2446.5
2437.94863790961	2438.39990234375
2440.12241846321	2458.19995117188
2442.29558329121	2410.30004882813
2444.46813268162	2437.5
2446.64006692228	2431.69995117188
2448.81138630086	2432.30004882813
2450.98209110489	2443.60009765625
2453.15218162174	2440.5
2455.32165813864	2440.60009765625
2457.49052094265	2446.5
2459.65877032069	2456.80004882813
2461.8264065595	2450.89990234375
2463.99342994572	2446.69995117188
2466.15984076579	2481
2468.325639306	2488.5
2470.49082585251	2506.10009765625
2472.65540069131	2469.5
2474.81936410824	2492.39990234375
2476.98271638899	2480.5
2479.14545781909	2474.89990234375
2481.30758868392	2463.80004882813
2483.4691092687	2457.30004882813
2485.63001985852	2453.80004882813
2487.79032073829	2482.10009765625
2489.95001219277	2470.39990234375
2492.10909450659	2458.69995117188
2494.26756796419	2461.30004882813
2496.42543284989	2462.5
2498.58268944783	2450
2500.73933804202	2443.10009765625
2502.8953789163	2472.30004882813
2505.05081235436	2473.19995117188
2507.20563863974	2518.10009765625
2509.35985805582	2485.19995117188
2511.51347088583	2489.10009765625
2513.66647741285	2502
2515.81887791981	2526.80004882813
2517.97067268946	2521.39990234375
2520.12186200443	2492.80004882813
2522.27244614716	2498.30004882813
2524.42242539999	2523.89990234375
2526.57180004504	2492.80004882813
2528.72057036433	2469.89990234375
2530.8687366397	2490.30004882813
2533.01629915284	2434.39990234375
2535.16325818527	2447.5
2537.30961401839	2447.69995117188
2539.45536693343	2415.5
2541.60051721145	2444.39990234375
2543.74506513338	2408.89990234375
2545.88901097997	2445
2548.03235503185	2382.60009765625
2550.17509756946	2438.10009765625
2552.31723887311	2393.19995117188
2554.45877922293	2387.5
2556.59971889893	2371.80004882813
2558.74005818094	2380.30004882813
2560.87979734864	2369.39990234375
2563.01893668155	2389.69995117188
2565.15747645906	2370.60009765625
2567.29541696037	2375.80004882813
2569.43275846454	2373.69995117188
2571.56950125049	2385.89990234375
2573.70564559696	2382.30004882813
2575.84119178254	2375.5
2577.97614008569	2340.60009765625
2580.11049078468	2380.10009765625
2582.24424415764	2378.30004882813
2584.37740048255	2389.30004882813
2586.50996003722	2404.5
2588.64192309931	2402.80004882813
2590.77328994634	2363.80004882813
2592.90406085564	2394.89990234375
2595.03423610442	2392
2597.16381596971	2383.39990234375
2599.29280072839	2354.5
2601.42119065719	2379.60009765625
2603.54898603267	2411.19995117188
2605.67618713125	2380.5
2607.80279422919	2406.80004882813
2609.92880760257	2371.39990234375
2612.05422752735	2427.19995117188
2614.17905427932	2413.5
2616.30328813408	2373.89990234375
2618.42692936713	2401.30004882813
2620.54997825377	2409.60009765625
2622.67243506915	2404.10009765625
2624.79430008828	2415.69995117188
2626.915573586	2441.5
2629.03625583699	2438
2631.15634711579	2439.30004882813
2633.27584769675	2428.19995117188
2635.39475785408	2424
2637.51307786185	2451.60009765625
2639.63080799394	2449.39990234375
2641.74794852409	2435.39990234375
2643.86449972589	2502.19995117188
2645.98046187273	2472.89990234375
2648.0958352379	2515.60009765625
2650.21062009449	2512.80004882813
2652.32481671544	2518.19995117188
2654.43842537353	2544.39990234375
2656.5514463414	2569.5
2658.66387989151	2563.89990234375
2660.77572629616	2611.30004882813
2662.88698582751	2615.60009765625
2664.99765875753	2651.30004882813
2667.10774535806	2622
2669.21724590076	2646.39990234375
2671.32616065714	2606.30004882813
2673.43448989857	2638.30004882813
2675.5422338962	2576
2677.64939292108	2577.19995117188
2679.75596724408	2557.89990234375
2681.86195713589	2541.39990234375
2683.96736286707	2511.80004882813
2686.07218470799	2480.39990234375
2688.17642292889	2453.19995117188
2690.28007779982	2450.5
2692.38314959069	2465.69995117188
2694.48563857123	2436.80004882813
2696.58754501103	2403
2698.6888691795	2428.5
2700.78961134588	2383.10009765625
2702.8897717793	2409.5
2704.98935074864	2395.5
2707.08834852271	2416.60009765625
2709.18676537009	2412.80004882813
2711.28460155925	2434.5
2713.38185735843	2395.39990234375
2715.47853303577	2408.5
2717.57462885924	2379.89990234375
2719.67014509659	2379.10009765625
2721.76508201548	2384.30004882813
2723.85943988337	2343.10009765625
2725.95321896754	2368.80004882813
2728.04641953515	2338.69995117188
2730.13904185316	2369.39990234375
2732.23108618837	2348.10009765625
2734.32255280744	2357.69995117188
2736.41344197683	2336.10009765625
2738.50375396288	2349.69995117188
2740.5934890317	2347.89990234375
2742.68264744932	2316.19995117188
2744.77122948153	2341.69995117188
2746.85923539398	2325.60009765625
2748.94666545217	2309.39990234375
2751.03351992142	2310.19995117188
2753.11979906688	2303.5
2755.20550315355	2299.69995117188
2757.29063244624	2283.60009765625
2759.37518720963	2320.30004882813
2761.45916770819	2313.89990234375
2763.54257420625	2284.39990234375
2765.62540696797	2300.5
2767.70766625733	2291.30004882813
2769.78935233816	2313.10009765625
2771.87046547413	2310.60009765625
2773.95100592869	2309
2776.03097396519	2302.5
2778.11036984677	2279.89990234375
2780.18919383641	2293.39990234375
2782.26744619693	2294.89990234375
2784.34512719097	2287.5
2786.42223708102	2345.5
2788.49877612937	2304.19995117188
2790.57474459816	2297.30004882813
2792.65014274937	2306.5
2794.7249708448	2302.69995117188
2796.79922914607	2306.60009765625
2798.87291791465	2303
2800.94603741181	2288.89990234375
2803.01858789869	2290.89990234375
2805.09056963623	2297.69995117188
2807.1619828852	2317.60009765625
2809.23282790621	2278.39990234375
2811.30310495971	2292.89990234375
2813.37281430593	2306.69995117188
2815.441956205	2292
2817.51053091682	2326.60009765625
2819.57853870114	2266
2821.64597981753	2293.89990234375
2823.7128545254	2319.30004882813
2825.77916308399	2313.39990234375
2827.84490575233	2328.10009765625
2829.91008278933	2321.89990234375
2831.97469445369	2353
2834.03874100395	2356.30004882813
2836.10222269847	2383.60009765625
2838.16513979544	2398.10009765625
2840.22749255288	2425.89990234375
2842.28928122863	2496.80004882813
2844.35050608034	2542.19995117188
2846.41116736553	2614.5
2848.47126534149	2720.19995117188
2850.53080026537	2743.5
2852.58977239414	2739.80004882813
2854.64818198459	2743.5
2856.70602929332	2746.5
2858.76331457678	2697.5
2860.82003809123	2676.80004882813
2862.87620009274	2689.80004882813
2864.93180083723	2682.10009765625
2866.98684058043	2668.5
2869.04131957789	2687.39990234375
2871.09523808497	2707.19995117188
2873.14859635689	2707.19995117188
2875.20139464866	2705.19995117188
2877.2536332151	2745.69995117188
2879.30531231091	2724.39990234375
2881.35643219054	2734.19995117188
2883.40699310831	2744.39990234375
2885.45699531834	2728
2887.50643907457	2801
2889.55532463077	2781.10009765625
2891.60365224053	2777.60009765625
2893.65142215724	2809.60009765625
2895.69863463414	2819
2897.74528992426	2797.19995117188
2899.79138828046	2803.69995117188
2901.83692995544	2802.89990234375
2903.88191520168	2827.80004882813
2905.92634427151	2792.30004882813
2907.97021741706	2799
2910.01353489027	2820.89990234375
2912.05629694294	2809
2914.09850382663	2797.69995117188
2916.14015579276	2839.19995117188
2918.18125309254	2803.89990234375
2920.22179597702	2784.10009765625
2922.26178469705	2818.39990234375
2924.30121950329	2789.5
2926.34010064624	2856.39990234375
2928.37842837619	2857.80004882813
2930.41620294326	2840.89990234375
2932.45342459737	2819.5
2934.49009358828	2835.5
2936.52621016555	2808.30004882813
2938.56177457854	2796.69995117188
2940.59678707645	2772.30004882813
2942.63124790827	2697.10009765625
2944.66515732282	2703.19995117188
2946.69851556873	2678.80004882813
2948.73132289443	2620.69995117188
2950.76357954817	2627.69995117188
2952.79528577803	2580.60009765625
2954.82644183188	2610.39990234375
2956.85704795741	2556.80004882813
2958.8871044021	2566.69995117188
2960.91661141328	2546.80004882813
2962.94556923807	2536.39990234375
2964.97397812339	2544.89990234375
2967.00183831598	2512.10009765625
2969.0291500624	2480.19995117188
2971.05591360902	2463
2973.08212920199	2447.19995117188
2975.1077970873	2429
2977.13291751074	2472.60009765625
2979.1574907179	2414.10009765625
2981.18151695419	2412.39990234375
2983.20499646482	2399.60009765625
2985.2279294948	2393.5
2987.25031628898	2348.80004882813
2989.27215709199	2372.69995117188
2991.29345214825	2363
2993.31420170204	2344.69995117188
2995.33440599738	2370.19995117188
2997.35406527816	2344.89990234375
2999.37317978802	2347.30004882813
3001.39174977045	2359.69995117188
3003.40977546872	2373.30004882813
3005.42725712591	2391.89990234375
3007.44419498491	2412.10009765625
3009.4605892884	2447.5
3011.47644027889	2413
3013.49174819865	2439.10009765625
3015.5065132898	2429.39990234375
3017.52073579424	2429.30004882813
3019.53441595366	2384.80004882813
3021.54755400959	2420.30004882813
3023.56015020332	2361.80004882813
3025.57220477598	2385.89990234375
3027.58371796846	2365
3029.5946900215	2337.39990234375
3031.6051211756	2349.69995117188
3033.61501167107	2339.5
3035.62436174803	2325.19995117188
3037.6331716464	2272.60009765625
3039.64144160588	2305.5
3041.649171866	2290.30004882813
3043.65636266607	2269.10009765625
3045.6630142452	2264.19995117188
3047.66912684229	2258.69995117188
3049.67470069605	2235
3051.679736045	2245.10009765625
3053.68423312742	2244.30004882813
3055.68819218143	2229.5
3057.6916134449	2227.69995117188
3059.69449715556	2244.69995117188
3061.69684355086	2223.69995117188
3063.6986528681	2232
3065.69992534437	2219.60009765625
3067.70066121653	2205.19995117188
3069.70086072126	2210.60009765625
3071.700524095	2202.30004882813
3073.69965157405	2209.30004882813
3075.69824339442	2198.80004882813
3077.69629979197	2181.39990234375
3079.69382100235	2191.39990234375
3081.69080726098	2157.19995117188
3083.68725880307	2176.89990234375
3085.68317586366	2185.80004882813
3087.67855867755	2170.19995117188
3089.67340747933	2173.80004882813
3091.6677225034	2157.80004882813
3093.66150398392	2202.89990234375
3095.6547521549	2166.60009765625
3097.64746725006	2156.69995117188
3099.63964950297	2171.80004882813
3101.63129914698	2168.89990234375
3103.6224164152	2158
3105.61300154056	2175.30004882813
3107.60305475576	2177.10009765625
3109.59257629331	2182.19995117188
3111.58156638547	2174.89990234375
3113.57002526432	2182.39990234375
3115.55795316172	2137.60009765625
3117.54535030932	2156.89990234375
3119.53221693853	2162.60009765625
3121.51855328057	2176.19995117188
3123.50435956646	2174.5
3125.48963602698	2158.69995117188
3127.4743828927	2167.30004882813
3129.45860039397	2178.69995117188
3131.44228876093	2160.19995117188
3133.42544822353	2167.89990234375
3135.40807901145	2162.39990234375
3137.39018135418	2190
3139.37175548102	2166.69995117188
3141.35280162101	2176.80004882813
3143.33332000299	2186
3145.31331085559	2168
3147.2927744072	2192.5
3149.27171088602	2186.19995117188
3151.25012052	2175
3153.22800353689	2170.69995117188
3155.20536016422	2182.10009765625
3157.18219062929	2152.80004882813
3159.15849515918	2160.19995117188
3161.13427398075	2171.19995117188
3163.10952732066	2156
3165.08425540532	2176.10009765625
3167.05845846092	2182.19995117188
3169.03213671344	2169.80004882813
3171.00529038863	2148.30004882813
3172.97791971203	2167.19995117188
3174.95002490893	2185.89990234375
3176.92160620443	2164.30004882813
3178.89266382337	2170.80004882813
3180.8631979904	2166.39990234375
3182.83320892991	2196.5
3184.80269686609	2148.39990234375
3186.77166202289	2151.5
3188.74010462406	2165.80004882813
3190.70802489307	2164
3192.67542305323	2175.30004882813
3194.64229932757	2196.80004882813
3196.60865393892	2164.10009765625
3198.57448710987	2167.19995117188
3200.53979906279	2150.10009765625
3202.50459001981	2184.5
3204.46886020284	2173.10009765625
3206.43260983356	2165.69995117188
3208.39583913341	2158.89990234375
3210.35854832362	2170.5
3212.32073762517	2170.10009765625
3214.28240725881	2184.19995117188
3216.24355744508	2165.80004882813
3218.20418840426	2151.30004882813
3220.16430035642	2168.60009765625
3222.12389352137	2177.19995117188
3224.08296811873	2171.69995117188
3226.04152436784	2165.30004882813
3227.99956248784	2161.80004882813
3229.95708269762	2163.30004882813
3231.91408521584	2159.30004882813
3233.87057026092	2174.10009765625
3235.82653805105	2189
3237.78198880419	2177.80004882813
3239.73692273806	2173.69995117188
3241.69134007013	2170.19995117188
3243.64524101764	2201.80004882813
3245.59862579761	2191.10009765625
3247.55149462681	2181.60009765625
3249.50384772176	2162.60009765625
3251.45568529877	2146.5
3253.40700757387	2171.60009765625
3255.35781476288	2191.39990234375
3257.3081070814	2175.80004882813
3259.25788474473	2188.69995117188
3261.20714796799	2168.19995117188
3263.15589696602	2161.39990234375
3265.10413195345	2184.89990234375
3267.05185314463	2166.19995117188
3268.9990607537	2178.39990234375
3270.94575499455	2187.10009765625
3272.89193608081	2195.30004882813
3274.8376042259	2199.19995117188
3276.78275964296	2164
3278.72740254492	2177.5
3280.67153314443	2190.30004882813
3282.61515165393	2158.89990234375
3284.55825828559	2175.30004882813
3286.50085325135	2187.19995117188
3288.44293676289	2174.80004882813
3290.38450903165	2176.10009765625
3292.32557026883	2191.5
3294.26612068537	2182.80004882813
3296.20616049198	2189.30004882813
3298.14568989911	2153.19995117188
3300.08470911695	2200.39990234375
3302.02321835546	2183.69995117188
3303.96121782435	2174.89990234375
3305.89870773306	2153.39990234375
3307.83568829081	2146.60009765625
3309.77215970655	2151.60009765625
3311.70812218898	2171.39990234375
3313.64357594655	2161.39990234375
3315.57852118747	2154.5
3317.51295811968	2175.19995117188
3319.44688695087	2136
3321.38030788849	2143
3323.31322113973	2167.10009765625
3325.24562691152	2156.5
3327.17752541055	2165.39990234375
3329.10891684322	2135.19995117188
3331.03980141573	2151.60009765625
3332.97017933399	2151.89990234375
3334.90005080364	2150.69995117188
3336.82941603011	2168.89990234375
3338.75827521852	2119.30004882813
3340.68662857377	2150.30004882813
3342.6144763005	2150
3344.54181860308	2169.19995117188
3346.46865568561	2157.69995117188
3348.39498775195	2137
3350.32081500571	2150.80004882813
3352.24613765022	2154.19995117188
3354.17095588855	2142.69995117188
3356.09526992352	2160.19995117188
3358.01907995769	2154.60009765625
3359.94238619334	2148.10009765625
3361.86518883251	2156.19995117188
3363.78748807697	2159.30004882813
3365.70928412823	2148.10009765625
3367.63057718752	2166.80004882813
3369.55136745582	2153.89990234375
3371.47165513386	2143.10009765625
3373.39144042208	2124.30004882813
3375.31072352066	2143
3377.22950462953	2142.30004882813
3379.14778394834	2112.5
3381.06556167648	2131.30004882813
3382.98283801308	2164.10009765625
3384.89961315697	2121.69995117188
3386.81588730676	2153.39990234375
3388.73166066076	2124.80004882813
3390.64693341702	2129.30004882813
3392.56170577332	2118.30004882813
3394.47597792716	2134.60009765625
3396.38975007581	2149.39990234375
3398.30302241623	2138.80004882813
3400.21579514512	2114
3402.1280684589	2130.89990234375
3404.03984255374	2108.19995117188
3405.95111762553	2109.80004882813
3407.86189386987	2134.10009765625
3409.77217148212	2119.19995117188
3411.68195065733	2124.39990234375
3413.5912315903	2115.10009765625
3415.50001447556	2135.30004882813
3417.40829950735	2126.39990234375
3419.31608687963	2111.89990234375
3421.22337678611	2116.89990234375
3423.1301694202	2093.69995117188
3425.03646497504	2121.30004882813
3426.9422636435	2140.60009765625
3428.84756561816	2126
3430.75237109135	2119.19995117188
3432.65668025508	2133.5
3434.56049330112	2110.10009765625
3436.46381042093	2118.19995117188
3438.36663180571	2103.89990234375
3440.26895764638	2137.69995117188
3442.17078813357	2105.39990234375
3444.07212345762	2097.10009765625
3445.97296380863	2113.10009765625
3447.87330937636	2114.10009765625
3449.77316035033	2097.10009765625
3451.67251691977	2098.10009765625
3453.57137927361	2093.30004882813
3455.46974760052	2096.69995117188
3457.36762208886	2099.30004882813
3459.26500292671	2092.10009765625
3461.16189030191	2089.60009765625
3463.05828440194	2071.19995117188
3464.95418541406	2093
3466.84959352519	2104.80004882813
3468.74450892201	2099.5
3470.63893179088	2084.5
3472.53286231788	2096.19995117188
3474.42630068881	2079.19995117188
3476.31924708918	2081.30004882813
3478.2117017042	2072.30004882813
3480.1036647188	2063.30004882813
3481.99513631761	2080.5
3483.88611668498	2087.80004882813
3485.77660600498	2091.60009765625
3487.66660446135	2074.60009765625
3489.55611223758	2064.5
3491.44512951683	2067.80004882813
3493.333656482	2057.69995117188
3495.22169331568	2060.80004882813
3497.10924020016	2044.69995117188
3498.99629731746	2045.90002441406
3500.88286484927	2042.59997558594
3502.76894297702	2049
3504.65453188182	2040.59997558594
3506.53963174449	2030.69995117188
3508.42424274555	2060.69995117188
3510.30836506524	2045.40002441406
3512.19199888349	2046.09997558594
3514.07514437992	2032.40002441406
3515.95780173387	2012.40002441406
3517.83997112437	2012.80004882813
3519.72165273016	2001.09997558594
3521.60284672967	2003.69995117188
3523.48355330104	2015.90002441406
3525.36377262208	2019.30004882813
3527.24350487035	2021.80004882813
3529.12275022306	1983.5
3531.00150885715	1985.59997558594
3532.87978094923	1997.30004882813
3534.75756667562	1985
3536.63486621235	2018.19995117188
3538.51167973512	1970.80004882813
3540.38800741934	1976.59997558594
3542.26384944011	1964.5
3544.13920597223	1967.30004882813
3546.01407719018	1968
3547.88846326815	1972.69995117188
3549.76236438002	1990.19995117188
3551.63578069934	1965.09997558594
3553.50871239938	1972.5
3555.38115965309	1961.09997558594
3557.25312263311	1953
3559.12460151177	1960.40002441406
3560.99559646109	1954.40002441406
3562.86610765279	1948.09997558594
3564.73613525825	1958.30004882813
3566.60567944857	1948.09997558594
3568.47474039453	1944.5
3570.34331826658	1945.30004882813
3572.21141323487	1967.19995117188
3574.07902546925	1941.30004882813
3575.94615513922	1935.90002441406
3577.81280241401	1951.90002441406
3579.67896746249	1960.09997558594
3581.54465045325	1948.09997558594
3583.40985155455	1939.09997558594
3585.27457093432	1934.5
3587.1388087602	1951.90002441406
3589.00256519949	1924.5
3590.86584041919	1934
3592.72863458597	1949.5
3594.59094786618	1933
3596.45278042585	1913.69995117188
3598.31413243069	1932.69995117188
3600.17500404611	1935.90002441406
3602.03539543717	1905.90002441406
3603.89530676861	1926.40002441406
3605.75473820488	1922.19995117188
3607.61368991007	1925.40002441406
3609.47216204797	1932.5
3611.33015478203	1901.09997558594
3613.18766827539	1917.5
3615.04470269087	1936.69995117188
3616.90125819094	1918.40002441406
3618.75733493776	1917.40002441406
3620.61293309318	1907.59997558594
3622.46805281869	1906.80004882813
3624.32269427547	1912.69995117188
3626.17685762439	1929.19995117188
3628.03054302596	1927.09997558594
3629.88375064038	1913.59997558594
3631.73648062751	1916.80004882813
3633.5887331469	1883.90002441406
3635.44050835775	1896.30004882813
3637.29180641893	1893
3639.14262748899	1909.80004882813
3640.99297172614	1917.90002441406
3642.84283928828	1897.40002441406
3644.69223033294	1865.80004882813
3646.54114501734	1870.19995117188
3648.38958349836	1858.59997558594
3650.23754593256	1886.19995117188
3652.08503247614	1872.5
3653.93204328497	1863.40002441406
3655.77857851462	1871.90002441406
3657.62463832028	1853.59997558594
3659.47022285682	1863.30004882813
3661.31533227877	1866.90002441406
3663.15996674033	1853.5
3665.00412639535	1864.40002441406
3666.84781139736	1845.09997558594
3668.69102189953	1841.30004882813
3670.5337580547	1868
3672.37602001537	1852.59997558594
3674.21780793368	1858.59997558594
3676.05912196148	1860.80004882813
3677.89996225021	1851.80004882813
3679.74032895103	1851
3681.58022221471	1849.69995117188
3683.41964219171	1832.19995117188
3685.25858903211	1844.69995117188
3687.0970628857	1832.30004882813
3688.93506390186	1833.19995117188
3690.77259222968	1838.80004882813
3692.60964801787	1828.80004882813
3694.44623141481	1833.40002441406
3696.28234256853	1826.80004882813
3698.11798162669	1819
3699.95314873665	1819.5
3701.78784404537	1832.80004882813
3703.62206769951	1827.80004882813
3705.45581984533	1829.59997558594
3707.28910062877	1813.80004882813
3709.12191019542	1819.5
3710.95424869052	1821.59997558594
3712.78611625894	1810.09997558594
3714.6175130452	1831.09997558594
3716.44843919349	1813.69995117188
3718.27889484764	1787.40002441406
3720.1088801511	1811.40002441406
3721.93839524699	1796.09997558594
3723.76744027808	1813.5
3725.59601538677	1820.69995117188
3727.4241207151	1815.40002441406
