40.2973356941271	1132
43.2236257608418	1137.09997558594
46.1488808466109	1141.30004882813
49.0731017336173	1148.5
51.9962892025666	1146.5
54.9184440327569	1157
57.8395670020446	1166
60.7596588868509	1178.40002441406
63.6787204621708	1185.90002441406
66.5967525015794	1197.5
69.5137557772381	1217.09997558594
72.4297310598838	1244
75.3446791188512	1274.80004882813
78.2586007220466	1315.69995117188
81.1714966360015	1361
84.0833676258266	1434.30004882813
86.994214455242	1531.5
89.9040378865662	1626.69995117188
92.8128386807427	1705.69995117188
95.7206175973133	1771.80004882813
98.6273753944444	1850.30004882813
101.533112828928	1894.59997558594
104.437830656161	1938.59997558594
107.34152963018	1935.80004882813
110.244210503676	1935.80004882813
113.145874027931	1907.30004882813
116.046520952895	1941.09997558594
118.946152027154	1922.90002441406
121.844767997933	1922.5
124.74236961111	1935.19995117188
127.638957611212	1920.5
130.534532741422	1920.19995117188
133.429095743606	1948.40002441406
136.322647358252	1947.59997558594
139.215188324544	1953.69995117188
142.106719380311	1973.80004882813
144.997241262089	1946.90002441406
147.886754705057	1943.59997558594
150.775260443096	1948.30004882813
153.662759208748	1951.09997558594
156.549251733282	1946.90002441406
159.434738746612	1967.69995117188
162.319220977376	1975
165.20269915289	1966.90002441406
168.085173999178	1995.30004882813
170.966646240977	1953.5
173.847116601709	1963.30004882813
176.726585803528	1958.5
179.605054567295	1940.90002441406
182.48252361259	1943.19995117188
185.358993657701	1933.40002441406
188.234465419645	1937.5
191.108939614183	1930.30004882813
193.982416955795	1936.5
196.854898157687	1931.19995117188
199.726383931801	1921.19995117188
202.596874988835	1944.69995117188
205.466372038225	1922.80004882813
208.334875788145	1926.90002441406
211.202386945534	1950.30004882813
214.068906216069	1944
216.934434304194	1957.69995117188
219.798971913111	1954.80004882813
222.662519744776	1978.5
225.525078499925	1948.30004882813
228.386648878069	1966.09997558594
231.247231577465	1971.69995117188
234.106827295172	1950.80004882813
236.965436727012	1963.90002441406
239.823060567597	1950.59997558594
242.679699510337	1949.59997558594
245.535354247396	1960.09997558594
248.390025469775	1960
251.243713867223	1951.19995117188
254.096420128327	1942.40002441406
256.948144940459	1944
259.798888989788	1976.59997558594
262.648652961315	1975.80004882813
265.49743753883	1965.59997558594
268.345243404939	1975.69995117188
271.192071241073	1972.09997558594
274.037921727485	1953.59997558594
276.882795543246	1971.19995117188
279.72669336624	1953.80004882813
282.569615873213	1952.09997558594
285.411563739724	1972.90002441406
288.252537640165	1995.19995117188
291.092538247763	1975.69995117188
293.931566234616	1995.19995117188
296.769622271633	1978.59997558594
299.606707028594	1978.80004882813
302.442821174104	2002.09997558594
305.277965375652	1980.09997558594
308.112140299574	1990.80004882813
310.945346611062	1997.90002441406
313.777584974167	2011
316.608856051813	1984.5
319.439160505797	1983.09997558594
322.268498996783	1985.30004882813
325.096872184303	1993.69995117188
327.924280726782	2004.80004882813
330.750725281521	2017.19995117188
333.576206504693	2001.09997558594
336.400725051388	2006
339.224281575542	1991.30004882813
342.046876730026	1989.90002441406
344.868511166586	1954.40002441406
347.689185535872	1990.09997558594
350.508900487421	1977
353.327656669699	1983.09997558594
356.145454730079	1989.59997558594
358.962295314817	1959.69995117188
361.778179069105	1973.69995117188
364.593106637051	1994.30004882813
367.407078661675	1970.90002441406
370.220095784913	1976.90002441406
373.032158647655	1982
375.843267889676	2006.80004882813
378.653424149715	1993.59997558594
381.462628065436	1987.30004882813
384.270880273432	2007.90002441406
387.078181409254	2002.19995117188
389.884532107358	2028.90002441406
392.689933001188	2032.90002441406
395.494384723112	2036.69995117188
398.29788790445	2037.5
401.100443175488	2020.30004882813
403.902051165437	2023.09997558594
406.702712502518	1998.09997558594
409.502427813866	2028.80004882813
412.301197725607	2035.59997558594
415.099022862823	2031.09997558594
417.89590384957	2013.5
420.691841308876	2037.90002441406
423.486835862752	2011.80004882813
426.280888132173	2015.09997558594
429.073998737112	2025
431.866168296507	2029.5
434.657397428298	2009.19995117188
437.447686749412	2017.19995117188
440.237036875762	2017.5
443.025448422257	2015.40002441406
445.812922002813	2021.90002441406
448.599458230326	2033.59997558594
451.38505771672	2032.90002441406
454.169721072909	2066.10009765625
456.953448908819	2030.69995117188
459.736241833384	2047
462.518100454555	2044.5
465.2990253793	2029.69995117188
468.079017213605	2027.80004882813
470.858076562476	2048.10009765625
473.636204029939	2051.60009765625
476.41340021906	2025.30004882813
479.189665731938	2038.40002441406
481.965001169667	2057
484.739407132419	2051.39990234375
487.512884219391	2028.5
490.285433028796	2044.40002441406
493.057054157921	2026.30004882813
495.827748203087	2038.5
498.597515759658	2051.69995117188
501.366357422061	2052.30004882813
504.134273783759	2049.19995117188
506.901265437278	2062.89990234375
509.66733297421	2055.30004882813
512.432476985198	2040.5
515.196698059945	2047.19995117188
517.959996787225	2047.09997558594
520.722373754895	2049.89990234375
523.483829549856	2034.5
526.24436475811	2053.30004882813
529.003979964696	2051.69995117188
531.762675753779	2062.10009765625
534.520452708569	2064.5
537.277311411375	2021.90002441406
540.03325244359	2037.90002441406
542.788276385682	2042.69995117188
545.54238381725	2044.30004882813
548.295575316938	2062.19995117188
551.047851462516	2033.30004882813
553.799212830831	2052.39990234375
556.549659997851	2033.09997558594
559.299193538643	2036.80004882813
562.047814027381	2032.90002441406
564.795522037318	2051
567.542318140861	2031.09997558594
570.288202909507	2055.10009765625
573.033176913873	2018.80004882813
575.7772407237	2036.90002441406
578.520394907829	2038
581.26264003424	2042.5
584.003976670046	2038.09997558594
586.744405381469	2055.69995117188
589.483926733869	2048
592.222541291746	2041
594.96024961872	2055.69995117188
597.697052277563	2039.09997558594
600.432949830166	2067.89990234375
603.167942837587	2073.69995117188
605.902031860012	2065.19995117188
608.635217456783	2066.60009765625
611.367500186378	2039.19995117188
614.098880606429	2057.30004882813
616.82935927374	2068.30004882813
619.558936744248	2063.89990234375
622.287613573072	2046.80004882813
625.015390314457	2061.39990234375
627.742267521848	2046.69995117188
630.468245747829	2071.80004882813
633.193325544166	2060
635.917507461792	2083.10009765625
638.640792050804	2053.80004882813
641.36317986048	2064.19995117188
644.084671439281	2039.09997558594
646.805267334845	2071.5
649.524968093967	2080.69995117188
652.24377426266	2066.80004882813
654.961686386106	2068.60009765625
657.678705008678	2062.5
660.394830673939	2094
663.110063924628	2087.39990234375
665.824405302728	2093.10009765625
668.537855349351	2076.30004882813
671.250414604863	2062.60009765625
673.962083608812	2062
676.672862899949	2064
679.382753016218	2071.69995117188
682.091754494801	2072.5
684.799867872061	2065.39990234375
687.507093683595	2081.69995117188
690.213432464198	2082.5
692.918884747899	2091.89990234375
695.623451067937	2101.60009765625
698.327131956755	2089.80004882813
701.029927946065	2072.30004882813
703.731839566754	2095.80004882813
706.43286734896	2085
709.133011822067	2108.10009765625
711.832273514658	2091.5
714.53065295457	2093.60009765625
717.228150668879	2088.19995117188
719.924767183889	2087.89990234375
722.620503025148	2090.10009765625
725.315358717446	2093
728.009334784827	2076.5
730.702431750559	2092.5
733.394650137188	2088.19995117188
736.085990466498	2082.10009765625
738.776453259519	2075
741.466039036542	2072.30004882813
744.154748317125	2082.19995117188
746.842581620074	2060.30004882813
749.529539463458	2074.30004882813
752.215622364608	2092.80004882813
754.900830840131	2088.60009765625
757.585165405892	2077.80004882813
760.26862657703	2103.60009765625
762.951214867957	2123.89990234375
765.632930792356	2116.30004882813
768.313774863181	2095.5
770.993747592673	2070.30004882813
773.672849492359	2095.60009765625
776.351081073017	2096
779.028442844757	2099.30004882813
781.704935316928	2111.60009765625
784.380558998208	2119.89990234375
787.055314396528	2089.69995117188
789.729202019141	2098.39990234375
792.402222372581	2113.30004882813
795.074375962669	2108.39990234375
797.745663294537	2102.10009765625
800.416084872622	2125.10009765625
803.085641200652	2105
805.754332781664	2111.80004882813
808.422160117986	2120.39990234375
811.089123711292	2110.5
813.75522406252	2100.10009765625
816.420461671951	2107.5
819.084837039164	2146.30004882813
821.748350663067	2116.19995117188
824.411003041866	2135.30004882813
827.072794673116	2147.30004882813
829.733726053668	2154.89990234375
832.39379767971	2143.10009765625
835.05301004674	2150.39990234375
837.711363649601	2156.60009765625
840.368858982457	2135.69995117188
843.025496538805	2154.80004882813
845.681276811467	2169.10009765625
848.336200292618	2177.10009765625
850.99026747375	2170.39990234375
853.643478845713	2164.60009765625
856.29583489868	2181
858.947336122176	2154.5
861.59798300506	2196.5
864.247776035556	2191.89990234375
866.896715701222	2207.89990234375
869.544802488959	2201.60009765625
872.192036885046	2229.19995117188
874.838419375087	2204.89990234375
877.483950444054	2183.69995117188
880.128630576285	2220.5
882.772460255461	2206.60009765625
885.415439964628	2233.89990234375
888.057570186211	2200.89990234375
890.698851401966	2208.19995117188
893.339284093045	2201
895.978868739961	2194.60009765625
898.617605822596	2191.80004882813
901.255495820196	2173.39990234375
903.892539211396	2207.10009765625
906.528736474184	2156.80004882813
909.164088085949	2187.80004882813
911.798594523442	2189.10009765625
914.432256262804	2187.89990234375
917.065073779549	2182.5
919.697047548589	2195.80004882813
922.328178044212	2200.30004882813
924.9584657401	2211.10009765625
927.587911109317	2222.39990234375
930.216514624317	2188.5
932.844276756963	2203
935.471197978488	2212.5
938.097278759538	2217.89990234375
940.722519570163	2235.89990234375
943.346920879798	2263.89990234375
945.97048315729	2278.19995117188
948.593206870885	2280.60009765625
951.215092488219	2323.30004882813
953.836140476366	2345.5
956.456351301787	2327
959.07572543037	2339.5
961.694263327369	2354.30004882813
964.311965457521	2395.39990234375
966.928832284933	2395.69995117188
969.544864273135	2361.80004882813
972.160061885076	2370.60009765625
974.774425583129	2319.89990234375
977.387955829099	2310.69995117188
980.000653084196	2309
982.612517809061	2291.69995117188
985.223550463768	2330.10009765625
987.833751507819	2332.69995117188
990.443121400135	2348.5
993.051660599081	2358.19995117188
995.659369562449	2396.80004882813
998.266248747469	2445.10009765625
1000.87229861081	2547.39990234375
1003.47751960857	2649.69995117188
1006.0819121963	2726.69995117188
1008.68547682897	2718.80004882813
1011.28821396104	2632.80004882813
1013.89012404635	2561.10009765625
1016.49120753824	2446
1019.09146488947	2432.30004882813
1021.69089655226	2406.10009765625
1024.28950297827	2392.10009765625
1026.88728461863	2362.19995117188
1029.48424192392	2372.69995117188
1032.08037534416	2365
1034.67568532886	2344.10009765625
1037.27017232694	2357.80004882813
1039.86383678682	2327.39990234375
1042.45667915637	2332.89990234375
1045.04869988293	2338.30004882813
1047.6398994133	2337.19995117188
1050.23027819374	2340.69995117188
1052.81983666998	2311.80004882813
1055.40857528724	2342.69995117188
1057.99649449018	2337.19995117188
1060.58359472296	2319.19995117188
1063.1698764292	2352.60009765625
1065.755340052	2357.80004882813
1068.33998603393	2363.10009765625
1070.92381481706	2347.5
1073.50682684291	2377.60009765625
1076.08902255251	2348.19995117188
1078.67040238637	2341.5
1081.25096678445	2357.39990234375
1083.83071618624	2363.10009765625
1086.4096510307	2365.30004882813
1088.98777175629	2358.60009765625
1091.56507880094	2349.69995117188
1094.14157260208	2346.5
1096.71725359664	2336.30004882813
1099.29212222106	2346.89990234375
1101.86617891125	2344.5
1104.43942410262	2360.60009765625
1107.01185823011	2356.60009765625
1109.58348172812	2400.10009765625
1112.15429503057	2396.89990234375
1114.7242985709	2385.60009765625
1117.29349278203	2404.69995117188
1119.86187809642	2417.89990234375
1122.42945494599	2451.39990234375
1124.99622376222	2452
1127.56218497606	2490.69995117188
1130.12733901801	2505.39990234375
1132.69168631804	2535.80004882813
1135.25522730568	2589.19995117188
1137.81796240995	2605.39990234375
1140.37989205941	2668.60009765625
1142.9410166821	2707.39990234375
1145.50133670561	2834.39990234375
1148.06085255708	3018.69995117188
1150.61956466311	3247
1153.17747344987	3537.19995117188
1155.73457934305	3763.10009765625
1158.29088276786	3931.5
1160.84638414903	3795.10009765625
1163.40108391085	3541.89990234375
1165.95498247711	3199.19995117188
1168.50808027116	2952.80004882813
1171.06037771587	2778.69995117188
1173.61187523364	2677.19995117188
1176.16257324643	2617.69995117188
1178.71247217573	2594.69995117188
1181.26157244255	2606.69995117188
1183.80987446746	2581.80004882813
1186.35737867059	2610.60009765625
1188.90408547157	2639.10009765625
1191.44999528961	2705.80004882813
1193.99510854347	2720.30004882813
1196.53942565142	2697.89990234375
1199.08294703133	2674.10009765625
1201.62567310057	2634.30004882813
1204.16760427611	2583.39990234375
1206.70874097445	2548.60009765625
1209.24908361163	2490.10009765625
1211.78863260327	2481.89990234375
1214.32738836454	2483.39990234375
1216.86535131017	2484.30004882813
1219.40252185445	2447.89990234375
1221.93890041121	2418.19995117188
1224.47448739389	2462.39990234375
1227.00928321544	2420.30004882813
1229.54328828842	2443.19995117188
1232.07650302491	2399.69995117188
1234.60892783662	2436.89990234375
1237.14056313477	2458.60009765625
1239.67140933017	2458.30004882813
1242.2014668332	2448.69995117188
1244.73073605384	2452.30004882813
1247.25921740159	2475.10009765625
1249.78691128558	2487.5
1252.31381811448	2499.5
1254.83993829655	2514.69995117188
1257.36527223962	2538
1259.88982035112	2569.10009765625
1262.41358303803	2576.89990234375
1264.93656070696	2562.80004882813
1267.45875376405	2625.39990234375
1269.98016261505	2627.89990234375
1272.50078766531	2640.69995117188
1275.02062931974	2653.30004882813
1277.53968798285	2677.39990234375
1280.05796405875	2631.69995117188
1282.57545795112	2584.30004882813
1285.09217006325	2582.60009765625
1287.60810079802	2566.69995117188
1290.12325055788	2553.19995117188
1292.63761974492	2542.89990234375
1295.15120876079	2554.5
1297.66401800676	2571.10009765625
1300.17604788367	2583.30004882813
1302.687298792	2572
1305.19777113181	2548.80004882813
1307.70746530274	2574.10009765625
1310.21638170408	2563.30004882813
1312.7245207347	2555.10009765625
1315.23188279307	2534.89990234375
1317.73846827728	2544.39990234375
1320.24427758502	2546.80004882813
1322.74931111359	2539.60009765625
1325.25356925991	2524.39990234375
1327.75705242051	2551.39990234375
1330.25976099151	2520.39990234375
1332.76169536868	2502.19995117188
1335.26285594737	2473.39990234375
1337.76324312256	2489.89990234375
1340.26285728887	2474.39990234375
1342.76169884052	2519.19995117188
1345.25976817132	2513.39990234375
1347.75706567474	2463.80004882813
1350.25359174387	2489.10009765625
1352.74934677141	2499.19995117188
1355.24433114968	2524.89990234375
1357.73854527062	2498.19995117188
1360.23198952583	2456.69995117188
1362.7246643065	2490.39990234375
1365.21657000347	2497.69995117188
1367.7077070072	2523.19995117188
1370.19807570777	2488.89990234375
1372.68767649492	2495.19995117188
1375.176509758	2502
1377.66457588599	2501.69995117188
1380.15187526753	2504.39990234375
1382.63840829087	2497.5
1385.1241753439	2505.5
1387.60917681417	2550.69995117188
1390.09341308884	2556.10009765625
1392.57688455474	2528.30004882813
1395.05959159829	2552.30004882813
1397.54153460562	2548.30004882813
1400.02271396243	2535.30004882813
1402.50313005414	2543.10009765625
1404.98278326576	2526.10009765625
1407.46167398196	2530.80004882813
1409.93980258707	2531.89990234375
1412.41716946504	2553.5
1414.89377499951	2551.39990234375
1417.36961957373	2564.80004882813
1419.84470357062	2544.39990234375
1422.31902737275	2561.19995117188
1424.79259136235	2551.89990234375
1427.26539592129	2573.5
1429.73744143111	2624.80004882813
1432.20872827299	2630.60009765625
1434.67925682777	2633.30004882813
1437.14902747597	2678.5
1439.61804059773	2674.19995117188
1442.0862965729	2751.80004882813
1444.55379578093	2716
1447.02053860099	2767.60009765625
1449.48652541188	2713
1451.95175659206	2723.89990234375
1454.41623251969	2726.60009765625
1456.87995357255	2696.5
1459.34292012811	2705.19995117188
1461.80513256351	2676.30004882813
1464.26659125557	2672.80004882813
1466.72729658073	2656.69995117188
1469.18724891517	2656.89990234375
1471.64644863469	2700.39990234375
1474.10489611478	2656
1476.5625917306	2664.60009765625
1479.01953585699	2662.19995117188
1481.47572886844	2664.19995117188
1483.93117113917	2673.19995117188
1486.38586304302	2719.10009765625
1488.83980495354	2740.39990234375
1491.29299724395	2805.80004882813
1493.74544028715	2812.80004882813
1496.19713445573	2850.69995117188
1498.64808012193	2934.5
1501.09827765772	3025.39990234375
1503.54772743471	3138.19995117188
1505.99642982421	3346.19995117188
1508.44438519723	3592.60009765625
1510.89159392446	3874
1513.33805637625	4244.2001953125
1515.78377292266	4370.10009765625
1518.22874393346	4523.7998046875
1520.67296977806	4508.60009765625
1523.11645082559	4335.89990234375
1525.55918744488	4051.10009765625
1528.00118000444	3803.39990234375
1530.44242887245	3441.39990234375
1532.88293441684	3208.69995117188
1535.32269700517	3015.39990234375
1537.76171700475	2899.89990234375
1540.19999478255	2795.30004882813
1542.63753070526	2763.19995117188
1545.07432513925	2717.60009765625
1547.5103784506	2712.39990234375
1549.94569100509	2690.5
1552.38026316819	2678.69995117188
1554.8140953051	2672.10009765625
1557.24718778067	2667
1559.67954095952	2659.69995117188
1562.11115520592	2665.80004882813
1564.54203088386	2644.10009765625
1566.97216835704	2642
1569.40156798888	2665.89990234375
1571.83023014248	2663.19995117188
1574.25815518067	2635.39990234375
1576.68534346597	2623.5
1579.11179536062	2675.30004882813
1581.53751122658	2645.5
1583.9624914255	2667.80004882813
1586.38673631876	2648.80004882813
1588.81024626745	2671.80004882813
1591.23302163235	2640
1593.655062774	2644.80004882813
1596.07637005262	2680.69995117188
1598.49694382815	2641.60009765625
1600.91678446025	2615.69995117188
1603.33589230831	2638.69995117188
1605.75426773142	2623
1608.1719110884	2639.69995117188
1610.58882273779	2583.39990234375
1613.00500303784	2596.89990234375
1615.42045234654	2621.19995117188
1617.83517102158	2592.5
1620.24915942039	2619.60009765625
1622.66241790012	2606.60009765625
1625.07494681764	2611.10009765625
1627.48674652954	2615.5
1629.89781739216	2619.60009765625
1632.30815976152	2605.30004882813
1634.71777399343	2621.30004882813
1637.12666044338	2640.19995117188
1639.53481946661	2616.80004882813
1641.94225141808	2652.89990234375
1644.34895665248	2634.89990234375
1646.75493552424	2688.39990234375
1649.16018838752	2682.30004882813
1651.56471559621	2722.89990234375
1653.96851750392	2723.30004882813
1656.37159446403	2765.5
1658.7739468296	2741.69995117188
1661.17557495349	2753
1663.57647918824	2747.89990234375
1665.97665988617	2715.89990234375
1668.37611739929	2679.60009765625
1670.77485207939	2658.30004882813
1673.17286427799	2633.10009765625
1675.57015434633	2636.89990234375
1677.96672263542	2612.30004882813
1680.36256949598	2616
1682.7576952785	2623.89990234375
1685.15210033318	2608.10009765625
1687.54578501	2632.60009765625
1689.93874965866	2621.10009765625
1692.33099462861	2602.39990234375
1694.72252026904	2589.19995117188
1697.11332692889	2607.30004882813
1699.50341495686	2611.5
1701.89278470137	2590.30004882813
1704.28143651061	2604.69995117188
1706.66937073251	2588.69995117188
1709.05658771473	2610.89990234375
1711.44308780473	2583.69995117188
1713.82887134968	2599.89990234375
1716.21393869648	2591.89990234375
1718.59829019185	2583.19995117188
1720.98192618221	2585.89990234375
1723.36484701374	2557.30004882813
1725.74705303238	2586.10009765625
1728.12854458384	2561.30004882813
1730.50932201356	2561.69995117188
1732.88938566673	2595.39990234375
1735.26873588834	2594.19995117188
1737.64737302307	2595.39990234375
1740.02529741544	2612.19995117188
1742.40250940964	2588.30004882813
1744.77900934969	2602.5
1747.15479757933	2621.69995117188
1749.52987444206	2604.89990234375
1751.90424028116	2598.39990234375
1754.27789543967	2588
1756.65084026037	2567.39990234375
1759.02307508582	2612.5
1761.39460025833	2573.30004882813
1763.76541612	2575.60009765625
1766.13552301265	2578
1768.50492127791	2535.89990234375
1770.87361125714	2604
1773.2415932915	2584
1775.60886772188	2564.30004882813
1777.97543488896	2586.80004882813
1780.34129513318	2562.80004882813
1782.70644879475	2582.30004882813
1785.07089621365	2575.60009765625
1787.43463772964	2571
1789.7976736822	2567.89990234375
1792.16000441066	2592
1794.52163025405	2580.89990234375
1796.88255155121	2561.60009765625
1799.24276864074	2570.39990234375
1801.60228186102	2573.10009765625
1803.96109155019	2572.89990234375
1806.31919804618	2579.80004882813
1808.67660168668	2556.5
1811.03330280916	2614.10009765625
1813.38930175088	2566.5
1815.74459884884	2579.5
1818.09919443984	2583.10009765625
1820.45308886047	2566.69995117188
1822.80628244708	2564.60009765625
1825.1587755358	2557.69995117188
1827.51056846254	2567.60009765625
1829.86166156297	2564.5
1832.21205517258	2601.10009765625
1834.56174962661	2574.5
1836.91074526009	2598.60009765625
1839.25904240783	2589.5
1841.60664140443	2596.80004882813
1843.95354258425	2584.60009765625
1846.29974628146	2553.10009765625
1848.64525282998	2590.10009765625
1850.99006256356	2577.80004882813
1853.3341758157	2544.30004882813
1855.67759291968	2556.30004882813
1858.02031420858	2549.69995117188
1860.36234001528	2525.80004882813
1862.70367067241	2548.69995117188
1865.04430651244	2541.30004882813
1867.38424786755	2573.69995117188
1869.72349506978	2581.30004882813
1872.06204845094	2564.39990234375
1874.39990834258	2558.60009765625
1876.73707507612	2566.60009765625
1879.07354898269	2574.30004882813
1881.40933039328	2569.80004882813
1883.74441963861	2542.10009765625
1886.07881704925	2588
1888.41252295551	2563.39990234375
1890.74553768751	2570.89990234375
1893.07786157519	2572.69995117188
1895.40949494822	2560.89990234375
1897.74043813615	2528.80004882813
1900.07069146823	2549.80004882813
1902.40025527357	2539.5
1904.72912988106	2558.60009765625
1907.05731561938	2545.30004882813
1909.38481281699	2554.80004882813
1911.71162180217	2516.19995117188
1914.037742903	2555.80004882813
1916.36317644734	2566.5
1918.68792276284	2553.69995117188
1921.01198217697	2553.30004882813
1923.33535501699	2560.19995117188
1925.65804160996	2518.39990234375
1927.98004228273	2538.30004882813
1930.30135736196	2551.39990234375
1932.6219871741	2539.89990234375
1934.94193204543	2549.69995117188
1937.26119230198	2556.30004882813
1939.57976826962	2526.89990234375
1941.89766027402	2559.10009765625
1944.21486864062	2541.89990234375
1946.53139369472	2564.5
1948.84723576137	2565
1951.16239516543	2560.10009765625
1953.47687223159	2552.69995117188
1955.79066728434	2519.39990234375
1958.10378064794	2530.60009765625
1960.4162126465	2551.39990234375
1962.7279636039	2572.5
1965.03903384385	2564.39990234375
1967.34942368987	2546.5
1969.65913346524	2577.19995117188
1971.96816349311	2561.69995117188
1974.2765140964	2564.39990234375
1976.58418559784	2545.60009765625
1978.89117831997	2582.60009765625
1981.19749258516	2548.30004882813
1983.50312871555	2525.80004882813
1985.80808703313	2532.89990234375
1988.11236785967	2566.39990234375
1990.41597151676	2535.19995117188
1992.71889832581	2543.5
1995.02114860801	2568.89990234375
1997.3227226844	2566.39990234375
1999.62362087581	2536.5
2001.92384350288	2587
2004.22339088608	2551.5
2006.52226334567	2533.89990234375
2008.82046120173	2539.10009765625
2011.11798477417	2556.89990234375
2013.41483438269	2556.19995117188
2015.71101034681	2566.69995117188
2018.00651298588	2573.19995117188
2020.30134261905	2548.89990234375
2022.59549956528	2575.89990234375
2024.88898414337	2558.30004882813
2027.1817966719	2554.80004882813
2029.4739374693	2525.89990234375
2031.76540685379	2526.80004882813
2034.05620514342	2551
2036.34633265607	2548.69995117188
2038.6357897094	2521.10009765625
2040.92457662092	2519.5
2043.21269370795	2525.89990234375
2045.50014128763	2529.60009765625
2047.78691967691	2539.5
2050.07302919256	2526.39990234375
2052.35847015118	2512.69995117188
2054.64324286919	2531.5
2056.9273476628	2526.80004882813
2059.21078484808	2536.10009765625
2061.4935547409	2508.5
2063.77565765696	2489.19995117188
2066.05709391176	2531.5
2068.33786382065	2491.30004882813
2070.61796769879	2506.39990234375
2072.89740586116	2484
2075.17617862255	2502.39990234375
2077.45428629759	2524.89990234375
2079.73172920075	2504
2082.00850764627	2493
2084.28462194827	2509.19995117188
2086.56007242065	2508.69995117188
2088.83485937717	2518.10009765625
2091.10898313139	2522.80004882813
2093.3824439967	2533.80004882813
2095.65524228632	2521.80004882813
2097.92737831328	2499.69995117188
2100.19885239047	2550.39990234375
2102.46966483057	2530.30004882813
2104.7398159461	2555.5
2107.00930604941	2553.89990234375
2109.27813545267	2537.19995117188
2111.54630446787	2529.19995117188
2113.81381340685	2535.10009765625
2116.08066258126	2551.69995117188
2118.34685230257	2560
2120.61238288211	2577.69995117188
2122.87725463099	2599.10009765625
2125.1414678602	2596.30004882813
2127.40502288052	2553.39990234375
2129.66792000257	2538.80004882813
2131.93015953682	2558.60009765625
2134.19174179353	2549.80004882813
2136.45266708282	2552.89990234375
2138.71293571463	2539.30004882813
2140.97254799873	2589.5
2143.23150424473	2546.80004882813
2145.48980476205	2560
2147.74744985996	2588.30004882813
2150.00443984754	2558.60009765625
2152.26077503373	2597.60009765625
2154.51645572728	2570.69995117188
2156.77148223677	2588.10009765625
2159.02585487064	2610.10009765625
2161.27957393713	2609.69995117188
2163.53263974432	2608.80004882813
2165.78505260012	2652.30004882813
2168.0368128123	2597.60009765625
2170.28792068844	2553.19995117188
2172.53837653595	2549.39990234375
2174.78818066207	2572.89990234375
2177.03733337389	2555.5
2179.28583497833	2543.80004882813
2181.53368578214	2536.39990234375
2183.78088609192	2523.5
2186.02743621406	2540.30004882813
2188.27333645484	2521.89990234375
2190.51858712033	2520
2192.76318851646	2493
2195.00714094901	2504.19995117188
2197.25044472354	2512.39990234375
2199.49310014551	2502
2201.73510752018	2506.19995117188
2203.97646715265	2475.80004882813
2206.21717934786	2506.30004882813
2208.45724441058	2481.19995117188
2210.69666264543	2489.89990234375
2212.93543435686	2489.89990234375
2215.17355984914	2491.19995117188
2217.41103942642	2498.10009765625
2219.64787339264	2473
2221.8840620516	2477.60009765625
2224.11960570695	2479.89990234375
2226.35450466215	2463.60009765625
2228.58875922051	2446.19995117188
2230.82236968518	2495.19995117188
2233.05533635916	2470.39990234375
2235.28765954527	2449.5
2237.51933954617	2452.30004882813
2239.75037666437	2483.69995117188
2241.98077120221	2452.39990234375
2244.21052346188	2459.39990234375
2246.4396337454	2467.60009765625
2248.66810235461	2465.5
2250.89592959125	2470.5
2253.12311575681	2472.10009765625
2255.34966115272	2510
2257.57556608017	2478
2259.80083084023	2477.69995117188
2262.02545573381	2499
2264.24944106163	2470.30004882813
2266.47278712429	2468.69995117188
2268.69549422221	2513.5
2270.91756265564	2479.30004882813
2273.1389927247	2490.80004882813
2275.35978472934	2494.80004882813
2277.57993896933	2509.89990234375
2279.79945574431	2498.89990234375
2282.01833535375	2483.19995117188
2284.23657809696	2506.5
2286.45418427309	2529.5
2288.67115418114	2513
2290.88748811995	2525.89990234375
2293.10318638819	2520.60009765625
2295.3182492844	2515
2297.53267710693	2543.30004882813
2299.746470154	2567.19995117188
2301.95962872364	2562.19995117188
2304.17215311376	2564.60009765625
2306.3840436221	2556.89990234375
2308.59530054621	2594.39990234375
2310.80592418354	2584.30004882813
2313.01591483134	2626.19995117188
2315.22527278673	2589
2317.43399834666	2574.5
2319.64209180791	2569.80004882813
2321.84955346713	2555.60009765625
2324.05638362079	2532.39990234375
2326.26258256524	2563.89990234375
2328.46815059664	2535.39990234375
2330.67308801098	2498.30004882813
2332.87739510415	2521.10009765625
2335.08107217184	2501.39990234375
2337.2841195096	2497.69995117188
2339.48653741281	2510.60009765625
2341.68832617672	2482
2343.8894860964	2507.19995117188
2346.09001746678	2516.69995117188
2348.28992058261	2500.5
2350.48919573852	2500.5
2352.68784322898	2507.19995117188
2354.88586334826	2492.39990234375
2357.08325639055	2475.19995117188
2359.2800226498	2482
2361.47616241988	2469.30004882813
2363.67167599445	2473.89990234375
2365.86656366706	2461.69995117188
2368.06082573107	2438.69995117188
2370.2544624797	2466.69995117188
2372.44747420603	2458.89990234375
2374.63986120295	2440.80004882813
2376.83162376322	2429.39990234375
2379.02276217945	2432.30004882813
2381.21327674408	2462.69995117188
2383.4031677494	2449.30004882813
2385.59243548756	2431.19995117188
2387.78108025053	2442.89990234375
2389.96910233014	2427.5
2392.15650201809	2402.30004882813
2394.34327960587	2428.69995117188
2396.52943538486	2403.39990234375
2398.71496964628	2431.39990234375
2400.89988268118	2418.5
2403.08417478048	2422.5
2405.26784623491	2419.69995117188
2407.45089733509	2428.60009765625
2409.63332837146	2426.30004882813
2411.81513963429	2421
2413.99633141375	2431.60009765625
2416.1769039998	2424.80004882813
2418.35685768227	2417
2420.53619275084	2434.5
2422.71490949505	2416.60009765625
2424.89300820425	2424
2427.07048916765	2403.10009765625
2429.24735267433	2441.39990234375
2431.42359901319	2441.60009765625
2433.59922847297	2425.60009765625
2435.7742413423	2373.39990234375
2437.94863790961	2377.69995117188
2440.12241846321	2446.19995117188
2442.29558329121	2379.80004882813
2444.46813268162	2417.30004882813
2446.64006692228	2424.30004882813
2448.81138630086	2405.39990234375
2450.98209110489	2407.69995117188
2453.15218162174	2425.19995117188
2455.32165813864	2415
2457.49052094265	2400.10009765625
2459.65877032069	2409.19995117188
2461.8264065595	2456.60009765625
2463.99342994572	2424.19995117188
2466.15984076579	2439.30004882813
2468.325639306	2447.60009765625
2470.49082585251	2434.19995117188
2472.65540069131	2442
2474.81936410824	2457.19995117188
2476.98271638899	2464.89990234375
2479.14545781909	2430.80004882813
2481.30758868392	2455.69995117188
2483.4691092687	2449.19995117188
2485.63001985852	2437.5
2487.79032073829	2443
2489.95001219277	2421.80004882813
2492.10909450659	2439.19995117188
2494.26756796419	2441.19995117188
2496.42543284989	2430.19995117188
2498.58268944783	2416.10009765625
2500.73933804202	2420.60009765625
2502.8953789163	2450.69995117188
2505.05081235436	2415.69995117188
2507.20563863974	2444.60009765625
2509.35985805582	2444.30004882813
2511.51347088583	2470.19995117188
2513.66647741285	2441.5
2515.81887791981	2474.30004882813
2517.97067268946	2474.60009765625
2520.12186200443	2484.39990234375
2522.27244614716	2456.60009765625
2524.42242539999	2441.19995117188
2526.57180004504	2477.89990234375
2528.72057036433	2432.10009765625
2530.8687366397	2448.69995117188
2533.01629915284	2441.89990234375
2535.16325818527	2416.10009765625
2537.30961401839	2402.89990234375
2539.45536693343	2395.5
2541.60051721145	2377.30004882813
2543.74506513338	2378.10009765625
2545.88901097997	2388.5
2548.03235503185	2325.5
2550.17509756946	2360.39990234375
2552.31723887311	2338.39990234375
2554.45877922293	2344.30004882813
2556.59971889893	2350.80004882813
2558.74005818094	2352.80004882813
2560.87979734864	2351
2563.01893668155	2327.60009765625
2565.15747645906	2360.10009765625
2567.29541696037	2345.30004882813
2569.43275846454	2345.60009765625
2571.56950125049	2333.89990234375
2573.70564559696	2341.80004882813
2575.84119178254	2347.19995117188
2577.97614008569	2357.5
2580.11049078468	2350.89990234375
2582.24424415764	2351.39990234375
2584.37740048255	2355.10009765625
2586.50996003722	2352.19995117188
2588.64192309931	2367.5
2590.77328994634	2357.30004882813
2592.90406085564	2351
2595.03423610442	2352
2597.16381596971	2354.39990234375
2599.29280072839	2352.5
2601.42119065719	2335.10009765625
2603.54898603267	2388.19995117188
2605.67618713125	2357.80004882813
2607.80279422919	2347
2609.92880760257	2347.19995117188
2612.05422752735	2378
2614.17905427932	2358.39990234375
2616.30328813408	2378.30004882813
2618.42692936713	2388.39990234375
2620.54997825377	2342.5
2622.67243506915	2377.5
2624.79430008828	2394.60009765625
2626.915573586	2405.30004882813
2629.03625583699	2374.89990234375
2631.15634711579	2395.89990234375
2633.27584769675	2430.19995117188
2635.39475785408	2415.89990234375
2637.51307786185	2408.69995117188
2639.63080799394	2399.69995117188
2641.74794852409	2449.89990234375
2643.86449972589	2472.89990234375
2645.98046187273	2458.19995117188
2648.0958352379	2467.80004882813
2650.21062009449	2472.60009765625
2652.32481671544	2492.69995117188
2654.43842537353	2487.30004882813
2656.5514463414	2518.10009765625
2658.66387989151	2535.10009765625
2660.77572629616	2564.30004882813
2662.88698582751	2574
2664.99765875753	2625.60009765625
2667.10774535806	2614.30004882813
2669.21724590076	2603.19995117188
2671.32616065714	2593.10009765625
2673.43448989857	2593.5
2675.5422338962	2565.10009765625
2677.64939292108	2543.19995117188
2679.75596724408	2505.10009765625
2681.86195713589	2501.10009765625
2683.96736286707	2477.80004882813
2686.07218470799	2442.69995117188
2688.17642292889	2435.19995117188
2690.28007779982	2402.10009765625
2692.38314959069	2407.39990234375
2694.48563857123	2383.80004882813
2696.58754501103	2392.19995117188
2698.6888691795	2408.69995117188
2700.78961134588	2349.60009765625
2702.8897717793	2352.69995117188
2704.98935074864	2377.5
2707.08834852271	2360.60009765625
2709.18676537009	2345.60009765625
2711.28460155925	2372.60009765625
2713.38185735843	2356.30004882813
2715.47853303577	2359
2717.57462885924	2351.10009765625
2719.67014509659	2354.89990234375
2721.76508201548	2357.5
2723.85943988337	2323.60009765625
2725.95321896754	2343.69995117188
2728.04641953515	2326.39990234375
2730.13904185316	2329.10009765625
2732.23108618837	2336.39990234375
2734.32255280744	2311.69995117188
2736.41344197683	2299.10009765625
2738.50375396288	2296.80004882813
2740.5934890317	2302
2742.68264744932	2265.19995117188
2744.77122948153	2300.19995117188
2746.85923539398	2302.80004882813
2748.94666545217	2301
2751.03351992142	2280.30004882813
2753.11979906688	2274.69995117188
2755.20550315355	2261.39990234375
2757.29063244624	2261.80004882813
2759.37518720963	2273.19995117188
2761.45916770819	2246.89990234375
2763.54257420625	2239.19995117188
2765.62540696797	2284.39990234375
2767.70766625733	2277.30004882813
2769.78935233816	2259.19995117188
2771.87046547413	2249.60009765625
2773.95100592869	2260.30004882813
2776.03097396519	2274.19995117188
2778.11036984677	2247
2780.18919383641	2252.30004882813
2782.26744619693	2260.39990234375
2784.34512719097	2259.80004882813
2786.42223708102	2285.80004882813
2788.49877612937	2276.19995117188
2790.57474459816	2270.5
2792.65014274937	2266.69995117188
2794.7249708448	2277.5
2796.79922914607	2271.89990234375
2798.87291791465	2258.69995117188
2800.94603741181	2257.39990234375
2803.01858789869	2274.69995117188
2805.09056963623	2272.39990234375
2807.1619828852	2276.39990234375
2809.23282790621	2234
2811.30310495971	2271.30004882813
2813.37281430593	2251.5
2815.441956205	2254.89990234375
2817.51053091682	2279.10009765625
2819.57853870114	2253.69995117188
2821.64597981753	2276.19995117188
2823.7128545254	2287.80004882813
2825.77916308399	2273
2827.84490575233	2278.80004882813
2829.91008278933	2279.60009765625
2831.97469445369	2317.19995117188
2834.03874100395	2316.10009765625
2836.10222269847	2323.39990234375
2838.16513979544	2321.69995117188
2840.22749255288	2399
2842.28928122863	2419.39990234375
2844.35050608034	2477.30004882813
2846.41116736553	2569
2848.47126534149	2612.60009765625
2850.53080026537	2646.39990234375
2852.58977239414	2695
2854.64818198459	2691.5
2856.70602929332	2669.89990234375
2858.76331457678	2643.10009765625
2860.82003809123	2617.5
2862.87620009274	2611.89990234375
2864.93180083723	2602.80004882813
2866.98684058043	2594.30004882813
2869.04131957789	2583.19995117188
2871.09523808497	2619.89990234375
2873.14859635689	2633.69995117188
2875.20139464866	2620
2877.2536332151	2620.10009765625
2879.30531231091	2652
2881.35643219054	2649.80004882813
2883.40699310831	2668.30004882813
2885.45699531834	2706.89990234375
2887.50643907457	2703.89990234375
2889.55532463077	2698.80004882813
2891.60365224053	2688.19995117188
2893.65142215724	2739.60009765625
2895.69863463414	2732.89990234375
2897.74528992426	2706.5
2899.79138828046	2713
2901.83692995544	2709
2903.88191520168	2717.89990234375
2905.92634427151	2705.69995117188
2907.97021741706	2711.19995117188
2910.01353489027	2700.10009765625
2912.05629694294	2681.30004882813
2914.09850382663	2691.69995117188
2916.14015579276	2749.39990234375
2918.18125309254	2720.69995117188
2920.22179597702	2702.39990234375
2922.26178469705	2694.39990234375
2924.30121950329	2746.60009765625
2926.34010064624	2749.89990234375
2928.37842837619	2744.39990234375
2930.41620294326	2718.19995117188
2932.45342459737	2736.39990234375
2934.49009358828	2735.30004882813
2936.52621016555	2712.39990234375
2938.56177457854	2687.10009765625
2940.59678707645	2667.60009765625
2942.63124790827	2673.80004882813
2944.66515732282	2605.60009765625
2946.69851556873	2572.19995117188
2948.73132289443	2542.10009765625
2950.76357954817	2515.89990234375
2952.79528577803	2524.10009765625
2954.82644183188	2500.89990234375
2956.85704795741	2485.30004882813
2958.8871044021	2471.19995117188
2960.91661141328	2477.69995117188
2962.94556923807	2474.80004882813
2964.97397812339	2464.69995117188
2967.00183831598	2444.5
2969.0291500624	2415.69995117188
2971.05591360902	2404.30004882813
2973.08212920199	2413.10009765625
2975.1077970873	2381.30004882813
2977.13291751074	2354.89990234375
2979.1574907179	2337.60009765625
2981.18151695419	2360.30004882813
2983.20499646482	2328.10009765625
2985.2279294948	2302.89990234375
2987.25031628898	2336
2989.27215709199	2313.80004882813
2991.29345214825	2302.39990234375
2993.31420170204	2303.19995117188
2995.33440599738	2294.60009765625
2997.35406527816	2293.5
2999.37317978802	2314.5
3001.39174977045	2317.30004882813
3003.40977546872	2331.5
3005.42725712591	2341.69995117188
3007.44419498491	2397.89990234375
3009.4605892884	2363.39990234375
3011.47644027889	2385.19995117188
3013.49174819865	2363.19995117188
3015.5065132898	2370.5
3017.52073579424	2364.69995117188
3019.53441595366	2360.39990234375
3021.54755400959	2372.30004882813
3023.56015020332	2315.19995117188
3025.57220477598	2338.60009765625
3027.58371796846	2327.69995117188
3029.5946900215	2310
3031.6051211756	2314.30004882813
3033.61501167107	2289.10009765625
3035.62436174803	2274.69995117188
3037.6331716464	2248.69995117188
3039.64144160588	2259
3041.649171866	2245
3043.65636266607	2208.60009765625
3045.6630142452	2223.69995117188
3047.66912684229	2213.60009765625
3049.67470069605	2176.89990234375
3051.679736045	2192.30004882813
3053.68423312742	2206.30004882813
3055.68819218143	2199.60009765625
3057.6916134449	2190.89990234375
3059.69449715556	2183.30004882813
3061.69684355086	2207.5
3063.6986528681	2171.30004882813
3065.69992534437	2166
3067.70066121653	2158.10009765625
3069.70086072126	2165.10009765625
3071.700524095	2170.69995117188
3073.69965157405	2154.5
3075.69824339442	2140.80004882813
3077.69629979197	2150
3079.69382100235	2148.69995117188
3081.69080726098	2152
3083.68725880307	2126
3085.68317586366	2114.30004882813
3087.67855867755	2135.5
3089.67340747933	2122.10009765625
3091.6677225034	2134
3093.66150398392	2101.69995117188
3095.6547521549	2137.5
3097.64746725006	2120.5
3099.63964950297	2121.80004882813
3101.63129914698	2119.30004882813
3103.6224164152	2125.30004882813
3105.61300154056	2146.5
3107.60305475576	2162
3109.59257629331	2106.5
3111.58156638547	2126.10009765625
3113.57002526432	2108.5
3115.55795316172	2133.39990234375
3117.54535030932	2103.80004882813
3119.53221693853	2114.5
3121.51855328057	2111.89990234375
3123.50435956646	2117.19995117188
3125.48963602698	2108.89990234375
3127.4743828927	2124.10009765625
3129.45860039397	2100.30004882813
3131.44228876093	2112.80004882813
3133.42544822353	2112.69995117188
3135.40807901145	2134.19995117188
3137.39018135418	2127.5
3139.37175548102	2112
3141.35280162101	2137
3143.33332000299	2105.60009765625
3145.31331085559	2098.30004882813
3147.2927744072	2126.30004882813
3149.27171088602	2136.10009765625
3151.25012052	2103.19995117188
3153.22800353689	2118.30004882813
3155.20536016422	2107.80004882813
3157.18219062929	2115.5
3159.15849515918	2094.5
3161.13427398075	2118
3163.10952732066	2084.80004882813
3165.08425540532	2114.39990234375
3167.05845846092	2104
3169.03213671344	2112.5
3171.00529038863	2110.89990234375
3172.97791971203	2123.89990234375
3174.95002490893	2098.5
3176.92160620443	2096.30004882813
3178.89266382337	2106.69995117188
3180.8631979904	2099.39990234375
3182.83320892991	2111.89990234375
3184.80269686609	2116.19995117188
3186.77166202289	2121.5
3188.74010462406	2104.10009765625
3190.70802489307	2102.10009765625
3192.67542305323	2103.19995117188
3194.64229932757	2099
3196.60865393892	2122.39990234375
3198.57448710987	2103.80004882813
3200.53979906279	2114.69995117188
3202.50459001981	2092.10009765625
3204.46886020284	2097
3206.43260983356	2089.69995117188
3208.39583913341	2076.39990234375
3210.35854832362	2104.19995117188
3212.32073762517	2115.19995117188
3214.28240725881	2114.19995117188
3216.24355744508	2090.80004882813
3218.20418840426	2102.10009765625
3220.16430035642	2088.69995117188
3222.12389352137	2082.19995117188
3224.08296811873	2106.60009765625
3226.04152436784	2137.30004882813
3227.99956248784	2084.60009765625
3229.95708269762	2123.19995117188
3231.91408521584	2080.5
3233.87057026092	2077.30004882813
3235.82653805105	2113
3237.78198880419	2122.60009765625
3239.73692273806	2087.80004882813
3241.69134007013	2107.89990234375
3243.64524101764	2093.39990234375
3245.59862579761	2108
3247.55149462681	2096.19995117188
3249.50384772176	2106.60009765625
3251.45568529877	2110
3253.40700757387	2131.69995117188
3255.35781476288	2093.19995117188
3257.3081070814	2112.60009765625
3259.25788474473	2132.30004882813
3261.20714796799	2115.39990234375
3263.15589696602	2127.39990234375
3265.10413195345	2118.39990234375
3267.05185314463	2086.89990234375
3268.9990607537	2122.89990234375
3270.94575499455	2113.19995117188
3272.89193608081	2107.39990234375
3274.8376042259	2102.80004882813
3276.78275964296	2118.89990234375
3278.72740254492	2111.30004882813
3280.67153314443	2110.39990234375
3282.61515165393	2096.10009765625
3284.55825828559	2107.39990234375
3286.50085325135	2093.30004882813
3288.44293676289	2102.30004882813
3290.38450903165	2084.19995117188
3292.32557026883	2097.89990234375
3294.26612068537	2107.69995117188
3296.20616049198	2108.69995117188
3298.14568989911	2097.10009765625
3300.08470911695	2088.69995117188
3302.02321835546	2069.19995117188
3303.96121782435	2081.60009765625
3305.89870773306	2079.69995117188
3307.83568829081	2085.5
3309.77215970655	2082.89990234375
3311.70812218898	2100.39990234375
3313.64357594655	2096.80004882813
3315.57852118747	2066.5
3317.51295811968	2088.80004882813
3319.44688695087	2086.60009765625
3321.38030788849	2077.5
3323.31322113973	2083.89990234375
3325.24562691152	2073.19995117188
3327.17752541055	2099.80004882813
3329.10891684322	2095.80004882813
3331.03980141573	2084.80004882813
3332.97017933399	2077.69995117188
3334.90005080364	2063.19995117188
3336.82941603011	2069.5
3338.75827521852	2066.80004882813
3340.68662857377	2074.10009765625
3342.6144763005	2054.5
3344.54181860308	2050.5
3346.46865568561	2086
3348.39498775195	2052.10009765625
3350.32081500571	2076.89990234375
3352.24613765022	2073.39990234375
3354.17095588855	2053.69995117188
3356.09526992352	2083.10009765625
3358.01907995769	2076.5
3359.94238619334	2077.89990234375
3361.86518883251	2079.19995117188
3363.78748807697	2065.60009765625
3365.70928412823	2064.5
3367.63057718752	2058.30004882813
3369.55136745582	2052.80004882813
3371.47165513386	2069.89990234375
3373.39144042208	2063.30004882813
3375.31072352066	2066.5
3377.22950462953	2072.80004882813
3379.14778394834	2048.60009765625
3381.06556167648	2061.60009765625
3382.98283801308	2074.69995117188
3384.89961315697	2068.89990234375
3386.81588730676	2078.89990234375
3388.73166066076	2062.10009765625
3390.64693341702	2052.80004882813
3392.56170577332	2059.60009765625
3394.47597792716	2078.80004882813
3396.38975007581	2056.89990234375
3398.30302241623	2047.5
3400.21579514512	2050.39990234375
3402.1280684589	2047.30004882813
3404.03984255374	2041.19995117188
3405.95111762553	2069.89990234375
3407.86189386987	2064.19995117188
3409.77217148212	2074.19995117188
3411.68195065733	2048.69995117188
3413.5912315903	2049.30004882813
3415.50001447556	2031.30004882813
3417.40829950735	2010.59997558594
3419.31608687963	2021.40002441406
3421.22337678611	2040.09997558594
3423.1301694202	2026.40002441406
3425.03646497504	2041.59997558594
3426.9422636435	2030.09997558594
3428.84756561816	2028.30004882813
3430.75237109135	2026.09997558594
3432.65668025508	2030.09997558594
3434.56049330112	2029.19995117188
3436.46381042093	2045.19995117188
3438.36663180571	2019.09997558594
3440.26895764638	2031.90002441406
3442.17078813357	2031.19995117188
3444.07212345762	2007.80004882813
3445.97296380863	2049.69995117188
3447.87330937636	2040.90002441406
3449.77316035033	2021.80004882813
3451.67251691977	2022.59997558594
3453.57137927361	2029
3455.46974760052	2027.40002441406
3457.36762208886	2039.19995117188
3459.26500292671	2011.19995117188
3461.16189030191	2019.40002441406
3463.05828440194	2031.80004882813
3464.95418541406	2023.30004882813
3466.84959352519	2011
3468.74450892201	2015.80004882813
3470.63893179088	1997.40002441406
3472.53286231788	2040.5
3474.42630068881	2011.30004882813
3476.31924708918	2007.90002441406
3478.2117017042	2018.40002441406
3480.1036647188	2013.19995117188
3481.99513631761	2008.09997558594
3483.88611668498	1988.59997558594
3485.77660600498	1993.19995117188
3487.66660446135	2016.5
3489.55611223758	1988.5
3491.44512951683	2024.5
3493.333656482	1994.19995117188
3495.22169331568	1990.59997558594
3497.10924020016	2000.30004882813
3498.99629731746	1965.59997558594
3500.88286484927	1979.90002441406
3502.76894297702	1975
3504.65453188182	1982.30004882813
3506.53963174449	1964.40002441406
3508.42424274555	1984
3510.30836506524	1974.80004882813
3512.19199888349	1973.90002441406
3514.07514437992	1958.59997558594
3515.95780173387	1982
3517.83997112437	1953.09997558594
3519.72165273016	1935.80004882813
3521.60284672967	1968.90002441406
3523.48355330104	1958.09997558594
3525.36377262208	1956.90002441406
3527.24350487035	1942.80004882813
3529.12275022306	1956.09997558594
3531.00150885715	1928.30004882813
3532.87978094923	1938.40002441406
3534.75756667562	1942.69995117188
3536.63486621235	1941.30004882813
3538.51167973512	1926.30004882813
3540.38800741934	1914.09997558594
3542.26384944011	1913.19995117188
3544.13920597223	1928.19995117188
3546.01407719018	1912.5
3547.88846326815	1931.59997558594
3549.76236438002	1936.90002441406
3551.63578069934	1913.5
3553.50871239938	1909.5
3555.38115965309	1906.5
3557.25312263311	1902.30004882813
3559.12460151177	1914.5
3560.99559646109	1909.5
3562.86610765279	1893.80004882813
3564.73613525825	1892.09997558594
3566.60567944857	1928.40002441406
3568.47474039453	1895
3570.34331826658	1882.90002441406
3572.21141323487	1901.19995117188
3574.07902546925	1906.90002441406
3575.94615513922	1913.40002441406
3577.81280241401	1888.90002441406
3579.67896746249	1905.80004882813
3581.54465045325	1904.40002441406
3583.40985155455	1887.90002441406
3585.27457093432	1901.40002441406
3587.1388087602	1896.40002441406
3589.00256519949	1899.09997558594
3590.86584041919	1882.09997558594
3592.72863458597	1891.30004882813
3594.59094786618	1899.30004882813
3596.45278042585	1876
3598.31413243069	1913.19995117188
3600.17500404611	1881
3602.03539543717	1881.59997558594
3603.89530676861	1887.90002441406
3605.75473820488	1883.30004882813
3607.61368991007	1889.30004882813
3609.47216204797	1894.80004882813
3611.33015478203	1861.19995117188
3613.18766827539	1867.40002441406
3615.04470269087	1879.30004882813
3616.90125819094	1877.90002441406
3618.75733493776	1889
3620.61293309318	1878.19995117188
3622.46805281869	1869
3624.32269427547	1872.80004882813
3626.17685762439	1880.59997558594
3628.03054302596	1886.09997558594
3629.88375064038	1894.40002441406
3631.73648062751	1876.19995117188
3633.5887331469	1856.09997558594
3635.44050835775	1853.19995117188
3637.29180641893	1879.19995117188
3639.14262748899	1867.90002441406
3640.99297172614	1842.5
3642.84283928828	1862.19995117188
3644.69223033294	1863.90002441406
3646.54114501734	1851.69995117188
3648.38958349836	1867
3650.23754593256	1837.40002441406
3652.08503247614	1857
3653.93204328497	1843
3655.77857851462	1846.19995117188
3657.62463832028	1834.69995117188
3659.47022285682	1835.5
3661.31533227877	1847.40002441406
3663.15996674033	1835.59997558594
3665.00412639535	1840.19995117188
3666.84781139736	1839.80004882813
3668.69102189953	1824.59997558594
3670.5337580547	1815.59997558594
3672.37602001537	1833.40002441406
3674.21780793368	1831.59997558594
3676.05912196148	1827.09997558594
3677.89996225021	1819.30004882813
3679.74032895103	1803.19995117188
3681.58022221471	1823.80004882813
3683.41964219171	1820.59997558594
3685.25858903211	1812.69995117188
3687.0970628857	1820
3688.93506390186	1815.30004882813
3690.77259222968	1813.69995117188
3692.60964801787	1812.5
3694.44623141481	1827.69995117188
3696.28234256853	1802.19995117188
3698.11798162669	1791.90002441406
3699.95314873665	1800.69995117188
3701.78784404537	1797.5
3703.62206769951	1800.40002441406
3705.45581984533	1790.80004882813
3707.28910062877	1805.69995117188
3709.12191019542	1778.30004882813
3710.95424869052	1793.69995117188
3712.78611625894	1797.69995117188
3714.6175130452	1800.80004882813
3716.44843919349	1790.90002441406
3718.27889484764	1797
3720.1088801511	1784.30004882813
3721.93839524699	1800
3723.76744027808	1805.90002441406
3725.59601538677	1776.09997558594
3727.4241207151	1794.09997558594
