40.2973356941271	1135.19995117188
43.2236257608418	1144.69995117188
46.1488808466109	1139.40002441406
49.0731017336173	1145
51.9962892025666	1147.40002441406
54.9184440327569	1150.40002441406
57.8395670020446	1160.19995117188
60.7596588868509	1163.69995117188
63.6787204621708	1171.90002441406
66.5967525015794	1187
69.5137557772381	1193.40002441406
72.4297310598838	1219.19995117188
75.3446791188512	1239.5
78.2586007220466	1270.30004882813
81.1714966360015	1314.09997558594
84.0833676258266	1362.30004882813
86.994214455242	1416
89.9040378865662	1486.09997558594
92.8128386807427	1550.09997558594
95.7206175973133	1607.90002441406
98.6273753944444	1657.19995117188
101.533112828928	1687.5
104.437830656161	1704.09997558594
107.34152963018	1717.69995117188
110.244210503676	1689.90002441406
113.145874027931	1689.40002441406
116.046520952895	1679.19995117188
118.946152027154	1691.90002441406
121.844767997933	1678.09997558594
124.74236961111	1668.30004882813
127.638957611212	1662.09997558594
130.534532741422	1668.19995117188
133.429095743606	1669.5
136.322647358252	1674.30004882813
139.215188324544	1688.5
142.106719380311	1689.09997558594
144.997241262089	1686.30004882813
147.886754705057	1693.59997558594
150.775260443096	1686.5
153.662759208748	1695.19995117188
156.549251733282	1683.90002441406
159.434738746612	1691.19995117188
162.319220977376	1675.59997558594
165.20269915289	1679
168.085173999178	1698.40002441406
170.966646240977	1681.19995117188
173.847116601709	1695.5
176.726585803528	1671.19995117188
179.605054567295	1682.30004882813
182.48252361259	1663.5
185.358993657701	1654.69995117188
188.234465419645	1679.30004882813
191.108939614183	1649
193.982416955795	1670.19995117188
196.854898157687	1662.90002441406
199.726383931801	1691.69995117188
202.596874988835	1654.80004882813
205.466372038225	1663
208.334875788145	1670.69995117188
211.202386945534	1674.5
214.068906216069	1662.59997558594
216.934434304194	1681.30004882813
219.798971913111	1668.5
222.662519744776	1678.40002441406
225.525078499925	1668
228.386648878069	1679
231.247231577465	1677.5
234.106827295172	1673.80004882813
236.965436727012	1682.5
239.823060567597	1670.90002441406
242.679699510337	1673.19995117188
245.535354247396	1672.09997558594
248.390025469775	1668.30004882813
251.243713867223	1648.19995117188
254.096420128327	1661
256.948144940459	1679.59997558594
259.798888989788	1665.69995117188
262.648652961315	1666.30004882813
265.49743753883	1667.80004882813
268.345243404939	1662.40002441406
271.192071241073	1676.19995117188
274.037921727485	1683.69995117188
276.882795543246	1665.69995117188
279.72669336624	1671.59997558594
282.569615873213	1685.09997558594
285.411563739724	1664.40002441406
288.252537640165	1674.80004882813
291.092538247763	1677.30004882813
293.931566234616	1662
296.769622271633	1695.30004882813
299.606707028594	1688.80004882813
302.442821174104	1667.90002441406
305.277965375652	1660.69995117188
308.112140299574	1694.40002441406
310.945346611062	1698.90002441406
313.777584974167	1682.40002441406
316.608856051813	1689.30004882813
319.439160505797	1685
322.268498996783	1689.40002441406
325.096872184303	1692.90002441406
327.924280726782	1698.90002441406
330.750725281521	1693
333.576206504693	1668.80004882813
336.400725051388	1683.30004882813
339.224281575542	1680.59997558594
342.046876730026	1694.69995117188
344.868511166586	1683.59997558594
347.689185535872	1694.69995117188
350.508900487421	1672.19995117188
353.327656669699	1667.19995117188
356.145454730079	1672.59997558594
358.962295314817	1677.09997558594
361.778179069105	1680.69995117188
364.593106637051	1681.90002441406
367.407078661675	1690.5
370.220095784913	1683.90002441406
373.032158647655	1693.09997558594
375.843267889676	1679.30004882813
378.653424149715	1683
381.462628065436	1691.40002441406
384.270880273432	1678.09997558594
387.078181409254	1705.30004882813
389.884532107358	1680.59997558594
392.689933001188	1715.19995117188
395.494384723112	1701.80004882813
398.29788790445	1728.80004882813
401.100443175488	1691.30004882813
403.902051165437	1701.09997558594
406.702712502518	1715.30004882813
409.502427813866	1689.59997558594
412.301197725607	1716.30004882813
415.099022862823	1694.80004882813
417.89590384957	1688.69995117188
420.691841308876	1688.90002441406
423.486835862752	1708.40002441406
426.280888132173	1694.69995117188
429.073998737112	1717.40002441406
431.866168296507	1702.09997558594
434.657397428298	1704.40002441406
437.447686749412	1704.09997558594
440.237036875762	1714.09997558594
443.025448422257	1697.30004882813
445.812922002813	1725.09997558594
448.599458230326	1726.30004882813
451.38505771672	1702.09997558594
454.169721072909	1707.19995117188
456.953448908819	1715.59997558594
459.736241833384	1695.69995117188
462.518100454555	1719.80004882813
465.2990253793	1736.40002441406
468.079017213605	1723.69995117188
470.858076562476	1724.90002441406
473.636204029939	1734.09997558594
476.41340021906	1710.30004882813
479.189665731938	1724.80004882813
481.965001169667	1714.5
484.739407132419	1703.30004882813
487.512884219391	1715.40002441406
490.285433028796	1731.19995117188
493.057054157921	1700.09997558594
495.827748203087	1713.30004882813
498.597515759658	1721.5
501.366357422061	1716.59997558594
504.134273783759	1726.40002441406
506.901265437278	1717.09997558594
509.66733297421	1724.30004882813
512.432476985198	1715.69995117188
515.196698059945	1728.30004882813
517.959996787225	1714.19995117188
520.722373754895	1721.40002441406
523.483829549856	1721.19995117188
526.24436475811	1722
529.003979964696	1722.59997558594
531.762675753779	1722.19995117188
534.520452708569	1722.19995117188
537.277311411375	1739.30004882813
540.03325244359	1698.40002441406
542.788276385682	1739.09997558594
545.54238381725	1723.69995117188
548.295575316938	1738.69995117188
551.047851462516	1724
553.799212830831	1723.09997558594
556.549659997851	1709.5
559.299193538643	1722
562.047814027381	1693.19995117188
564.795522037318	1715.40002441406
567.542318140861	1725.19995117188
570.288202909507	1714.19995117188
573.033176913873	1715.69995117188
575.7772407237	1697.69995117188
578.520394907829	1716.90002441406
581.26264003424	1723.5
584.003976670046	1729.40002441406
586.744405381469	1731.09997558594
589.483926733869	1721.40002441406
592.222541291746	1720
594.96024961872	1730.5
597.697052277563	1736.59997558594
600.432949830166	1714.59997558594
603.167942837587	1729.09997558594
605.902031860012	1725.19995117188
608.635217456783	1741.09997558594
611.367500186378	1723.80004882813
614.098880606429	1749.40002441406
616.82935927374	1735.80004882813
619.558936744248	1740.69995117188
622.287613573072	1753.5
625.015390314457	1736
627.742267521848	1745.80004882813
630.468245747829	1732.59997558594
633.193325544166	1720.80004882813
635.917507461792	1735.80004882813
638.640792050804	1732.69995117188
641.36317986048	1728.80004882813
644.084671439281	1731.30004882813
646.805267334845	1723.40002441406
649.524968093967	1710.69995117188
652.24377426266	1733.19995117188
654.961686386106	1751.30004882813
657.678705008678	1731.19995117188
660.394830673939	1736.59997558594
663.110063924628	1756.59997558594
665.824405302728	1727.69995117188
668.537855349351	1721.59997558594
671.250414604863	1717.40002441406
673.962083608812	1742.19995117188
676.672862899949	1735.59997558594
679.382753016218	1744.59997558594
682.091754494801	1718.80004882813
684.799867872061	1730.09997558594
687.507093683595	1767.40002441406
690.213432464198	1739.90002441406
692.918884747899	1763
695.623451067937	1739.59997558594
698.327131956755	1754.69995117188
701.029927946065	1742.59997558594
703.731839566754	1755.59997558594
706.43286734896	1746.09997558594
709.133011822067	1757.09997558594
711.832273514658	1748.40002441406
714.53065295457	1756.30004882813
717.228150668879	1747.19995117188
719.924767183889	1759.90002441406
722.620503025148	1758.90002441406
725.315358717446	1749.09997558594
728.009334784827	1742.59997558594
730.702431750559	1745.59997558594
733.394650137188	1753.19995117188
736.085990466498	1762.59997558594
738.776453259519	1740.80004882813
741.466039036542	1746.09997558594
744.154748317125	1735.40002441406
746.842581620074	1759.80004882813
749.529539463458	1755.59997558594
752.215622364608	1742.30004882813
754.900830840131	1746.80004882813
757.585165405892	1751.09997558594
760.26862657703	1739.80004882813
762.951214867957	1749.40002441406
765.632930792356	1755.59997558594
768.313774863181	1746.59997558594
770.993747592673	1751.30004882813
773.672849492359	1760.69995117188
776.351081073017	1746.5
779.028442844757	1736.80004882813
781.704935316928	1757.80004882813
784.380558998208	1753.69995117188
787.055314396528	1753.69995117188
789.729202019141	1743.30004882813
792.402222372581	1773.90002441406
795.074375962669	1783.40002441406
797.745663294537	1767.09997558594
800.416084872622	1779.59997558594
803.085641200652	1759.19995117188
805.754332781664	1770
808.422160117986	1769.40002441406
811.089123711292	1767.09997558594
813.75522406252	1764.69995117188
816.420461671951	1751.80004882813
819.084837039164	1772.90002441406
821.748350663067	1798.19995117188
824.411003041866	1774.19995117188
827.072794673116	1785.90002441406
829.733726053668	1777.40002441406
832.39379767971	1805.80004882813
835.05301004674	1799.5
837.711363649601	1787.40002441406
840.368858982457	1788
843.025496538805	1793
845.681276811467	1800.90002441406
848.336200292618	1783.90002441406
850.99026747375	1792
853.643478845713	1820.69995117188
856.29583489868	1805.09997558594
858.947336122176	1812
861.59798300506	1812.80004882813
864.247776035556	1819.30004882813
866.896715701222	1818.69995117188
869.544802488959	1840.80004882813
872.192036885046	1830
874.838419375087	1823.69995117188
877.483950444054	1834.90002441406
880.128630576285	1827.40002441406
882.772460255461	1820.69995117188
885.415439964628	1832.19995117188
888.057570186211	1831.19995117188
890.698851401966	1810.30004882813
893.339284093045	1832.59997558594
895.978868739961	1819.19995117188
898.617605822596	1833.5
901.255495820196	1838.59997558594
903.892539211396	1813
906.528736474184	1818.90002441406
909.164088085949	1824.69995117188
911.798594523442	1821
914.432256262804	1815.59997558594
917.065073779549	1817.80004882813
919.697047548589	1806.80004882813
922.328178044212	1821.5
924.9584657401	1813
927.587911109317	1840.19995117188
930.216514624317	1822
932.844276756963	1831.80004882813
935.471197978488	1852.90002441406
938.097278759538	1846
940.722519570163	1841.59997558594
943.346920879798	1862.80004882813
945.97048315729	1872.19995117188
948.593206870885	1878.19995117188
951.215092488219	1895.69995117188
953.836140476366	1914.59997558594
956.456351301787	1924.40002441406
959.07572543037	1927.59997558594
961.694263327369	1928.59997558594
964.311965457521	1951.30004882813
966.928832284933	1953.69995117188
969.544864273135	1932.5
972.160061885076	1940.90002441406
974.774425583129	1915.90002441406
977.387955829099	1908.30004882813
980.000653084196	1906.59997558594
982.612517809061	1887.59997558594
985.223550463768	1915.09997558594
987.833751507819	1891
990.443121400135	1930
993.051660599081	1927.90002441406
995.659369562449	1956.59997558594
998.266248747469	1982.09997558594
1000.87229861081	2052.60009765625
1003.47751960857	2118
1006.0819121963	2164.69995117188
1008.68547682897	2151.30004882813
1011.28821396104	2101.19995117188
1013.89012404635	2075
1016.49120753824	1996.40002441406
1019.09146488947	1982.90002441406
1021.69089655226	1958.30004882813
1024.28950297827	1922
1026.88728461863	1923.40002441406
1029.48424192392	1927.59997558594
1032.08037534416	1933
1034.67568532886	1908.19995117188
1037.27017232694	1918.40002441406
1039.86383678682	1920
1042.45667915637	1886.59997558594
1045.04869988293	1919.5
1047.6398994133	1901.30004882813
1050.23027819374	1891.30004882813
1052.81983666998	1911.90002441406
1055.40857528724	1897.40002441406
1057.99649449018	1911.59997558594
1060.58359472296	1905
1063.1698764292	1931.59997558594
1065.755340052	1915.90002441406
1068.33998603393	1901
1070.92381481706	1913
1073.50682684291	1919.19995117188
1076.08902255251	1919.40002441406
1078.67040238637	1902.69995117188
1081.25096678445	1922.69995117188
1083.83071618624	1931.5
1086.4096510307	1903
1088.98777175629	1926.5
1091.56507880094	1938.19995117188
1094.14157260208	1919.30004882813
1096.71725359664	1915.59997558594
1099.29212222106	1909.90002441406
1101.86617891125	1937
1104.43942410262	1925
1107.01185823011	1931
1109.58348172812	1932.69995117188
1112.15429503057	1919.40002441406
1114.7242985709	1946.40002441406
1117.29349278203	1942.59997558594
1119.86187809642	1952.80004882813
1122.42945494599	1985.40002441406
1124.99622376222	2000.09997558594
1127.56218497606	2008.19995117188
1130.12733901801	2032.90002441406
1132.69168631804	2028.80004882813
1135.25522730568	2047.69995117188
1137.81796240995	2069.10009765625
1140.37989205941	2117.10009765625
1142.9410166821	2166.5
1145.50133670561	2221.39990234375
1148.06085255708	2342.39990234375
1150.61956466311	2450.10009765625
1153.17747344987	2666.69995117188
1155.73457934305	2826.5
1158.29088276786	2892.69995117188
1160.84638414903	2822.30004882813
1163.40108391085	2667.69995117188
1165.95498247711	2462.39990234375
1168.50808027116	2275.10009765625
1171.06037771587	2183.10009765625
1173.61187523364	2101.60009765625
1176.16257324643	2110.80004882813
1178.71247217573	2079
1181.26157244255	2066
1183.80987446746	2084.5
1186.35737867059	2100.60009765625
1188.90408547157	2110.10009765625
1191.44999528961	2131.19995117188
1193.99510854347	2147.80004882813
1196.53942565142	2165.39990234375
1199.08294703133	2115
1201.62567310057	2091.10009765625
1204.16760427611	2051.60009765625
1206.70874097445	2045.69995117188
1209.24908361163	2044.09997558594
1211.78863260327	2010.30004882813
1214.32738836454	2031.80004882813
1216.86535131017	2010.5
1219.40252185445	1981.19995117188
1221.93890041121	1983.90002441406
1224.47448739389	1962.69995117188
1227.00928321544	1968.69995117188
1229.54328828842	1976.80004882813
1232.07650302491	1980.90002441406
1234.60892783662	1960.80004882813
1237.14056313477	1996.5
1239.67140933017	1983.59997558594
1242.2014668332	2001.69995117188
1244.73073605384	2008.09997558594
1247.25921740159	1973.30004882813
1249.78691128558	1983.59997558594
1252.31381811448	2020.59997558594
1254.83993829655	2010.59997558594
1257.36527223962	2056.10009765625
1259.88982035112	2063.39990234375
1262.41358303803	2058.10009765625
1264.93656070696	2065.69995117188
1267.45875376405	2084.19995117188
1269.98016261505	2095.60009765625
1272.50078766531	2086
1275.02062931974	2118.10009765625
1277.53968798285	2150.60009765625
1280.05796405875	2111.39990234375
1282.57545795112	2075.30004882813
1285.09217006325	2066
1287.60810079802	2052.60009765625
1290.12325055788	2049.30004882813
1292.63761974492	2049.39990234375
1295.15120876079	2060.89990234375
1297.66401800676	2059.60009765625
1300.17604788367	2061.5
1302.687298792	2053.10009765625
1305.19777113181	2072.89990234375
1307.70746530274	2051.69995117188
1310.21638170408	2047.59997558594
1312.7245207347	2050.80004882813
1315.23188279307	2039.30004882813
1317.73846827728	2027.5
1320.24427758502	2038
1322.74931111359	2045.19995117188
1325.25356925991	2031.90002441406
1327.75705242051	2034.5
1330.25976099151	2019.40002441406
1332.76169536868	2019.19995117188
1335.26285594737	2015.19995117188
1337.76324312256	1996.59997558594
1340.26285728887	2012.09997558594
1342.76169884052	2013.19995117188
1345.25976817132	2007.5
1347.75706567474	2048.5
1350.25359174387	2011.69995117188
1352.74934677141	2034.09997558594
1355.24433114968	1995.40002441406
1357.73854527062	2012.69995117188
1360.23198952583	2011.69995117188
1362.7246643065	2011.69995117188
1365.21657000347	1999.90002441406
1367.7077070072	2010.59997558594
1370.19807570777	1999.80004882813
1372.68767649492	2029.40002441406
1375.176509758	2006.69995117188
1377.66457588599	2000
1380.15187526753	2002
1382.63840829087	2018.19995117188
1385.1241753439	2018.59997558594
1387.60917681417	2032.90002441406
1390.09341308884	2044
1392.57688455474	2034
1395.05959159829	2021.30004882813
1397.54153460562	2035
1400.02271396243	2044.69995117188
1402.50313005414	2040.59997558594
1404.98278326576	2025.30004882813
1407.46167398196	2033.69995117188
1409.93980258707	2030
1412.41716946504	2033.40002441406
1414.89377499951	2054.39990234375
1417.36961957373	2040
1419.84470357062	2045.09997558594
1422.31902737275	2067.89990234375
1424.79259136235	2054.89990234375
1427.26539592129	2071.69995117188
1429.73744143111	2073.89990234375
1432.20872827299	2117
1434.67925682777	2102.10009765625
1437.14902747597	2119.80004882813
1439.61804059773	2145.69995117188
1442.0862965729	2150.5
1444.55379578093	2174.69995117188
1447.02053860099	2191.69995117188
1449.48652541188	2146.80004882813
1451.95175659206	2153.69995117188
1454.41623251969	2163.89990234375
1456.87995357255	2160.39990234375
1459.34292012811	2135.60009765625
1461.80513256351	2148.30004882813
1464.26659125557	2134.80004882813
1466.72729658073	2155.10009765625
1469.18724891517	2101.39990234375
1471.64644863469	2131.69995117188
1474.10489611478	2107.5
1476.5625917306	2107.19995117188
1479.01953585699	2137.5
1481.47572886844	2111.89990234375
1483.93117113917	2147.39990234375
1486.38586304302	2140.89990234375
1488.83980495354	2184.60009765625
1491.29299724395	2174.10009765625
1493.74544028715	2196.80004882813
1496.19713445573	2249.5
1498.64808012193	2281.10009765625
1501.09827765772	2350.5
1503.54772743471	2413.69995117188
1505.99642982421	2543.19995117188
1508.44438519723	2692.89990234375
1510.89159392446	2864
1513.33805637625	3059.10009765625
1515.78377292266	3214.80004882813
1518.22874393346	3279.60009765625
1520.67296977806	3255.80004882813
1523.11645082559	3157.10009765625
1525.55918744488	3000.39990234375
1528.00118000444	2806
1530.44242887245	2620
1532.88293441684	2439.30004882813
1535.32269700517	2321.39990234375
1537.76171700475	2239.30004882813
1540.19999478255	2208.69995117188
1542.63753070526	2195.39990234375
1545.07432513925	2154.69995117188
1547.5103784506	2149
1549.94569100509	2109.80004882813
1552.38026316819	2118.69995117188
1554.8140953051	2138.10009765625
1557.24718778067	2132.30004882813
1559.67954095952	2115.30004882813
1562.11115520592	2104.39990234375
1564.54203088386	2112.19995117188
1566.97216835704	2112.5
1569.40156798888	2115.69995117188
1571.83023014248	2126
1574.25815518067	2109.19995117188
1576.68534346597	2102.19995117188
1579.11179536062	2109.80004882813
1581.53751122658	2102.69995117188
1583.9624914255	2103.39990234375
1586.38673631876	2091
1588.81024626745	2086.39990234375
1591.23302163235	2099.39990234375
1593.655062774	2096.5
1596.07637005262	2131.80004882813
1598.49694382815	2091.80004882813
1600.91678446025	2087.5
1603.33589230831	2101
1605.75426773142	2098
1608.1719110884	2074.80004882813
1610.58882273779	2092.60009765625
1613.00500303784	2081.5
1615.42045234654	2079.60009765625
1617.83517102158	2079.30004882813
1620.24915942039	2088.5
1622.66241790012	2067
1625.07494681764	2081.39990234375
1627.48674652954	2091.19995117188
1629.89781739216	2073
1632.30815976152	2081.5
1634.71777399343	2081.69995117188
1637.12666044338	2096.89990234375
1639.53481946661	2113.60009765625
1641.94225141808	2117.69995117188
1644.34895665248	2116.89990234375
1646.75493552424	2109.89990234375
1649.16018838752	2141
1651.56471559621	2168.69995117188
1653.96851750392	2171.80004882813
1656.37159446403	2186.10009765625
1658.7739468296	2199.60009765625
1661.17557495349	2166.10009765625
1663.57647918824	2179.19995117188
1665.97665988617	2167.80004882813
1668.37611739929	2144.10009765625
1670.77485207939	2132
1673.17286427799	2113.19995117188
1675.57015434633	2079.80004882813
1677.96672263542	2099.80004882813
1680.36256949598	2087.39990234375
1682.7576952785	2079.89990234375
1685.15210033318	2086.10009765625
1687.54578501	2074.60009765625
1689.93874965866	2054.5
1692.33099462861	2077.30004882813
1694.72252026904	2062.89990234375
1697.11332692889	2059.69995117188
1699.50341495686	2090.10009765625
1701.89278470137	2056.30004882813
1704.28143651061	2056.30004882813
1706.66937073251	2064.30004882813
1709.05658771473	2037.5
1711.44308780473	2057
1713.82887134968	2068.10009765625
1716.21393869648	2047.80004882813
1718.59829019185	2059.5
1720.98192618221	2067.5
1723.36484701374	2034.30004882813
1725.74705303238	2037
1728.12854458384	2033
1730.50932201356	2031.59997558594
1732.88938566673	2081.19995117188
1735.26873588834	2065.80004882813
1737.64737302307	2031.90002441406
1740.02529741544	2049.19995117188
1742.40250940964	2039
1744.77900934969	2054
1747.15479757933	2058.19995117188
1749.52987444206	2059.60009765625
1751.90424028116	2057.80004882813
1754.27789543967	2063.30004882813
1756.65084026037	2028.69995117188
1759.02307508582	2048.60009765625
1761.39460025833	2037
1763.76541612	2085.10009765625
1766.13552301265	2046.59997558594
1768.50492127791	2024.59997558594
1770.87361125714	2069.39990234375
1773.2415932915	2032.90002441406
1775.60886772188	2047.80004882813
1777.97543488896	2054
1780.34129513318	2031.09997558594
1782.70644879475	2064.69995117188
1785.07089621365	2059.60009765625
1787.43463772964	2025.30004882813
1789.7976736822	2044.19995117188
1792.16000441066	2016.90002441406
1794.52163025405	2054.80004882813
1796.88255155121	2054.39990234375
1799.24276864074	2040
1801.60228186102	2029.40002441406
1803.96109155019	2048.5
1806.31919804618	2062.10009765625
1808.67660168668	2063.39990234375
1811.03330280916	2042.90002441406
1813.38930175088	2035.09997558594
1815.74459884884	2053.39990234375
1818.09919443984	2042.40002441406
1820.45308886047	2052.19995117188
1822.80628244708	2052.89990234375
1825.1587755358	2034.59997558594
1827.51056846254	2045.19995117188
1829.86166156297	2053.30004882813
1832.21205517258	2012.69995117188
1834.56174962661	2069.69995117188
1836.91074526009	2051.39990234375
1839.25904240783	2072.80004882813
1841.60664140443	2066.39990234375
1843.95354258425	2065.30004882813
1846.29974628146	2049.19995117188
1848.64525282998	2046
1850.99006256356	2055.10009765625
1853.3341758157	2045.69995117188
1855.67759291968	2029.69995117188
1858.02031420858	2023.30004882813
1860.36234001528	2018.90002441406
1862.70367067241	2064.19995117188
1865.04430651244	2038.80004882813
1867.38424786755	2021.5
1869.72349506978	2047.90002441406
1872.06204845094	2052
1874.39990834258	2030.5
1876.73707507612	2057.19995117188
1879.07354898269	2027.80004882813
1881.40933039328	2040.40002441406
1883.74441963861	2035.19995117188
1886.07881704925	2034
1888.41252295551	2024.69995117188
1890.74553768751	2028.09997558594
1893.07786157519	2040.30004882813
1895.40949494822	2047
1897.74043813615	2012.90002441406
1900.07069146823	2028.30004882813
1902.40025527357	2019.80004882813
1904.72912988106	2025.90002441406
1907.05731561938	2016.69995117188
1909.38481281699	2040.30004882813
1911.71162180217	2030.09997558594
1914.037742903	2026.69995117188
1916.36317644734	2049.10009765625
1918.68792276284	2038.09997558594
1921.01198217697	2043.80004882813
1923.33535501699	2046.69995117188
1925.65804160996	2027.80004882813
1927.98004228273	2023.09997558594
1930.30135736196	2044.69995117188
1932.6219871741	2047.69995117188
1934.94193204543	2053.5
1937.26119230198	2038.09997558594
1939.57976826962	2050
1941.89766027402	2041.69995117188
1944.21486864062	2013
1946.53139369472	2032
1948.84723576137	2040.09997558594
1951.16239516543	2036.59997558594
1953.47687223159	2034.5
1955.79066728434	2027.19995117188
1958.10378064794	2021.90002441406
1960.4162126465	2031.69995117188
1962.7279636039	2032.59997558594
1965.03903384385	2028.5
1967.34942368987	2036.5
1969.65913346524	2027.5
1971.96816349311	2055.30004882813
1974.2765140964	2052.10009765625
1976.58418559784	2035.09997558594
1978.89117831997	2029.19995117188
1981.19749258516	2023
1983.50312871555	2046.90002441406
1985.80808703313	2048.60009765625
1988.11236785967	2042.59997558594
1990.41597151676	2009.09997558594
1992.71889832581	2029.59997558594
1995.02114860801	2056.80004882813
1997.3227226844	2044.30004882813
1999.62362087581	2028.5
2001.92384350288	2059.60009765625
2004.22339088608	2041.69995117188
2006.52226334567	2044
2008.82046120173	2023.19995117188
2011.11798477417	2038.19995117188
2013.41483438269	2028.90002441406
2015.71101034681	2030.90002441406
2018.00651298588	2015.40002441406
2020.30134261905	2044.80004882813
2022.59549956528	2020.69995117188
2024.88898414337	2055.39990234375
2027.1817966719	2027.69995117188
2029.4739374693	2042.09997558594
2031.76540685379	2027.5
2034.05620514342	2038.59997558594
2036.34633265607	2035.09997558594
2038.6357897094	2033
2040.92457662092	2006.5
2043.21269370795	2005.09997558594
2045.50014128763	2030.5
2047.78691967691	2024.19995117188
2050.07302919256	2038.30004882813
2052.35847015118	2011.19995117188
2054.64324286919	2000.5
2056.9273476628	2014.90002441406
2059.21078484808	2024.09997558594
2061.4935547409	2007.80004882813
2063.77565765696	2019.69995117188
2066.05709391176	2026.19995117188
2068.33786382065	2016.80004882813
2070.61796769879	2019.40002441406
2072.89740586116	1999.40002441406
2075.17617862255	2005.5
2077.45428629759	2009.80004882813
2079.73172920075	2003.5
2082.00850764627	2024.5
2084.28462194827	2003.69995117188
2086.56007242065	1996.30004882813
2088.83485937717	2000.19995117188
2091.10898313139	2012.80004882813
2093.3824439967	2023
2095.65524228632	2015.80004882813
2097.92737831328	2026.90002441406
2100.19885239047	2014.5
2102.46966483057	2025.69995117188
2104.7398159461	2022.69995117188
2107.00930604941	2037.5
2109.27813545267	2026.09997558594
2111.54630446787	2013.90002441406
2113.81381340685	2033.09997558594
2116.08066258126	2020.40002441406
2118.34685230257	2047
2120.61238288211	2064.5
2122.87725463099	2068.69995117188
2125.1414678602	2052.89990234375
2127.40502288052	2050.39990234375
2129.66792000257	2046.40002441406
2131.93015953682	2041.09997558594
2134.19174179353	2039.69995117188
2136.45266708282	2041.80004882813
2138.71293571463	2034.40002441406
2140.97254799873	2061.60009765625
2143.23150424473	2043.80004882813
2145.48980476205	2035.90002441406
2147.74744985996	2060.89990234375
2150.00443984754	2052.5
2152.26077503373	2065.19995117188
2154.51645572728	2052.39990234375
2156.77148223677	2062.5
2159.02585487064	2074.5
2161.27957393713	2064.69995117188
2163.53263974432	2076.89990234375
2165.78505260012	2071.19995117188
2168.0368128123	2074.80004882813
2170.28792068844	2044.80004882813
2172.53837653595	2026.5
2174.78818066207	2037.59997558594
2177.03733337389	2066.39990234375
2179.28583497833	2014.40002441406
2181.53368578214	2043.09997558594
2183.78088609192	2011.69995117188
2186.02743621406	2011.5
2188.27333645484	2034.09997558594
2190.51858712033	2021.90002441406
2192.76318851646	2018.19995117188
2195.00714094901	2006.19995117188
2197.25044472354	1997.40002441406
2199.49310014551	1996.30004882813
2201.73510752018	2018.09997558594
2203.97646715265	2011.40002441406
2206.21717934786	2016.09997558594
2208.45724441058	1999.90002441406
2210.69666264543	1983.19995117188
2212.93543435686	2012.19995117188
2215.17355984914	1988
2217.41103942642	1972.80004882813
2219.64787339264	1989.40002441406
2221.8840620516	2006.90002441406
2224.11960570695	1981.30004882813
2226.35450466215	1986
2228.58875922051	1988.19995117188
2230.82236968518	1994.19995117188
2233.05533635916	1991.40002441406
2235.28765954527	1995.09997558594
2237.51933954617	1991.19995117188
2239.75037666437	1992.19995117188
2241.98077120221	1978.59997558594
2244.21052346188	1982
2246.4396337454	1999.80004882813
2248.66810235461	1976.69995117188
2250.89592959125	1991.59997558594
2253.12311575681	1991.5
2255.34966115272	2002.59997558594
2257.57556608017	2014.19995117188
2259.80083084023	2003.69995117188
2262.02545573381	1973.09997558594
2264.24944106163	1984
2266.47278712429	1986.19995117188
2268.69549422221	1998.40002441406
2270.91756265564	1985.59997558594
2273.1389927247	1984
2275.35978472934	2019.59997558594
2277.57993896933	1972.30004882813
2279.79945574431	1979.40002441406
2282.01833535375	2010
2284.23657809696	1994.90002441406
2286.45418427309	1997.19995117188
2288.67115418114	2025.90002441406
2290.88748811995	2012.30004882813
2293.10318638819	2023.40002441406
2295.3182492844	2007.59997558594
2297.53267710693	2032.59997558594
2299.746470154	2040.5
2301.95962872364	2049.60009765625
2304.17215311376	2066.10009765625
2306.3840436221	2045.59997558594
2308.59530054621	2059.60009765625
2310.80592418354	2077.69995117188
2313.01591483134	2059.5
2315.22527278673	2049.19995117188
2317.43399834666	2046.19995117188
2319.64209180791	2042.40002441406
2321.84955346713	2032.59997558594
2324.05638362079	2022.80004882813
2326.26258256524	2025.30004882813
2328.46815059664	2034.80004882813
2330.67308801098	2011
2332.87739510415	1989.30004882813
2335.08107217184	2007.90002441406
2337.2841195096	1997.19995117188
2339.48653741281	2003.90002441406
2341.68832617672	2024.59997558594
2343.8894860964	2000.40002441406
2346.09001746678	1999
2348.28992058261	1996.69995117188
2350.48919573852	2006.5
2352.68784322898	1975.80004882813
2354.88586334826	1983.5
2357.08325639055	1983.09997558594
2359.2800226498	1993.19995117188
2361.47616241988	1993.09997558594
2363.67167599445	1988.69995117188
2365.86656366706	1976.19995117188
2368.06082573107	1980.59997558594
2370.2544624797	1977.69995117188
2372.44747420603	1993.30004882813
2374.63986120295	1957.69995117188
2376.83162376322	1959.40002441406
2379.02276217945	1970.5
2381.21327674408	1961.59997558594
2383.4031677494	1966.5
2385.59243548756	1977.30004882813
2387.78108025053	1971
2389.96910233014	1954.90002441406
2392.15650201809	1977.80004882813
2394.34327960587	1958.90002441406
2396.52943538486	1957.19995117188
2398.71496964628	1979.80004882813
2400.89988268118	1976.19995117188
2403.08417478048	1948.80004882813
2405.26784623491	1952.90002441406
2407.45089733509	1955.80004882813
2409.63332837146	1960.90002441406
2411.81513963429	1947.40002441406
2413.99633141375	1935
2416.1769039998	1948.09997558594
2418.35685768227	1928
2420.53619275084	1947.90002441406
2422.71490949505	1970.90002441406
2424.89300820425	1944.90002441406
2427.07048916765	1953.19995117188
2429.24735267433	1962.40002441406
2431.42359901319	1941.5
2433.59922847297	1961.5
2435.7742413423	1951
2437.94863790961	1963.40002441406
2440.12241846321	1957.5
2442.29558329121	1944.80004882813
2444.46813268162	1966.40002441406
2446.64006692228	1938.40002441406
2448.81138630086	1938.09997558594
2450.98209110489	1953.5
2453.15218162174	1945.59997558594
2455.32165813864	1948.5
2457.49052094265	1936.59997558594
2459.65877032069	1960.59997558594
2461.8264065595	1972.19995117188
2463.99342994572	1969.40002441406
2466.15984076579	1978.59997558594
2468.325639306	1960.69995117188
2470.49082585251	1975.09997558594
2472.65540069131	1971.90002441406
2474.81936410824	1968.19995117188
2476.98271638899	1968.30004882813
2479.14545781909	1959.19995117188
2481.30758868392	1967.90002441406
2483.4691092687	1956.90002441406
2485.63001985852	1950.69995117188
2487.79032073829	1975.30004882813
2489.95001219277	1934.80004882813
2492.10909450659	1962
2494.26756796419	1951.40002441406
2496.42543284989	1957.59997558594
2498.58268944783	1979.80004882813
2500.73933804202	1959.30004882813
2502.8953789163	1958.30004882813
2505.05081235436	1963.5
2507.20563863974	1968.90002441406
2509.35985805582	1955.30004882813
2511.51347088583	1987.40002441406
2513.66647741285	1974.90002441406
2515.81887791981	1978.19995117188
2517.97067268946	1979.90002441406
2520.12186200443	2011.80004882813
2522.27244614716	1997.59997558594
2524.42242539999	1979.59997558594
2526.57180004504	1964.30004882813
2528.72057036433	1956.90002441406
2530.8687366397	1961.59997558594
2533.01629915284	1935.40002441406
2535.16325818527	1935.5
2537.30961401839	1951.90002441406
2539.45536693343	1934.5
2541.60051721145	1918
2543.74506513338	1928.40002441406
2545.88901097997	1924.69995117188
2548.03235503185	1901.69995117188
2550.17509756946	1911.30004882813
2552.31723887311	1916.09997558594
2554.45877922293	1901.5
2556.59971889893	1920.19995117188
2558.74005818094	1904.40002441406
2560.87979734864	1918.19995117188
2563.01893668155	1898.40002441406
2565.15747645906	1902.80004882813
2567.29541696037	1924.30004882813
2569.43275846454	1905
2571.56950125049	1907.59997558594
2573.70564559696	1902.30004882813
2575.84119178254	1898.90002441406
2577.97614008569	1894
2580.11049078468	1903.40002441406
2582.24424415764	1922.59997558594
2584.37740048255	1931.30004882813
2586.50996003722	1922.30004882813
2588.64192309931	1907
2590.77328994634	1905.80004882813
2592.90406085564	1915
2595.03423610442	1915.80004882813
2597.16381596971	1905.19995117188
2599.29280072839	1937.30004882813
2601.42119065719	1927
2603.54898603267	1920.5
2605.67618713125	1907.09997558594
2607.80279422919	1928.90002441406
2609.92880760257	1929.69995117188
2612.05422752735	1907.09997558594
2614.17905427932	1922.59997558594
2616.30328813408	1909.40002441406
2618.42692936713	1915.5
2620.54997825377	1905.80004882813
2622.67243506915	1916.40002441406
2624.79430008828	1935.80004882813
2626.915573586	1933.59997558594
2629.03625583699	1924.90002441406
2631.15634711579	1931.5
2633.27584769675	1971.5
2635.39475785408	1935.80004882813
2637.51307786185	1942.40002441406
2639.63080799394	1948.19995117188
2641.74794852409	1962.90002441406
2643.86449972589	1949.59997558594
2645.98046187273	1973.59997558594
2648.0958352379	2000.5
2650.21062009449	1990.19995117188
2652.32481671544	1989.40002441406
2654.43842537353	1981.59997558594
2656.5514463414	2026.19995117188
2658.66387989151	2024.90002441406
2660.77572629616	2018.80004882813
2662.88698582751	2053.69995117188
2664.99765875753	2037.40002441406
2667.10774535806	2059.89990234375
2669.21724590076	2049.80004882813
2671.32616065714	2051.30004882813
2673.43448989857	2053.5
2675.5422338962	2033
2677.64939292108	2029.40002441406
2679.75596724408	2011.90002441406
2681.86195713589	1992.09997558594
2683.96736286707	2000
2686.07218470799	1999.30004882813
2688.17642292889	1957.80004882813
2690.28007779982	1971.5
2692.38314959069	1927.90002441406
2694.48563857123	1915.90002441406
2696.58754501103	1940.90002441406
2698.6888691795	1923
2700.78961134588	1891.69995117188
2702.8897717793	1922
2704.98935074864	1918.69995117188
2707.08834852271	1890.80004882813
2709.18676537009	1935.90002441406
2711.28460155925	1908.09997558594
2713.38185735843	1897.30004882813
2715.47853303577	1905.69995117188
2717.57462885924	1918.90002441406
2719.67014509659	1921.09997558594
2721.76508201548	1912.19995117188
2723.85943988337	1921.59997558594
2725.95321896754	1895.09997558594
2728.04641953515	1900.30004882813
2730.13904185316	1879.80004882813
2732.23108618837	1886.30004882813
2734.32255280744	1868.19995117188
2736.41344197683	1885.40002441406
2738.50375396288	1882.59997558594
2740.5934890317	1883.19995117188
2742.68264744932	1871.69995117188
2744.77122948153	1883
2746.85923539398	1881.30004882813
2748.94666545217	1853.30004882813
2751.03351992142	1864.80004882813
2753.11979906688	1881.69995117188
2755.20550315355	1862
2757.29063244624	1890.09997558594
2759.37518720963	1838.30004882813
2761.45916770819	1843.90002441406
2763.54257420625	1861.80004882813
2765.62540696797	1856
2767.70766625733	1866.40002441406
2769.78935233816	1863.30004882813
2771.87046547413	1873
2773.95100592869	1847.90002441406
2776.03097396519	1868.40002441406
2778.11036984677	1853.59997558594
2780.18919383641	1867.09997558594
2782.26744619693	1846.90002441406
2784.34512719097	1847.90002441406
2786.42223708102	1871.19995117188
2788.49877612937	1866.69995117188
2790.57474459816	1838
2792.65014274937	1868.69995117188
2794.7249708448	1853.5
2796.79922914607	1863.5
2798.87291791465	1864.69995117188
2800.94603741181	1863.90002441406
2803.01858789869	1862.80004882813
2805.09056963623	1869.80004882813
2807.1619828852	1843.30004882813
2809.23282790621	1863.59997558594
2811.30310495971	1843.59997558594
2813.37281430593	1857.09997558594
2815.441956205	1844.59997558594
2817.51053091682	1847.5
2819.57853870114	1843.19995117188
2821.64597981753	1855
2823.7128545254	1856.09997558594
2825.77916308399	1854.40002441406
2827.84490575233	1865.5
2829.91008278933	1872
2831.97469445369	1886.69995117188
2834.03874100395	1899.59997558594
2836.10222269847	1893.80004882813
2838.16513979544	1902.09997558594
2840.22749255288	1935.59997558594
2842.28928122863	1937
2844.35050608034	1983.09997558594
2846.41116736553	2056.60009765625
2848.47126534149	2090.5
2850.53080026537	2100.30004882813
2852.58977239414	2094.10009765625
2854.64818198459	2123.69995117188
2856.70602929332	2110.69995117188
2858.76331457678	2093.10009765625
2860.82003809123	2081.69995117188
2862.87620009274	2087.30004882813
2864.93180083723	2081.5
2866.98684058043	2090.19995117188
2869.04131957789	2076.39990234375
2871.09523808497	2108.89990234375
2873.14859635689	2107.60009765625
2875.20139464866	2115.80004882813
2877.2536332151	2125.30004882813
2879.30531231091	2110.60009765625
2881.35643219054	2121.10009765625
2883.40699310831	2133.5
2885.45699531834	2147.30004882813
2887.50643907457	2159.39990234375
2889.55532463077	2127.10009765625
2891.60365224053	2164.60009765625
2893.65142215724	2179.30004882813
2895.69863463414	2177
2897.74528992426	2191.39990234375
2899.79138828046	2170.89990234375
2901.83692995544	2183.39990234375
2903.88191520168	2194.89990234375
2905.92634427151	2143.69995117188
2907.97021741706	2175.60009765625
2910.01353489027	2161
2912.05629694294	2164.30004882813
2914.09850382663	2180.80004882813
2916.14015579276	2185.5
2918.18125309254	2186.10009765625
2920.22179597702	2183.89990234375
2922.26178469705	2203.60009765625
2924.30121950329	2225.30004882813
2926.34010064624	2221.39990234375
2928.37842837619	2215.60009765625
2930.41620294326	2235.19995117188
2932.45342459737	2223.10009765625
2934.49009358828	2209.60009765625
2936.52621016555	2226.39990234375
2938.56177457854	2205
2940.59678707645	2185.69995117188
2942.63124790827	2165.5
2944.66515732282	2144.5
2946.69851556873	2131.5
2948.73132289443	2095.19995117188
2950.76357954817	2088.89990234375
2952.79528577803	2055.5
2954.82644183188	2064.10009765625
2956.85704795741	2043.30004882813
2958.8871044021	2066.19995117188
2960.91661141328	2033.69995117188
2962.94556923807	2017
2964.97397812339	2041
2967.00183831598	2016.09997558594
2969.0291500624	2021.80004882813
2971.05591360902	1994.19995117188
2973.08212920199	1988
2975.1077970873	1965.19995117188
2977.13291751074	1968.80004882813
2979.1574907179	1979.09997558594
2981.18151695419	1945.19995117188
2983.20499646482	1955.30004882813
2985.2279294948	1920.09997558594
2987.25031628898	1924.30004882813
2989.27215709199	1923.30004882813
2991.29345214825	1924.59997558594
2993.31420170204	1903.09997558594
2995.33440599738	1899.30004882813
2997.35406527816	1933.59997558594
2999.37317978802	1918.5
3001.39174977045	1905.19995117188
3003.40977546872	1934.30004882813
3005.42725712591	1914
3007.44419498491	1938.5
3009.4605892884	1932.69995117188
3011.47644027889	1935.5
3013.49174819865	1932.09997558594
3015.5065132898	1931.5
3017.52073579424	1924.59997558594
3019.53441595366	1903.80004882813
3021.54755400959	1913.5
3023.56015020332	1912.80004882813
3025.57220477598	1907.40002441406
3027.58371796846	1892.09997558594
3029.5946900215	1901.59997558594
3031.6051211756	1913.19995117188
3033.61501167107	1858.19995117188
3035.62436174803	1853.80004882813
3037.6331716464	1872.40002441406
3039.64144160588	1835.5
3041.649171866	1856
3043.65636266607	1841.30004882813
3045.6630142452	1829.30004882813
3047.66912684229	1824.19995117188
3049.67470069605	1820.80004882813
3051.679736045	1825.5
3053.68423312742	1814.09997558594
3055.68819218143	1836.19995117188
3057.6916134449	1820.80004882813
3059.69449715556	1810.90002441406
3061.69684355086	1814.5
3063.6986528681	1814.80004882813
3065.69992534437	1809.30004882813
3067.70066121653	1800
3069.70086072126	1817.59997558594
3071.700524095	1771.09997558594
3073.69965157405	1803.5
3075.69824339442	1783.90002441406
3077.69629979197	1801.90002441406
3079.69382100235	1784.80004882813
3081.69080726098	1797.5
3083.68725880307	1772.40002441406
3085.68317586366	1772.80004882813
3087.67855867755	1783.80004882813
3089.67340747933	1786.09997558594
3091.6677225034	1768.5
3093.66150398392	1763.40002441406
3095.6547521549	1774.59997558594
3097.64746725006	1779.09997558594
3099.63964950297	1784.90002441406
3101.63129914698	1791.90002441406
3103.6224164152	1768.40002441406
3105.61300154056	1772.5
3107.60305475576	1783.09997558594
3109.59257629331	1766.40002441406
3111.58156638547	1768.69995117188
3113.57002526432	1783.09997558594
3115.55795316172	1768.5
3117.54535030932	1768.19995117188
3119.53221693853	1757.09997558594
3121.51855328057	1790.30004882813
3123.50435956646	1775.09997558594
3125.48963602698	1776.80004882813
3127.4743828927	1791.69995117188
3129.45860039397	1779.90002441406
3131.44228876093	1782.19995117188
3133.42544822353	1790.80004882813
3135.40807901145	1778.69995117188
3137.39018135418	1792.59997558594
3139.37175548102	1760.30004882813
3141.35280162101	1781.09997558594
3143.33332000299	1769.40002441406
3145.31331085559	1775
3147.2927744072	1776.40002441406
3149.27171088602	1761.69995117188
3151.25012052	1766.09997558594
3153.22800353689	1772.90002441406
3155.20536016422	1781.5
3157.18219062929	1789.80004882813
3159.15849515918	1780.40002441406
3161.13427398075	1791.19995117188
3163.10952732066	1773.40002441406
3165.08425540532	1786.90002441406
3167.05845846092	1779.80004882813
3169.03213671344	1766.09997558594
3171.00529038863	1772.09997558594
3172.97791971203	1766.09997558594
3174.95002490893	1787.30004882813
3176.92160620443	1772.69995117188
3178.89266382337	1775.30004882813
3180.8631979904	1754.30004882813
3182.83320892991	1762
3184.80269686609	1775.30004882813
3186.77166202289	1772.59997558594
3188.74010462406	1776.40002441406
3190.70802489307	1770.90002441406
3192.67542305323	1769.90002441406
3194.64229932757	1786.80004882813
3196.60865393892	1791.80004882813
3198.57448710987	1761.90002441406
3200.53979906279	1773.90002441406
3202.50459001981	1773.09997558594
3204.46886020284	1759.30004882813
3206.43260983356	1784.5
3208.39583913341	1767.80004882813
3210.35854832362	1781.90002441406
3212.32073762517	1761.59997558594
3214.28240725881	1774.69995117188
3216.24355744508	1787.59997558594
3218.20418840426	1781.19995117188
3220.16430035642	1782.80004882813
3222.12389352137	1770.40002441406
3224.08296811873	1790.09997558594
3226.04152436784	1797.69995117188
3227.99956248784	1767.09997558594
3229.95708269762	1771
3231.91408521584	1772.30004882813
3233.87057026092	1769.90002441406
3235.82653805105	1783.69995117188
3237.78198880419	1777.09997558594
3239.73692273806	1779.5
3241.69134007013	1774.80004882813
3243.64524101764	1784.69995117188
3245.59862579761	1795.30004882813
3247.55149462681	1788
3249.50384772176	1772.69995117188
3251.45568529877	1788.30004882813
3253.40700757387	1785.59997558594
3255.35781476288	1773.30004882813
3257.3081070814	1798.90002441406
3259.25788474473	1788.80004882813
3261.20714796799	1795.80004882813
3263.15589696602	1797.80004882813
3265.10413195345	1782
3267.05185314463	1776.19995117188
3268.9990607537	1792.5
3270.94575499455	1772.59997558594
3272.89193608081	1807.59997558594
3274.8376042259	1789.09997558594
3276.78275964296	1792.09997558594
3278.72740254492	1795.59997558594
3280.67153314443	1788.30004882813
3282.61515165393	1793.69995117188
3284.55825828559	1788.5
3286.50085325135	1781.90002441406
3288.44293676289	1790.40002441406
3290.38450903165	1792.30004882813
3292.32557026883	1796.59997558594
3294.26612068537	1795.09997558594
3296.20616049198	1780.5
3298.14568989911	1779.59997558594
3300.08470911695	1781.5
3302.02321835546	1775.90002441406
3303.96121782435	1768.59997558594
3305.89870773306	1775.09997558594
3307.83568829081	1782.90002441406
3309.77215970655	1781.40002441406
3311.70812218898	1779.30004882813
3313.64357594655	1760
3315.57852118747	1780.59997558594
3317.51295811968	1770.40002441406
3319.44688695087	1761.30004882813
3321.38030788849	1773.19995117188
3323.31322113973	1771.5
3325.24562691152	1772.69995117188
3327.17752541055	1789
3329.10891684322	1761.5
3331.03980141573	1767.69995117188
3332.97017933399	1770.59997558594
3334.90005080364	1767
3336.82941603011	1753.30004882813
3338.75827521852	1772.90002441406
3340.68662857377	1765.59997558594
3342.6144763005	1758.5
3344.54181860308	1770.59997558594
3346.46865568561	1759.5
3348.39498775195	1767.90002441406
3350.32081500571	1756.40002441406
3352.24613765022	1759.90002441406
3354.17095588855	1756
3356.09526992352	1761.69995117188
3358.01907995769	1776.69995117188
3359.94238619334	1760.59997558594
3361.86518883251	1753.09997558594
3363.78748807697	1770.69995117188
3365.70928412823	1764.40002441406
3367.63057718752	1763.59997558594
3369.55136745582	1755.40002441406
3371.47165513386	1762.69995117188
3373.39144042208	1752.69995117188
3375.31072352066	1778.69995117188
3377.22950462953	1750.69995117188
3379.14778394834	1752
3381.06556167648	1745.59997558594
3382.98283801308	1762.30004882813
3384.89961315697	1766.69995117188
3386.81588730676	1758.09997558594
3388.73166066076	1762.19995117188
3390.64693341702	1753.5
3392.56170577332	1756.19995117188
3394.47597792716	1751
3396.38975007581	1765.40002441406
3398.30302241623	1764.59997558594
3400.21579514512	1735.59997558594
3402.1280684589	1745
3404.03984255374	1752.09997558594
3405.95111762553	1759.69995117188
3407.86189386987	1754.09997558594
3409.77217148212	1757.90002441406
3411.68195065733	1748.5
3413.5912315903	1741.90002441406
3415.50001447556	1760.19995117188
3417.40829950735	1735.19995117188
3419.31608687963	1750.5
3421.22337678611	1749.09997558594
3423.1301694202	1741.09997558594
3425.03646497504	1750.09997558594
3426.9422636435	1734
3428.84756561816	1745.30004882813
3430.75237109135	1725.90002441406
3432.65668025508	1729.40002441406
3434.56049330112	1725.30004882813
3436.46381042093	1744.5
3438.36663180571	1741.09997558594
3440.26895764638	1752.09997558594
3442.17078813357	1737.90002441406
3444.07212345762	1706
3445.97296380863	1742.69995117188
3447.87330937636	1749.5
3449.77316035033	1729.80004882813
3451.67251691977	1735.30004882813
3453.57137927361	1719.59997558594
3455.46974760052	1737
3457.36762208886	1728.09997558594
3459.26500292671	1714.19995117188
3461.16189030191	1721.5
3463.05828440194	1733.09997558594
3464.95418541406	1738.30004882813
3466.84959352519	1716.5
3468.74450892201	1733.69995117188
3470.63893179088	1736.69995117188
3472.53286231788	1715.90002441406
3474.42630068881	1719.09997558594
3476.31924708918	1721.40002441406
3478.2117017042	1712.69995117188
3480.1036647188	1718
3481.99513631761	1718.09997558594
3483.88611668498	1725.5
3485.77660600498	1716.19995117188
3487.66660446135	1714.09997558594
3489.55611223758	1701.80004882813
3491.44512951683	1732
3493.333656482	1707.5
3495.22169331568	1700.80004882813
3497.10924020016	1708.30004882813
3498.99629731746	1691.59997558594
3500.88286484927	1683.09997558594
3502.76894297702	1708.09997558594
3504.65453188182	1701
3506.53963174449	1722.19995117188
3508.42424274555	1680.69995117188
3510.30836506524	1686.30004882813
3512.19199888349	1705.69995117188
3514.07514437992	1694.69995117188
3515.95780173387	1683.59997558594
3517.83997112437	1692.90002441406
3519.72165273016	1683.30004882813
3521.60284672967	1662.69995117188
3523.48355330104	1665.5
3525.36377262208	1676.69995117188
3527.24350487035	1677.40002441406
3529.12275022306	1683.09997558594
3531.00150885715	1650.69995117188
3532.87978094923	1662.90002441406
3534.75756667562	1654.90002441406
3536.63486621235	1660.09997558594
3538.51167973512	1661.30004882813
3540.38800741934	1652.40002441406
3542.26384944011	1650.19995117188
3544.13920597223	1654.90002441406
3546.01407719018	1672.09997558594
3547.88846326815	1665.80004882813
3549.76236438002	1650.90002441406
3551.63578069934	1652.40002441406
3553.50871239938	1647
3555.38115965309	1644.80004882813
3557.25312263311	1632.09997558594
3559.12460151177	1641
3560.99559646109	1642.69995117188
3562.86610765279	1632.80004882813
3564.73613525825	1643
3566.60567944857	1647.80004882813
3568.47474039453	1643.5
3570.34331826658	1621.09997558594
3572.21141323487	1636.09997558594
3574.07902546925	1635.09997558594
3575.94615513922	1628.90002441406
3577.81280241401	1632.5
3579.67896746249	1622.5
3581.54465045325	1625.59997558594
3583.40985155455	1641.59997558594
3585.27457093432	1633.40002441406
3587.1388087602	1625.5
3589.00256519949	1632.69995117188
3590.86584041919	1629.09997558594
3592.72863458597	1627.5
3594.59094786618	1621.30004882813
3596.45278042585	1619.09997558594
3598.31413243069	1618.80004882813
3600.17500404611	1631.80004882813
3602.03539543717	1610.80004882813
3603.89530676861	1622.90002441406
3605.75473820488	1631.19995117188
3607.61368991007	1626.5
3609.47216204797	1627
3611.33015478203	1614.09997558594
3613.18766827539	1639.30004882813
3615.04470269087	1624.40002441406
3616.90125819094	1606.19995117188
3618.75733493776	1617.19995117188
3620.61293309318	1618.80004882813
3622.46805281869	1612.09997558594
3624.32269427547	1614.90002441406
3626.17685762439	1619.80004882813
3628.03054302596	1620
3629.88375064038	1612.90002441406
3631.73648062751	1607
3633.5887331469	1608.30004882813
3635.44050835775	1609.19995117188
3637.29180641893	1600.59997558594
3639.14262748899	1592.90002441406
3640.99297172614	1609.19995117188
3642.84283928828	1608.5
3644.69223033294	1604.59997558594
3646.54114501734	1589.69995117188
3648.38958349836	1604.09997558594
3650.23754593256	1583.5
3652.08503247614	1594.40002441406
3653.93204328497	1583.30004882813
3655.77857851462	1595.19995117188
3657.62463832028	1581.5
3659.47022285682	1584
3661.31533227877	1583.19995117188
3663.15996674033	1604.19995117188
3665.00412639535	1587.5
3666.84781139736	1584.59997558594
3668.69102189953	1583.19995117188
3670.5337580547	1576
3672.37602001537	1585.69995117188
3674.21780793368	1571.59997558594
3676.05912196148	1586.30004882813
3677.89996225021	1567.09997558594
3679.74032895103	1578
3681.58022221471	1551.59997558594
3683.41964219171	1567.30004882813
3685.25858903211	1562.69995117188
3687.0970628857	1567.80004882813
3688.93506390186	1563.30004882813
3690.77259222968	1559.80004882813
3692.60964801787	1571.40002441406
3694.44623141481	1558.40002441406
3696.28234256853	1560.19995117188
3698.11798162669	1553
3699.95314873665	1541.19995117188
3701.78784404537	1573.59997558594
3703.62206769951	1557.30004882813
3705.45581984533	1566.19995117188
3707.28910062877	1573.30004882813
3709.12191019542	1550.5
3710.95424869052	1565.09997558594
3712.78611625894	1561.59997558594
3714.6175130452	1542.30004882813
3716.44843919349	1554.09997558594
3718.27889484764	1547.59997558594
3720.1088801511	1562.59997558594
3721.93839524699	1534
3723.76744027808	1568.69995117188
3725.59601538677	1550.90002441406
3727.4241207151	1549.90002441406
