40.2973356941271	1155.59997558594
43.2236257608418	1165.40002441406
46.1488808466109	1163
49.0731017336173	1164.80004882813
51.9962892025666	1171.69995117188
54.9184440327569	1181.40002441406
57.8395670020446	1183.30004882813
60.7596588868509	1196.30004882813
63.6787204621708	1213
66.5967525015794	1230.19995117188
69.5137557772381	1248
72.4297310598838	1274.09997558594
75.3446791188512	1315.90002441406
78.2586007220466	1360.5
81.1714966360015	1425.09997558594
84.0833676258266	1492.90002441406
86.994214455242	1595.19995117188
89.9040378865662	1686.40002441406
92.8128386807427	1785.09997558594
95.7206175973133	1899.09997558594
98.6273753944444	1949.69995117188
101.533112828928	2041.90002441406
104.437830656161	2036.5
107.34152963018	2056.10009765625
110.244210503676	2064.60009765625
113.145874027931	2033.90002441406
116.046520952895	2042.40002441406
118.946152027154	2023
121.844767997933	2025.5
124.74236961111	2025.80004882813
127.638957611212	2022.09997558594
130.534532741422	2025.5
133.429095743606	1990.80004882813
136.322647358252	2009.69995117188
139.215188324544	2011.69995117188
142.106719380311	2025.19995117188
144.997241262089	2023
147.886754705057	2054.10009765625
150.775260443096	2025.30004882813
153.662759208748	2027
156.549251733282	2048.39990234375
159.434738746612	2061.89990234375
162.319220977376	2051.19995117188
165.20269915289	2057.19995117188
168.085173999178	2055.39990234375
170.966646240977	2018.09997558594
173.847116601709	2052.5
176.726585803528	2017.80004882813
179.605054567295	2000.90002441406
182.48252361259	2010.69995117188
185.358993657701	2018.19995117188
188.234465419645	1983.80004882813
191.108939614183	1974.30004882813
193.982416955795	2000.69995117188
196.854898157687	1983.59997558594
199.726383931801	1979.19995117188
202.596874988835	1978.09997558594
205.466372038225	2001.90002441406
208.334875788145	2016.5
211.202386945534	2014.30004882813
214.068906216069	1998.19995117188
216.934434304194	2012.80004882813
219.798971913111	1999
222.662519744776	2025
225.525078499925	2002.59997558594
228.386648878069	2007.19995117188
231.247231577465	2014.30004882813
234.106827295172	2014.80004882813
236.965436727012	2014.69995117188
239.823060567597	1981.19995117188
242.679699510337	2005.59997558594
245.535354247396	1991.59997558594
248.390025469775	2016.30004882813
251.243713867223	1978.5
254.096420128327	1992
256.948144940459	2003.40002441406
259.798888989788	1982.09997558594
262.648652961315	1991.90002441406
265.49743753883	1992
268.345243404939	1976.80004882813
271.192071241073	1980.59997558594
274.037921727485	1994.19995117188
276.882795543246	1993.59997558594
279.72669336624	1992.90002441406
282.569615873213	1999.40002441406
285.411563739724	1985
288.252537640165	1996.5
291.092538247763	2018
293.931566234616	2007.59997558594
296.769622271633	2025.90002441406
299.606707028594	1994.90002441406
302.442821174104	1999.09997558594
305.277965375652	2027.5
308.112140299574	2050.80004882813
310.945346611062	2020.90002441406
313.777584974167	2036.19995117188
316.608856051813	2011.5
319.439160505797	2047.40002441406
322.268498996783	2019.09997558594
325.096872184303	2023.59997558594
327.924280726782	2012.80004882813
330.750725281521	2041.40002441406
333.576206504693	2010.5
336.400725051388	2028.80004882813
339.224281575542	2032.30004882813
342.046876730026	1990.90002441406
344.868511166586	2014.5
347.689185535872	1995.09997558594
350.508900487421	2005.90002441406
353.327656669699	2024.09997558594
356.145454730079	2014.5
358.962295314817	2015.80004882813
361.778179069105	2010.90002441406
364.593106637051	2024.40002441406
367.407078661675	2024.30004882813
370.220095784913	2018
373.032158647655	2024.59997558594
375.843267889676	2022.90002441406
378.653424149715	2020.09997558594
381.462628065436	2041.80004882813
384.270880273432	2038.5
387.078181409254	2028.40002441406
389.884532107358	2043.19995117188
392.689933001188	2042.90002441406
395.494384723112	2052.30004882813
398.29788790445	2061.89990234375
401.100443175488	2060.10009765625
403.902051165437	2045.19995117188
406.702712502518	2068.89990234375
409.502427813866	2068
412.301197725607	2055.80004882813
415.099022862823	2047.69995117188
417.89590384957	2049.10009765625
420.691841308876	2066.30004882813
423.486835862752	2052
426.280888132173	2052.69995117188
429.073998737112	2061.80004882813
431.866168296507	2062.30004882813
434.657397428298	2076.89990234375
437.447686749412	2044.59997558594
440.237036875762	2057.19995117188
443.025448422257	2040.59997558594
445.812922002813	2071.10009765625
448.599458230326	2058.69995117188
451.38505771672	2074.5
454.169721072909	2066.60009765625
456.953448908819	2079.60009765625
459.736241833384	2089.39990234375
462.518100454555	2051.30004882813
465.2990253793	2066.5
468.079017213605	2072.80004882813
470.858076562476	2071
473.636204029939	2090
476.41340021906	2076.30004882813
479.189665731938	2062.39990234375
481.965001169667	2061.89990234375
484.739407132419	2065.10009765625
487.512884219391	2056.10009765625
490.285433028796	2108
493.057054157921	2069.69995117188
495.827748203087	2076.19995117188
498.597515759658	2067.39990234375
501.366357422061	2090.19995117188
504.134273783759	2097.5
506.901265437278	2093.10009765625
509.66733297421	2069.60009765625
512.432476985198	2060.10009765625
515.196698059945	2088.5
517.959996787225	2096.69995117188
520.722373754895	2087.80004882813
523.483829549856	2093.5
526.24436475811	2098.69995117188
529.003979964696	2100.30004882813
531.762675753779	2099.5
534.520452708569	2094.80004882813
537.277311411375	2091.10009765625
540.03325244359	2093.30004882813
542.788276385682	2085
545.54238381725	2089.19995117188
548.295575316938	2089.30004882813
551.047851462516	2115.39990234375
553.799212830831	2076.89990234375
556.549659997851	2091.10009765625
559.299193538643	2093.19995117188
562.047814027381	2097.19995117188
564.795522037318	2076.30004882813
567.542318140861	2102.80004882813
570.288202909507	2067.19995117188
573.033176913873	2095.10009765625
575.7772407237	2088.39990234375
578.520394907829	2079
581.26264003424	2086.69995117188
584.003976670046	2084.19995117188
586.744405381469	2098.39990234375
589.483926733869	2089.10009765625
592.222541291746	2098
594.96024961872	2079.80004882813
597.697052277563	2104.80004882813
600.432949830166	2091.60009765625
603.167942837587	2114
605.902031860012	2112.19995117188
608.635217456783	2108.39990234375
611.367500186378	2078.10009765625
614.098880606429	2098
616.82935927374	2085.10009765625
619.558936744248	2115.69995117188
622.287613573072	2128.69995117188
625.015390314457	2106.89990234375
627.742267521848	2091.10009765625
630.468245747829	2119.80004882813
633.193325544166	2096
635.917507461792	2102.80004882813
638.640792050804	2126.60009765625
641.36317986048	2098.10009765625
644.084671439281	2125.30004882813
646.805267334845	2116.39990234375
649.524968093967	2130
652.24377426266	2111.80004882813
654.961686386106	2131.80004882813
657.678705008678	2114.60009765625
660.394830673939	2089.10009765625
663.110063924628	2128.60009765625
665.824405302728	2104.19995117188
668.537855349351	2114.69995117188
671.250414604863	2110.19995117188
673.962083608812	2130.10009765625
676.672862899949	2134.19995117188
679.382753016218	2134.5
682.091754494801	2105.69995117188
684.799867872061	2144.19995117188
687.507093683595	2125.60009765625
690.213432464198	2146
692.918884747899	2143.5
695.623451067937	2144.60009765625
698.327131956755	2124.60009765625
701.029927946065	2169.80004882813
703.731839566754	2141.10009765625
706.43286734896	2159.30004882813
709.133011822067	2173.30004882813
711.832273514658	2144.10009765625
714.53065295457	2154
717.228150668879	2156.30004882813
719.924767183889	2164.80004882813
722.620503025148	2154.60009765625
725.315358717446	2155.10009765625
728.009334784827	2132.60009765625
730.702431750559	2150.30004882813
733.394650137188	2133.10009765625
736.085990466498	2141.5
738.776453259519	2147
741.466039036542	2150.89990234375
744.154748317125	2158.5
746.842581620074	2151.60009765625
749.529539463458	2129.60009765625
752.215622364608	2137.80004882813
754.900830840131	2161.5
757.585165405892	2164.69995117188
760.26862657703	2156
762.951214867957	2159.39990234375
765.632930792356	2156.69995117188
768.313774863181	2164.80004882813
770.993747592673	2165
773.672849492359	2168.80004882813
776.351081073017	2159.60009765625
779.028442844757	2134.5
781.704935316928	2144.10009765625
784.380558998208	2174.5
787.055314396528	2168.60009765625
789.729202019141	2165.89990234375
792.402222372581	2164.19995117188
795.074375962669	2157.5
797.745663294537	2148
800.416084872622	2171.30004882813
803.085641200652	2157.60009765625
805.754332781664	2179.89990234375
808.422160117986	2173.39990234375
811.089123711292	2173.60009765625
813.75522406252	2186.19995117188
816.420461671951	2166.19995117188
819.084837039164	2177.30004882813
821.748350663067	2213.69995117188
824.411003041866	2193.60009765625
827.072794673116	2195.60009765625
829.733726053668	2194.30004882813
832.39379767971	2209.39990234375
835.05301004674	2204.39990234375
837.711363649601	2199.10009765625
840.368858982457	2224.30004882813
843.025496538805	2210.89990234375
845.681276811467	2260.69995117188
848.336200292618	2261.19995117188
850.99026747375	2244.39990234375
853.643478845713	2246.19995117188
856.29583489868	2247.19995117188
858.947336122176	2257.60009765625
861.59798300506	2249.30004882813
864.247776035556	2246
866.896715701222	2304.39990234375
869.544802488959	2282.60009765625
872.192036885046	2294.19995117188
874.838419375087	2269.10009765625
877.483950444054	2285.80004882813
880.128630576285	2265.69995117188
882.772460255461	2294.69995117188
885.415439964628	2268.10009765625
888.057570186211	2260.89990234375
890.698851401966	2293.80004882813
893.339284093045	2257.5
895.978868739961	2262.89990234375
898.617605822596	2250.19995117188
901.255495820196	2260.80004882813
903.892539211396	2250.10009765625
906.528736474184	2283.19995117188
909.164088085949	2262.80004882813
911.798594523442	2266.80004882813
914.432256262804	2256.80004882813
917.065073779549	2277.80004882813
919.697047548589	2273.30004882813
922.328178044212	2253.60009765625
924.9584657401	2273.19995117188
927.587911109317	2266.89990234375
930.216514624317	2280.80004882813
932.844276756963	2277.89990234375
935.471197978488	2312.80004882813
938.097278759538	2294.5
940.722519570163	2305.5
943.346920879798	2309.89990234375
945.97048315729	2356.30004882813
948.593206870885	2379.89990234375
951.215092488219	2374.80004882813
953.836140476366	2399
956.456351301787	2415.19995117188
959.07572543037	2431.5
961.694263327369	2445.80004882813
964.311965457521	2461.89990234375
966.928832284933	2448.60009765625
969.544864273135	2467.5
972.160061885076	2435.69995117188
974.774425583129	2401
977.387955829099	2421.10009765625
980.000653084196	2388.10009765625
982.612517809061	2421.89990234375
985.223550463768	2396.39990234375
987.833751507819	2418.80004882813
990.443121400135	2427
993.051660599081	2448.30004882813
995.659369562449	2493.69995117188
998.266248747469	2558.60009765625
1000.87229861081	2681.30004882813
1003.47751960857	2777.89990234375
1006.0819121963	2856.69995117188
1008.68547682897	2832.19995117188
1011.28821396104	2747.80004882813
1013.89012404635	2650.30004882813
1016.49120753824	2553.80004882813
1019.09146488947	2508.19995117188
1021.69089655226	2468.39990234375
1024.28950297827	2460.89990234375
1026.88728461863	2441.10009765625
1029.48424192392	2451.80004882813
1032.08037534416	2448.60009765625
1034.67568532886	2407.19995117188
1037.27017232694	2441.60009765625
1039.86383678682	2409.60009765625
1042.45667915637	2380.5
1045.04869988293	2435.89990234375
1047.6398994133	2395.60009765625
1050.23027819374	2429.69995117188
1052.81983666998	2402.69995117188
1055.40857528724	2409.69995117188
1057.99649449018	2408.80004882813
1060.58359472296	2432.39990234375
1063.1698764292	2413.89990234375
1065.755340052	2446.89990234375
1068.33998603393	2445.10009765625
1070.92381481706	2430.10009765625
1073.50682684291	2418.80004882813
1076.08902255251	2449
1078.67040238637	2440.10009765625
1081.25096678445	2435.19995117188
1083.83071618624	2437.30004882813
1086.4096510307	2406.80004882813
1088.98777175629	2425
1091.56507880094	2456.69995117188
1094.14157260208	2445.60009765625
1096.71725359664	2463.19995117188
1099.29212222106	2441.39990234375
1101.86617891125	2461
1104.43942410262	2433.30004882813
1107.01185823011	2445.39990234375
1109.58348172812	2438.5
1112.15429503057	2485.39990234375
1114.7242985709	2460.30004882813
1117.29349278203	2486.30004882813
1119.86187809642	2523.60009765625
1122.42945494599	2514.10009765625
1124.99622376222	2550.60009765625
1127.56218497606	2592.10009765625
1130.12733901801	2605.10009765625
1132.69168631804	2638.30004882813
1135.25522730568	2672.89990234375
1137.81796240995	2706.30004882813
1140.37989205941	2777.60009765625
1142.9410166821	2793.30004882813
1145.50133670561	2925.19995117188
1148.06085255708	3110.30004882813
1150.61956466311	3379.10009765625
1153.17747344987	3652.60009765625
1155.73457934305	3936
1158.29088276786	4089.19995117188
1160.84638414903	3940
1163.40108391085	3651.5
1165.95498247711	3334.39990234375
1168.50808027116	3050.89990234375
1171.06037771587	2879
1173.61187523364	2789.10009765625
1176.16257324643	2715.19995117188
1178.71247217573	2679.10009765625
1181.26157244255	2675.10009765625
1183.80987446746	2691.10009765625
1186.35737867059	2696.39990234375
1188.90408547157	2783.39990234375
1191.44999528961	2818
1193.99510854347	2841.10009765625
1196.53942565142	2800.60009765625
1199.08294703133	2776.60009765625
1201.62567310057	2702.60009765625
1204.16760427611	2673.89990234375
1206.70874097445	2648.5
1209.24908361163	2611.69995117188
1211.78863260327	2595.89990234375
1214.32738836454	2596.30004882813
1216.86535131017	2605
1219.40252185445	2573.39990234375
1221.93890041121	2540
1224.47448739389	2501.39990234375
1227.00928321544	2546.80004882813
1229.54328828842	2533.69995117188
1232.07650302491	2516.39990234375
1234.60892783662	2537.60009765625
1237.14056313477	2531
1239.67140933017	2552.39990234375
1242.2014668332	2569.60009765625
1244.73073605384	2567.5
1247.25921740159	2583.10009765625
1249.78691128558	2583
1252.31381811448	2592.80004882813
1254.83993829655	2617.10009765625
1257.36527223962	2613.5
1259.88982035112	2634.19995117188
1262.41358303803	2666.69995117188
1264.93656070696	2660.39990234375
1267.45875376405	2704.39990234375
1269.98016261505	2764.60009765625
1272.50078766531	2723.10009765625
1275.02062931974	2746.5
1277.53968798285	2781.30004882813
1280.05796405875	2755.39990234375
1282.57545795112	2685.69995117188
1285.09217006325	2681.30004882813
1287.60810079802	2678.5
1290.12325055788	2666.30004882813
1292.63761974492	2656.60009765625
1295.15120876079	2667.60009765625
1297.66401800676	2639.89990234375
1300.17604788367	2686.19995117188
1302.687298792	2666.5
1305.19777113181	2664.60009765625
1307.70746530274	2668.69995117188
1310.21638170408	2671.69995117188
1312.7245207347	2648.5
1315.23188279307	2650.10009765625
1317.73846827728	2624.10009765625
1320.24427758502	2667.80004882813
1322.74931111359	2652
1325.25356925991	2624.39990234375
1327.75705242051	2619.19995117188
1330.25976099151	2623.60009765625
1332.76169536868	2615
1335.26285594737	2631.10009765625
1337.76324312256	2590.10009765625
1340.26285728887	2608
1342.76169884052	2629.39990234375
1345.25976817132	2615.60009765625
1347.75706567474	2610.19995117188
1350.25359174387	2646.60009765625
1352.74934677141	2586.5
1355.24433114968	2607.80004882813
1357.73854527062	2624.69995117188
1360.23198952583	2589.69995117188
1362.7246643065	2630.5
1365.21657000347	2617.60009765625
1367.7077070072	2601.10009765625
1370.19807570777	2608
1372.68767649492	2583.60009765625
1375.176509758	2635.19995117188
1377.66457588599	2620.39990234375
1380.15187526753	2605.10009765625
1382.63840829087	2612.60009765625
1385.1241753439	2626.39990234375
1387.60917681417	2641.39990234375
1390.09341308884	2634.19995117188
1392.57688455474	2654.5
1395.05959159829	2673.80004882813
1397.54153460562	2642.39990234375
1400.02271396243	2686.89990234375
1402.50313005414	2628.5
1404.98278326576	2641.19995117188
1407.46167398196	2664.69995117188
1409.93980258707	2647.60009765625
1412.41716946504	2632.19995117188
1414.89377499951	2665
1417.36961957373	2675.60009765625
1419.84470357062	2678.10009765625
1422.31902737275	2668.69995117188
1424.79259136235	2695.10009765625
1427.26539592129	2716
1429.73744143111	2733.39990234375
1432.20872827299	2757
1434.67925682777	2744.39990234375
1437.14902747597	2783.39990234375
1439.61804059773	2786.19995117188
1442.0862965729	2852.39990234375
1444.55379578093	2869.89990234375
1447.02053860099	2853.30004882813
1449.48652541188	2875.19995117188
1451.95175659206	2863.30004882813
1454.41623251969	2872.80004882813
1456.87995357255	2843
1459.34292012811	2841.69995117188
1461.80513256351	2779
1464.26659125557	2802.39990234375
1466.72729658073	2835.19995117188
1469.18724891517	2785
1471.64644863469	2793
1474.10489611478	2806.30004882813
1476.5625917306	2810
1479.01953585699	2790.30004882813
1481.47572886844	2821
1483.93117113917	2813.89990234375
1486.38586304302	2831.89990234375
1488.83980495354	2863.80004882813
1491.29299724395	2898.80004882813
1493.74544028715	2914.80004882813
1496.19713445573	2971.80004882813
1498.64808012193	3082.30004882813
1501.09827765772	3159.5
1503.54772743471	3311.39990234375
1505.99642982421	3483.89990234375
1508.44438519723	3727.80004882813
1510.89159392446	4039.19995117188
1513.33805637625	4359.7001953125
1515.78377292266	4596.39990234375
1518.22874393346	4708
1520.67296977806	4693.10009765625
1523.11645082559	4510.60009765625
1525.55918744488	4214.60009765625
1528.00118000444	3894.89990234375
1530.44242887245	3594.89990234375
1532.88293441684	3382.30004882813
1535.32269700517	3140
1537.76171700475	3002.5
1540.19999478255	2912.19995117188
1542.63753070526	2884.80004882813
1545.07432513925	2865.69995117188
1547.5103784506	2820.69995117188
1549.94569100509	2813.60009765625
1552.38026316819	2787.5
1554.8140953051	2803.10009765625
1557.24718778067	2792.89990234375
1559.67954095952	2788.69995117188
1562.11115520592	2751.60009765625
1564.54203088386	2734.69995117188
1566.97216835704	2767
1569.40156798888	2758.30004882813
1571.83023014248	2784
1574.25815518067	2772.60009765625
1576.68534346597	2777.60009765625
1579.11179536062	2786.10009765625
1581.53751122658	2792.10009765625
1583.9624914255	2774.30004882813
1586.38673631876	2780.80004882813
1588.81024626745	2780.80004882813
1591.23302163235	2774.80004882813
1593.655062774	2783.10009765625
1596.07637005262	2762.30004882813
1598.49694382815	2753.89990234375
1600.91678446025	2772.10009765625
1603.33589230831	2749.5
1605.75426773142	2770.39990234375
1608.1719110884	2762.19995117188
1610.58882273779	2731.39990234375
1613.00500303784	2761
1615.42045234654	2744
1617.83517102158	2744.5
1620.24915942039	2745.10009765625
1622.66241790012	2736.89990234375
1625.07494681764	2746.89990234375
1627.48674652954	2750.5
1629.89781739216	2745.30004882813
1632.30815976152	2754.39990234375
1634.71777399343	2776
1637.12666044338	2743.19995117188
1639.53481946661	2793.10009765625
1641.94225141808	2804.60009765625
1644.34895665248	2761.19995117188
1646.75493552424	2805.89990234375
1649.16018838752	2861.5
1651.56471559621	2876.19995117188
1653.96851750392	2862.19995117188
1656.37159446403	2903.30004882813
1658.7739468296	2880.39990234375
1661.17557495349	2910
1663.57647918824	2849.30004882813
1665.97665988617	2861.60009765625
1668.37611739929	2834.80004882813
1670.77485207939	2812.10009765625
1673.17286427799	2768.80004882813
1675.57015434633	2758.89990234375
1677.96672263542	2701.5
1680.36256949598	2752.69995117188
1682.7576952785	2733.39990234375
1685.15210033318	2725.60009765625
1687.54578501	2708.30004882813
1689.93874965866	2730
1692.33099462861	2732.80004882813
1694.72252026904	2715.60009765625
1697.11332692889	2722.10009765625
1699.50341495686	2726.5
1701.89278470137	2715.60009765625
1704.28143651061	2709.39990234375
1706.66937073251	2694.10009765625
1709.05658771473	2698.10009765625
1711.44308780473	2709.89990234375
1713.82887134968	2661
1716.21393869648	2701.69995117188
1718.59829019185	2693.19995117188
1720.98192618221	2711.10009765625
1723.36484701374	2686.80004882813
1725.74705303238	2682.89990234375
1728.12854458384	2660.5
1730.50932201356	2695.60009765625
1732.88938566673	2696.89990234375
1735.26873588834	2697.60009765625
1737.64737302307	2724.80004882813
1740.02529741544	2710
1742.40250940964	2706
1744.77900934969	2673.5
1747.15479757933	2682.80004882813
1749.52987444206	2684.69995117188
1751.90424028116	2705.69995117188
1754.27789543967	2686.80004882813
1756.65084026037	2697.5
1759.02307508582	2691.39990234375
1761.39460025833	2664.60009765625
1763.76541612	2675.39990234375
1766.13552301265	2665.69995117188
1768.50492127791	2689.10009765625
1770.87361125714	2683.39990234375
1773.2415932915	2670.30004882813
1775.60886772188	2669.80004882813
1777.97543488896	2674.80004882813
1780.34129513318	2675
1782.70644879475	2683.30004882813
1785.07089621365	2667.5
1787.43463772964	2666.39990234375
1789.7976736822	2702.69995117188
1792.16000441066	2721.5
1794.52163025405	2675.19995117188
1796.88255155121	2676.30004882813
1799.24276864074	2695.10009765625
1801.60228186102	2671.39990234375
1803.96109155019	2683.80004882813
1806.31919804618	2694.39990234375
1808.67660168668	2681.69995117188
1811.03330280916	2689.69995117188
1813.38930175088	2667.80004882813
1815.74459884884	2680.5
1818.09919443984	2702.80004882813
1820.45308886047	2671.60009765625
1822.80628244708	2665.60009765625
1825.1587755358	2663.19995117188
1827.51056846254	2662.69995117188
1829.86166156297	2685.5
1832.21205517258	2666.89990234375
1834.56174962661	2678.30004882813
1836.91074526009	2685.19995117188
1839.25904240783	2678.19995117188
1841.60664140443	2657.10009765625
1843.95354258425	2661.19995117188
1846.29974628146	2689.69995117188
1848.64525282998	2683.60009765625
1850.99006256356	2670.80004882813
1853.3341758157	2683.19995117188
1855.67759291968	2666.60009765625
1858.02031420858	2667.10009765625
1860.36234001528	2664.60009765625
1862.70367067241	2685.89990234375
1865.04430651244	2707
1867.38424786755	2683.89990234375
1869.72349506978	2674.60009765625
1872.06204845094	2694.69995117188
1874.39990834258	2691.69995117188
1876.73707507612	2670.10009765625
1879.07354898269	2680.39990234375
1881.40933039328	2669.60009765625
1883.74441963861	2694.30004882813
1886.07881704925	2666.60009765625
1888.41252295551	2664.30004882813
1890.74553768751	2648.30004882813
1893.07786157519	2660.30004882813
1895.40949494822	2664.39990234375
1897.74043813615	2680.10009765625
1900.07069146823	2625.60009765625
1902.40025527357	2648.5
1904.72912988106	2642.30004882813
1907.05731561938	2668.69995117188
1909.38481281699	2680.10009765625
1911.71162180217	2660.10009765625
1914.037742903	2650
1916.36317644734	2635.10009765625
1918.68792276284	2658.19995117188
1921.01198217697	2662
1923.33535501699	2659.30004882813
1925.65804160996	2666.5
1927.98004228273	2663.39990234375
1930.30135736196	2665
1932.6219871741	2645.89990234375
1934.94193204543	2656.30004882813
1937.26119230198	2636.80004882813
1939.57976826962	2678.39990234375
1941.89766027402	2644.10009765625
1944.21486864062	2653.10009765625
1946.53139369472	2659.30004882813
1948.84723576137	2658.19995117188
1951.16239516543	2658
1953.47687223159	2656.30004882813
1955.79066728434	2679.69995117188
1958.10378064794	2661.39990234375
1960.4162126465	2656.69995117188
1962.7279636039	2651.5
1965.03903384385	2654.60009765625
1967.34942368987	2654.10009765625
1969.65913346524	2674.69995117188
1971.96816349311	2694.89990234375
1974.2765140964	2664.30004882813
1976.58418559784	2664.5
1978.89117831997	2656
1981.19749258516	2668.60009765625
1983.50312871555	2666.69995117188
1985.80808703313	2671.19995117188
1988.11236785967	2640.80004882813
1990.41597151676	2658.30004882813
1992.71889832581	2650.10009765625
1995.02114860801	2709.10009765625
1997.3227226844	2661.60009765625
1999.62362087581	2653.69995117188
2001.92384350288	2665.39990234375
2004.22339088608	2690.39990234375
2006.52226334567	2667.89990234375
2008.82046120173	2672.5
2011.11798477417	2678.10009765625
2013.41483438269	2664.80004882813
2015.71101034681	2676.19995117188
2018.00651298588	2695.69995117188
2020.30134261905	2665.60009765625
2022.59549956528	2682.69995117188
2024.88898414337	2678.19995117188
2027.1817966719	2663.60009765625
2029.4739374693	2674.80004882813
2031.76540685379	2653
2034.05620514342	2672.39990234375
2036.34633265607	2647.60009765625
2038.6357897094	2628.69995117188
2040.92457662092	2629.19995117188
2043.21269370795	2651.80004882813
2045.50014128763	2670.89990234375
2047.78691967691	2689
2050.07302919256	2656.80004882813
2052.35847015118	2644.19995117188
2054.64324286919	2641.60009765625
2056.9273476628	2661.5
2059.21078484808	2625.60009765625
2061.4935547409	2641.19995117188
2063.77565765696	2648.60009765625
2066.05709391176	2647.19995117188
2068.33786382065	2625.30004882813
2070.61796769879	2645.69995117188
2072.89740586116	2580.19995117188
2075.17617862255	2613.30004882813
2077.45428629759	2630.5
2079.73172920075	2641.30004882813
2082.00850764627	2619.80004882813
2084.28462194827	2617.89990234375
2086.56007242065	2593.89990234375
2088.83485937717	2647.30004882813
2091.10898313139	2618.89990234375
2093.3824439967	2649.5
2095.65524228632	2649.5
2097.92737831328	2657.10009765625
2100.19885239047	2656.89990234375
2102.46966483057	2637
2104.7398159461	2658.60009765625
2107.00930604941	2627.39990234375
2109.27813545267	2667.5
2111.54630446787	2668
2113.81381340685	2680.19995117188
2116.08066258126	2667.89990234375
2118.34685230257	2668.80004882813
2120.61238288211	2714.89990234375
2122.87725463099	2661.69995117188
2125.1414678602	2710.19995117188
2127.40502288052	2693.60009765625
2129.66792000257	2678.19995117188
2131.93015953682	2664.69995117188
2134.19174179353	2660.89990234375
2136.45266708282	2682.5
2138.71293571463	2691.80004882813
2140.97254799873	2702.39990234375
2143.23150424473	2668.5
2145.48980476205	2721.19995117188
2147.74744985996	2692.80004882813
2150.00443984754	2681.69995117188
2152.26077503373	2711.80004882813
2154.51645572728	2728.19995117188
2156.77148223677	2757.5
2159.02585487064	2729.30004882813
2161.27957393713	2722.19995117188
2163.53263974432	2737.80004882813
2165.78505260012	2749.5
2168.0368128123	2730.80004882813
2170.28792068844	2711.19995117188
2172.53837653595	2694
2174.78818066207	2695.10009765625
2177.03733337389	2679.5
2179.28583497833	2633.10009765625
2181.53368578214	2646.10009765625
2183.78088609192	2666.60009765625
2186.02743621406	2637.19995117188
2188.27333645484	2659.69995117188
2190.51858712033	2649.80004882813
2192.76318851646	2634.30004882813
2195.00714094901	2629.39990234375
2197.25044472354	2631.19995117188
2199.49310014551	2615.89990234375
2201.73510752018	2618.60009765625
2203.97646715265	2635.5
2206.21717934786	2634.5
2208.45724441058	2607.39990234375
2210.69666264543	2594.60009765625
2212.93543435686	2603.19995117188
2215.17355984914	2619.19995117188
2217.41103942642	2636
2219.64787339264	2619.30004882813
2221.8840620516	2584.89990234375
2224.11960570695	2599.10009765625
2226.35450466215	2569.69995117188
2228.58875922051	2593.80004882813
2230.82236968518	2607.39990234375
2233.05533635916	2595.39990234375
2235.28765954527	2561.69995117188
2237.51933954617	2585.69995117188
2239.75037666437	2609
2241.98077120221	2574.30004882813
2244.21052346188	2599.19995117188
2246.4396337454	2630.5
2248.66810235461	2595.80004882813
2250.89592959125	2603.60009765625
2253.12311575681	2628.10009765625
2255.34966115272	2603.5
2257.57556608017	2614.89990234375
2259.80083084023	2611.39990234375
2262.02545573381	2601
2264.24944106163	2589.5
2266.47278712429	2601.89990234375
2268.69549422221	2594.19995117188
2270.91756265564	2614.39990234375
2273.1389927247	2594.89990234375
2275.35978472934	2597.5
2277.57993896933	2621.60009765625
2279.79945574431	2659.80004882813
2282.01833535375	2616.39990234375
2284.23657809696	2636.80004882813
2286.45418427309	2617
2288.67115418114	2642.60009765625
2290.88748811995	2640.89990234375
2293.10318638819	2661.19995117188
2295.3182492844	2658.69995117188
2297.53267710693	2678.89990234375
2299.746470154	2662.10009765625
2301.95962872364	2681.19995117188
2304.17215311376	2696.60009765625
2306.3840436221	2694.30004882813
2308.59530054621	2714.69995117188
2310.80592418354	2722.30004882813
2313.01591483134	2741.30004882813
2315.22527278673	2694.10009765625
2317.43399834666	2740.69995117188
2319.64209180791	2692.69995117188
2321.84955346713	2667.69995117188
2324.05638362079	2703.10009765625
2326.26258256524	2647.89990234375
2328.46815059664	2667.69995117188
2330.67308801098	2669.60009765625
2332.87739510415	2643.89990234375
2335.08107217184	2639.80004882813
2337.2841195096	2619
2339.48653741281	2634.39990234375
2341.68832617672	2639.89990234375
2343.8894860964	2651.30004882813
2346.09001746678	2636.69995117188
2348.28992058261	2620.89990234375
2350.48919573852	2600.39990234375
2352.68784322898	2629.10009765625
2354.88586334826	2643.89990234375
2357.08325639055	2642.69995117188
2359.2800226498	2618.5
2361.47616241988	2611
2363.67167599445	2598.19995117188
2365.86656366706	2597.19995117188
2368.06082573107	2573.10009765625
2370.2544624797	2583.19995117188
2372.44747420603	2581.30004882813
2374.63986120295	2560.89990234375
2376.83162376322	2578
2379.02276217945	2565.30004882813
2381.21327674408	2590.69995117188
2383.4031677494	2562.30004882813
2385.59243548756	2573.19995117188
2387.78108025053	2545
2389.96910233014	2574.10009765625
2392.15650201809	2555.69995117188
2394.34327960587	2556.19995117188
2396.52943538486	2552.5
2398.71496964628	2574
2400.89988268118	2554.5
2403.08417478048	2560.60009765625
2405.26784623491	2560.69995117188
2407.45089733509	2560.19995117188
2409.63332837146	2559.5
2411.81513963429	2556.19995117188
2413.99633141375	2535.39990234375
2416.1769039998	2563.89990234375
2418.35685768227	2558.69995117188
2420.53619275084	2561.89990234375
2422.71490949505	2530.80004882813
2424.89300820425	2532.19995117188
2427.07048916765	2549.30004882813
2429.24735267433	2557.89990234375
2431.42359901319	2531.89990234375
2433.59922847297	2557.80004882813
2435.7742413423	2541
2437.94863790961	2549.39990234375
2440.12241846321	2547.69995117188
2442.29558329121	2510.5
2444.46813268162	2530.19995117188
2446.64006692228	2531.39990234375
2448.81138630086	2553.69995117188
2450.98209110489	2563.10009765625
2453.15218162174	2542.19995117188
2455.32165813864	2537.19995117188
2457.49052094265	2555
2459.65877032069	2530.69995117188
2461.8264065595	2583.39990234375
2463.99342994572	2576.69995117188
2466.15984076579	2578.5
2468.325639306	2574.60009765625
2470.49082585251	2587.39990234375
2472.65540069131	2588.80004882813
2474.81936410824	2572.10009765625
2476.98271638899	2582
2479.14545781909	2559.80004882813
2481.30758868392	2520.80004882813
2483.4691092687	2586.10009765625
2485.63001985852	2581.60009765625
2487.79032073829	2546.60009765625
2489.95001219277	2556.5
2492.10909450659	2569.69995117188
2494.26756796419	2579.5
2496.42543284989	2539.39990234375
2498.58268944783	2577.30004882813
2500.73933804202	2552.60009765625
2502.8953789163	2573.30004882813
2505.05081235436	2583.89990234375
2507.20563863974	2572.60009765625
2509.35985805582	2584.5
2511.51347088583	2600.39990234375
2513.66647741285	2608.39990234375
2515.81887791981	2586
2517.97067268946	2620.10009765625
2520.12186200443	2605.5
2522.27244614716	2649.10009765625
2524.42242539999	2576.19995117188
2526.57180004504	2581
2528.72057036433	2595.19995117188
2530.8687366397	2543.60009765625
2533.01629915284	2576.5
2535.16325818527	2548.60009765625
2537.30961401839	2538.60009765625
2539.45536693343	2531.19995117188
2541.60051721145	2500.5
2543.74506513338	2489
2545.88901097997	2521.39990234375
2548.03235503185	2495
2550.17509756946	2499.39990234375
2552.31723887311	2485.89990234375
2554.45877922293	2484.10009765625
2556.59971889893	2481
2558.74005818094	2507.5
2560.87979734864	2481.69995117188
2563.01893668155	2487.89990234375
2565.15747645906	2470.89990234375
2567.29541696037	2493.39990234375
2569.43275846454	2485
2571.56950125049	2457
2573.70564559696	2460.89990234375
2575.84119178254	2446
2577.97614008569	2502.39990234375
2580.11049078468	2500.10009765625
2582.24424415764	2501.39990234375
2584.37740048255	2488.80004882813
2586.50996003722	2466.80004882813
2588.64192309931	2468.60009765625
2590.77328994634	2466
2592.90406085564	2471.5
2595.03423610442	2480.69995117188
2597.16381596971	2466.69995117188
2599.29280072839	2489.19995117188
2601.42119065719	2478
2603.54898603267	2483.19995117188
2605.67618713125	2492.89990234375
2607.80279422919	2501.19995117188
2609.92880760257	2507.5
2612.05422752735	2509.39990234375
2614.17905427932	2488.10009765625
2616.30328813408	2516.30004882813
2618.42692936713	2500.80004882813
2620.54997825377	2490
2622.67243506915	2514.69995117188
2624.79430008828	2501.19995117188
2626.915573586	2535.5
2629.03625583699	2524.5
2631.15634711579	2499
2633.27584769675	2514.69995117188
2635.39475785408	2544
2637.51307786185	2557.89990234375
2639.63080799394	2558.5
2641.74794852409	2548.60009765625
2643.86449972589	2586.30004882813
2645.98046187273	2602.39990234375
2648.0958352379	2613.19995117188
2650.21062009449	2616.80004882813
2652.32481671544	2650.39990234375
2654.43842537353	2652.69995117188
2656.5514463414	2660.60009765625
2658.66387989151	2729.30004882813
2660.77572629616	2688.30004882813
2662.88698582751	2739.5
2664.99765875753	2755
2667.10774535806	2751.60009765625
2669.21724590076	2755.19995117188
2671.32616065714	2739.60009765625
2673.43448989857	2758
2675.5422338962	2720.89990234375
2677.64939292108	2699.10009765625
2679.75596724408	2662.60009765625
2681.86195713589	2629.60009765625
2683.96736286707	2637.69995117188
2686.07218470799	2584.5
2688.17642292889	2562.80004882813
2690.28007779982	2566.69995117188
2692.38314959069	2519.10009765625
2694.48563857123	2532.39990234375
2696.58754501103	2514.5
2698.6888691795	2526.89990234375
2700.78961134588	2489.80004882813
2702.8897717793	2509.10009765625
2704.98935074864	2480.60009765625
2707.08834852271	2500.89990234375
2709.18676537009	2502.19995117188
2711.28460155925	2503.60009765625
2713.38185735843	2484.10009765625
2715.47853303577	2489.30004882813
2717.57462885924	2497
2719.67014509659	2487.39990234375
2721.76508201548	2489.80004882813
2723.85943988337	2466
2725.95321896754	2484.19995117188
2728.04641953515	2459.89990234375
2730.13904185316	2458.39990234375
2732.23108618837	2490.30004882813
2734.32255280744	2442.80004882813
2736.41344197683	2466.10009765625
2738.50375396288	2441.89990234375
2740.5934890317	2431.19995117188
2742.68264744932	2423.5
2744.77122948153	2432
2746.85923539398	2419.30004882813
2748.94666545217	2450.89990234375
2751.03351992142	2439.69995117188
2753.11979906688	2401
2755.20550315355	2416.69995117188
2757.29063244624	2408.10009765625
2759.37518720963	2393
2761.45916770819	2405.5
2763.54257420625	2397.80004882813
2765.62540696797	2401.69995117188
2767.70766625733	2416
2769.78935233816	2401.39990234375
2771.87046547413	2401.69995117188
2773.95100592869	2405.30004882813
2776.03097396519	2404.80004882813
2778.11036984677	2393.5
2780.18919383641	2434.69995117188
2782.26744619693	2399
2784.34512719097	2404.60009765625
2786.42223708102	2434.10009765625
2788.49877612937	2404.19995117188
2790.57474459816	2407.5
2792.65014274937	2398.39990234375
2794.7249708448	2408.89990234375
2796.79922914607	2395.69995117188
2798.87291791465	2390.5
2800.94603741181	2402.5
2803.01858789869	2390.80004882813
2805.09056963623	2412.39990234375
2807.1619828852	2423.80004882813
2809.23282790621	2394.5
2811.30310495971	2410
2813.37281430593	2370.69995117188
2815.441956205	2396.5
2817.51053091682	2410.60009765625
2819.57853870114	2418.60009765625
2821.64597981753	2402.60009765625
2823.7128545254	2402.5
2825.77916308399	2413.39990234375
2827.84490575233	2418.39990234375
2829.91008278933	2407.10009765625
2831.97469445369	2423
2834.03874100395	2416.19995117188
2836.10222269847	2452.10009765625
2838.16513979544	2458.80004882813
2840.22749255288	2529.60009765625
2842.28928122863	2536.89990234375
2844.35050608034	2594.80004882813
2846.41116736553	2650.80004882813
2848.47126534149	2707
2850.53080026537	2773.39990234375
2852.58977239414	2775.80004882813
2854.64818198459	2731.80004882813
2856.70602929332	2729.60009765625
2858.76331457678	2739.60009765625
2860.82003809123	2722.19995117188
2862.87620009274	2702.30004882813
2864.93180083723	2742.89990234375
2866.98684058043	2732.89990234375
2869.04131957789	2759.80004882813
2871.09523808497	2788.80004882813
2873.14859635689	2778.10009765625
2875.20139464866	2801.10009765625
2877.2536332151	2810.89990234375
2879.30531231091	2805.10009765625
2881.35643219054	2789.39990234375
2883.40699310831	2804
2885.45699531834	2842.19995117188
2887.50643907457	2834.89990234375
2889.55532463077	2814.80004882813
2891.60365224053	2866.10009765625
2893.65142215724	2874.60009765625
2895.69863463414	2865.69995117188
2897.74528992426	2898.39990234375
2899.79138828046	2858.30004882813
2901.83692995544	2884.30004882813
2903.88191520168	2887.30004882813
2905.92634427151	2897.39990234375
2907.97021741706	2886.80004882813
2910.01353489027	2890.39990234375
2912.05629694294	2887.10009765625
2914.09850382663	2933.30004882813
2916.14015579276	2927.19995117188
2918.18125309254	2979.10009765625
2920.22179597702	2975.10009765625
2922.26178469705	2972.19995117188
2924.30121950329	2955.5
2926.34010064624	2999.39990234375
2928.37842837619	2978
2930.41620294326	3007.5
2932.45342459737	3016.39990234375
2934.49009358828	3003
2936.52621016555	3002.89990234375
2938.56177457854	2984.10009765625
2940.59678707645	2955.60009765625
2942.63124790827	2918.80004882813
2944.66515732282	2911.5
2946.69851556873	2868.39990234375
2948.73132289443	2837
2950.76357954817	2810.10009765625
2952.79528577803	2744.10009765625
2954.82644183188	2748.60009765625
2956.85704795741	2728.30004882813
2958.8871044021	2721.5
2960.91661141328	2713.19995117188
2962.94556923807	2726.30004882813
2964.97397812339	2677.19995117188
2967.00183831598	2681
2969.0291500624	2696.89990234375
2971.05591360902	2650.60009765625
2973.08212920199	2653.89990234375
2975.1077970873	2606.80004882813
2977.13291751074	2630
2979.1574907179	2605.60009765625
2981.18151695419	2582.39990234375
2983.20499646482	2569.60009765625
2985.2279294948	2566.39990234375
2987.25031628898	2541.19995117188
2989.27215709199	2547.69995117188
2991.29345214825	2532.5
2993.31420170204	2542.10009765625
2995.33440599738	2520.69995117188
2997.35406527816	2503.5
2999.37317978802	2493.39990234375
3001.39174977045	2475.10009765625
3003.40977546872	2497.89990234375
3005.42725712591	2497.5
3007.44419498491	2546.19995117188
3009.4605892884	2554
3011.47644027889	2538.19995117188
3013.49174819865	2538.80004882813
3015.5065132898	2511.5
3017.52073579424	2523.30004882813
3019.53441595366	2528.89990234375
3021.54755400959	2529.80004882813
3023.56015020332	2502.30004882813
3025.57220477598	2465.30004882813
3027.58371796846	2489.60009765625
3029.5946900215	2478
3031.6051211756	2473.69995117188
3033.61501167107	2456.89990234375
3035.62436174803	2427.30004882813
3037.6331716464	2418.5
3039.64144160588	2411.89990234375
3041.649171866	2404.60009765625
3043.65636266607	2406.39990234375
3045.6630142452	2410
3047.66912684229	2413.10009765625
3049.67470069605	2391.69995117188
3051.679736045	2369
3053.68423312742	2347.89990234375
3055.68819218143	2365.10009765625
3057.6916134449	2375.69995117188
3059.69449715556	2383.39990234375
3061.69684355086	2394.80004882813
3063.6986528681	2364.39990234375
3065.69992534437	2341.39990234375
3067.70066121653	2375.19995117188
3069.70086072126	2365
3071.700524095	2349.30004882813
3073.69965157405	2346.5
3075.69824339442	2341.10009765625
3077.69629979197	2331.5
3079.69382100235	2331
3081.69080726098	2301.30004882813
3083.68725880307	2324.89990234375
3085.68317586366	2323.69995117188
3087.67855867755	2292.5
3089.67340747933	2294.10009765625
3091.6677225034	2315.10009765625
3093.66150398392	2322.89990234375
3095.6547521549	2300
3097.64746725006	2305.89990234375
3099.63964950297	2313.19995117188
3101.63129914698	2295.60009765625
3103.6224164152	2315.60009765625
3105.61300154056	2297.89990234375
3107.60305475576	2337.69995117188
3109.59257629331	2315.10009765625
3111.58156638547	2324.30004882813
3113.57002526432	2293.39990234375
3115.55795316172	2321.89990234375
3117.54535030932	2296
3119.53221693853	2310.30004882813
3121.51855328057	2338.30004882813
3123.50435956646	2316.80004882813
3125.48963602698	2329.10009765625
3127.4743828927	2332
3129.45860039397	2333.69995117188
3131.44228876093	2329.30004882813
3133.42544822353	2328.69995117188
3135.40807901145	2308
3137.39018135418	2343.19995117188
3139.37175548102	2316.89990234375
3141.35280162101	2345.5
3143.33332000299	2326.60009765625
3145.31331085559	2343.89990234375
3147.2927744072	2322
3149.27171088602	2363.19995117188
3151.25012052	2323
3153.22800353689	2341.60009765625
3155.20536016422	2340.5
3157.18219062929	2321
3159.15849515918	2339
3161.13427398075	2330.89990234375
3163.10952732066	2344.80004882813
3165.08425540532	2348.80004882813
3167.05845846092	2344.89990234375
3169.03213671344	2349.39990234375
3171.00529038863	2353.60009765625
3172.97791971203	2352.30004882813
3174.95002490893	2327.5
3176.92160620443	2347.60009765625
3178.89266382337	2360.10009765625
3180.8631979904	2345.69995117188
3182.83320892991	2333.69995117188
3184.80269686609	2347.60009765625
3186.77166202289	2333.80004882813
3188.74010462406	2352.10009765625
3190.70802489307	2335.69995117188
3192.67542305323	2351.89990234375
3194.64229932757	2356.30004882813
3196.60865393892	2365.39990234375
3198.57448710987	2354.30004882813
3200.53979906279	2372.89990234375
3202.50459001981	2355.89990234375
3204.46886020284	2370.30004882813
3206.43260983356	2382.30004882813
3208.39583913341	2351.10009765625
3210.35854832362	2354.89990234375
3212.32073762517	2351.60009765625
3214.28240725881	2352
3216.24355744508	2366.80004882813
3218.20418840426	2331.10009765625
3220.16430035642	2365.60009765625
3222.12389352137	2350.60009765625
3224.08296811873	2380.60009765625
3226.04152436784	2374.69995117188
3227.99956248784	2358.19995117188
3229.95708269762	2358.69995117188
3231.91408521584	2394
3233.87057026092	2371.10009765625
3235.82653805105	2399.5
3237.78198880419	2380.89990234375
3239.73692273806	2366.10009765625
3241.69134007013	2369.60009765625
3243.64524101764	2376.89990234375
3245.59862579761	2398
3247.55149462681	2401.69995117188
3249.50384772176	2382.69995117188
3251.45568529877	2380.89990234375
3253.40700757387	2378.89990234375
3255.35781476288	2406
3257.3081070814	2404.5
3259.25788474473	2391.10009765625
3261.20714796799	2393.69995117188
3263.15589696602	2407.5
3265.10413195345	2399.60009765625
3267.05185314463	2395.69995117188
3268.9990607537	2387.19995117188
3270.94575499455	2391
3272.89193608081	2407
3274.8376042259	2423.89990234375
3276.78275964296	2426.60009765625
3278.72740254492	2418.10009765625
3280.67153314443	2410.69995117188
3282.61515165393	2413.89990234375
3284.55825828559	2400
3286.50085325135	2392.5
3288.44293676289	2397.5
3290.38450903165	2395.89990234375
3292.32557026883	2394.60009765625
3294.26612068537	2379
3296.20616049198	2379.30004882813
3298.14568989911	2393
3300.08470911695	2415.39990234375
3302.02321835546	2379.89990234375
3303.96121782435	2383.10009765625
3305.89870773306	2384
3307.83568829081	2378.30004882813
3309.77215970655	2353.10009765625
3311.70812218898	2389.69995117188
3313.64357594655	2387.80004882813
3315.57852118747	2371.89990234375
3317.51295811968	2390.10009765625
3319.44688695087	2391.60009765625
3321.38030788849	2365.69995117188
3323.31322113973	2382.10009765625
3325.24562691152	2363.69995117188
3327.17752541055	2362.10009765625
3329.10891684322	2376.10009765625
3331.03980141573	2393
3332.97017933399	2381.80004882813
3334.90005080364	2389.60009765625
3336.82941603011	2365.69995117188
3338.75827521852	2367.69995117188
3340.68662857377	2365.30004882813
3342.6144763005	2347.39990234375
3344.54181860308	2357.69995117188
3346.46865568561	2355.30004882813
3348.39498775195	2348.10009765625
3350.32081500571	2364.30004882813
3352.24613765022	2364.19995117188
3354.17095588855	2373.60009765625
3356.09526992352	2384.80004882813
3358.01907995769	2370.80004882813
3359.94238619334	2381.80004882813
3361.86518883251	2369.39990234375
3363.78748807697	2366.30004882813
3365.70928412823	2390.19995117188
3367.63057718752	2363.5
3369.55136745582	2350.69995117188
3371.47165513386	2347
3373.39144042208	2376
3375.31072352066	2345.69995117188
3377.22950462953	2372.80004882813
3379.14778394834	2333.69995117188
3381.06556167648	2368
3382.98283801308	2361.80004882813
3384.89961315697	2359.19995117188
3386.81588730676	2365.10009765625
3388.73166066076	2351.89990234375
3390.64693341702	2360.39990234375
3392.56170577332	2366.39990234375
3394.47597792716	2355.69995117188
3396.38975007581	2372.60009765625
3398.30302241623	2354.80004882813
3400.21579514512	2334.10009765625
3402.1280684589	2346.80004882813
3404.03984255374	2345.80004882813
3405.95111762553	2336.19995117188
3407.86189386987	2324
3409.77217148212	2358.19995117188
3411.68195065733	2364.89990234375
3413.5912315903	2340.30004882813
3415.50001447556	2327.89990234375
3417.40829950735	2328.60009765625
3419.31608687963	2348.60009765625
3421.22337678611	2331.19995117188
3423.1301694202	2338.39990234375
3425.03646497504	2336.69995117188
3426.9422636435	2339.30004882813
3428.84756561816	2342.39990234375
3430.75237109135	2339
3432.65668025508	2325.60009765625
3434.56049330112	2331
3436.46381042093	2315.60009765625
3438.36663180571	2333.89990234375
3440.26895764638	2314.39990234375
3442.17078813357	2303.19995117188
3444.07212345762	2259.39990234375
3445.97296380863	2296.19995117188
3447.87330937636	2341.10009765625
3449.77316035033	2349.60009765625
3451.67251691977	2307.39990234375
3453.57137927361	2304.60009765625
3455.46974760052	2310.10009765625
3457.36762208886	2273.89990234375
3459.26500292671	2321.5
3461.16189030191	2292.60009765625
3463.05828440194	2301.89990234375
3464.95418541406	2311.19995117188
3466.84959352519	2285.10009765625
3468.74450892201	2300.30004882813
3470.63893179088	2299.69995117188
3472.53286231788	2276.30004882813
3474.42630068881	2265.19995117188
3476.31924708918	2296.5
3478.2117017042	2266.30004882813
3480.1036647188	2277.5
3481.99513631761	2260.5
3483.88611668498	2270.60009765625
3485.77660600498	2268.80004882813
3487.66660446135	2283
3489.55611223758	2255
3491.44512951683	2290
3493.333656482	2247.30004882813
3495.22169331568	2244.19995117188
3497.10924020016	2264.30004882813
3498.99629731746	2240.89990234375
3500.88286484927	2238.69995117188
3502.76894297702	2220.39990234375
3504.65453188182	2224.5
3506.53963174449	2234.19995117188
3508.42424274555	2266.80004882813
3510.30836506524	2204.89990234375
3512.19199888349	2215.60009765625
3514.07514437992	2196.19995117188
3515.95780173387	2216.5
3517.83997112437	2196.80004882813
3519.72165273016	2159
3521.60284672967	2188.39990234375
3523.48355330104	2169.60009765625
3525.36377262208	2196.30004882813
3527.24350487035	2176.69995117188
3529.12275022306	2178.5
3531.00150885715	2163.89990234375
3532.87978094923	2176.30004882813
3534.75756667562	2169.80004882813
3536.63486621235	2169.19995117188
3538.51167973512	2151.5
3540.38800741934	2169.30004882813
3542.26384944011	2130
3544.13920597223	2159.10009765625
3546.01407719018	2133.69995117188
3547.88846326815	2155.69995117188
3549.76236438002	2122.30004882813
3551.63578069934	2118.89990234375
3553.50871239938	2135.10009765625
3555.38115965309	2115.30004882813
3557.25312263311	2106.39990234375
3559.12460151177	2100.89990234375
3560.99559646109	2102.19995117188
3562.86610765279	2092.60009765625
3564.73613525825	2114
3566.60567944857	2103.30004882813
3568.47474039453	2094.69995117188
3570.34331826658	2087.60009765625
3572.21141323487	2092.80004882813
3574.07902546925	2105
3575.94615513922	2087
3577.81280241401	2093.69995117188
3579.67896746249	2098.60009765625
3581.54465045325	2093.19995117188
3583.40985155455	2076.5
3585.27457093432	2087.80004882813
3587.1388087602	2084.60009765625
3589.00256519949	2053.5
3590.86584041919	2079
3592.72863458597	2085.30004882813
3594.59094786618	2061.69995117188
3596.45278042585	2068.30004882813
3598.31413243069	2077.5
3600.17500404611	2071.60009765625
3602.03539543717	2043.80004882813
3603.89530676861	2040.09997558594
3605.75473820488	2062.80004882813
3607.61368991007	2074.39990234375
3609.47216204797	2078.5
3611.33015478203	2045
3613.18766827539	2030.69995117188
3615.04470269087	2059.19995117188
3616.90125819094	2050.10009765625
3618.75733493776	2044.30004882813
3620.61293309318	2050.5
3622.46805281869	2042.80004882813
3624.32269427547	2043.90002441406
3626.17685762439	2049.30004882813
3628.03054302596	2054.39990234375
3629.88375064038	2047.90002441406
3631.73648062751	2037
3633.5887331469	2006.09997558594
3635.44050835775	2019.5
3637.29180641893	2025.5
3639.14262748899	2006.69995117188
3640.99297172614	1995.40002441406
3642.84283928828	2011
3644.69223033294	1989.09997558594
3646.54114501734	2000.5
3648.38958349836	2005.80004882813
3650.23754593256	2013.5
3652.08503247614	1981.40002441406
3653.93204328497	1984.19995117188
3655.77857851462	2002
3657.62463832028	1976
3659.47022285682	1980.19995117188
3661.31533227877	1983.69995117188
3663.15996674033	2003.19995117188
3665.00412639535	1981.30004882813
3666.84781139736	1974.09997558594
3668.69102189953	1953.19995117188
3670.5337580547	1974.40002441406
3672.37602001537	1979.30004882813
3674.21780793368	1956.40002441406
3676.05912196148	1958.80004882813
3677.89996225021	1953.69995117188
3679.74032895103	1932.19995117188
3681.58022221471	1938.19995117188
3683.41964219171	1943.90002441406
3685.25858903211	1908.5
3687.0970628857	1924.19995117188
3688.93506390186	1938.30004882813
3690.77259222968	1941.69995117188
3692.60964801787	1926.5
3694.44623141481	1936.19995117188
3696.28234256853	1923.5
3698.11798162669	1929
3699.95314873665	1928.69995117188
3701.78784404537	1905.09997558594
3703.62206769951	1910.40002441406
3705.45581984533	1907.5
3707.28910062877	1897.69995117188
3709.12191019542	1922.69995117188
3710.95424869052	1904.5
3712.78611625894	1919
3714.6175130452	1905.5
3716.44843919349	1913.40002441406
3718.27889484764	1917
3720.1088801511	1899.80004882813
3721.93839524699	1889.30004882813
3723.76744027808	1923.59997558594
3725.59601538677	1908.09997558594
3727.4241207151	1889.40002441406
