40.2973356941271	1128.90002441406
43.2236257608418	1127.40002441406
46.1488808466109	1130.5
49.0731017336173	1131
51.9962892025666	1128
54.9184440327569	1131
57.8395670020446	1133.59997558594
60.7596588868509	1135.09997558594
63.6787204621708	1136.19995117188
66.5967525015794	1138.30004882813
69.5137557772381	1141.09997558594
72.4297310598838	1145
75.3446791188512	1145
78.2586007220466	1158.90002441406
81.1714966360015	1158.69995117188
84.0833676258266	1168.40002441406
86.994214455242	1180.5
89.9040378865662	1184.59997558594
92.8128386807427	1202.59997558594
95.7206175973133	1210.19995117188
98.6273753944444	1211.59997558594
101.533112828928	1219.59997558594
104.437830656161	1213.69995117188
107.34152963018	1213.30004882813
110.244210503676	1213.69995117188
113.145874027931	1206.59997558594
116.046520952895	1197.5
118.946152027154	1200.40002441406
121.844767997933	1204.19995117188
124.74236961111	1204.30004882813
127.638957611212	1203.09997558594
130.534532741422	1202.90002441406
133.429095743606	1193.59997558594
136.322647358252	1196.40002441406
139.215188324544	1199
142.106719380311	1198.69995117188
144.997241262089	1194.90002441406
147.886754705057	1196.30004882813
150.775260443096	1200.69995117188
153.662759208748	1197.69995117188
156.549251733282	1196.40002441406
159.434738746612	1191.90002441406
162.319220977376	1183.30004882813
165.20269915289	1186.5
168.085173999178	1192.5
170.966646240977	1184.80004882813
173.847116601709	1186.09997558594
176.726585803528	1188.30004882813
179.605054567295	1187.69995117188
182.48252361259	1179.59997558594
185.358993657701	1182.59997558594
188.234465419645	1187.19995117188
191.108939614183	1183.5
193.982416955795	1186.90002441406
196.854898157687	1179.69995117188
199.726383931801	1174.5
202.596874988835	1184.59997558594
205.466372038225	1177
208.334875788145	1181
211.202386945534	1183.59997558594
214.068906216069	1173.69995117188
216.934434304194	1186.30004882813
219.798971913111	1182.90002441406
222.662519744776	1176.80004882813
225.525078499925	1180.30004882813
228.386648878069	1185.09997558594
231.247231577465	1180.09997558594
234.106827295172	1181
236.965436727012	1175.30004882813
239.823060567597	1177.80004882813
242.679699510337	1179.90002441406
245.535354247396	1172.90002441406
248.390025469775	1177
251.243713867223	1170.80004882813
254.096420128327	1178.09997558594
256.948144940459	1172.5
259.798888989788	1166.19995117188
262.648652961315	1164.19995117188
265.49743753883	1173.59997558594
268.345243404939	1174
271.192071241073	1172.59997558594
274.037921727485	1178.19995117188
276.882795543246	1170.59997558594
279.72669336624	1172.09997558594
282.569615873213	1172.40002441406
285.411563739724	1173.19995117188
288.252537640165	1171
291.092538247763	1168.19995117188
293.931566234616	1172.40002441406
296.769622271633	1170.90002441406
299.606707028594	1172.40002441406
302.442821174104	1170.69995117188
305.277965375652	1171.5
308.112140299574	1173.5
310.945346611062	1170.59997558594
313.777584974167	1169.90002441406
316.608856051813	1168.09997558594
319.439160505797	1168.30004882813
322.268498996783	1172.59997558594
325.096872184303	1168.19995117188
327.924280726782	1172.69995117188
330.750725281521	1176
333.576206504693	1168
336.400725051388	1170.40002441406
339.224281575542	1169.80004882813
342.046876730026	1168
344.868511166586	1173.40002441406
347.689185535872	1165.80004882813
350.508900487421	1168.30004882813
353.327656669699	1167.09997558594
356.145454730079	1168.19995117188
358.962295314817	1165.80004882813
361.778179069105	1171.09997558594
364.593106637051	1172.59997558594
367.407078661675	1165.09997558594
370.220095784913	1166.69995117188
373.032158647655	1167.19995117188
375.843267889676	1168.80004882813
378.653424149715	1168.09997558594
381.462628065436	1164.5
384.270880273432	1168.5
387.078181409254	1166.69995117188
389.884532107358	1171.5
392.689933001188	1169.59997558594
395.494384723112	1171.19995117188
398.29788790445	1174.59997558594
401.100443175488	1170.09997558594
403.902051165437	1172.09997558594
406.702712502518	1163.5
409.502427813866	1174.09997558594
412.301197725607	1165.40002441406
415.099022862823	1170
417.89590384957	1169.09997558594
420.691841308876	1172.69995117188
423.486835862752	1174.40002441406
426.280888132173	1175.30004882813
429.073998737112	1165.19995117188
431.866168296507	1166.5
434.657397428298	1167
437.447686749412	1173.30004882813
440.237036875762	1171.69995117188
443.025448422257	1170.59997558594
445.812922002813	1173.59997558594
448.599458230326	1171.19995117188
451.38505771672	1168.5
454.169721072909	1169.40002441406
456.953448908819	1169.69995117188
459.736241833384	1168.09997558594
462.518100454555	1168.19995117188
465.2990253793	1166.19995117188
468.079017213605	1163.90002441406
470.858076562476	1169.69995117188
473.636204029939	1169.59997558594
476.41340021906	1174
479.189665731938	1170
481.965001169667	1171.80004882813
484.739407132419	1172.5
487.512884219391	1168.90002441406
490.285433028796	1170.30004882813
493.057054157921	1169.5
495.827748203087	1170
498.597515759658	1174.30004882813
501.366357422061	1173.59997558594
504.134273783759	1170
506.901265437278	1173.09997558594
509.66733297421	1174.69995117188
512.432476985198	1178.5
515.196698059945	1175.69995117188
517.959996787225	1175.09997558594
520.722373754895	1173.5
523.483829549856	1172.90002441406
526.24436475811	1171.30004882813
529.003979964696	1169.09997558594
531.762675753779	1174.40002441406
534.520452708569	1169.90002441406
537.277311411375	1175
540.03325244359	1171.19995117188
542.788276385682	1170.5
545.54238381725	1169.09997558594
548.295575316938	1172.5
551.047851462516	1171.30004882813
553.799212830831	1169.09997558594
556.549659997851	1170.5
559.299193538643	1168.80004882813
562.047814027381	1174.40002441406
564.795522037318	1168.80004882813
567.542318140861	1173.09997558594
570.288202909507	1173.09997558594
573.033176913873	1166.59997558594
575.7772407237	1168.19995117188
578.520394907829	1171.69995117188
581.26264003424	1168.59997558594
584.003976670046	1170
586.744405381469	1168.30004882813
589.483926733869	1171.69995117188
592.222541291746	1173.5
594.96024961872	1167.40002441406
597.697052277563	1178.19995117188
600.432949830166	1170
603.167942837587	1172.5
605.902031860012	1172.59997558594
608.635217456783	1175
611.367500186378	1171.80004882813
614.098880606429	1173.40002441406
616.82935927374	1173.40002441406
619.558936744248	1168.69995117188
622.287613573072	1175.09997558594
625.015390314457	1173.30004882813
627.742267521848	1176.19995117188
630.468245747829	1172.09997558594
633.193325544166	1171
635.917507461792	1173.69995117188
638.640792050804	1172.80004882813
641.36317986048	1172.5
644.084671439281	1176.80004882813
646.805267334845	1170.30004882813
649.524968093967	1172.59997558594
652.24377426266	1175.19995117188
654.961686386106	1171.5
657.678705008678	1171.90002441406
660.394830673939	1175.90002441406
663.110063924628	1171.5
665.824405302728	1170
668.537855349351	1176.40002441406
671.250414604863	1173
673.962083608812	1167.90002441406
676.672862899949	1175.09997558594
679.382753016218	1174.59997558594
682.091754494801	1167.40002441406
684.799867872061	1176.90002441406
687.507093683595	1170.19995117188
690.213432464198	1169.90002441406
692.918884747899	1173.59997558594
695.623451067937	1174.19995117188
698.327131956755	1176.59997558594
701.029927946065	1168.19995117188
703.731839566754	1176.90002441406
706.43286734896	1171.59997558594
709.133011822067	1172.90002441406
711.832273514658	1169.90002441406
714.53065295457	1170.69995117188
717.228150668879	1173.90002441406
719.924767183889	1172.90002441406
722.620503025148	1172.80004882813
725.315358717446	1179.19995117188
728.009334784827	1170.40002441406
730.702431750559	1179.59997558594
733.394650137188	1171.90002441406
736.085990466498	1178.09997558594
738.776453259519	1174.09997558594
741.466039036542	1176.30004882813
744.154748317125	1175.59997558594
746.842581620074	1172.59997558594
749.529539463458	1171.90002441406
752.215622364608	1176.19995117188
754.900830840131	1174.19995117188
757.585165405892	1175
760.26862657703	1175.80004882813
762.951214867957	1175.80004882813
765.632930792356	1174.5
768.313774863181	1175
770.993747592673	1173.69995117188
773.672849492359	1180
776.351081073017	1175.59997558594
779.028442844757	1177.59997558594
781.704935316928	1175
784.380558998208	1174.30004882813
787.055314396528	1173.90002441406
789.729202019141	1174.59997558594
792.402222372581	1175
795.074375962669	1171.5
797.745663294537	1171.59997558594
800.416084872622	1175.5
803.085641200652	1178.59997558594
805.754332781664	1174.69995117188
808.422160117986	1174.90002441406
811.089123711292	1173.80004882813
813.75522406252	1177.59997558594
816.420461671951	1174.69995117188
819.084837039164	1174.80004882813
821.748350663067	1173.5
824.411003041866	1176.30004882813
827.072794673116	1182.59997558594
829.733726053668	1176.80004882813
832.39379767971	1171.69995117188
835.05301004674	1180.69995117188
837.711363649601	1181.90002441406
840.368858982457	1173
843.025496538805	1173.40002441406
845.681276811467	1174.09997558594
848.336200292618	1191.40002441406
850.99026747375	1177.09997558594
853.643478845713	1178.30004882813
856.29583489868	1183.19995117188
858.947336122176	1179.69995117188
861.59798300506	1183.19995117188
864.247776035556	1182.90002441406
866.896715701222	1177.5
869.544802488959	1182
872.192036885046	1182.19995117188
874.838419375087	1183.5
877.483950444054	1185.59997558594
880.128630576285	1177.80004882813
882.772460255461	1183.90002441406
885.415439964628	1182.30004882813
888.057570186211	1179.19995117188
890.698851401966	1176.19995117188
893.339284093045	1180
895.978868739961	1187.80004882813
898.617605822596	1182.59997558594
901.255495820196	1182.80004882813
903.892539211396	1185.80004882813
906.528736474184	1177.09997558594
909.164088085949	1179
911.798594523442	1181.59997558594
914.432256262804	1181.40002441406
917.065073779549	1182.40002441406
919.697047548589	1177.5
922.328178044212	1179.69995117188
924.9584657401	1177.90002441406
927.587911109317	1182.40002441406
930.216514624317	1180.80004882813
932.844276756963	1185.40002441406
935.471197978488	1184.90002441406
938.097278759538	1181.59997558594
940.722519570163	1179.69995117188
943.346920879798	1184.30004882813
945.97048315729	1188.09997558594
948.593206870885	1182.19995117188
951.215092488219	1185.90002441406
953.836140476366	1186.80004882813
956.456351301787	1190.09997558594
959.07572543037	1186.09997558594
961.694263327369	1188.19995117188
964.311965457521	1190
966.928832284933	1187.09997558594
969.544864273135	1189
972.160061885076	1188.80004882813
974.774425583129	1189.90002441406
977.387955829099	1183.09997558594
980.000653084196	1187
982.612517809061	1183.59997558594
985.223550463768	1185.19995117188
987.833751507819	1190
990.443121400135	1183.59997558594
993.051660599081	1190.30004882813
995.659369562449	1191.40002441406
998.266248747469	1187.09997558594
1000.87229861081	1193.40002441406
1003.47751960857	1196.80004882813
1006.0819121963	1202.30004882813
1008.68547682897	1195
1011.28821396104	1193.90002441406
1013.89012404635	1191.19995117188
1016.49120753824	1186
1019.09146488947	1187.80004882813
1021.69089655226	1183.19995117188
1024.28950297827	1188.80004882813
1026.88728461863	1181
1029.48424192392	1190.90002441406
1032.08037534416	1189.69995117188
1034.67568532886	1179.40002441406
1037.27017232694	1188.19995117188
1039.86383678682	1188
1042.45667915637	1182.19995117188
1045.04869988293	1191.30004882813
1047.6398994133	1181.69995117188
1050.23027819374	1183.80004882813
1052.81983666998	1187
1055.40857528724	1184.5
1057.99649449018	1183.90002441406
1060.58359472296	1185.19995117188
1063.1698764292	1187.09997558594
1065.755340052	1185.09997558594
1068.33998603393	1187.59997558594
1070.92381481706	1190.69995117188
1073.50682684291	1189
1076.08902255251	1182.59997558594
1078.67040238637	1183.80004882813
1081.25096678445	1184
1083.83071618624	1187.69995117188
1086.4096510307	1187.90002441406
1088.98777175629	1184.90002441406
1091.56507880094	1181.5
1094.14157260208	1180.30004882813
1096.71725359664	1188.30004882813
1099.29212222106	1183.30004882813
1101.86617891125	1188.5
1104.43942410262	1183.09997558594
1107.01185823011	1185.30004882813
1109.58348172812	1186.69995117188
1112.15429503057	1184.30004882813
1114.7242985709	1182.80004882813
1117.29349278203	1188.40002441406
1119.86187809642	1189.40002441406
1122.42945494599	1194.59997558594
1124.99622376222	1189.30004882813
1127.56218497606	1187.80004882813
1130.12733901801	1188.90002441406
1132.69168631804	1193.09997558594
1135.25522730568	1189.40002441406
1137.81796240995	1191.69995117188
1140.37989205941	1196.90002441406
1142.9410166821	1194.90002441406
1145.50133670561	1196.30004882813
1148.06085255708	1207.90002441406
1150.61956466311	1206.90002441406
1153.17747344987	1208.40002441406
1155.73457934305	1223.30004882813
1158.29088276786	1228.09997558594
1160.84638414903	1220.19995117188
1163.40108391085	1212.80004882813
1165.95498247711	1206.30004882813
1168.50808027116	1198.69995117188
1171.06037771587	1195.69995117188
1173.61187523364	1193.09997558594
1176.16257324643	1192.90002441406
1178.71247217573	1191.80004882813
1181.26157244255	1192.30004882813
1183.80987446746	1191.30004882813
1186.35737867059	1188
1188.90408547157	1196.69995117188
1191.44999528961	1189.09997558594
1193.99510854347	1191.90002441406
1196.53942565142	1197.30004882813
1199.08294703133	1191
1201.62567310057	1188.90002441406
1204.16760427611	1192.69995117188
1206.70874097445	1189.69995117188
1209.24908361163	1192.90002441406
1211.78863260327	1189.90002441406
1214.32738836454	1189.59997558594
1216.86535131017	1191
1219.40252185445	1183.59997558594
1221.93890041121	1192.90002441406
1224.47448739389	1188.30004882813
1227.00928321544	1190.30004882813
1229.54328828842	1191
1232.07650302491	1188.19995117188
1234.60892783662	1193.90002441406
1237.14056313477	1194.30004882813
1239.67140933017	1191.19995117188
1242.2014668332	1188.5
1244.73073605384	1196.59997558594
1247.25921740159	1190.59997558594
1249.78691128558	1194.69995117188
1252.31381811448	1195.40002441406
1254.83993829655	1196.19995117188
1257.36527223962	1189.5
1259.88982035112	1190.59997558594
1262.41358303803	1194.19995117188
1264.93656070696	1203.09997558594
1267.45875376405	1196.90002441406
1269.98016261505	1199.59997558594
1272.50078766531	1199.80004882813
1275.02062931974	1197.09997558594
1277.53968798285	1194.59997558594
1280.05796405875	1198.40002441406
1282.57545795112	1188.69995117188
1285.09217006325	1193.90002441406
1287.60810079802	1196.40002441406
1290.12325055788	1196.59997558594
1292.63761974492	1190.59997558594
1295.15120876079	1198.30004882813
1297.66401800676	1194.5
1300.17604788367	1195.09997558594
1302.687298792	1192.90002441406
1305.19777113181	1194.09997558594
1307.70746530274	1201.90002441406
1310.21638170408	1197.69995117188
1312.7245207347	1196.09997558594
1315.23188279307	1194.90002441406
1317.73846827728	1198.30004882813
1320.24427758502	1197.69995117188
1322.74931111359	1200.40002441406
1325.25356925991	1197.5
1327.75705242051	1192.59997558594
1330.25976099151	1195.80004882813
1332.76169536868	1194.90002441406
1335.26285594737	1196.30004882813
1337.76324312256	1192.90002441406
1340.26285728887	1199
1342.76169884052	1190.69995117188
1345.25976817132	1192.90002441406
1347.75706567474	1197.5
1350.25359174387	1194.19995117188
1352.74934677141	1192.59997558594
1355.24433114968	1193.90002441406
1357.73854527062	1192.40002441406
1360.23198952583	1188.09997558594
1362.7246643065	1191.59997558594
1365.21657000347	1191.40002441406
1367.7077070072	1185.80004882813
1370.19807570777	1192.5
1372.68767649492	1190.09997558594
1375.176509758	1185.80004882813
1377.66457588599	1190.30004882813
1380.15187526753	1187.90002441406
1382.63840829087	1192.59997558594
1385.1241753439	1191.09997558594
1387.60917681417	1194.59997558594
1390.09341308884	1197.69995117188
1392.57688455474	1189.09997558594
1395.05959159829	1193.59997558594
1397.54153460562	1197
1400.02271396243	1197.80004882813
1402.50313005414	1195
1404.98278326576	1191.5
1407.46167398196	1186.19995117188
1409.93980258707	1195.19995117188
1412.41716946504	1192.19995117188
1414.89377499951	1193.59997558594
1417.36961957373	1190.40002441406
1419.84470357062	1197.09997558594
1422.31902737275	1192.09997558594
1424.79259136235	1190.5
1427.26539592129	1198.90002441406
1429.73744143111	1202.5
1432.20872827299	1194.19995117188
1434.67925682777	1197.40002441406
1437.14902747597	1195.69995117188
1439.61804059773	1200.59997558594
1442.0862965729	1203.5
1444.55379578093	1213.19995117188
1447.02053860099	1208.59997558594
1449.48652541188	1200
1451.95175659206	1203.59997558594
1454.41623251969	1205.40002441406
1456.87995357255	1203.80004882813
1459.34292012811	1203.09997558594
1461.80513256351	1203.09997558594
1464.26659125557	1196.80004882813
1466.72729658073	1194.69995117188
1469.18724891517	1203.40002441406
1471.64644863469	1197.69995117188
1474.10489611478	1196.80004882813
1476.5625917306	1199.59997558594
1479.01953585699	1195.80004882813
1481.47572886844	1194.19995117188
1483.93117113917	1199.30004882813
1486.38586304302	1198
1488.83980495354	1195.09997558594
1491.29299724395	1191.90002441406
1493.74544028715	1201
1496.19713445573	1197.80004882813
1498.64808012193	1202.30004882813
1501.09827765772	1195.5
1503.54772743471	1213.19995117188
1505.99642982421	1214.19995117188
1508.44438519723	1221.80004882813
1510.89159392446	1224.19995117188
1513.33805637625	1240.80004882813
1515.78377292266	1236.19995117188
1518.22874393346	1238.90002441406
1520.67296977806	1236.30004882813
1523.11645082559	1239.30004882813
1525.55918744488	1223.40002441406
1528.00118000444	1226.40002441406
1530.44242887245	1207.5
1532.88293441684	1200.90002441406
1535.32269700517	1200.80004882813
1537.76171700475	1194.19995117188
1540.19999478255	1204.5
1542.63753070526	1194
1545.07432513925	1189.59997558594
1547.5103784506	1192.69995117188
1549.94569100509	1193.80004882813
1552.38026316819	1198.5
1554.8140953051	1197.40002441406
1557.24718778067	1192.19995117188
1559.67954095952	1196.40002441406
1562.11115520592	1192.59997558594
1564.54203088386	1188.5
1566.97216835704	1196.09997558594
1569.40156798888	1197.69995117188
1571.83023014248	1197.19995117188
1574.25815518067	1205.69995117188
1576.68534346597	1199.5
1579.11179536062	1196.19995117188
1581.53751122658	1192.69995117188
1583.9624914255	1189.69995117188
1586.38673631876	1188.59997558594
1588.81024626745	1193.09997558594
1591.23302163235	1198.69995117188
1593.655062774	1193
1596.07637005262	1194
1598.49694382815	1192
1600.91678446025	1193
1603.33589230831	1197.40002441406
1605.75426773142	1190.5
1608.1719110884	1197.30004882813
1610.58882273779	1190
1613.00500303784	1193.80004882813
1615.42045234654	1199.19995117188
1617.83517102158	1196.19995117188
1620.24915942039	1200.09997558594
1622.66241790012	1200
1625.07494681764	1198.69995117188
1627.48674652954	1199.40002441406
1629.89781739216	1198.09997558594
1632.30815976152	1202.5
1634.71777399343	1193.90002441406
1637.12666044338	1195.19995117188
1639.53481946661	1202.5
1641.94225141808	1195.80004882813
1644.34895665248	1201.80004882813
1646.75493552424	1205.40002441406
1649.16018838752	1204
1651.56471559621	1202.69995117188
1653.96851750392	1211.30004882813
1656.37159446403	1211.5
1658.7739468296	1201.30004882813
1661.17557495349	1211.30004882813
1663.57647918824	1211.5
1665.97665988617	1203.90002441406
1668.37611739929	1198.09997558594
1670.77485207939	1194.5
1673.17286427799	1198.59997558594
1675.57015434633	1195.30004882813
1677.96672263542	1197.30004882813
1680.36256949598	1197.59997558594
1682.7576952785	1189
1685.15210033318	1198.30004882813
1687.54578501	1192.09997558594
1689.93874965866	1195.30004882813
1692.33099462861	1193.40002441406
1694.72252026904	1197.09997558594
1697.11332692889	1192.90002441406
1699.50341495686	1190
1701.89278470137	1189.30004882813
1704.28143651061	1191.40002441406
1706.66937073251	1190.90002441406
1709.05658771473	1184.30004882813
1711.44308780473	1189
1713.82887134968	1188.5
1716.21393869648	1181.90002441406
1718.59829019185	1188.30004882813
1720.98192618221	1188.30004882813
1723.36484701374	1187
1725.74705303238	1187.40002441406
1728.12854458384	1191
1730.50932201356	1188.5
1732.88938566673	1191.69995117188
1735.26873588834	1183
1737.64737302307	1184.40002441406
1740.02529741544	1190.40002441406
1742.40250940964	1186
1744.77900934969	1183.80004882813
1747.15479757933	1186.90002441406
1749.52987444206	1193.80004882813
1751.90424028116	1189.59997558594
1754.27789543967	1187.59997558594
1756.65084026037	1189.5
1759.02307508582	1182.69995117188
1761.39460025833	1193.09997558594
1763.76541612	1190.5
1766.13552301265	1187.19995117188
1768.50492127791	1188.40002441406
1770.87361125714	1185.5
1773.2415932915	1184.59997558594
1775.60886772188	1190.09997558594
1777.97543488896	1186.19995117188
1780.34129513318	1190.19995117188
1782.70644879475	1189.40002441406
1785.07089621365	1186.19995117188
1787.43463772964	1185.09997558594
1789.7976736822	1188.09997558594
1792.16000441066	1189.09997558594
1794.52163025405	1186.30004882813
1796.88255155121	1185.90002441406
1799.24276864074	1187.90002441406
1801.60228186102	1190.69995117188
1803.96109155019	1187.40002441406
1806.31919804618	1186.80004882813
1808.67660168668	1186.19995117188
1811.03330280916	1182.30004882813
1813.38930175088	1190.09997558594
1815.74459884884	1185.40002441406
1818.09919443984	1186.40002441406
1820.45308886047	1182.80004882813
1822.80628244708	1185
1825.1587755358	1179.80004882813
1827.51056846254	1188.69995117188
1829.86166156297	1187.90002441406
1832.21205517258	1188
1834.56174962661	1186.09997558594
1836.91074526009	1185
1839.25904240783	1192.59997558594
1841.60664140443	1190.30004882813
1843.95354258425	1183.19995117188
1846.29974628146	1187.19995117188
1848.64525282998	1188.19995117188
1850.99006256356	1186.5
1853.3341758157	1189.09997558594
1855.67759291968	1186.30004882813
1858.02031420858	1186.90002441406
1860.36234001528	1187.80004882813
1862.70367067241	1188.40002441406
1865.04430651244	1185
1867.38424786755	1190.09997558594
1869.72349506978	1183
1872.06204845094	1189.5
1874.39990834258	1189.90002441406
1876.73707507612	1186.69995117188
1879.07354898269	1187.69995117188
1881.40933039328	1189.09997558594
1883.74441963861	1188
1886.07881704925	1188
1888.41252295551	1191.09997558594
1890.74553768751	1181.59997558594
1893.07786157519	1192.59997558594
1895.40949494822	1186.5
1897.74043813615	1189
1900.07069146823	1190.69995117188
1902.40025527357	1193.40002441406
1904.72912988106	1188.30004882813
1907.05731561938	1197.5
1909.38481281699	1186.90002441406
1911.71162180217	1184.30004882813
1914.037742903	1187.80004882813
1916.36317644734	1185.69995117188
1918.68792276284	1187.90002441406
1921.01198217697	1178.80004882813
1923.33535501699	1186.09997558594
1925.65804160996	1190.09997558594
1927.98004228273	1192.30004882813
1930.30135736196	1188.40002441406
1932.6219871741	1185.90002441406
1934.94193204543	1189
1937.26119230198	1188.40002441406
1939.57976826962	1188.80004882813
1941.89766027402	1183.59997558594
1944.21486864062	1183.5
1946.53139369472	1187.40002441406
1948.84723576137	1193.09997558594
1951.16239516543	1187.09997558594
1953.47687223159	1189
1955.79066728434	1194.09997558594
1958.10378064794	1194.5
1960.4162126465	1181.5
1962.7279636039	1188.30004882813
1965.03903384385	1186.30004882813
1967.34942368987	1188.30004882813
1969.65913346524	1191
1971.96816349311	1188.5
1974.2765140964	1193
1976.58418559784	1187.90002441406
1978.89117831997	1188.19995117188
1981.19749258516	1187.40002441406
1983.50312871555	1188.5
1985.80808703313	1189.30004882813
1988.11236785967	1190
1990.41597151676	1190.40002441406
1992.71889832581	1183
1995.02114860801	1187.90002441406
1997.3227226844	1183.30004882813
1999.62362087581	1189.19995117188
2001.92384350288	1192.40002441406
2004.22339088608	1191.19995117188
2006.52226334567	1189.19995117188
2008.82046120173	1194.90002441406
2011.11798477417	1195.5
2013.41483438269	1184.90002441406
2015.71101034681	1186.90002441406
2018.00651298588	1183.40002441406
2020.30134261905	1185.30004882813
2022.59549956528	1189.80004882813
2024.88898414337	1189.19995117188
2027.1817966719	1190.5
2029.4739374693	1190.80004882813
2031.76540685379	1183
2034.05620514342	1187.09997558594
2036.34633265607	1181.5
2038.6357897094	1179.5
2040.92457662092	1187.69995117188
2043.21269370795	1184.09997558594
2045.50014128763	1185.09997558594
2047.78691967691	1179.30004882813
2050.07302919256	1185.59997558594
2052.35847015118	1183.59997558594
2054.64324286919	1189.19995117188
2056.9273476628	1187.40002441406
2059.21078484808	1184.40002441406
2061.4935547409	1183.19995117188
2063.77565765696	1184.69995117188
2066.05709391176	1181.19995117188
2068.33786382065	1188.09997558594
2070.61796769879	1188.80004882813
2072.89740586116	1184.59997558594
2075.17617862255	1187.09997558594
2077.45428629759	1190.5
2079.73172920075	1194.40002441406
2082.00850764627	1186.19995117188
2084.28462194827	1180
2086.56007242065	1190.30004882813
2088.83485937717	1190.40002441406
2091.10898313139	1183.30004882813
2093.3824439967	1191.30004882813
2095.65524228632	1194
2097.92737831328	1185.19995117188
2100.19885239047	1188
2102.46966483057	1185.30004882813
2104.7398159461	1185.19995117188
2107.00930604941	1183.19995117188
2109.27813545267	1184.90002441406
2111.54630446787	1186.40002441406
2113.81381340685	1187
2116.08066258126	1189.90002441406
2118.34685230257	1183.19995117188
2120.61238288211	1189
2122.87725463099	1194.19995117188
2125.1414678602	1189.19995117188
2127.40502288052	1185.69995117188
2129.66792000257	1188.5
2131.93015953682	1181
2134.19174179353	1183.19995117188
2136.45266708282	1188.69995117188
2138.71293571463	1192.09997558594
2140.97254799873	1187.59997558594
2143.23150424473	1192.19995117188
2145.48980476205	1188.40002441406
2147.74744985996	1190.09997558594
2150.00443984754	1186.80004882813
2152.26077503373	1194.40002441406
2154.51645572728	1191.30004882813
2156.77148223677	1189.09997558594
2159.02585487064	1190
2161.27957393713	1188.40002441406
2163.53263974432	1195.69995117188
2165.78505260012	1190
2168.0368128123	1189.09997558594
2170.28792068844	1190.30004882813
2172.53837653595	1185
2174.78818066207	1188.59997558594
2177.03733337389	1182.90002441406
2179.28583497833	1184.09997558594
2181.53368578214	1188.59997558594
2183.78088609192	1189.09997558594
2186.02743621406	1187.19995117188
2188.27333645484	1188.69995117188
2190.51858712033	1188.59997558594
2192.76318851646	1187.19995117188
2195.00714094901	1183.09997558594
2197.25044472354	1187.90002441406
2199.49310014551	1188.40002441406
2201.73510752018	1184.5
2203.97646715265	1194.09997558594
2206.21717934786	1183.40002441406
2208.45724441058	1180.69995117188
2210.69666264543	1188.80004882813
2212.93543435686	1186.69995117188
2215.17355984914	1186.5
2217.41103942642	1186.40002441406
2219.64787339264	1190
2221.8840620516	1185.69995117188
2224.11960570695	1183.69995117188
2226.35450466215	1187.69995117188
2228.58875922051	1184.09997558594
2230.82236968518	1179.40002441406
2233.05533635916	1189.59997558594
2235.28765954527	1188.09997558594
2237.51933954617	1185.80004882813
2239.75037666437	1184.69995117188
2241.98077120221	1187.90002441406
2244.21052346188	1184.19995117188
2246.4396337454	1186.09997558594
2248.66810235461	1187.30004882813
2250.89592959125	1183.30004882813
2253.12311575681	1185.19995117188
2255.34966115272	1181.40002441406
2257.57556608017	1185.5
2259.80083084023	1185.80004882813
2262.02545573381	1188.30004882813
2264.24944106163	1187.30004882813
2266.47278712429	1186.5
2268.69549422221	1188.5
2270.91756265564	1190.30004882813
2273.1389927247	1190
2275.35978472934	1194
2277.57993896933	1188
2279.79945574431	1184.19995117188
2282.01833535375	1188.69995117188
2284.23657809696	1184.5
2286.45418427309	1184.80004882813
2288.67115418114	1187.90002441406
2290.88748811995	1188.19995117188
2293.10318638819	1188.5
2295.3182492844	1190.40002441406
2297.53267710693	1188.09997558594
2299.746470154	1188
2301.95962872364	1188.69995117188
2304.17215311376	1189.90002441406
2306.3840436221	1190
2308.59530054621	1191.69995117188
2310.80592418354	1184.59997558594
2313.01591483134	1190.40002441406
2315.22527278673	1189.5
2317.43399834666	1187.80004882813
2319.64209180791	1189.59997558594
2321.84955346713	1188.69995117188
2324.05638362079	1189
2326.26258256524	1190.90002441406
2328.46815059664	1187.90002441406
2330.67308801098	1191.30004882813
2332.87739510415	1193.90002441406
2335.08107217184	1188.30004882813
2337.2841195096	1187.59997558594
2339.48653741281	1187
2341.68832617672	1187.19995117188
2343.8894860964	1188.80004882813
2346.09001746678	1185.59997558594
2348.28992058261	1188.90002441406
2350.48919573852	1185.69995117188
2352.68784322898	1185.90002441406
2354.88586334826	1190.90002441406
2357.08325639055	1187.09997558594
2359.2800226498	1190.90002441406
2361.47616241988	1187.90002441406
2363.67167599445	1186.09997558594
2365.86656366706	1186.5
2368.06082573107	1195.19995117188
2370.2544624797	1186.80004882813
2372.44747420603	1184.80004882813
2374.63986120295	1177.80004882813
2376.83162376322	1185.30004882813
2379.02276217945	1181.09997558594
2381.21327674408	1180
2383.4031677494	1188.5
2385.59243548756	1187.80004882813
2387.78108025053	1185
2389.96910233014	1182.09997558594
2392.15650201809	1187.19995117188
2394.34327960587	1188.19995117188
2396.52943538486	1192.5
2398.71496964628	1181.30004882813
2400.89988268118	1184.19995117188
2403.08417478048	1184.30004882813
2405.26784623491	1189.69995117188
2407.45089733509	1190.69995117188
2409.63332837146	1184.59997558594
2411.81513963429	1182.09997558594
2413.99633141375	1181.40002441406
2416.1769039998	1182
2418.35685768227	1184.59997558594
2420.53619275084	1185.59997558594
2422.71490949505	1183.40002441406
2424.89300820425	1181.90002441406
2427.07048916765	1185.40002441406
2429.24735267433	1188.30004882813
2431.42359901319	1180.59997558594
2433.59922847297	1190.59997558594
2435.7742413423	1179.69995117188
2437.94863790961	1184.80004882813
2440.12241846321	1184.30004882813
2442.29558329121	1186.19995117188
2444.46813268162	1186.09997558594
2446.64006692228	1189.19995117188
2448.81138630086	1185.59997558594
2450.98209110489	1186.09997558594
2453.15218162174	1187.40002441406
2455.32165813864	1190.5
2457.49052094265	1182.5
2459.65877032069	1183.09997558594
2461.8264065595	1189.69995117188
2463.99342994572	1187.30004882813
2466.15984076579	1184.09997558594
2468.325639306	1186.90002441406
2470.49082585251	1182.5
2472.65540069131	1182
2474.81936410824	1187.90002441406
2476.98271638899	1187.59997558594
2479.14545781909	1193.80004882813
2481.30758868392	1182.59997558594
2483.4691092687	1189.40002441406
2485.63001985852	1184
2487.79032073829	1186.59997558594
2489.95001219277	1188.40002441406
2492.10909450659	1189.5
2494.26756796419	1185.80004882813
2496.42543284989	1189.90002441406
2498.58268944783	1184.09997558594
2500.73933804202	1187.90002441406
2502.8953789163	1187.5
2505.05081235436	1181.09997558594
2507.20563863974	1182.30004882813
2509.35985805582	1184.09997558594
2511.51347088583	1192.09997558594
2513.66647741285	1187.69995117188
2515.81887791981	1185.80004882813
2517.97067268946	1189.80004882813
2520.12186200443	1187.09997558594
2522.27244614716	1187.5
2524.42242539999	1184.30004882813
2526.57180004504	1189.69995117188
2528.72057036433	1191.30004882813
2530.8687366397	1191.09997558594
2533.01629915284	1185.80004882813
2535.16325818527	1183.5
2537.30961401839	1187.30004882813
2539.45536693343	1187.90002441406
2541.60051721145	1185.19995117188
2543.74506513338	1186.90002441406
2545.88901097997	1184.69995117188
2548.03235503185	1183.09997558594
2550.17509756946	1182.69995117188
2552.31723887311	1184.19995117188
2554.45877922293	1190.5
2556.59971889893	1185.90002441406
2558.74005818094	1186.19995117188
2560.87979734864	1186.19995117188
2563.01893668155	1184.90002441406
2565.15747645906	1180.59997558594
2567.29541696037	1183.69995117188
2569.43275846454	1189.90002441406
2571.56950125049	1187.80004882813
2573.70564559696	1188.40002441406
2575.84119178254	1185.5
2577.97614008569	1182.19995117188
2580.11049078468	1181
2582.24424415764	1187.19995117188
2584.37740048255	1184.90002441406
2586.50996003722	1179.59997558594
2588.64192309931	1185.30004882813
2590.77328994634	1185.5
2592.90406085564	1185
2595.03423610442	1183.80004882813
2597.16381596971	1192
2599.29280072839	1182.19995117188
2601.42119065719	1183.09997558594
2603.54898603267	1182.90002441406
2605.67618713125	1183.40002441406
2607.80279422919	1186.09997558594
2609.92880760257	1184
2612.05422752735	1182.90002441406
2614.17905427932	1186.80004882813
2616.30328813408	1184.09997558594
2618.42692936713	1183.19995117188
2620.54997825377	1185.69995117188
2622.67243506915	1189.59997558594
2624.79430008828	1194.30004882813
2626.915573586	1185.09997558594
2629.03625583699	1186.69995117188
2631.15634711579	1186.5
2633.27584769675	1185.09997558594
2635.39475785408	1186.19995117188
2637.51307786185	1187.90002441406
2639.63080799394	1189.80004882813
2641.74794852409	1187.30004882813
2643.86449972589	1189.59997558594
2645.98046187273	1189.80004882813
2648.0958352379	1187.40002441406
2650.21062009449	1190.19995117188
2652.32481671544	1191.40002441406
2654.43842537353	1188.19995117188
2656.5514463414	1186.5
2658.66387989151	1191.69995117188
2660.77572629616	1190.69995117188
2662.88698582751	1196.80004882813
2664.99765875753	1193.80004882813
2667.10774535806	1188.30004882813
2669.21724590076	1192.19995117188
2671.32616065714	1183.30004882813
2673.43448989857	1194
2675.5422338962	1193.30004882813
2677.64939292108	1188.90002441406
2679.75596724408	1189.5
2681.86195713589	1188.30004882813
2683.96736286707	1186.69995117188
2686.07218470799	1188.40002441406
2688.17642292889	1182
2690.28007779982	1193
2692.38314959069	1185.69995117188
2694.48563857123	1182.69995117188
2696.58754501103	1188.59997558594
2698.6888691795	1188.69995117188
2700.78961134588	1184.19995117188
2702.8897717793	1180.59997558594
2704.98935074864	1184.90002441406
2707.08834852271	1185.80004882813
2709.18676537009	1190.19995117188
2711.28460155925	1189.90002441406
2713.38185735843	1189.80004882813
2715.47853303577	1186.59997558594
2717.57462885924	1186.90002441406
2719.67014509659	1191.5
2721.76508201548	1176.80004882813
2723.85943988337	1189.5
2725.95321896754	1190.40002441406
2728.04641953515	1192.80004882813
2730.13904185316	1185.90002441406
2732.23108618837	1182.5
2734.32255280744	1187.19995117188
2736.41344197683	1179.59997558594
2738.50375396288	1189.09997558594
2740.5934890317	1182.40002441406
2742.68264744932	1187.19995117188
2744.77122948153	1181
2746.85923539398	1194.59997558594
2748.94666545217	1180.69995117188
2751.03351992142	1184.19995117188
2753.11979906688	1178.80004882813
2755.20550315355	1186.30004882813
2757.29063244624	1188.69995117188
2759.37518720963	1188
2761.45916770819	1188.69995117188
2763.54257420625	1183.5
2765.62540696797	1188.09997558594
2767.70766625733	1181.30004882813
2769.78935233816	1184.59997558594
2771.87046547413	1183.5
2773.95100592869	1181.30004882813
2776.03097396519	1184.09997558594
2778.11036984677	1189.40002441406
2780.18919383641	1187.5
2782.26744619693	1180.80004882813
2784.34512719097	1186.40002441406
2786.42223708102	1183.59997558594
2788.49877612937	1182.40002441406
2790.57474459816	1183.69995117188
2792.65014274937	1183.40002441406
2794.7249708448	1180.30004882813
2796.79922914607	1180.19995117188
2798.87291791465	1185.69995117188
2800.94603741181	1184.40002441406
2803.01858789869	1180.90002441406
2805.09056963623	1183
2807.1619828852	1186.30004882813
2809.23282790621	1185.5
2811.30310495971	1183.80004882813
2813.37281430593	1187.40002441406
2815.441956205	1190.30004882813
2817.51053091682	1182.69995117188
2819.57853870114	1181
2821.64597981753	1188
2823.7128545254	1184.69995117188
2825.77916308399	1189.5
2827.84490575233	1190.90002441406
2829.91008278933	1185
2831.97469445369	1188.59997558594
2834.03874100395	1188.69995117188
2836.10222269847	1193.19995117188
2838.16513979544	1188.90002441406
2840.22749255288	1198
2842.28928122863	1190.69995117188
2844.35050608034	1190.80004882813
2846.41116736553	1196.5
2848.47126534149	1203.19995117188
2850.53080026537	1203.30004882813
2852.58977239414	1205.69995117188
2854.64818198459	1207.5
2856.70602929332	1205.80004882813
2858.76331457678	1209.59997558594
2860.82003809123	1203.30004882813
2862.87620009274	1209.90002441406
2864.93180083723	1212.80004882813
2866.98684058043	1209.59997558594
2869.04131957789	1217.5
2871.09523808497	1219.09997558594
2873.14859635689	1225.30004882813
2875.20139464866	1225.69995117188
2877.2536332151	1221.90002441406
2879.30531231091	1225.40002441406
2881.35643219054	1227.90002441406
2883.40699310831	1223.59997558594
2885.45699531834	1224.59997558594
2887.50643907457	1230.19995117188
2889.55532463077	1228.69995117188
2891.60365224053	1226
2893.65142215724	1230
2895.69863463414	1224.5
2897.74528992426	1236.90002441406
2899.79138828046	1229.69995117188
2901.83692995544	1229
2903.88191520168	1238.19995117188
2905.92634427151	1232.90002441406
2907.97021741706	1230.90002441406
2910.01353489027	1248.5
2912.05629694294	1232.59997558594
2914.09850382663	1241.5
2916.14015579276	1246.69995117188
2918.18125309254	1248
2920.22179597702	1255.19995117188
2922.26178469705	1250.90002441406
2924.30121950329	1253.69995117188
2926.34010064624	1256.09997558594
2928.37842837619	1259.80004882813
2930.41620294326	1264.59997558594
2932.45342459737	1257.59997558594
2934.49009358828	1264.40002441406
2936.52621016555	1262.80004882813
2938.56177457854	1260.69995117188
2940.59678707645	1258.19995117188
2942.63124790827	1258.40002441406
2944.66515732282	1250.09997558594
2946.69851556873	1248.80004882813
2948.73132289443	1246.90002441406
2950.76357954817	1246.59997558594
2952.79528577803	1235.90002441406
2954.82644183188	1240
2956.85704795741	1238.80004882813
2958.8871044021	1236.5
2960.91661141328	1228.59997558594
2962.94556923807	1231.09997558594
2964.97397812339	1232.5
2967.00183831598	1222.90002441406
2969.0291500624	1228.40002441406
2971.05591360902	1233.59997558594
2973.08212920199	1221.30004882813
2975.1077970873	1233.69995117188
2977.13291751074	1219.5
2979.1574907179	1218.80004882813
2981.18151695419	1219.69995117188
2983.20499646482	1227.30004882813
2985.2279294948	1219.5
2987.25031628898	1219.90002441406
2989.27215709199	1221.69995117188
2991.29345214825	1221.30004882813
2993.31420170204	1221.09997558594
2995.33440599738	1214.90002441406
2997.35406527816	1214.59997558594
2999.37317978802	1208.09997558594
3001.39174977045	1209.30004882813
3003.40977546872	1209.5
3005.42725712591	1211.5
3007.44419498491	1200.40002441406
3009.4605892884	1202.19995117188
3011.47644027889	1209.59997558594
3013.49174819865	1205.80004882813
3015.5065132898	1202.19995117188
3017.52073579424	1193.5
3019.53441595366	1202.90002441406
3021.54755400959	1201.5
3023.56015020332	1197.09997558594
3025.57220477598	1205.5
3027.58371796846	1198.69995117188
3029.5946900215	1200.90002441406
3031.6051211756	1193.5
3033.61501167107	1199.5
3035.62436174803	1199.40002441406
3037.6331716464	1197.80004882813
3039.64144160588	1204
3041.649171866	1202.69995117188
3043.65636266607	1198
3045.6630142452	1199.19995117188
3047.66912684229	1200.5
3049.67470069605	1201.40002441406
3051.679736045	1193.30004882813
3053.68423312742	1198.80004882813
3055.68819218143	1213.19995117188
3057.6916134449	1201.30004882813
3059.69449715556	1207.09997558594
3061.69684355086	1203.09997558594
3063.6986528681	1198.30004882813
3065.69992534437	1206.19995117188
3067.70066121653	1206
3069.70086072126	1202.30004882813
3071.700524095	1207
3073.69965157405	1202.59997558594
3075.69824339442	1204
3077.69629979197	1197.09997558594
3079.69382100235	1198.09997558594
3081.69080726098	1205.80004882813
3083.68725880307	1203.69995117188
3085.68317586366	1197
3087.67855867755	1204.19995117188
3089.67340747933	1201.5
3091.6677225034	1203.30004882813
3093.66150398392	1202.69995117188
3095.6547521549	1202.30004882813
3097.64746725006	1207.19995117188
3099.63964950297	1201.19995117188
3101.63129914698	1210.30004882813
3103.6224164152	1202.30004882813
3105.61300154056	1202.69995117188
3107.60305475576	1208.09997558594
3109.59257629331	1200.09997558594
3111.58156638547	1205.59997558594
3113.57002526432	1206.5
3115.55795316172	1208.90002441406
3117.54535030932	1203.69995117188
3119.53221693853	1204.09997558594
3121.51855328057	1206.40002441406
3123.50435956646	1209.80004882813
3125.48963602698	1212.80004882813
3127.4743828927	1210
3129.45860039397	1215.69995117188
3131.44228876093	1209.80004882813
3133.42544822353	1213.69995117188
3135.40807901145	1213.69995117188
3137.39018135418	1210.90002441406
3139.37175548102	1215.69995117188
3141.35280162101	1213
3143.33332000299	1213.40002441406
3145.31331085559	1218.90002441406
3147.2927744072	1213.30004882813
3149.27171088602	1220.59997558594
3151.25012052	1209
3153.22800353689	1224.90002441406
3155.20536016422	1221.19995117188
3157.18219062929	1224.19995117188
3159.15849515918	1225
3161.13427398075	1218.80004882813
3163.10952732066	1223.80004882813
3165.08425540532	1220.40002441406
3167.05845846092	1226.59997558594
3169.03213671344	1222
3171.00529038863	1222.30004882813
3172.97791971203	1224.80004882813
3174.95002490893	1222.59997558594
3176.92160620443	1226.90002441406
3178.89266382337	1224.30004882813
3180.8631979904	1218.5
3182.83320892991	1230.19995117188
3184.80269686609	1226.30004882813
3186.77166202289	1224.19995117188
3188.74010462406	1229.59997558594
3190.70802489307	1227.69995117188
3192.67542305323	1236.19995117188
3194.64229932757	1230.80004882813
3196.60865393892	1230.09997558594
3198.57448710987	1229.5
3200.53979906279	1229.80004882813
3202.50459001981	1226.09997558594
3204.46886020284	1234
3206.43260983356	1236.69995117188
3208.39583913341	1233.19995117188
3210.35854832362	1231.5
3212.32073762517	1231.59997558594
3214.28240725881	1239.80004882813
3216.24355744508	1241.90002441406
3218.20418840426	1237.19995117188
3220.16430035642	1234.19995117188
3222.12389352137	1242.80004882813
3224.08296811873	1235.40002441406
3226.04152436784	1240.69995117188
3227.99956248784	1236.80004882813
3229.95708269762	1241.40002441406
3231.91408521584	1241.40002441406
3233.87057026092	1242.30004882813
3235.82653805105	1239.80004882813
3237.78198880419	1238.5
3239.73692273806	1233
3241.69134007013	1233.59997558594
3243.64524101764	1240.69995117188
3245.59862579761	1240.40002441406
3247.55149462681	1252.30004882813
3249.50384772176	1243.5
3251.45568529877	1246.40002441406
3253.40700757387	1239.5
3255.35781476288	1242.59997558594
3257.3081070814	1247.40002441406
3259.25788474473	1245
3261.20714796799	1243.19995117188
3263.15589696602	1242.09997558594
3265.10413195345	1233.40002441406
3267.05185314463	1236.19995117188
3268.9990607537	1242.30004882813
3270.94575499455	1245
3272.89193608081	1243.5
3274.8376042259	1247.59997558594
3276.78275964296	1245.19995117188
3278.72740254492	1248.09997558594
3280.67153314443	1249.59997558594
3282.61515165393	1250
3284.55825828559	1239.19995117188
3286.50085325135	1241.5
3288.44293676289	1242.19995117188
3290.38450903165	1255.80004882813
3292.32557026883	1258.69995117188
3294.26612068537	1239.90002441406
3296.20616049198	1252
3298.14568989911	1245.69995117188
3300.08470911695	1248
3302.02321835546	1243.80004882813
3303.96121782435	1242.30004882813
3305.89870773306	1238.09997558594
3307.83568829081	1246.09997558594
3309.77215970655	1249.5
3311.70812218898	1246.59997558594
3313.64357594655	1240
3315.57852118747	1243.80004882813
3317.51295811968	1255.40002441406
3319.44688695087	1234.90002441406
3321.38030788849	1239.80004882813
3323.31322113973	1243.90002441406
3325.24562691152	1247
3327.17752541055	1247.40002441406
3329.10891684322	1237.90002441406
3331.03980141573	1247.80004882813
3332.97017933399	1254.19995117188
3334.90005080364	1236.80004882813
3336.82941603011	1241.90002441406
3338.75827521852	1245.59997558594
3340.68662857377	1254.80004882813
3342.6144763005	1253.40002441406
3344.54181860308	1245.90002441406
3346.46865568561	1255.30004882813
3348.39498775195	1248.19995117188
3350.32081500571	1253.59997558594
3352.24613765022	1244.40002441406
3354.17095588855	1244.40002441406
3356.09526992352	1248.40002441406
3358.01907995769	1253.80004882813
3359.94238619334	1256.19995117188
3361.86518883251	1249.09997558594
3363.78748807697	1243.5
3365.70928412823	1258.90002441406
3367.63057718752	1254
3369.55136745582	1252.90002441406
3371.47165513386	1249.40002441406
3373.39144042208	1260.19995117188
3375.31072352066	1249.90002441406
3377.22950462953	1249.59997558594
3379.14778394834	1257.90002441406
3381.06556167648	1256.80004882813
3382.98283801308	1253.09997558594
3384.89961315697	1254.19995117188
3386.81588730676	1256.09997558594
3388.73166066076	1257.09997558594
3390.64693341702	1260.19995117188
3392.56170577332	1255.40002441406
3394.47597792716	1257.09997558594
3396.38975007581	1255.5
3398.30302241623	1250.69995117188
3400.21579514512	1258.19995117188
3402.1280684589	1253.30004882813
3404.03984255374	1261
3405.95111762553	1251.5
3407.86189386987	1251.5
3409.77217148212	1249.09997558594
3411.68195065733	1256.59997558594
3413.5912315903	1252.5
3415.50001447556	1250.09997558594
3417.40829950735	1245.19995117188
3419.31608687963	1253.59997558594
3421.22337678611	1250.59997558594
3423.1301694202	1251.5
3425.03646497504	1254
3426.9422636435	1252.40002441406
3428.84756561816	1246.30004882813
3430.75237109135	1258.30004882813
3432.65668025508	1249.19995117188
3434.56049330112	1250.90002441406
3436.46381042093	1255.40002441406
3438.36663180571	1257
3440.26895764638	1254
3442.17078813357	1244.59997558594
3444.07212345762	1256.80004882813
3445.97296380863	1252.5
3447.87330937636	1253.90002441406
3449.77316035033	1249.09997558594
3451.67251691977	1253.5
3453.57137927361	1258
3455.46974760052	1252.5
3457.36762208886	1247.40002441406
3459.26500292671	1245
3461.16189030191	1254.5
3463.05828440194	1235.19995117188
3464.95418541406	1252.40002441406
3466.84959352519	1244.5
3468.74450892201	1241.5
3470.63893179088	1248.09997558594
3472.53286231788	1244.19995117188
3474.42630068881	1237.90002441406
3476.31924708918	1238.40002441406
3478.2117017042	1244
3480.1036647188	1238.90002441406
3481.99513631761	1238.59997558594
3483.88611668498	1231.59997558594
3485.77660600498	1246.40002441406
3487.66660446135	1244.5
3489.55611223758	1235.30004882813
3491.44512951683	1244.59997558594
3493.333656482	1244.19995117188
3495.22169331568	1232.59997558594
3497.10924020016	1238.30004882813
3498.99629731746	1226.80004882813
3500.88286484927	1236.59997558594
3502.76894297702	1231.80004882813
3504.65453188182	1233.09997558594
3506.53963174449	1231.09997558594
3508.42424274555	1233.80004882813
3510.30836506524	1228.30004882813
3512.19199888349	1230.90002441406
3514.07514437992	1232
3515.95780173387	1225.80004882813
3517.83997112437	1226.5
3519.72165273016	1231.19995117188
3521.60284672967	1219.59997558594
3523.48355330104	1228.40002441406
3525.36377262208	1219.90002441406
3527.24350487035	1225.90002441406
3529.12275022306	1228.90002441406
3531.00150885715	1223.09997558594
3532.87978094923	1219.30004882813
3534.75756667562	1225.19995117188
3536.63486621235	1224.80004882813
3538.51167973512	1226.69995117188
3540.38800741934	1223.40002441406
3542.26384944011	1219.59997558594
3544.13920597223	1218.19995117188
3546.01407719018	1212.30004882813
3547.88846326815	1214.59997558594
3549.76236438002	1210.30004882813
3551.63578069934	1219.5
3553.50871239938	1214.19995117188
3555.38115965309	1215.19995117188
3557.25312263311	1208.90002441406
3559.12460151177	1211.90002441406
3560.99559646109	1210.09997558594
3562.86610765279	1209.59997558594
3564.73613525825	1218.19995117188
3566.60567944857	1205.59997558594
3568.47474039453	1202.59997558594
3570.34331826658	1210.40002441406
3572.21141323487	1213.80004882813
3574.07902546925	1206.69995117188
3575.94615513922	1204.30004882813
3577.81280241401	1202.09997558594
3579.67896746249	1213.90002441406
3581.54465045325	1209.59997558594
3583.40985155455	1209.19995117188
3585.27457093432	1198.40002441406
3587.1388087602	1207.19995117188
3589.00256519949	1209.59997558594
3590.86584041919	1203.90002441406
3592.72863458597	1206.30004882813
3594.59094786618	1205.90002441406
3596.45278042585	1196.09997558594
3598.31413243069	1196.19995117188
3600.17500404611	1196.90002441406
3602.03539543717	1197
3603.89530676861	1196.69995117188
3605.75473820488	1214.09997558594
3607.61368991007	1199.80004882813
3609.47216204797	1197.09997558594
3611.33015478203	1198.59997558594
3613.18766827539	1205.90002441406
3615.04470269087	1197.90002441406
3616.90125819094	1198.09997558594
3618.75733493776	1200.40002441406
3620.61293309318	1198.40002441406
3622.46805281869	1197.40002441406
3624.32269427547	1191.59997558594
3626.17685762439	1198.5
3628.03054302596	1195.69995117188
3629.88375064038	1196.30004882813
3631.73648062751	1199.40002441406
3633.5887331469	1189.59997558594
3635.44050835775	1193.69995117188
3637.29180641893	1190.19995117188
3639.14262748899	1196.69995117188
3640.99297172614	1189.69995117188
3642.84283928828	1191.30004882813
3644.69223033294	1192
3646.54114501734	1187.69995117188
3648.38958349836	1195.69995117188
3650.23754593256	1191.19995117188
3652.08503247614	1185.19995117188
3653.93204328497	1191.80004882813
3655.77857851462	1184.5
3657.62463832028	1186.80004882813
3659.47022285682	1186.30004882813
3661.31533227877	1189.5
3663.15996674033	1178.19995117188
3665.00412639535	1179.90002441406
3666.84781139736	1184.40002441406
3668.69102189953	1184.90002441406
3670.5337580547	1183.59997558594
3672.37602001537	1188.40002441406
3674.21780793368	1175.30004882813
3676.05912196148	1173.5
3677.89996225021	1178.40002441406
3679.74032895103	1174.30004882813
3681.58022221471	1180.90002441406
3683.41964219171	1182.40002441406
3685.25858903211	1176.80004882813
3687.0970628857	1180.59997558594
3688.93506390186	1174.5
3690.77259222968	1173.19995117188
3692.60964801787	1173.59997558594
3694.44623141481	1179.40002441406
3696.28234256853	1176.19995117188
3698.11798162669	1171
3699.95314873665	1168.19995117188
3701.78784404537	1177.80004882813
3703.62206769951	1171.90002441406
3705.45581984533	1170.80004882813
3707.28910062877	1175.09997558594
3709.12191019542	1168.80004882813
3710.95424869052	1174.09997558594
3712.78611625894	1171.90002441406
3714.6175130452	1178.69995117188
3716.44843919349	1175.80004882813
3718.27889484764	1173.40002441406
3720.1088801511	1173.19995117188
3721.93839524699	1169.09997558594
3723.76744027808	1167.40002441406
3725.59601538677	1171.80004882813
3727.4241207151	1174
