40.2973356941271	1129.5
43.2236257608418	1132.83337402344
46.1488808466109	1132.66662597656
49.0731017336173	1134.16662597656
51.9962892025666	1129.83337402344
54.9184440327569	1139
57.8395670020446	1141.33337402344
60.7596588868509	1146.5
63.6787204621708	1150.33337402344
66.5967525015794	1156.66662597656
69.5137557772381	1165.16662597656
72.4297310598838	1182.5
75.3446791188512	1196.16662597656
78.2586007220466	1202.33337402344
81.1714966360015	1227
84.0833676258266	1252.83337402344
86.994214455242	1287.5
89.9040378865662	1312.16662597656
92.8128386807427	1345.16662597656
95.7206175973133	1376.33337402344
98.6273753944444	1382.33337402344
101.533112828928	1418.33337402344
104.437830656161	1407.16662597656
107.34152963018	1430.33337402344
110.244210503676	1408.66662597656
113.145874027931	1409.66662597656
116.046520952895	1403.5
118.946152027154	1401
121.844767997933	1377.83337402344
124.74236961111	1373.33337402344
127.638957611212	1388
130.534532741422	1381.16662597656
133.429095743606	1383
136.322647358252	1385.83337402344
139.215188324544	1379.33337402344
142.106719380311	1394.83337402344
144.997241262089	1369.5
147.886754705057	1402.33337402344
150.775260443096	1395.83337402344
153.662759208748	1386.16662597656
156.549251733282	1390.16662597656
159.434738746612	1381.5
162.319220977376	1373.83337402344
165.20269915289	1370.83337402344
168.085173999178	1366.83337402344
170.966646240977	1371.5
173.847116601709	1366.83337402344
176.726585803528	1361
179.605054567295	1364.16662597656
182.48252361259	1356.66662597656
185.358993657701	1350.66662597656
188.234465419645	1344.66662597656
191.108939614183	1349.16662597656
193.982416955795	1353.5
196.854898157687	1358.16662597656
199.726383931801	1342.5
202.596874988835	1338.16662597656
205.466372038225	1368.66662597656
208.334875788145	1345.33337402344
211.202386945534	1348.5
214.068906216069	1354.83337402344
216.934434304194	1358.16662597656
219.798971913111	1331.16662597656
222.662519744776	1345.33337402344
225.525078499925	1355
228.386648878069	1339.83337402344
231.247231577465	1345.66662597656
234.106827295172	1330.16662597656
236.965436727012	1346.33337402344
239.823060567597	1337.5
242.679699510337	1333.33337402344
245.535354247396	1331.66662597656
248.390025469775	1335
251.243713867223	1332.66662597656
254.096420128327	1335.66662597656
256.948144940459	1319.66662597656
259.798888989788	1332.66662597656
262.648652961315	1322.83337402344
265.49743753883	1325.16662597656
268.345243404939	1322.16662597656
271.192071241073	1327.33337402344
274.037921727485	1326.5
276.882795543246	1318
279.72669336624	1307.83337402344
282.569615873213	1320
285.411563739724	1323.83337402344
288.252537640165	1316.16662597656
291.092538247763	1312
293.931566234616	1341
296.769622271633	1323.33337402344
299.606707028594	1325.83337402344
302.442821174104	1324.83337402344
305.277965375652	1320.66662597656
308.112140299574	1305.5
310.945346611062	1325
313.777584974167	1320.5
316.608856051813	1332.33337402344
319.439160505797	1317.5
322.268498996783	1310.5
325.096872184303	1324.83337402344
327.924280726782	1332
330.750725281521	1313.83337402344
333.576206504693	1342.66662597656
336.400725051388	1318.33337402344
339.224281575542	1320.33337402344
342.046876730026	1323.83337402344
344.868511166586	1308.66662597656
347.689185535872	1325.16662597656
350.508900487421	1324.83337402344
353.327656669699	1311
356.145454730079	1321.83337402344
358.962295314817	1323
361.778179069105	1324.66662597656
364.593106637051	1318
367.407078661675	1326.66662597656
370.220095784913	1332
373.032158647655	1323.5
375.843267889676	1317.33337402344
378.653424149715	1305.5
381.462628065436	1324.33337402344
384.270880273432	1333.5
387.078181409254	1325.66662597656
389.884532107358	1322
392.689933001188	1316.66662597656
395.494384723112	1338.33337402344
398.29788790445	1322.66662597656
401.100443175488	1336.83337402344
403.902051165437	1338.33337402344
406.702712502518	1321.5
409.502427813866	1336
412.301197725607	1321
415.099022862823	1334.16662597656
417.89590384957	1337.16662597656
420.691841308876	1329.16662597656
423.486835862752	1336.16662597656
426.280888132173	1337.5
429.073998737112	1333.66662597656
431.866168296507	1339
434.657397428298	1325.16662597656
437.447686749412	1323.5
440.237036875762	1331.66662597656
443.025448422257	1338.33337402344
445.812922002813	1322.66662597656
448.599458230326	1342.66662597656
451.38505771672	1352.33337402344
454.169721072909	1343
456.953448908819	1353.33337402344
459.736241833384	1338.33337402344
462.518100454555	1335.5
465.2990253793	1344.33337402344
468.079017213605	1334.5
470.858076562476	1334.16662597656
473.636204029939	1335.66662597656
476.41340021906	1338
479.189665731938	1338.33337402344
481.965001169667	1330.33337402344
484.739407132419	1353.66662597656
487.512884219391	1331.33337402344
490.285433028796	1352.66662597656
493.057054157921	1345
495.827748203087	1348
498.597515759658	1339.5
501.366357422061	1341.16662597656
504.134273783759	1341
506.901265437278	1354.16662597656
509.66733297421	1354
512.432476985198	1361.66662597656
515.196698059945	1345.5
517.959996787225	1351.83337402344
520.722373754895	1343
523.483829549856	1343.33337402344
526.24436475811	1343.5
529.003979964696	1345.66662597656
531.762675753779	1350.83337402344
534.520452708569	1350.33337402344
537.277311411375	1351
540.03325244359	1347.33337402344
542.788276385682	1363.83337402344
545.54238381725	1356
548.295575316938	1344
551.047851462516	1352.66662597656
553.799212830831	1364.83337402344
556.549659997851	1355.33337402344
559.299193538643	1353.33337402344
562.047814027381	1369.33337402344
564.795522037318	1351.33337402344
567.542318140861	1347
570.288202909507	1355
573.033176913873	1353.5
575.7772407237	1362.5
578.520394907829	1337.66662597656
581.26264003424	1348
584.003976670046	1358.5
586.744405381469	1346
589.483926733869	1357.16662597656
592.222541291746	1341.83337402344
594.96024961872	1356
597.697052277563	1362
600.432949830166	1358
603.167942837587	1358
605.902031860012	1363.5
608.635217456783	1347.66662597656
611.367500186378	1358.83337402344
614.098880606429	1348.83337402344
616.82935927374	1353.33337402344
619.558936744248	1358
622.287613573072	1363.83337402344
625.015390314457	1354.66662597656
627.742267521848	1343.16662597656
630.468245747829	1362.5
633.193325544166	1349.83337402344
635.917507461792	1356
638.640792050804	1368.5
641.36317986048	1377.33337402344
644.084671439281	1355.66662597656
646.805267334845	1361.83337402344
649.524968093967	1364.16662597656
652.24377426266	1383
654.961686386106	1375.33337402344
657.678705008678	1363
660.394830673939	1349.16662597656
663.110063924628	1388.16662597656
665.824405302728	1356.33337402344
668.537855349351	1377.16662597656
671.250414604863	1355.83337402344
673.962083608812	1359.16662597656
676.672862899949	1367.66662597656
679.382753016218	1374.16662597656
682.091754494801	1366.66662597656
684.799867872061	1366
687.507093683595	1363.83337402344
690.213432464198	1382.5
692.918884747899	1365.33337402344
695.623451067937	1381
698.327131956755	1380.83337402344
701.029927946065	1378.5
703.731839566754	1375
706.43286734896	1363.33337402344
709.133011822067	1382.83337402344
711.832273514658	1374
714.53065295457	1381.83337402344
717.228150668879	1393.83337402344
719.924767183889	1379.16662597656
722.620503025148	1374.16662597656
725.315358717446	1377.16662597656
728.009334784827	1380.16662597656
730.702431750559	1387.83337402344
733.394650137188	1382.16662597656
736.085990466498	1372.16662597656
738.776453259519	1377.33337402344
741.466039036542	1372.66662597656
744.154748317125	1382.83337402344
746.842581620074	1376.5
749.529539463458	1394.33337402344
752.215622364608	1388.16662597656
754.900830840131	1381.33337402344
757.585165405892	1393.16662597656
760.26862657703	1397.5
762.951214867957	1373.33337402344
765.632930792356	1373.16662597656
768.313774863181	1381.83337402344
770.993747592673	1378.66662597656
773.672849492359	1384.16662597656
776.351081073017	1388
779.028442844757	1380.83337402344
781.704935316928	1371.66662597656
784.380558998208	1379.16662597656
787.055314396528	1387.16662597656
789.729202019141	1382.16662597656
792.402222372581	1388.66662597656
795.074375962669	1379.83337402344
797.745663294537	1381.66662597656
800.416084872622	1394.66662597656
803.085641200652	1386.16662597656
805.754332781664	1396.33337402344
808.422160117986	1387.83337402344
811.089123711292	1369.33337402344
813.75522406252	1387.5
816.420461671951	1393.33337402344
819.084837039164	1385
821.748350663067	1403.5
824.411003041866	1389.16662597656
827.072794673116	1390.83337402344
829.733726053668	1412.33337402344
832.39379767971	1419
835.05301004674	1396
837.711363649601	1393.66662597656
840.368858982457	1384.66662597656
843.025496538805	1388
845.681276811467	1407.5
848.336200292618	1401.83337402344
850.99026747375	1411.83337402344
853.643478845713	1403
856.29583489868	1390.16662597656
858.947336122176	1409.16662597656
861.59798300506	1395.66662597656
864.247776035556	1406.83337402344
866.896715701222	1409.66662597656
869.544802488959	1400
872.192036885046	1403.5
874.838419375087	1389.5
877.483950444054	1394.5
880.128630576285	1401.33337402344
882.772460255461	1393.83337402344
885.415439964628	1424.16662597656
888.057570186211	1400.33337402344
890.698851401966	1399.16662597656
893.339284093045	1402.83337402344
895.978868739961	1421.83337402344
898.617605822596	1397
901.255495820196	1418.5
903.892539211396	1421.16662597656
906.528736474184	1394
909.164088085949	1414.33337402344
911.798594523442	1413.83337402344
914.432256262804	1422.5
917.065073779549	1399.5
919.697047548589	1397.66662597656
922.328178044212	1408.5
924.9584657401	1412.33337402344
927.587911109317	1428
930.216514624317	1418.33337402344
932.844276756963	1409.83337402344
935.471197978488	1430.83337402344
938.097278759538	1438.33337402344
940.722519570163	1433.5
943.346920879798	1432.83337402344
945.97048315729	1436
948.593206870885	1428
951.215092488219	1416
953.836140476366	1427.16662597656
956.456351301787	1430.33337402344
959.07572543037	1433.83337402344
961.694263327369	1426.66662597656
964.311965457521	1431
966.928832284933	1433.33337402344
969.544864273135	1418.5
972.160061885076	1413
974.774425583129	1423.16662597656
977.387955829099	1425.66662597656
980.000653084196	1422
982.612517809061	1437.16662597656
985.223550463768	1418.16662597656
987.833751507819	1427
990.443121400135	1432.5
993.051660599081	1410.16662597656
995.659369562449	1439.66662597656
998.266248747469	1435.16662597656
1000.87229861081	1441.66662597656
1003.47751960857	1442.16662597656
1006.0819121963	1430.66662597656
1008.68547682897	1427.16662597656
1011.28821396104	1431.83337402344
1013.89012404635	1435.5
1016.49120753824	1435.5
1019.09146488947	1434.83337402344
1021.69089655226	1433.66662597656
1024.28950297827	1431.16662597656
1026.88728461863	1411
1029.48424192392	1427
1032.08037534416	1427.5
1034.67568532886	1425.16662597656
1037.27017232694	1430
1039.86383678682	1441.83337402344
1042.45667915637	1432.5
1045.04869988293	1451.16662597656
1047.6398994133	1438.16662597656
1050.23027819374	1441.83337402344
1052.81983666998	1430.5
1055.40857528724	1447.66662597656
1057.99649449018	1446
1060.58359472296	1443.16662597656
1063.1698764292	1436.83337402344
1065.755340052	1441.16662597656
1068.33998603393	1443.33337402344
1070.92381481706	1456
1073.50682684291	1432.33337402344
1076.08902255251	1438.5
1078.67040238637	1433.16662597656
1081.25096678445	1435.33337402344
1083.83071618624	1437.83337402344
1086.4096510307	1442.83337402344
1088.98777175629	1453
1091.56507880094	1433
1094.14157260208	1437.66662597656
1096.71725359664	1434.33337402344
1099.29212222106	1441.5
1101.86617891125	1453
1104.43942410262	1456.83337402344
1107.01185823011	1460.16662597656
1109.58348172812	1440.33337402344
1112.15429503057	1439.83337402344
1114.7242985709	1431.66662597656
1117.29349278203	1423.83337402344
1119.86187809642	1438.33337402344
1122.42945494599	1447.16662597656
1124.99622376222	1451.66662597656
1127.56218497606	1465.83337402344
1130.12733901801	1452.16662597656
1132.69168631804	1433.33337402344
1135.25522730568	1432.5
1137.81796240995	1444.5
1140.37989205941	1437.16662597656
1142.9410166821	1437.33337402344
1145.50133670561	1428.33337402344
1148.06085255708	1438.5
1150.61956466311	1437.66662597656
1153.17747344987	1450.16662597656
1155.73457934305	1429.16662597656
1158.29088276786	1460.16662597656
1160.84638414903	1457.5
1163.40108391085	1457.5
1165.95498247711	1433.16662597656
1168.50808027116	1444.83337402344
1171.06037771587	1439.33337402344
1173.61187523364	1461.83337402344
1176.16257324643	1454.5
1178.71247217573	1451.33337402344
1181.26157244255	1424.16662597656
1183.80987446746	1437.16662597656
1186.35737867059	1430.16662597656
1188.90408547157	1453.66662597656
1191.44999528961	1443.33337402344
1193.99510854347	1445.66662597656
1196.53942565142	1441.66662597656
1199.08294703133	1454.5
1201.62567310057	1447.33337402344
1204.16760427611	1443.66662597656
1206.70874097445	1454
1209.24908361163	1444.5
1211.78863260327	1447.33337402344
1214.32738836454	1444.66662597656
1216.86535131017	1467.83337402344
1219.40252185445	1460.83337402344
1221.93890041121	1447.66662597656
1224.47448739389	1468.83337402344
1227.00928321544	1475
1229.54328828842	1461.5
1232.07650302491	1451.33337402344
1234.60892783662	1456.33337402344
1237.14056313477	1465.66662597656
1239.67140933017	1470.83337402344
1242.2014668332	1473.66662597656
1244.73073605384	1468.66662597656
1247.25921740159	1470.33337402344
1249.78691128558	1479.5
1252.31381811448	1468
1254.83993829655	1474.83337402344
1257.36527223962	1481.5
1259.88982035112	1483.83337402344
1262.41358303803	1473.33337402344
1264.93656070696	1493
1267.45875376405	1486.5
1269.98016261505	1494.83337402344
1272.50078766531	1470.33337402344
1275.02062931974	1480
1277.53968798285	1486.83337402344
1280.05796405875	1489
1282.57545795112	1488.83337402344
1285.09217006325	1487.16662597656
1287.60810079802	1502.5
1290.12325055788	1489.83337402344
1292.63761974492	1491.16662597656
1295.15120876079	1490.5
1297.66401800676	1470.66662597656
1300.17604788367	1490.16662597656
1302.687298792	1485
1305.19777113181	1495
1307.70746530274	1495.66662597656
1310.21638170408	1497.5
1312.7245207347	1502
1315.23188279307	1498.16662597656
1317.73846827728	1502.16662597656
1320.24427758502	1488.16662597656
1322.74931111359	1493.5
1325.25356925991	1481.83337402344
1327.75705242051	1496
1330.25976099151	1521
1332.76169536868	1491.66662597656
1335.26285594737	1513.83337402344
1337.76324312256	1505.5
1340.26285728887	1504.5
1342.76169884052	1506.66662597656
1345.25976817132	1487.16662597656
1347.75706567474	1493.66662597656
1350.25359174387	1483.16662597656
1352.74934677141	1496
1355.24433114968	1492.16662597656
1357.73854527062	1481.5
1360.23198952583	1468.66662597656
1362.7246643065	1475.16662597656
1365.21657000347	1463.16662597656
1367.7077070072	1514.66662597656
1370.19807570777	1499.16662597656
1372.68767649492	1486.83337402344
1375.176509758	1478.33337402344
1377.66457588599	1487.83337402344
1380.15187526753	1483.5
1382.63840829087	1485.5
1385.1241753439	1487.33337402344
1387.60917681417	1510.16662597656
1390.09341308884	1490
1392.57688455474	1487.83337402344
1395.05959159829	1490.83337402344
1397.54153460562	1493.66662597656
1400.02271396243	1502.33337402344
1402.50313005414	1523.16662597656
1404.98278326576	1494.33337402344
1407.46167398196	1491.83337402344
1409.93980258707	1502.16662597656
1412.41716946504	1503.16662597656
1414.89377499951	1504.33337402344
1417.36961957373	1486.5
1419.84470357062	1496
1422.31902737275	1513.16662597656
1424.79259136235	1513.66662597656
1427.26539592129	1508.33337402344
1429.73744143111	1518.33337402344
1432.20872827299	1513.16662597656
1434.67925682777	1509.33337402344
1437.14902747597	1506.83337402344
1439.61804059773	1517.16662597656
1442.0862965729	1524.33337402344
1444.55379578093	1525
1447.02053860099	1524.33337402344
1449.48652541188	1527.5
1451.95175659206	1533.16662597656
1454.41623251969	1505.33337402344
1456.87995357255	1534.66662597656
1459.34292012811	1528.5
1461.80513256351	1527.83337402344
1464.26659125557	1515.83337402344
1466.72729658073	1528.83337402344
1469.18724891517	1512.66662597656
1471.64644863469	1524.66662597656
1474.10489611478	1521.16662597656
1476.5625917306	1518.66662597656
1479.01953585699	1500
1481.47572886844	1497.66662597656
1483.93117113917	1501.5
1486.38586304302	1503
1488.83980495354	1504
1491.29299724395	1490.16662597656
1493.74544028715	1508.5
1496.19713445573	1506.5
1498.64808012193	1496
1501.09827765772	1496.16662597656
1503.54772743471	1521.33337402344
1505.99642982421	1513.66662597656
1508.44438519723	1503.33337402344
1510.89159392446	1503.66662597656
1513.33805637625	1485.33337402344
1515.78377292266	1498.83337402344
1518.22874393346	1501.83337402344
1520.67296977806	1512.5
1523.11645082559	1509
1525.55918744488	1485.83337402344
1528.00118000444	1503.5
1530.44242887245	1482.33337402344
1532.88293441684	1515
1535.32269700517	1491.33337402344
1537.76171700475	1488.83337402344
1540.19999478255	1491.66662597656
1542.63753070526	1516.83337402344
1545.07432513925	1512.5
1547.5103784506	1527.83337402344
1549.94569100509	1506.33337402344
1552.38026316819	1511.16662597656
1554.8140953051	1520
1557.24718778067	1518.66662597656
1559.67954095952	1511.5
1562.11115520592	1529.16662597656
1564.54203088386	1516.83337402344
1566.97216835704	1514.5
1569.40156798888	1523.16662597656
1571.83023014248	1524.16662597656
1574.25815518067	1511.33337402344
1576.68534346597	1528.83337402344
1579.11179536062	1539
1581.53751122658	1531.83337402344
1583.9624914255	1512.66662597656
1586.38673631876	1518.66662597656
1588.81024626745	1541.83337402344
1591.23302163235	1524.5
1593.655062774	1511.83337402344
1596.07637005262	1521.33337402344
1598.49694382815	1546.33337402344
1600.91678446025	1529
1603.33589230831	1522.16662597656
1605.75426773142	1515.16662597656
1608.1719110884	1544.66662597656
1610.58882273779	1523.83337402344
1613.00500303784	1541.16662597656
1615.42045234654	1540.66662597656
1617.83517102158	1554.33337402344
1620.24915942039	1536.16662597656
1622.66241790012	1554.5
1625.07494681764	1556.16662597656
1627.48674652954	1547
1629.89781739216	1562.83337402344
1632.30815976152	1560.66662597656
1634.71777399343	1543
1637.12666044338	1554
1639.53481946661	1555.16662597656
1641.94225141808	1567.16662597656
1644.34895665248	1574
1646.75493552424	1562
1649.16018838752	1556.66662597656
1651.56471559621	1601.83337402344
1653.96851750392	1575.33337402344
1656.37159446403	1570.5
1658.7739468296	1578.16662597656
1661.17557495349	1572.16662597656
1663.57647918824	1567.66662597656
1665.97665988617	1565.5
1668.37611739929	1565.33337402344
1670.77485207939	1550.16662597656
1673.17286427799	1568.5
1675.57015434633	1556.66662597656
1677.96672263542	1532.33337402344
1680.36256949598	1541.16662597656
1682.7576952785	1538.5
1685.15210033318	1553.83337402344
1687.54578501	1551.5
1689.93874965866	1526.83337402344
1692.33099462861	1536.66662597656
1694.72252026904	1540.66662597656
1697.11332692889	1552
1699.50341495686	1543.33337402344
1701.89278470137	1531
1704.28143651061	1529
1706.66937073251	1529.16662597656
1709.05658771473	1532.16662597656
1711.44308780473	1527.33337402344
1713.82887134968	1521.33337402344
1716.21393869648	1520.83337402344
1718.59829019185	1530
1720.98192618221	1513.83337402344
1723.36484701374	1538.16662597656
1725.74705303238	1523.33337402344
1728.12854458384	1533.33337402344
1730.50932201356	1544.33337402344
1732.88938566673	1510
1735.26873588834	1541.66662597656
1737.64737302307	1550.5
1740.02529741544	1522
1742.40250940964	1516.16662597656
1744.77900934969	1520.83337402344
1747.15479757933	1530
1749.52987444206	1542.83337402344
1751.90424028116	1539.66662597656
1754.27789543967	1524.33337402344
1756.65084026037	1503.5
1759.02307508582	1525.66662597656
1761.39460025833	1527
1763.76541612	1544
1766.13552301265	1536
1768.50492127791	1530.5
1770.87361125714	1525
1773.2415932915	1532.16662597656
1775.60886772188	1536.33337402344
1777.97543488896	1532.33337402344
1780.34129513318	1528.83337402344
1782.70644879475	1541
1785.07089621365	1535.16662597656
1787.43463772964	1534.66662597656
1789.7976736822	1538
1792.16000441066	1538.83337402344
1794.52163025405	1514.33337402344
1796.88255155121	1524.33337402344
1799.24276864074	1538.33337402344
1801.60228186102	1509
1803.96109155019	1523.83337402344
1806.31919804618	1541.66662597656
1808.67660168668	1526.33337402344
1811.03330280916	1539
1813.38930175088	1539.5
1815.74459884884	1545
1818.09919443984	1545.66662597656
1820.45308886047	1556.16662597656
1822.80628244708	1517.66662597656
1825.1587755358	1539.66662597656
1827.51056846254	1537
1829.86166156297	1537.66662597656
1832.21205517258	1540.83337402344
1834.56174962661	1536.66662597656
1836.91074526009	1545
1839.25904240783	1534.66662597656
1841.60664140443	1530
1843.95354258425	1546.5
1846.29974628146	1544.16662597656
1848.64525282998	1560.33337402344
1850.99006256356	1534
1853.3341758157	1537.83337402344
1855.67759291968	1551.33337402344
1858.02031420858	1538.33337402344
1860.36234001528	1551.66662597656
1862.70367067241	1561.33337402344
1865.04430651244	1536.83337402344
1867.38424786755	1543.16662597656
1869.72349506978	1541.5
1872.06204845094	1537.16662597656
1874.39990834258	1542.83337402344
1876.73707507612	1546.83337402344
1879.07354898269	1545.5
1881.40933039328	1554.5
1883.74441963861	1555.16662597656
1886.07881704925	1565.33337402344
1888.41252295551	1548.33337402344
1890.74553768751	1563.83337402344
1893.07786157519	1537.5
1895.40949494822	1542.16662597656
1897.74043813615	1564.5
1900.07069146823	1547.33337402344
1902.40025527357	1568
1904.72912988106	1550.5
1907.05731561938	1559.66662597656
1909.38481281699	1555.5
1911.71162180217	1530.83337402344
1914.037742903	1534.66662597656
1916.36317644734	1542.5
1918.68792276284	1569.5
1921.01198217697	1544.66662597656
1923.33535501699	1555.33337402344
1925.65804160996	1553.33337402344
1927.98004228273	1567.16662597656
1930.30135736196	1538.83337402344
1932.6219871741	1562.66662597656
1934.94193204543	1548.33337402344
1937.26119230198	1543.5
1939.57976826962	1554.66662597656
1941.89766027402	1554.33337402344
1944.21486864062	1549.5
1946.53139369472	1574.5
1948.84723576137	1562.16662597656
1951.16239516543	1565.83337402344
1953.47687223159	1559.66662597656
1955.79066728434	1575.66662597656
1958.10378064794	1568
1960.4162126465	1560.5
1962.7279636039	1571.5
1965.03903384385	1554.33337402344
1967.34942368987	1542.66662597656
1969.65913346524	1555.83337402344
1971.96816349311	1584.5
1974.2765140964	1555
1976.58418559784	1558.16662597656
1978.89117831997	1563
1981.19749258516	1559.16662597656
1983.50312871555	1559.66662597656
1985.80808703313	1552
1988.11236785967	1560.66662597656
1990.41597151676	1572.33337402344
1992.71889832581	1583.16662597656
1995.02114860801	1566.66662597656
1997.3227226844	1551.33337402344
1999.62362087581	1545.66662597656
2001.92384350288	1584.66662597656
2004.22339088608	1573.83337402344
2006.52226334567	1557.33337402344
2008.82046120173	1559.33337402344
2011.11798477417	1561.83337402344
2013.41483438269	1565.16662597656
2015.71101034681	1585
2018.00651298588	1575
2020.30134261905	1564.5
2022.59549956528	1586.5
2024.88898414337	1582.33337402344
2027.1817966719	1575
2029.4739374693	1577
2031.76540685379	1558.5
2034.05620514342	1575.33337402344
2036.34633265607	1578.83337402344
2038.6357897094	1561.16662597656
2040.92457662092	1571.5
2043.21269370795	1574.66662597656
2045.50014128763	1582.83337402344
2047.78691967691	1576.16662597656
2050.07302919256	1584.66662597656
2052.35847015118	1593.16662597656
2054.64324286919	1589.33337402344
2056.9273476628	1562.83337402344
2059.21078484808	1573
2061.4935547409	1581.83337402344
2063.77565765696	1569.83337402344
2066.05709391176	1571.83337402344
2068.33786382065	1584
2070.61796769879	1572.83337402344
2072.89740586116	1558.5
2075.17617862255	1580
2077.45428629759	1574.16662597656
2079.73172920075	1571.5
2082.00850764627	1560.5
2084.28462194827	1579.66662597656
2086.56007242065	1569.33337402344
2088.83485937717	1574.66662597656
2091.10898313139	1588.5
2093.3824439967	1586.5
2095.65524228632	1579.83337402344
2097.92737831328	1572.83337402344
2100.19885239047	1582
2102.46966483057	1605
2104.7398159461	1596.33337402344
2107.00930604941	1569
2109.27813545267	1579.66662597656
2111.54630446787	1580.5
2113.81381340685	1619.66662597656
2116.08066258126	1569.33337402344
2118.34685230257	1599.66662597656
2120.61238288211	1575.33337402344
2122.87725463099	1593.66662597656
2125.1414678602	1583.83337402344
2127.40502288052	1600
2129.66792000257	1601.5
2131.93015953682	1603
2134.19174179353	1601
2136.45266708282	1616.66662597656
2138.71293571463	1585.66662597656
2140.97254799873	1594.5
2143.23150424473	1596.33337402344
2145.48980476205	1582.83337402344
2147.74744985996	1589
2150.00443984754	1579.33337402344
2152.26077503373	1611.5
2154.51645572728	1590.5
2156.77148223677	1588.66662597656
2159.02585487064	1598.16662597656
2161.27957393713	1603
2163.53263974432	1604.5
2165.78505260012	1600.83337402344
2168.0368128123	1601.5
2170.28792068844	1581.66662597656
2172.53837653595	1583.66662597656
2174.78818066207	1588.16662597656
2177.03733337389	1600.16662597656
2179.28583497833	1592.16662597656
2181.53368578214	1599.5
2183.78088609192	1593
2186.02743621406	1588.66662597656
2188.27333645484	1586.66662597656
2190.51858712033	1597.66662597656
2192.76318851646	1587.33337402344
2195.00714094901	1589.5
2197.25044472354	1567.66662597656
2199.49310014551	1601.5
2201.73510752018	1626.66662597656
2203.97646715265	1579.33337402344
2206.21717934786	1595.83337402344
2208.45724441058	1583.5
2210.69666264543	1594.5
2212.93543435686	1604
2215.17355984914	1578.83337402344
2217.41103942642	1575.16662597656
2219.64787339264	1590.66662597656
2221.8840620516	1597.5
2224.11960570695	1597.66662597656
2226.35450466215	1599.16662597656
2228.58875922051	1578.33337402344
2230.82236968518	1609.83337402344
2233.05533635916	1599.33337402344
2235.28765954527	1610.33337402344
2237.51933954617	1606.33337402344
2239.75037666437	1601.83337402344
2241.98077120221	1604.66662597656
2244.21052346188	1609.5
2246.4396337454	1582.5
2248.66810235461	1607.83337402344
2250.89592959125	1605.66662597656
2253.12311575681	1603.5
2255.34966115272	1602.33337402344
2257.57556608017	1587.66662597656
2259.80083084023	1591.33337402344
2262.02545573381	1597.16662597656
2264.24944106163	1590.33337402344
2266.47278712429	1599.66662597656
2268.69549422221	1602.5
2270.91756265564	1609.66662597656
2273.1389927247	1583.66662597656
2275.35978472934	1588
2277.57993896933	1594.66662597656
2279.79945574431	1607.33337402344
2282.01833535375	1592.83337402344
2284.23657809696	1573.5
2286.45418427309	1585.33337402344
2288.67115418114	1605.83337402344
2290.88748811995	1609.5
2293.10318638819	1612
2295.3182492844	1605
2297.53267710693	1593.66662597656
2299.746470154	1602.83337402344
2301.95962872364	1577.16662597656
2304.17215311376	1602.5
2306.3840436221	1615.83337402344
2308.59530054621	1603.16662597656
2310.80592418354	1595.5
2313.01591483134	1611.83337402344
2315.22527278673	1600.33337402344
2317.43399834666	1630.33337402344
2319.64209180791	1604.66662597656
2321.84955346713	1601.5
2324.05638362079	1611.83337402344
2326.26258256524	1594.33337402344
2328.46815059664	1594
2330.67308801098	1607
2332.87739510415	1609.66662597656
2335.08107217184	1612.66662597656
2337.2841195096	1618.33337402344
2339.48653741281	1611.16662597656
2341.68832617672	1609.66662597656
2343.8894860964	1621.66662597656
2346.09001746678	1631.16662597656
2348.28992058261	1622.5
2350.48919573852	1602.5
2352.68784322898	1605.33337402344
2354.88586334826	1611.33337402344
2357.08325639055	1626
2359.2800226498	1609.83337402344
2361.47616241988	1626.83337402344
2363.67167599445	1627
2365.86656366706	1603
2368.06082573107	1594.83337402344
2370.2544624797	1616.83337402344
2372.44747420603	1631.16662597656
2374.63986120295	1590.83337402344
2376.83162376322	1600.16662597656
2379.02276217945	1607.83337402344
2381.21327674408	1619.16662597656
2383.4031677494	1596.83337402344
2385.59243548756	1601.83337402344
2387.78108025053	1613.33337402344
2389.96910233014	1607.16662597656
2392.15650201809	1617.83337402344
2394.34327960587	1627
2396.52943538486	1622.83337402344
2398.71496964628	1617
2400.89988268118	1617.16662597656
2403.08417478048	1598.33337402344
2405.26784623491	1599.16662597656
2407.45089733509	1609.5
2409.63332837146	1623.83337402344
2411.81513963429	1615.16662597656
2413.99633141375	1614.83337402344
2416.1769039998	1609.66662597656
2418.35685768227	1602
2420.53619275084	1625
2422.71490949505	1615.33337402344
2424.89300820425	1604.83337402344
2427.07048916765	1597
2429.24735267433	1618.33337402344
2431.42359901319	1612.33337402344
2433.59922847297	1599.83337402344
2435.7742413423	1611.16662597656
2437.94863790961	1604.66662597656
2440.12241846321	1595.5
2442.29558329121	1613.66662597656
2444.46813268162	1619.83337402344
2446.64006692228	1610
2448.81138630086	1619.83337402344
2450.98209110489	1602
2453.15218162174	1621.66662597656
2455.32165813864	1625.16662597656
2457.49052094265	1618
2459.65877032069	1599.83337402344
2461.8264065595	1634
2463.99342994572	1629.33337402344
2466.15984076579	1628.16662597656
2468.325639306	1624.5
2470.49082585251	1622.33337402344
2472.65540069131	1629.16662597656
2474.81936410824	1645.83337402344
2476.98271638899	1627.66662597656
2479.14545781909	1634.66662597656
2481.30758868392	1638.83337402344
2483.4691092687	1639.5
2485.63001985852	1632.83337402344
2487.79032073829	1624
2489.95001219277	1648.33337402344
2492.10909450659	1623.66662597656
2494.26756796419	1613.33337402344
2496.42543284989	1622.83337402344
2498.58268944783	1651
2500.73933804202	1626.5
2502.8953789163	1630.5
2505.05081235436	1630.33337402344
2507.20563863974	1633.16662597656
2509.35985805582	1644.5
2511.51347088583	1621.66662597656
2513.66647741285	1627.16662597656
2515.81887791981	1622
2517.97067268946	1594.16662597656
2520.12186200443	1615.83337402344
2522.27244614716	1622.33337402344
2524.42242539999	1639
2526.57180004504	1606.83337402344
2528.72057036433	1620.5
2530.8687366397	1623.16662597656
2533.01629915284	1620.5
2535.16325818527	1627.33337402344
2537.30961401839	1618
2539.45536693343	1607.16662597656
2541.60051721145	1631
2543.74506513338	1630.66662597656
2545.88901097997	1629.83337402344
2548.03235503185	1613.83337402344
2550.17509756946	1642.66662597656
2552.31723887311	1632
2554.45877922293	1629.66662597656
2556.59971889893	1610.83337402344
2558.74005818094	1630
2560.87979734864	1635.5
2563.01893668155	1641.16662597656
2565.15747645906	1635.5
2567.29541696037	1615.33337402344
2569.43275846454	1615.66662597656
2571.56950125049	1624.16662597656
2573.70564559696	1623.66662597656
2575.84119178254	1623.33337402344
2577.97614008569	1637.66662597656
2580.11049078468	1604
2582.24424415764	1651.16662597656
2584.37740048255	1633.83337402344
2586.50996003722	1640.16662597656
2588.64192309931	1632
2590.77328994634	1626.5
2592.90406085564	1642.5
2595.03423610442	1638.16662597656
2597.16381596971	1633.5
2599.29280072839	1624.83337402344
2601.42119065719	1627
2603.54898603267	1641
2605.67618713125	1641.33337402344
2607.80279422919	1635.83337402344
2609.92880760257	1636.33337402344
2612.05422752735	1630
2614.17905427932	1644.16662597656
2616.30328813408	1638
2618.42692936713	1625.66662597656
2620.54997825377	1650.66662597656
2622.67243506915	1640
2624.79430008828	1646.16662597656
2626.915573586	1621.66662597656
2629.03625583699	1634.66662597656
2631.15634711579	1644.66662597656
2633.27584769675	1650.16662597656
2635.39475785408	1649.83337402344
2637.51307786185	1654.16662597656
2639.63080799394	1615.66662597656
2641.74794852409	1646.16662597656
2643.86449972589	1653.33337402344
2645.98046187273	1649.66662597656
2648.0958352379	1640.5
2650.21062009449	1656.16662597656
2652.32481671544	1631
2654.43842537353	1635.16662597656
2656.5514463414	1634.16662597656
2658.66387989151	1628.16662597656
2660.77572629616	1637
2662.88698582751	1632
2664.99765875753	1654.5
2667.10774535806	1641.5
2669.21724590076	1656.33337402344
2671.32616065714	1651.83337402344
2673.43448989857	1640
2675.5422338962	1642.5
2677.64939292108	1681.5
2679.75596724408	1653.16662597656
2681.86195713589	1633
2683.96736286707	1637.83337402344
2686.07218470799	1634.33337402344
2688.17642292889	1658.66662597656
2690.28007779982	1642.83337402344
2692.38314959069	1633
2694.48563857123	1648
2696.58754501103	1661
2698.6888691795	1656.5
2700.78961134588	1637.66662597656
2702.8897717793	1638.16662597656
2704.98935074864	1628.16662597656
2707.08834852271	1650.83337402344
2709.18676537009	1638
2711.28460155925	1660.16662597656
2713.38185735843	1652.83337402344
2715.47853303577	1632
2717.57462885924	1656.66662597656
2719.67014509659	1652.83337402344
2721.76508201548	1644.83337402344
2723.85943988337	1629.83337402344
2725.95321896754	1648
2728.04641953515	1638
2730.13904185316	1650.83337402344
2732.23108618837	1650.33337402344
2734.32255280744	1640.5
2736.41344197683	1650.5
2738.50375396288	1654.16662597656
2740.5934890317	1658.83337402344
2742.68264744932	1646.66662597656
2744.77122948153	1656.83337402344
2746.85923539398	1664.83337402344
2748.94666545217	1661.33337402344
2751.03351992142	1644.16662597656
2753.11979906688	1669
2755.20550315355	1653.16662597656
2757.29063244624	1627.5
2759.37518720963	1655.83337402344
2761.45916770819	1654.66662597656
2763.54257420625	1654.33337402344
2765.62540696797	1650.5
2767.70766625733	1653
2769.78935233816	1650.83337402344
2771.87046547413	1647.33337402344
2773.95100592869	1646.16662597656
2776.03097396519	1650.83337402344
2778.11036984677	1657
2780.18919383641	1652.83337402344
2782.26744619693	1656.83337402344
2784.34512719097	1653.33337402344
2786.42223708102	1644.83337402344
2788.49877612937	1638.33337402344
2790.57474459816	1665.66662597656
2792.65014274937	1653
2794.7249708448	1666
2796.79922914607	1646.5
2798.87291791465	1658.66662597656
2800.94603741181	1668.83337402344
2803.01858789869	1645.5
2805.09056963623	1669.5
2807.1619828852	1645.16662597656
2809.23282790621	1668.16662597656
2811.30310495971	1635.83337402344
2813.37281430593	1658.66662597656
2815.441956205	1658.83337402344
2817.51053091682	1676.33337402344
2819.57853870114	1677.66662597656
2821.64597981753	1683.33337402344
2823.7128545254	1671.83337402344
2825.77916308399	1661.66662597656
2827.84490575233	1695.5
2829.91008278933	1675
2831.97469445369	1669.33337402344
2834.03874100395	1654.33337402344
2836.10222269847	1672.33337402344
2838.16513979544	1673.5
2840.22749255288	1689.66662597656
2842.28928122863	1683.66662597656
2844.35050608034	1672.33337402344
2846.41116736553	1664
2848.47126534149	1728.5
2850.53080026537	1702
2852.58977239414	1692.83337402344
2854.64818198459	1688.66662597656
2856.70602929332	1699.33337402344
2858.76331457678	1718
2860.82003809123	1716
2862.87620009274	1737.33337402344
2864.93180083723	1724.66662597656
2866.98684058043	1748.83337402344
2869.04131957789	1759.33337402344
2871.09523808497	1810.33337402344
2873.14859635689	1790.33337402344
2875.20139464866	1768.66662597656
2877.2536332151	1783
2879.30531231091	1784
2881.35643219054	1782.66662597656
2883.40699310831	1760.33337402344
2885.45699531834	1766.83337402344
2887.50643907457	1757.33337402344
2889.55532463077	1764.5
2891.60365224053	1804.83337402344
2893.65142215724	1777.16662597656
2895.69863463414	1777.66662597656
2897.74528992426	1797.16662597656
2899.79138828046	1798.83337402344
2901.83692995544	1806
2903.88191520168	1785.83337402344
2905.92634427151	1798.66662597656
2907.97021741706	1856.5
2910.01353489027	1839.33337402344
2912.05629694294	1822.66662597656
2914.09850382663	1858.66662597656
2916.14015579276	1894
2918.18125309254	1876.5
2920.22179597702	1890.33337402344
2922.26178469705	1919.5
2924.30121950329	1920.16662597656
2926.34010064624	1911
2928.37842837619	1946
2930.41620294326	1930.16662597656
2932.45342459737	1927.66662597656
2934.49009358828	1947.16662597656
2936.52621016555	1946.83337402344
2938.56177457854	1948.16662597656
2940.59678707645	1912.66662597656
2942.63124790827	1915.83337402344
2944.66515732282	1891.83337402344
2946.69851556873	1901.83337402344
2948.73132289443	1895.33337402344
2950.76357954817	1886
2952.79528577803	1861.33337402344
2954.82644183188	1855.66662597656
2956.85704795741	1872.66662597656
2958.8871044021	1842.66662597656
2960.91661141328	1840
2962.94556923807	1831
2964.97397812339	1837.33337402344
2967.00183831598	1811
2969.0291500624	1816.83337402344
2971.05591360902	1818
2973.08212920199	1830.5
2975.1077970873	1816.66662597656
2977.13291751074	1811.16662597656
2979.1574907179	1798.66662597656
2981.18151695419	1818.16662597656
2983.20499646482	1779.83337402344
2985.2279294948	1797.33337402344
2987.25031628898	1788.66662597656
2989.27215709199	1787.16662597656
2991.29345214825	1793
2993.31420170204	1778.16662597656
2995.33440599738	1777
2997.35406527816	1749.16662597656
2999.37317978802	1754.83337402344
3001.39174977045	1767.16662597656
3003.40977546872	1765.33337402344
3005.42725712591	1757.83337402344
3007.44419498491	1739.33337402344
3009.4605892884	1751.5
3011.47644027889	1754.16662597656
3013.49174819865	1729
3015.5065132898	1749.66662597656
3017.52073579424	1740.16662597656
3019.53441595366	1741
3021.54755400959	1747.16662597656
3023.56015020332	1725.5
3025.57220477598	1749.16662597656
3027.58371796846	1738.33337402344
3029.5946900215	1734.16662597656
3031.6051211756	1746.33337402344
3033.61501167107	1746.16662597656
3035.62436174803	1762.33337402344
3037.6331716464	1744.5
3039.64144160588	1775
3041.649171866	1749.16662597656
3043.65636266607	1741.66662597656
3045.6630142452	1770.33337402344
3047.66912684229	1731
3049.67470069605	1761.16662597656
3051.679736045	1768.33337402344
3053.68423312742	1753
3055.68819218143	1764.5
3057.6916134449	1736.5
3059.69449715556	1751.83337402344
3061.69684355086	1779
3063.6986528681	1764.66662597656
3065.69992534437	1758.66662597656
3067.70066121653	1776.83337402344
3069.70086072126	1773.33337402344
3071.700524095	1795
3073.69965157405	1751.16662597656
3075.69824339442	1784.83337402344
3077.69629979197	1795.16662597656
3079.69382100235	1770.83337402344
3081.69080726098	1770.66662597656
3083.68725880307	1767.33337402344
3085.68317586366	1774.33337402344
3087.67855867755	1791
3089.67340747933	1781.33337402344
3091.6677225034	1772.16662597656
3093.66150398392	1794
3095.6547521549	1784.66662597656
3097.64746725006	1772.83337402344
3099.63964950297	1804.83337402344
3101.63129914698	1809.66662597656
3103.6224164152	1782
3105.61300154056	1784.83337402344
3107.60305475576	1828.5
3109.59257629331	1816.66662597656
3111.58156638547	1821.5
3113.57002526432	1822
3115.55795316172	1799.33337402344
3117.54535030932	1817.5
3119.53221693853	1837.83337402344
3121.51855328057	1842.66662597656
3123.50435956646	1843.33337402344
3125.48963602698	1854.83337402344
3127.4743828927	1859.33337402344
3129.45860039397	1826.33337402344
3131.44228876093	1874.83337402344
3133.42544822353	1869.16662597656
3135.40807901145	1875.16662597656
3137.39018135418	1856.66662597656
3139.37175548102	1851.5
3141.35280162101	1856.66662597656
3143.33332000299	1860
3145.31331085559	1883.66662597656
3147.2927744072	1849.16662597656
3149.27171088602	1877.83337402344
3151.25012052	1876.66662597656
3153.22800353689	1852.66662597656
3155.20536016422	1875.16662597656
3157.18219062929	1894.83337402344
3159.15849515918	1878.83337402344
3161.13427398075	1888.66662597656
3163.10952732066	1871.16662597656
3165.08425540532	1898.66662597656
3167.05845846092	1896.5
3169.03213671344	1917.33337402344
3171.00529038863	1922.83337402344
3172.97791971203	1902.83337402344
3174.95002490893	1895.83337402344
3176.92160620443	1926.5
3178.89266382337	1916.16662597656
3180.8631979904	1917
3182.83320892991	1911.33337402344
3184.80269686609	1927.16662597656
3186.77166202289	1890.66662597656
3188.74010462406	1918.5
3190.70802489307	1919.83337402344
3192.67542305323	1959.33337402344
3194.64229932757	1923
3196.60865393892	1928.83337402344
3198.57448710987	1932.33337402344
3200.53979906279	1944.66662597656
3202.50459001981	1943
3204.46886020284	1969.16662597656
3206.43260983356	1962
3208.39583913341	1984.66662597656
3210.35854832362	1952.33337402344
3212.32073762517	1956.33337402344
3214.28240725881	1953.33337402344
3216.24355744508	1958.33337402344
3218.20418840426	1977
3220.16430035642	1972.5
3222.12389352137	1962
3224.08296811873	1994.5
3226.04152436784	1966.33337402344
3227.99956248784	1951.16662597656
3229.95708269762	1954
3231.91408521584	1978
3233.87057026092	1960.66662597656
3235.82653805105	1965
3237.78198880419	1961.33337402344
3239.73692273806	1979.83337402344
3241.69134007013	1965.83337402344
3243.64524101764	1976.5
3245.59862579761	1986.5
3247.55149462681	1983.16662597656
3249.50384772176	1982.16662597656
3251.45568529877	1977.66662597656
3253.40700757387	1972
3255.35781476288	2027.16662597656
3257.3081070814	1994
3259.25788474473	1991.16662597656
3261.20714796799	2002.83337402344
3263.15589696602	1982.16662597656
3265.10413195345	1997.16662597656
3267.05185314463	2013.16662597656
3268.9990607537	2022.33337402344
3270.94575499455	1995.66662597656
3272.89193608081	2016.83337402344
3274.8376042259	2030.33337402344
3276.78275964296	2017
3278.72740254492	1996.83337402344
3280.67153314443	2013.16662597656
3282.61515165393	2000.33337402344
3284.55825828559	2017.83337402344
3286.50085325135	2018.33337402344
3288.44293676289	2016
3290.38450903165	1989.16662597656
3292.32557026883	1985.16662597656
3294.26612068537	2004.5
3296.20616049198	1996.16662597656
3298.14568989911	1986
3300.08470911695	1998.66662597656
3302.02321835546	2002.16662597656
3303.96121782435	2009.83337402344
3305.89870773306	2011.83337402344
3307.83568829081	2026.66662597656
3309.77215970655	2018.33337402344
3311.70812218898	1990.5
3313.64357594655	2008.66662597656
3315.57852118747	1988.83337402344
3317.51295811968	1984.83337402344
3319.44688695087	1987.66662597656
3321.38030788849	2023.16662597656
3323.31322113973	2026.33337402344
3325.24562691152	2001.66662597656
3327.17752541055	2021.33337402344
3329.10891684322	2022.66662597656
3331.03980141573	2002.16662597656
3332.97017933399	1987.16662597656
3334.90005080364	2020.16662597656
3336.82941603011	2019.66662597656
3338.75827521852	1959
3340.68662857377	2017
3342.6144763005	2016.83337402344
3344.54181860308	2010.33337402344
3346.46865568561	1984.66662597656
3348.39498775195	2003.16662597656
3350.32081500571	1989.83337402344
3352.24613765022	2021
3354.17095588855	2018.83337402344
3356.09526992352	2044.83337402344
3358.01907995769	2020
3359.94238619334	2029
3361.86518883251	1989
3363.78748807697	2008
3365.70928412823	2026.5
3367.63057718752	2013.33337402344
3369.55136745582	2011
3371.47165513386	2025.66662597656
3373.39144042208	2015.83337402344
3375.31072352066	2041.66662597656
3377.22950462953	2020
3379.14778394834	2003.33337402344
3381.06556167648	2010
3382.98283801308	2006.83337402344
3384.89961315697	2031
3386.81588730676	2014.5
3388.73166066076	2026.83337402344
3390.64693341702	2008.83337402344
3392.56170577332	1986.66662597656
3394.47597792716	2042
3396.38975007581	2016.5
3398.30302241623	2029.16662597656
3400.21579514512	2031.33337402344
3402.1280684589	2004.16662597656
3404.03984255374	2006
3405.95111762553	2017.33337402344
3407.86189386987	2038.83337402344
3409.77217148212	2016.16662597656
3411.68195065733	2042.83337402344
3413.5912315903	2015.33337402344
3415.50001447556	2006.33337402344
3417.40829950735	2031.16662597656
3419.31608687963	1992.66662597656
3421.22337678611	2027.16662597656
3423.1301694202	2006
3425.03646497504	2015.66662597656
3426.9422636435	2000.66662597656
3428.84756561816	1990.16662597656
3430.75237109135	2020.5
3432.65668025508	2008.33337402344
3434.56049330112	2010.33337402344
3436.46381042093	2018
3438.36663180571	1994.33337402344
3440.26895764638	2004.16662597656
3442.17078813357	2008
3444.07212345762	2012.5
3445.97296380863	1985.33337402344
3447.87330937636	1980.83337402344
3449.77316035033	2003.66662597656
3451.67251691977	1996.66662597656
3453.57137927361	1985
3455.46974760052	1986.5
3457.36762208886	2001
3459.26500292671	1999.33337402344
3461.16189030191	2007.66662597656
3463.05828440194	1988
3464.95418541406	1984.66662597656
3466.84959352519	1995.5
3468.74450892201	1965.5
3470.63893179088	1979
3472.53286231788	1971.5
3474.42630068881	1993.66662597656
3476.31924708918	1979.5
3478.2117017042	1967.16662597656
3480.1036647188	1983.16662597656
3481.99513631761	1977.16662597656
3483.88611668498	1951.5
3485.77660600498	1967.5
3487.66660446135	1982.16662597656
3489.55611223758	1961
3491.44512951683	1941.5
3493.333656482	1935.83337402344
3495.22169331568	1972.66662597656
3497.10924020016	1945.5
3498.99629731746	1944.66662597656
3500.88286484927	1922.83337402344
3502.76894297702	1928.5
3504.65453188182	1927.16662597656
3506.53963174449	1912.83337402344
3508.42424274555	1908.66662597656
3510.30836506524	1925.83337402344
3512.19199888349	1927.5
3514.07514437992	1926.5
3515.95780173387	1865.66662597656
3517.83997112437	1891.66662597656
3519.72165273016	1899
3521.60284672967	1894
3523.48355330104	1872.83337402344
3525.36377262208	1883.83337402344
3527.24350487035	1897.33337402344
3529.12275022306	1877.16662597656
3531.00150885715	1886.83337402344
3532.87978094923	1885.83337402344
3534.75756667562	1873
3536.63486621235	1863.16662597656
3538.51167973512	1847.5
3540.38800741934	1882.16662597656
3542.26384944011	1864.83337402344
3544.13920597223	1853.66662597656
3546.01407719018	1851.83337402344
3547.88846326815	1856.33337402344
3549.76236438002	1877.5
3551.63578069934	1850.66662597656
3553.50871239938	1844
3555.38115965309	1851.83337402344
3557.25312263311	1813
3559.12460151177	1839.5
3560.99559646109	1834.83337402344
3562.86610765279	1837.5
3564.73613525825	1836.5
3566.60567944857	1793
3568.47474039453	1868.83337402344
3570.34331826658	1798.5
3572.21141323487	1835.83337402344
3574.07902546925	1812.5
3575.94615513922	1809.5
3577.81280241401	1818.83337402344
3579.67896746249	1801.66662597656
3581.54465045325	1816.5
3583.40985155455	1807.33337402344
3585.27457093432	1818.16662597656
3587.1388087602	1790.5
3589.00256519949	1806.66662597656
3590.86584041919	1818
3592.72863458597	1782
3594.59094786618	1822.5
3596.45278042585	1790.16662597656
3598.31413243069	1793.66662597656
3600.17500404611	1818.16662597656
3602.03539543717	1798.33337402344
3603.89530676861	1797.5
3605.75473820488	1778.33337402344
3607.61368991007	1794.5
3609.47216204797	1794.16662597656
3611.33015478203	1799.33337402344
3613.18766827539	1797.83337402344
3615.04470269087	1788.16662597656
3616.90125819094	1777.16662597656
3618.75733493776	1788.16662597656
3620.61293309318	1774.66662597656
3622.46805281869	1794.5
3624.32269427547	1760.33337402344
3626.17685762439	1780.83337402344
3628.03054302596	1794.5
3629.88375064038	1779.33337402344
3631.73648062751	1762.66662597656
3633.5887331469	1776
3635.44050835775	1760.16662597656
3637.29180641893	1775.83337402344
3639.14262748899	1740.66662597656
3640.99297172614	1758.83337402344
3642.84283928828	1749.83337402344
3644.69223033294	1744.16662597656
3646.54114501734	1755
3648.38958349836	1726.16662597656
3650.23754593256	1743.66662597656
3652.08503247614	1767.5
3653.93204328497	1733.16662597656
3655.77857851462	1735.66662597656
3657.62463832028	1730.33337402344
3659.47022285682	1718.5
3661.31533227877	1731.33337402344
3663.15996674033	1730.33337402344
3665.00412639535	1736.16662597656
3666.84781139736	1714.33337402344
3668.69102189953	1700.16662597656
3670.5337580547	1706
3672.37602001537	1711.83337402344
3674.21780793368	1743.66662597656
3676.05912196148	1704
3677.89996225021	1700
3679.74032895103	1738.33337402344
3681.58022221471	1703.16662597656
3683.41964219171	1705.83337402344
3685.25858903211	1704
3687.0970628857	1706.83337402344
3688.93506390186	1703.16662597656
3690.77259222968	1711.83337402344
3692.60964801787	1710.5
3694.44623141481	1709.66662597656
3696.28234256853	1708.66662597656
3698.11798162669	1710
3699.95314873665	1682
3701.78784404537	1687.66662597656
3703.62206769951	1690
3705.45581984533	1674.83337402344
3707.28910062877	1688
3709.12191019542	1700.5
3710.95424869052	1694.83337402344
3712.78611625894	1680.33337402344
3714.6175130452	1677.66662597656
3716.44843919349	1693.16662597656
3718.27889484764	1695
3720.1088801511	1690.5
3721.93839524699	1691.66662597656
3723.76744027808	1688.83337402344
3725.59601538677	1690.83337402344
3727.4241207151	1676.33337402344
