40.2973356941271	1128.75
43.2236257608418	1130.25
46.1488808466109	1131
49.0731017336173	1127.75
51.9962892025666	1134.625
54.9184440327569	1136.5
57.8395670020446	1139.25
60.7596588868509	1139
63.6787204621708	1144.5
66.5967525015794	1150.75
69.5137557772381	1153.25
72.4297310598838	1161.375
75.3446791188512	1176.75
78.2586007220466	1193.25
81.1714966360015	1197.5
84.0833676258266	1219.5
86.994214455242	1253.25
89.9040378865662	1267
92.8128386807427	1300
95.7206175973133	1319
98.6273753944444	1336.125
101.533112828928	1354
104.437830656161	1354.625
107.34152963018	1361.125
110.244210503676	1361.75
113.145874027931	1347.375
116.046520952895	1350.375
118.946152027154	1361.125
121.844767997933	1346
124.74236961111	1337.625
127.638957611212	1347.625
130.534532741422	1348.875
133.429095743606	1337.625
136.322647358252	1345.5
139.215188324544	1351.375
142.106719380311	1355.875
144.997241262089	1344.875
147.886754705057	1345.875
150.775260443096	1350
153.662759208748	1343.75
156.549251733282	1349.625
159.434738746612	1351.25
162.319220977376	1359.375
165.20269915289	1350.75
168.085173999178	1349.625
170.966646240977	1339.375
173.847116601709	1353.625
176.726585803528	1345.375
179.605054567295	1347.125
182.48252361259	1348.125
185.358993657701	1337
188.234465419645	1341.625
191.108939614183	1339.25
193.982416955795	1340
196.854898157687	1334.125
199.726383931801	1331.125
202.596874988835	1340
205.466372038225	1330.75
208.334875788145	1329.375
211.202386945534	1334.875
214.068906216069	1334.375
216.934434304194	1340
219.798971913111	1333.625
222.662519744776	1334.5
225.525078499925	1346.375
228.386648878069	1339.75
231.247231577465	1338.125
234.106827295172	1337.75
236.965436727012	1338.25
239.823060567597	1330
242.679699510337	1343.625
245.535354247396	1338
248.390025469775	1323.625
251.243713867223	1335.125
254.096420128327	1314.125
256.948144940459	1330.5
259.798888989788	1328.875
262.648652961315	1331.375
265.49743753883	1344.875
268.345243404939	1321.375
271.192071241073	1341
274.037921727485	1342.125
276.882795543246	1334.25
279.72669336624	1330.5
282.569615873213	1339.625
285.411563739724	1331.125
288.252537640165	1343.25
291.092538247763	1327.25
293.931566234616	1343.125
296.769622271633	1344.375
299.606707028594	1337.875
302.442821174104	1350.5
305.277965375652	1342.25
308.112140299574	1341
310.945346611062	1349.75
313.777584974167	1334
316.608856051813	1353.5
319.439160505797	1341.375
322.268498996783	1343.125
325.096872184303	1338.5
327.924280726782	1342.375
330.750725281521	1335.75
333.576206504693	1348
336.400725051388	1343.125
339.224281575542	1347.25
342.046876730026	1346.5
344.868511166586	1347.125
347.689185535872	1327.75
350.508900487421	1330.5
353.327656669699	1338.25
356.145454730079	1343.5
358.962295314817	1332.875
361.778179069105	1330.375
364.593106637051	1345.625
367.407078661675	1342.625
370.220095784913	1343.625
373.032158647655	1338
375.843267889676	1345
378.653424149715	1343.375
381.462628065436	1338.375
384.270880273432	1357.875
387.078181409254	1347.875
389.884532107358	1336.125
392.689933001188	1360.125
395.494384723112	1354.375
398.29788790445	1350.625
401.100443175488	1355.625
403.902051165437	1350.25
406.702712502518	1350
409.502427813866	1367.375
412.301197725607	1348.375
415.099022862823	1353.375
417.89590384957	1344.375
420.691841308876	1345
423.486835862752	1350.5
426.280888132173	1353.25
429.073998737112	1367
431.866168296507	1347.625
434.657397428298	1349.75
437.447686749412	1357.75
440.237036875762	1360.5
443.025448422257	1356.375
445.812922002813	1364.125
448.599458230326	1357
451.38505771672	1360.75
454.169721072909	1357.5
456.953448908819	1348.25
459.736241833384	1353
462.518100454555	1361.75
465.2990253793	1358.5
468.079017213605	1346.75
470.858076562476	1364.25
473.636204029939	1370
476.41340021906	1360.5
479.189665731938	1359.375
481.965001169667	1364.875
484.739407132419	1351.125
487.512884219391	1355.75
490.285433028796	1364.625
493.057054157921	1367.875
495.827748203087	1371
498.597515759658	1360.625
501.366357422061	1361.625
504.134273783759	1369.625
506.901265437278	1359.5
509.66733297421	1362.375
512.432476985198	1361.875
515.196698059945	1368.125
517.959996787225	1354.375
520.722373754895	1377.625
523.483829549856	1374.75
526.24436475811	1353
529.003979964696	1384.375
531.762675753779	1369.875
534.520452708569	1375.625
537.277311411375	1347.25
540.03325244359	1370.5
542.788276385682	1366.5
545.54238381725	1369
548.295575316938	1365.5
551.047851462516	1363.25
553.799212830831	1353.625
556.549659997851	1354.25
559.299193538643	1366.5
562.047814027381	1370.625
564.795522037318	1360.875
567.542318140861	1368.625
570.288202909507	1366.5
573.033176913873	1366.25
575.7772407237	1371.75
578.520394907829	1359.75
581.26264003424	1371.75
584.003976670046	1362.375
586.744405381469	1362.125
589.483926733869	1372.25
592.222541291746	1371
594.96024961872	1382.625
597.697052277563	1377.5
600.432949830166	1369.125
603.167942837587	1376.875
605.902031860012	1376.5
608.635217456783	1368.5
611.367500186378	1375.5
614.098880606429	1368.5
616.82935927374	1379.25
619.558936744248	1362.375
622.287613573072	1379.875
625.015390314457	1380
627.742267521848	1383.125
630.468245747829	1372.125
633.193325544166	1375.5
635.917507461792	1377
638.640792050804	1380.375
641.36317986048	1372.875
644.084671439281	1379
646.805267334845	1371.5
649.524968093967	1389.5
652.24377426266	1374.125
654.961686386106	1368.125
657.678705008678	1367.125
660.394830673939	1385
663.110063924628	1385.25
665.824405302728	1381.25
668.537855349351	1380.125
671.250414604863	1372.125
673.962083608812	1376.5
676.672862899949	1370.5
679.382753016218	1388.75
682.091754494801	1388.5
684.799867872061	1381.875
687.507093683595	1384.75
690.213432464198	1398.875
692.918884747899	1394.25
695.623451067937	1385.25
698.327131956755	1396.375
701.029927946065	1403
703.731839566754	1397.75
706.43286734896	1392.25
709.133011822067	1404.5
711.832273514658	1384.5
714.53065295457	1388
717.228150668879	1375.5
719.924767183889	1397.875
722.620503025148	1394.875
725.315358717446	1390.125
728.009334784827	1379.25
730.702431750559	1395.875
733.394650137188	1383.875
736.085990466498	1393
738.776453259519	1393.25
741.466039036542	1397.25
744.154748317125	1398.5
746.842581620074	1392.125
749.529539463458	1390.25
752.215622364608	1386.75
754.900830840131	1383.375
757.585165405892	1385.375
760.26862657703	1385.5
762.951214867957	1394.375
765.632930792356	1403
768.313774863181	1390.5
770.993747592673	1395.25
773.672849492359	1385.125
776.351081073017	1404.75
779.028442844757	1400.625
781.704935316928	1388.625
784.380558998208	1411.25
787.055314396528	1398.25
789.729202019141	1396.25
792.402222372581	1410.875
795.074375962669	1397.625
797.745663294537	1389.5
800.416084872622	1392.875
803.085641200652	1382.75
805.754332781664	1410.75
808.422160117986	1389.625
811.089123711292	1403.75
813.75522406252	1403.625
816.420461671951	1399.125
819.084837039164	1400.25
821.748350663067	1402.5
824.411003041866	1393.375
827.072794673116	1410.25
829.733726053668	1420.75
832.39379767971	1402.125
835.05301004674	1412.375
837.711363649601	1396
840.368858982457	1412.625
843.025496538805	1415.5
845.681276811467	1411.25
848.336200292618	1410.25
850.99026747375	1416.5
853.643478845713	1424.875
856.29583489868	1429.375
858.947336122176	1404.875
861.59798300506	1419.375
864.247776035556	1424.625
866.896715701222	1411.875
869.544802488959	1421.625
872.192036885046	1421.875
874.838419375087	1436.5
877.483950444054	1433.875
880.128630576285	1420.5
882.772460255461	1430.25
885.415439964628	1423.375
888.057570186211	1419.5
890.698851401966	1412.5
893.339284093045	1423.625
895.978868739961	1428.125
898.617605822596	1411.625
901.255495820196	1419.75
903.892539211396	1407.5
906.528736474184	1419.375
909.164088085949	1409.25
911.798594523442	1409.5
914.432256262804	1425
917.065073779549	1430.375
919.697047548589	1423.25
922.328178044212	1422.75
924.9584657401	1422.75
927.587911109317	1427.625
930.216514624317	1415.875
932.844276756963	1434.625
935.471197978488	1430.375
938.097278759538	1427.25
940.722519570163	1425.125
943.346920879798	1432.375
945.97048315729	1438.25
948.593206870885	1441
951.215092488219	1431.5
953.836140476366	1440.875
956.456351301787	1444.875
959.07572543037	1454.875
961.694263327369	1451.125
964.311965457521	1451.5
966.928832284933	1454.75
969.544864273135	1447.5
972.160061885076	1455.75
974.774425583129	1446.125
977.387955829099	1442
980.000653084196	1455.625
982.612517809061	1439.5
985.223550463768	1456.875
987.833751507819	1445.625
990.443121400135	1451.875
993.051660599081	1441.125
995.659369562449	1465.75
998.266248747469	1456.875
1000.87229861081	1483
1003.47751960857	1521
1006.0819121963	1524.75
1008.68547682897	1514
1011.28821396104	1490.875
1013.89012404635	1484.75
1016.49120753824	1468.75
1019.09146488947	1467.75
1021.69089655226	1449.5
1024.28950297827	1456.5
1026.88728461863	1461.125
1029.48424192392	1458.375
1032.08037534416	1446.5
1034.67568532886	1443.875
1037.27017232694	1453.75
1039.86383678682	1442.875
1042.45667915637	1450
1045.04869988293	1447
1047.6398994133	1466.25
1050.23027819374	1455.875
1052.81983666998	1446.5
1055.40857528724	1451.75
1057.99649449018	1462.625
1060.58359472296	1452.5
1063.1698764292	1442
1065.755340052	1451.125
1068.33998603393	1442.375
1070.92381481706	1454.75
1073.50682684291	1452.625
1076.08902255251	1467.875
1078.67040238637	1443.75
1081.25096678445	1460.75
1083.83071618624	1444.375
1086.4096510307	1455.75
1088.98777175629	1441.375
1091.56507880094	1447.75
1094.14157260208	1460.75
1096.71725359664	1455.75
1099.29212222106	1471.375
1101.86617891125	1453.5
1104.43942410262	1455.875
1107.01185823011	1464.875
1109.58348172812	1469.375
1112.15429503057	1455.125
1114.7242985709	1450.75
1117.29349278203	1455.625
1119.86187809642	1469.5
1122.42945494599	1473.5
1124.99622376222	1481.25
1127.56218497606	1474.5
1130.12733901801	1477.125
1132.69168631804	1497.75
1135.25522730568	1491.125
1137.81796240995	1491.25
1140.37989205941	1498.25
1142.9410166821	1519
1145.50133670561	1540.875
1148.06085255708	1557.625
1150.61956466311	1596.875
1153.17747344987	1658.625
1155.73457934305	1713.25
1158.29088276786	1712.875
1160.84638414903	1698.25
1163.40108391085	1659.5
1165.95498247711	1589
1168.50808027116	1561.75
1171.06037771587	1525
1173.61187523364	1497.375
1176.16257324643	1477.625
1178.71247217573	1495.875
1181.26157244255	1483
1183.80987446746	1502.625
1186.35737867059	1486.375
1188.90408547157	1516.5
1191.44999528961	1508.125
1193.99510854347	1511.875
1196.53942565142	1506.75
1199.08294703133	1495.625
1201.62567310057	1512.875
1204.16760427611	1498.75
1206.70874097445	1484.375
1209.24908361163	1487.5
1211.78863260327	1485.125
1214.32738836454	1485.5
1216.86535131017	1479.5
1219.40252185445	1481.5
1221.93890041121	1478
1224.47448739389	1476.5
1227.00928321544	1484.25
1229.54328828842	1475.75
1232.07650302491	1498.625
1234.60892783662	1464.5
1237.14056313477	1474.75
1239.67140933017	1469
1242.2014668332	1487.875
1244.73073605384	1489.5
1247.25921740159	1491.25
1249.78691128558	1497.5
1252.31381811448	1486.125
1254.83993829655	1485.375
1257.36527223962	1484
1259.88982035112	1501.5
1262.41358303803	1519
1264.93656070696	1505.625
1267.45875376405	1511.375
1269.98016261505	1519.25
1272.50078766531	1501.75
1275.02062931974	1533.625
1277.53968798285	1539
1280.05796405875	1499.625
1282.57545795112	1514.75
1285.09217006325	1504.375
1287.60810079802	1512.625
1290.12325055788	1505.25
1292.63761974492	1486
1295.15120876079	1506.25
1297.66401800676	1484
1300.17604788367	1493.875
1302.687298792	1502.875
1305.19777113181	1494.375
1307.70746530274	1496.875
1310.21638170408	1496.375
1312.7245207347	1499.25
1315.23188279307	1508.375
1317.73846827728	1506.625
1320.24427758502	1499.625
1322.74931111359	1498
1325.25356925991	1492.875
1327.75705242051	1502
1330.25976099151	1512.25
1332.76169536868	1500.75
1335.26285594737	1495.75
1337.76324312256	1499.25
1340.26285728887	1502.125
1342.76169884052	1492.75
1345.25976817132	1502
1347.75706567474	1488.625
1350.25359174387	1490.125
1352.74934677141	1501
1355.24433114968	1509.125
1357.73854527062	1490.625
1360.23198952583	1486.25
1362.7246643065	1497.25
1365.21657000347	1508.25
1367.7077070072	1486.125
1370.19807570777	1501.875
1372.68767649492	1490.125
1375.176509758	1486.875
1377.66457588599	1509.875
1380.15187526753	1507.875
1382.63840829087	1502.5
1385.1241753439	1514.875
1387.60917681417	1504.875
1390.09341308884	1494.75
1392.57688455474	1504.875
1395.05959159829	1501.5
1397.54153460562	1520.375
1400.02271396243	1503.375
1402.50313005414	1513.875
1404.98278326576	1511.625
1407.46167398196	1508.375
1409.93980258707	1523
1412.41716946504	1526.375
1414.89377499951	1498.25
1417.36961957373	1513.5
1419.84470357062	1521
1422.31902737275	1508.625
1424.79259136235	1525.25
1427.26539592129	1493.25
1429.73744143111	1496.25
1432.20872827299	1518
1434.67925682777	1541.875
1437.14902747597	1526
1439.61804059773	1536.375
1442.0862965729	1529.625
1444.55379578093	1547
1447.02053860099	1552.5
1449.48652541188	1539
1451.95175659206	1536.875
1454.41623251969	1527.5
1456.87995357255	1524.375
1459.34292012811	1536.125
1461.80513256351	1528.5
1464.26659125557	1525.25
1466.72729658073	1542.375
1469.18724891517	1539.25
1471.64644863469	1528.5
1474.10489611478	1541
1476.5625917306	1550.25
1479.01953585699	1532.75
1481.47572886844	1536
1483.93117113917	1533.875
1486.38586304302	1526.625
1488.83980495354	1522
1491.29299724395	1543.5
1493.74544028715	1557.875
1496.19713445573	1564.375
1498.64808012193	1567.5
1501.09827765772	1579.625
1503.54772743471	1598
1505.99642982421	1652.125
1508.44438519723	1693.75
1510.89159392446	1746.625
1513.33805637625	1777.5
1515.78377292266	1818.5
1518.22874393346	1843.25
1520.67296977806	1830.375
1523.11645082559	1823.875
1525.55918744488	1741.75
1528.00118000444	1705.875
1530.44242887245	1667.75
1532.88293441684	1625.25
1535.32269700517	1584
1537.76171700475	1563
1540.19999478255	1560.875
1542.63753070526	1542.25
1545.07432513925	1537.625
1547.5103784506	1545
1549.94569100509	1549
1552.38026316819	1543.375
1554.8140953051	1539.75
1557.24718778067	1527.75
1559.67954095952	1537.875
1562.11115520592	1526
1564.54203088386	1532.5
1566.97216835704	1537.75
1569.40156798888	1545.5
1571.83023014248	1533
1574.25815518067	1540.875
1576.68534346597	1543.5
1579.11179536062	1546.25
1581.53751122658	1551.5
1583.9624914255	1530.875
1586.38673631876	1537.625
1588.81024626745	1520.875
1591.23302163235	1517.5
1593.655062774	1548.375
1596.07637005262	1528.875
1598.49694382815	1536.125
1600.91678446025	1537.125
1603.33589230831	1536
1605.75426773142	1531.25
1608.1719110884	1547.875
1610.58882273779	1521.375
1613.00500303784	1524.625
1615.42045234654	1552.75
1617.83517102158	1548.125
1620.24915942039	1524.875
1622.66241790012	1542.75
1625.07494681764	1526.5
1627.48674652954	1546
1629.89781739216	1540.375
1632.30815976152	1539.5
1634.71777399343	1534
1637.12666044338	1541.125
1639.53481946661	1538.875
1641.94225141808	1536.75
1644.34895665248	1539
1646.75493552424	1534.125
1649.16018838752	1551
1651.56471559621	1549.375
1653.96851750392	1558.625
1656.37159446403	1561.625
1658.7739468296	1569.75
1661.17557495349	1554.75
1663.57647918824	1550.5
1665.97665988617	1555.25
1668.37611739929	1552.375
1670.77485207939	1544.5
1673.17286427799	1545.125
1675.57015434633	1525.375
1677.96672263542	1531.875
1680.36256949598	1530.875
1682.7576952785	1530.375
1685.15210033318	1524.75
1687.54578501	1539.125
1689.93874965866	1551
1692.33099462861	1535
1694.72252026904	1514.625
1697.11332692889	1531.625
1699.50341495686	1527.25
1701.89278470137	1532.375
1704.28143651061	1533.375
1706.66937073251	1527.375
1709.05658771473	1547.25
1711.44308780473	1524.875
1713.82887134968	1536.125
1716.21393869648	1532
1718.59829019185	1526.25
1720.98192618221	1535
1723.36484701374	1530.5
1725.74705303238	1514.375
1728.12854458384	1527
1730.50932201356	1527.375
1732.88938566673	1515.25
1735.26873588834	1535.375
1737.64737302307	1528.5
1740.02529741544	1520.5
1742.40250940964	1527.125
1744.77900934969	1535.375
1747.15479757933	1539.625
1749.52987444206	1524.875
1751.90424028116	1534.125
1754.27789543967	1533.5
1756.65084026037	1515.25
1759.02307508582	1523.625
1761.39460025833	1522.25
1763.76541612	1543.875
1766.13552301265	1528
1768.50492127791	1532.625
1770.87361125714	1516.25
1773.2415932915	1534.375
1775.60886772188	1525.375
1777.97543488896	1536.625
1780.34129513318	1532.375
1782.70644879475	1533.75
1785.07089621365	1525.125
1787.43463772964	1521.125
1789.7976736822	1523.75
1792.16000441066	1523.125
1794.52163025405	1530
1796.88255155121	1525.125
1799.24276864074	1528.75
1801.60228186102	1535.625
1803.96109155019	1531.25
1806.31919804618	1544
1808.67660168668	1533.875
1811.03330280916	1546.5
1813.38930175088	1528.75
1815.74459884884	1524.25
1818.09919443984	1540.875
1820.45308886047	1534.375
1822.80628244708	1524.75
1825.1587755358	1528.875
1827.51056846254	1526.5
1829.86166156297	1528
1832.21205517258	1535.125
1834.56174962661	1534
1836.91074526009	1518
1839.25904240783	1541.25
1841.60664140443	1526.375
1843.95354258425	1544.625
1846.29974628146	1512.875
1848.64525282998	1532.75
1850.99006256356	1525.625
1853.3341758157	1524.25
1855.67759291968	1544.375
1858.02031420858	1524.25
1860.36234001528	1539.125
1862.70367067241	1524.375
1865.04430651244	1504.625
1867.38424786755	1537
1869.72349506978	1535.375
1872.06204845094	1530
1874.39990834258	1527.25
1876.73707507612	1531.75
1879.07354898269	1522.375
1881.40933039328	1513.75
1883.74441963861	1538.75
1886.07881704925	1537.75
1888.41252295551	1538.375
1890.74553768751	1515.25
1893.07786157519	1530.5
1895.40949494822	1527.5
1897.74043813615	1539.25
1900.07069146823	1539.625
1902.40025527357	1530.75
1904.72912988106	1528.875
1907.05731561938	1532.25
1909.38481281699	1530.875
1911.71162180217	1545
1914.037742903	1538
1916.36317644734	1527.375
1918.68792276284	1536.25
1921.01198217697	1531.75
1923.33535501699	1536.5
1925.65804160996	1529.5
1927.98004228273	1513
1930.30135736196	1525.875
1932.6219871741	1531
1934.94193204543	1518.625
1937.26119230198	1530
1939.57976826962	1528.875
1941.89766027402	1526.625
1944.21486864062	1530.25
1946.53139369472	1534.375
1948.84723576137	1538.375
1951.16239516543	1549.625
1953.47687223159	1540.625
1955.79066728434	1550.75
1958.10378064794	1518.25
1960.4162126465	1530.375
1962.7279636039	1527.875
1965.03903384385	1535
1967.34942368987	1538.375
1969.65913346524	1522.625
1971.96816349311	1543.5
1974.2765140964	1558.375
1976.58418559784	1536.25
1978.89117831997	1525.875
1981.19749258516	1527.5
1983.50312871555	1522
1985.80808703313	1538.375
1988.11236785967	1528.75
1990.41597151676	1536.125
1992.71889832581	1543.5
1995.02114860801	1545.125
1997.3227226844	1545.5
1999.62362087581	1527.875
2001.92384350288	1535.125
2004.22339088608	1537.25
2006.52226334567	1541.5
2008.82046120173	1535
2011.11798477417	1525.5
2013.41483438269	1538.625
2015.71101034681	1551.625
2018.00651298588	1531.875
2020.30134261905	1536.875
2022.59549956528	1535.375
2024.88898414337	1538.75
2027.1817966719	1538
2029.4739374693	1550.5
2031.76540685379	1543.5
2034.05620514342	1537.125
2036.34633265607	1534.375
2038.6357897094	1535
2040.92457662092	1544.25
2043.21269370795	1538.5
2045.50014128763	1529.875
2047.78691967691	1535
2050.07302919256	1540.125
2052.35847015118	1529.375
2054.64324286919	1532.875
2056.9273476628	1529.625
2059.21078484808	1536.875
2061.4935547409	1550.25
2063.77565765696	1531.125
2066.05709391176	1549.25
2068.33786382065	1527.75
2070.61796769879	1518.125
2072.89740586116	1530.625
2075.17617862255	1515.5
2077.45428629759	1531.75
2079.73172920075	1543.5
2082.00850764627	1536.375
2084.28462194827	1528.5
2086.56007242065	1534.75
2088.83485937717	1542.75
2091.10898313139	1532.5
2093.3824439967	1531.125
2095.65524228632	1538.75
2097.92737831328	1545.25
2100.19885239047	1537.375
2102.46966483057	1530.625
2104.7398159461	1543.875
2107.00930604941	1530.5
2109.27813545267	1537.75
2111.54630446787	1537.25
2113.81381340685	1538.75
2116.08066258126	1538
2118.34685230257	1549.25
2120.61238288211	1543.75
2122.87725463099	1547.375
2125.1414678602	1548
2127.40502288052	1537.125
2129.66792000257	1554.75
2131.93015953682	1558.375
2134.19174179353	1557.5
2136.45266708282	1546.25
2138.71293571463	1540.875
2140.97254799873	1550.75
2143.23150424473	1536.625
2145.48980476205	1550.75
2147.74744985996	1551.75
2150.00443984754	1545.625
2152.26077503373	1558
2154.51645572728	1545.25
2156.77148223677	1537
2159.02585487064	1556.5
2161.27957393713	1542.875
2163.53263974432	1543.375
2165.78505260012	1550.75
2168.0368128123	1560.375
2170.28792068844	1546.375
2172.53837653595	1555.375
2174.78818066207	1548.75
2177.03733337389	1551.625
2179.28583497833	1542.25
2181.53368578214	1533.75
2183.78088609192	1541.5
2186.02743621406	1532
2188.27333645484	1545.25
2190.51858712033	1553.375
2192.76318851646	1530.25
2195.00714094901	1516.75
2197.25044472354	1553.5
2199.49310014551	1537.875
2201.73510752018	1548.375
2203.97646715265	1527.25
2206.21717934786	1538.875
2208.45724441058	1543
2210.69666264543	1542.5
2212.93543435686	1538
2215.17355984914	1540.5
2217.41103942642	1541.375
2219.64787339264	1542.5
2221.8840620516	1538.125
2224.11960570695	1540.125
2226.35450466215	1503
2228.58875922051	1526.5
2230.82236968518	1522.375
2233.05533635916	1532.25
2235.28765954527	1545.75
2237.51933954617	1549
2239.75037666437	1520.75
2241.98077120221	1542.125
2244.21052346188	1514.875
2246.4396337454	1530.75
2248.66810235461	1509.25
2250.89592959125	1527.625
2253.12311575681	1533.625
2255.34966115272	1544
2257.57556608017	1533.625
2259.80083084023	1522
2262.02545573381	1535.25
2264.24944106163	1528.625
2266.47278712429	1538.625
2268.69549422221	1540.25
2270.91756265564	1537.5
2273.1389927247	1529.75
2275.35978472934	1544.25
2277.57993896933	1543.5
2279.79945574431	1539.5
2282.01833535375	1540.75
2284.23657809696	1548.625
2286.45418427309	1524.75
2288.67115418114	1543.125
2290.88748811995	1541.375
2293.10318638819	1542.75
2295.3182492844	1547.375
2297.53267710693	1551
2299.746470154	1547.5
2301.95962872364	1562.875
2304.17215311376	1558.75
2306.3840436221	1551.125
2308.59530054621	1560.25
2310.80592418354	1544.875
2313.01591483134	1567.125
2315.22527278673	1554.375
2317.43399834666	1569.125
2319.64209180791	1566.75
2321.84955346713	1553.625
2324.05638362079	1552.5
2326.26258256524	1549.25
2328.46815059664	1540.875
2330.67308801098	1540
2332.87739510415	1548.25
2335.08107217184	1532
2337.2841195096	1536
2339.48653741281	1543.75
2341.68832617672	1542.625
2343.8894860964	1532.125
2346.09001746678	1538.125
2348.28992058261	1542
2350.48919573852	1549.25
2352.68784322898	1547.875
2354.88586334826	1540.125
2357.08325639055	1546.625
2359.2800226498	1529.125
2361.47616241988	1550.5
2363.67167599445	1527.25
2365.86656366706	1534.125
2368.06082573107	1537.125
2370.2544624797	1541.875
2372.44747420603	1554.125
2374.63986120295	1523
2376.83162376322	1533.125
2379.02276217945	1530.75
2381.21327674408	1526.375
2383.4031677494	1516.375
2385.59243548756	1525.375
2387.78108025053	1547.75
2389.96910233014	1536.125
2392.15650201809	1527.75
2394.34327960587	1535.25
2396.52943538486	1535.375
2398.71496964628	1524.125
2400.89988268118	1539.5
2403.08417478048	1529.5
2405.26784623491	1521.5
2407.45089733509	1523.375
2409.63332837146	1516.375
2411.81513963429	1514.125
2413.99633141375	1510.75
2416.1769039998	1517.25
2418.35685768227	1528.5
2420.53619275084	1539.875
2422.71490949505	1520.25
2424.89300820425	1529.25
2427.07048916765	1528.375
2429.24735267433	1528.25
2431.42359901319	1527.875
2433.59922847297	1514.625
2435.7742413423	1534.875
2437.94863790961	1535
2440.12241846321	1518.875
2442.29558329121	1519.875
2444.46813268162	1514.125
2446.64006692228	1532.5
2448.81138630086	1523.375
2450.98209110489	1508.125
2453.15218162174	1530.125
2455.32165813864	1505.625
2457.49052094265	1504.625
2459.65877032069	1514.75
2461.8264065595	1520.125
2463.99342994572	1538.625
2466.15984076579	1521
2468.325639306	1521.5
2470.49082585251	1536
2472.65540069131	1548.25
2474.81936410824	1532.5
2476.98271638899	1536.625
2479.14545781909	1517
2481.30758868392	1531
2483.4691092687	1537.5
2485.63001985852	1542.375
2487.79032073829	1530.5
2489.95001219277	1528.75
2492.10909450659	1526.75
2494.26756796419	1538.5
2496.42543284989	1522.125
2498.58268944783	1531.25
2500.73933804202	1520.75
2502.8953789163	1520.5
2505.05081235436	1518.625
2507.20563863974	1539
2509.35985805582	1532.5
2511.51347088583	1533.125
2513.66647741285	1554.625
2515.81887791981	1525.625
2517.97067268946	1545.25
2520.12186200443	1541.625
2522.27244614716	1531.375
2524.42242539999	1533.125
2526.57180004504	1534.25
2528.72057036433	1516.125
2530.8687366397	1527.375
2533.01629915284	1527.75
2535.16325818527	1547.625
2537.30961401839	1527.125
2539.45536693343	1525.75
2541.60051721145	1514.75
2543.74506513338	1514.25
2545.88901097997	1501.375
2548.03235503185	1516.625
2550.17509756946	1505.75
2552.31723887311	1510.75
2554.45877922293	1518.25
2556.59971889893	1498.625
2558.74005818094	1533.625
2560.87979734864	1519.75
2563.01893668155	1522.25
2565.15747645906	1516.625
2567.29541696037	1514
2569.43275846454	1518.75
2571.56950125049	1525.375
2573.70564559696	1505.75
2575.84119178254	1499.625
2577.97614008569	1508.25
2580.11049078468	1523.5
2582.24424415764	1504.375
2584.37740048255	1526.625
2586.50996003722	1515.875
2588.64192309931	1498.75
2590.77328994634	1515.75
2592.90406085564	1518.25
2595.03423610442	1507.75
2597.16381596971	1525.5
2599.29280072839	1508.375
2601.42119065719	1501
2603.54898603267	1518.25
2605.67618713125	1510.375
2607.80279422919	1506.125
2609.92880760257	1512.75
2612.05422752735	1505.75
2614.17905427932	1519.625
2616.30328813408	1526.75
2618.42692936713	1535.125
2620.54997825377	1518.125
2622.67243506915	1511.875
2624.79430008828	1516.625
2626.915573586	1515.5
2629.03625583699	1506.5
2631.15634711579	1533.75
2633.27584769675	1525.125
2635.39475785408	1527.375
2637.51307786185	1532.125
2639.63080799394	1516.125
2641.74794852409	1528.5
2643.86449972589	1531
2645.98046187273	1526.75
2648.0958352379	1529.25
2650.21062009449	1542.875
2652.32481671544	1524
2654.43842537353	1545.25
2656.5514463414	1554.25
2658.66387989151	1539.25
2660.77572629616	1549
2662.88698582751	1555.875
2664.99765875753	1556.25
2667.10774535806	1546
2669.21724590076	1567.375
2671.32616065714	1543.25
2673.43448989857	1539
2675.5422338962	1555.75
2677.64939292108	1559
2679.75596724408	1536.875
2681.86195713589	1555.5
2683.96736286707	1532.125
2686.07218470799	1553.75
2688.17642292889	1538
2690.28007779982	1516.5
2692.38314959069	1525.25
2694.48563857123	1530.25
2696.58754501103	1517.625
2698.6888691795	1519.875
2700.78961134588	1517.125
2702.8897717793	1521.25
2704.98935074864	1519.375
2707.08834852271	1529.125
2709.18676537009	1511.375
2711.28460155925	1524.875
2713.38185735843	1507.75
2715.47853303577	1516.25
2717.57462885924	1525.25
2719.67014509659	1517
2721.76508201548	1519.875
2723.85943988337	1505.875
2725.95321896754	1520.5
2728.04641953515	1526
2730.13904185316	1517.25
2732.23108618837	1507.75
2734.32255280744	1518.75
2736.41344197683	1516.875
2738.50375396288	1505.5
2740.5934890317	1497.125
2742.68264744932	1487.625
2744.77122948153	1502.375
2746.85923539398	1509.75
2748.94666545217	1501.375
2751.03351992142	1511.125
2753.11979906688	1496.5
2755.20550315355	1508.25
2757.29063244624	1516
2759.37518720963	1494.875
2761.45916770819	1506.75
2763.54257420625	1514.625
2765.62540696797	1506.25
2767.70766625733	1504.25
2769.78935233816	1498.375
2771.87046547413	1491
2773.95100592869	1517.5
2776.03097396519	1502.25
2778.11036984677	1513.5
2780.18919383641	1500
2782.26744619693	1497.75
2784.34512719097	1498
2786.42223708102	1505.75
2788.49877612937	1499.375
2790.57474459816	1494.625
2792.65014274937	1505.875
2794.7249708448	1507.375
2796.79922914607	1505.75
2798.87291791465	1508.375
2800.94603741181	1505.75
2803.01858789869	1503
2805.09056963623	1500.25
2807.1619828852	1501.375
2809.23282790621	1492.5
2811.30310495971	1510.375
2813.37281430593	1481.875
2815.441956205	1504
2817.51053091682	1488.875
2819.57853870114	1510.25
2821.64597981753	1505.375
2823.7128545254	1510.375
2825.77916308399	1504.375
2827.84490575233	1499
2829.91008278933	1504.125
2831.97469445369	1498.875
2834.03874100395	1491.625
2836.10222269847	1507.625
2838.16513979544	1511.875
2840.22749255288	1511.5
2842.28928122863	1516
2844.35050608034	1509.75
2846.41116736553	1512.875
2848.47126534149	1539.125
2850.53080026537	1539.875
2852.58977239414	1525.5
2854.64818198459	1527
2856.70602929332	1531.75
2858.76331457678	1524.25
2860.82003809123	1528.5
2862.87620009274	1536.625
2864.93180083723	1539.625
2866.98684058043	1540
2869.04131957789	1537.75
2871.09523808497	1565.125
2873.14859635689	1548.375
2875.20139464866	1549.375
2877.2536332151	1553.5
2879.30531231091	1559.125
2881.35643219054	1580.25
2883.40699310831	1566
2885.45699531834	1571
2887.50643907457	1566.375
2889.55532463077	1544.5
2891.60365224053	1554.375
2893.65142215724	1554.125
2895.69863463414	1566
2897.74528992426	1586.5
2899.79138828046	1602.625
2901.83692995544	1577.5
2903.88191520168	1586.5
2905.92634427151	1587.75
2907.97021741706	1566.125
2910.01353489027	1577.875
2912.05629694294	1562.375
2914.09850382663	1579.25
2916.14015579276	1595
2918.18125309254	1594
2920.22179597702	1589.125
2922.26178469705	1609.625
2924.30121950329	1594.875
2926.34010064624	1620.375
2928.37842837619	1628.25
2930.41620294326	1615.75
2932.45342459737	1626.25
2934.49009358828	1605.375
2936.52621016555	1618.75
2938.56177457854	1645.625
2940.59678707645	1633.25
2942.63124790827	1617.375
2944.66515732282	1619.875
2946.69851556873	1596.25
2948.73132289443	1603.25
2950.76357954817	1606.25
2952.79528577803	1592.875
2954.82644183188	1604.875
2956.85704795741	1585.375
2958.8871044021	1584.875
2960.91661141328	1577.75
2962.94556923807	1573.75
2964.97397812339	1588.5
2967.00183831598	1571.5
2969.0291500624	1555
2971.05591360902	1568.875
2973.08212920199	1567.875
2975.1077970873	1557
2977.13291751074	1564.125
2979.1574907179	1564.875
2981.18151695419	1583.125
2983.20499646482	1569.75
2985.2279294948	1547.625
2987.25031628898	1553.75
2989.27215709199	1572.5
2991.29345214825	1577.5
2993.31420170204	1542.5
2995.33440599738	1567.125
2997.35406527816	1552.125
2999.37317978802	1541.5
3001.39174977045	1532.625
3003.40977546872	1545.125
3005.42725712591	1539
3007.44419498491	1548.125
3009.4605892884	1530.125
3011.47644027889	1550
3013.49174819865	1541.125
3015.5065132898	1531
3017.52073579424	1533.75
3019.53441595366	1526.25
3021.54755400959	1531.625
3023.56015020332	1533.25
3025.57220477598	1528.625
3027.58371796846	1528.625
3029.5946900215	1534.125
3031.6051211756	1538
3033.61501167107	1523.125
3035.62436174803	1530
3037.6331716464	1528.625
3039.64144160588	1513.75
3041.649171866	1531.5
3043.65636266607	1529.625
3045.6630142452	1537.625
3047.66912684229	1517.75
3049.67470069605	1522
3051.679736045	1523.75
3053.68423312742	1535.25
3055.68819218143	1526.75
3057.6916134449	1542.625
3059.69449715556	1516
3061.69684355086	1522.5
3063.6986528681	1526.5
3065.69992534437	1521
3067.70066121653	1523.875
3069.70086072126	1544.125
3071.700524095	1538.875
3073.69965157405	1531.75
3075.69824339442	1525
3077.69629979197	1549.625
3079.69382100235	1514.125
3081.69080726098	1534.875
3083.68725880307	1532.75
3085.68317586366	1532
3087.67855867755	1524.375
3089.67340747933	1536.25
3091.6677225034	1524.75
3093.66150398392	1528.5
3095.6547521549	1527.875
3097.64746725006	1536.75
3099.63964950297	1535.75
3101.63129914698	1531.375
3103.6224164152	1533.75
3105.61300154056	1530.625
3107.60305475576	1540
3109.59257629331	1549.75
3111.58156638547	1548.875
3113.57002526432	1538.875
3115.55795316172	1528
3117.54535030932	1558.125
3119.53221693853	1543
3121.51855328057	1557.125
3123.50435956646	1537.5
3125.48963602698	1544.25
3127.4743828927	1547.25
3129.45860039397	1558.125
3131.44228876093	1559.125
3133.42544822353	1557.25
3135.40807901145	1584.875
3137.39018135418	1558.25
3139.37175548102	1558.5
3141.35280162101	1565.25
3143.33332000299	1565.875
3145.31331085559	1555.875
3147.2927744072	1566.375
3149.27171088602	1572.375
3151.25012052	1579.25
3153.22800353689	1557.625
3155.20536016422	1574.125
3157.18219062929	1578.75
3159.15849515918	1571.875
3161.13427398075	1558.625
3163.10952732066	1565.75
3165.08425540532	1578
3167.05845846092	1582.375
3169.03213671344	1573.875
3171.00529038863	1565
3172.97791971203	1585.875
3174.95002490893	1578.375
3176.92160620443	1585.75
3178.89266382337	1588.375
3180.8631979904	1596.5
3182.83320892991	1577.5
3184.80269686609	1583
3186.77166202289	1582.875
3188.74010462406	1605.625
3190.70802489307	1587.25
3192.67542305323	1576.125
3194.64229932757	1597.5
3196.60865393892	1585.75
3198.57448710987	1579.75
3200.53979906279	1583.25
3202.50459001981	1589
3204.46886020284	1596.375
3206.43260983356	1572.125
3208.39583913341	1600.625
3210.35854832362	1596.625
3212.32073762517	1594.875
3214.28240725881	1597.25
3216.24355744508	1595.375
3218.20418840426	1591.375
3220.16430035642	1606.625
3222.12389352137	1602.25
3224.08296811873	1599.625
3226.04152436784	1612.875
3227.99956248784	1619.375
3229.95708269762	1599.125
3231.91408521584	1600.125
3233.87057026092	1606.5
3235.82653805105	1607.375
3237.78198880419	1601.375
3239.73692273806	1601
3241.69134007013	1625.875
3243.64524101764	1613.625
3245.59862579761	1627.5
3247.55149462681	1614.875
3249.50384772176	1618.375
3251.45568529877	1622.375
3253.40700757387	1605.25
3255.35781476288	1613.5
3257.3081070814	1634.125
3259.25788474473	1621
3261.20714796799	1611.125
3263.15589696602	1602.5
3265.10413195345	1620.5
3267.05185314463	1635.875
3268.9990607537	1620.625
3270.94575499455	1612.375
3272.89193608081	1622.25
3274.8376042259	1617.5
3276.78275964296	1613.875
3278.72740254492	1613.5
3280.67153314443	1623.75
3282.61515165393	1626.5
3284.55825828559	1613
3286.50085325135	1626
3288.44293676289	1634.375
3290.38450903165	1610.5
3292.32557026883	1621.625
3294.26612068537	1621.875
3296.20616049198	1623.5
3298.14568989911	1607.375
3300.08470911695	1612
3302.02321835546	1605.5
3303.96121782435	1600.75
3305.89870773306	1606.125
3307.83568829081	1620.5
3309.77215970655	1609.75
3311.70812218898	1597.75
3313.64357594655	1619.25
3315.57852118747	1611.5
3317.51295811968	1601.125
3319.44688695087	1615.625
3321.38030788849	1587.375
3323.31322113973	1611.125
3325.24562691152	1602.875
3327.17752541055	1607.75
3329.10891684322	1606.25
3331.03980141573	1611.25
3332.97017933399	1604.625
3334.90005080364	1611.625
3336.82941603011	1633.125
3338.75827521852	1622.625
3340.68662857377	1591.625
3342.6144763005	1614.375
3344.54181860308	1618.125
3346.46865568561	1632.875
3348.39498775195	1609.625
3350.32081500571	1624.25
3352.24613765022	1620.5
3354.17095588855	1615.5
3356.09526992352	1608.25
3358.01907995769	1614
3359.94238619334	1633.125
3361.86518883251	1613.5
3363.78748807697	1621.25
3365.70928412823	1617.75
3367.63057718752	1613.625
3369.55136745582	1609.375
3371.47165513386	1618.375
3373.39144042208	1610.875
3375.31072352066	1619.5
3377.22950462953	1641.875
3379.14778394834	1640.25
3381.06556167648	1604.375
3382.98283801308	1608
3384.89961315697	1642.75
3386.81588730676	1611.625
3388.73166066076	1628.125
3390.64693341702	1614
3392.56170577332	1621.75
3394.47597792716	1618.5
3396.38975007581	1612.875
3398.30302241623	1626.875
3400.21579514512	1620.625
3402.1280684589	1611.5
3404.03984255374	1611
3405.95111762553	1598.75
3407.86189386987	1626
3409.77217148212	1634.375
3411.68195065733	1617.25
3413.5912315903	1625.375
3415.50001447556	1609
3417.40829950735	1626.5
3419.31608687963	1614.5
3421.22337678611	1607.5
3423.1301694202	1612.875
3425.03646497504	1619.375
3426.9422636435	1604.5
3428.84756561816	1633.25
3430.75237109135	1622.25
3432.65668025508	1617.125
3434.56049330112	1628.75
3436.46381042093	1615.875
3438.36663180571	1604.25
3440.26895764638	1620.25
3442.17078813357	1617
3444.07212345762	1610.125
3445.97296380863	1601.75
3447.87330937636	1624.875
3449.77316035033	1609.625
3451.67251691977	1604.125
3453.57137927361	1622.25
3455.46974760052	1617.125
3457.36762208886	1582.625
3459.26500292671	1601.375
3461.16189030191	1587.375
3463.05828440194	1593.375
3464.95418541406	1602
3466.84959352519	1601.5
3468.74450892201	1597.75
3470.63893179088	1608.125
3472.53286231788	1574.875
3474.42630068881	1577.625
3476.31924708918	1583.125
3478.2117017042	1576.875
3480.1036647188	1572.875
3481.99513631761	1592.125
3483.88611668498	1576.875
3485.77660600498	1587.75
3487.66660446135	1588.5
3489.55611223758	1571.375
3491.44512951683	1580.375
3493.333656482	1581.125
3495.22169331568	1570.125
3497.10924020016	1564.625
3498.99629731746	1584
3500.88286484927	1562
3502.76894297702	1567.25
3504.65453188182	1559.625
3506.53963174449	1569.5
3508.42424274555	1574.625
3510.30836506524	1568.5
3512.19199888349	1546.875
3514.07514437992	1538.75
3515.95780173387	1571.5
3517.83997112437	1543.125
3519.72165273016	1538.875
3521.60284672967	1564.125
3523.48355330104	1558.375
3525.36377262208	1543.375
3527.24350487035	1534.25
3529.12275022306	1546.125
3531.00150885715	1531.5
3532.87978094923	1523
3534.75756667562	1519.5
3536.63486621235	1551
3538.51167973512	1518.625
3540.38800741934	1522.375
3542.26384944011	1523
3544.13920597223	1519.875
3546.01407719018	1538.5
3547.88846326815	1533.625
3549.76236438002	1516.375
3551.63578069934	1528.375
3553.50871239938	1519
3555.38115965309	1511.625
3557.25312263311	1530.625
3559.12460151177	1490.5
3560.99559646109	1507.625
3562.86610765279	1497.375
3564.73613525825	1516.25
3566.60567944857	1517.5
3568.47474039453	1499
3570.34331826658	1496.75
3572.21141323487	1506.625
3574.07902546925	1501.125
3575.94615513922	1496.875
3577.81280241401	1497.875
3579.67896746249	1496.5
3581.54465045325	1504
3583.40985155455	1502.75
3585.27457093432	1498
3587.1388087602	1491.375
3589.00256519949	1483.5
3590.86584041919	1500.125
3592.72863458597	1491.25
3594.59094786618	1495.625
3596.45278042585	1499.875
3598.31413243069	1495.375
3600.17500404611	1515.75
3602.03539543717	1493.25
3603.89530676861	1493.25
3605.75473820488	1490
3607.61368991007	1482.375
3609.47216204797	1481.375
3611.33015478203	1483.375
3613.18766827539	1468.625
3615.04470269087	1498.375
3616.90125819094	1473.5
3618.75733493776	1484.125
3620.61293309318	1485
3622.46805281869	1484.875
3624.32269427547	1492.125
3626.17685762439	1490.75
3628.03054302596	1478.125
3629.88375064038	1495.75
3631.73648062751	1470.125
3633.5887331469	1476.375
3635.44050835775	1461.25
3637.29180641893	1486.25
3639.14262748899	1464.5
3640.99297172614	1475.875
3642.84283928828	1470.375
3644.69223033294	1475.125
3646.54114501734	1469
3648.38958349836	1467.375
3650.23754593256	1459.375
3652.08503247614	1468
3653.93204328497	1453.375
3655.77857851462	1447
3657.62463832028	1456.5
3659.47022285682	1455.25
3661.31533227877	1453.25
3663.15996674033	1430.875
3665.00412639535	1462.375
3666.84781139736	1450.125
3668.69102189953	1454.375
3670.5337580547	1453.125
3672.37602001537	1437.375
3674.21780793368	1431.125
3676.05912196148	1445.5
3677.89996225021	1446
3679.74032895103	1439.875
3681.58022221471	1432
3683.41964219171	1440.875
3685.25858903211	1438.625
3687.0970628857	1432.75
3688.93506390186	1445.625
3690.77259222968	1444.625
3692.60964801787	1440
3694.44623141481	1430.25
3696.28234256853	1430.75
3698.11798162669	1447.625
3699.95314873665	1420.125
3701.78784404537	1431.5
3703.62206769951	1425.75
3705.45581984533	1436.875
3707.28910062877	1432.125
3709.12191019542	1433.75
3710.95424869052	1431.5
3712.78611625894	1429.5
3714.6175130452	1431.25
3716.44843919349	1433.625
3718.27889484764	1433.5
3720.1088801511	1426.25
3721.93839524699	1428
3723.76744027808	1421.25
3725.59601538677	1435.5
3727.4241207151	1429.25
