40.2973356941271	1151
43.2236257608418	1154.33337402344
46.1488808466109	1152.33337402344
49.0731017336173	1154.83337402344
51.9962892025666	1159.66662597656
54.9184440327569	1158
57.8395670020446	1162.66662597656
60.7596588868509	1174
63.6787204621708	1182.83337402344
66.5967525015794	1191.66662597656
69.5137557772381	1220
72.4297310598838	1233.66662597656
75.3446791188512	1271.83337402344
78.2586007220466	1301.83337402344
81.1714966360015	1352.66662597656
84.0833676258266	1420.33337402344
86.994214455242	1476.33337402344
89.9040378865662	1547.83337402344
92.8128386807427	1623.66662597656
95.7206175973133	1716.33337402344
98.6273753944444	1793.33337402344
101.533112828928	1812.33337402344
104.437830656161	1844
107.34152963018	1843.5
110.244210503676	1841
113.145874027931	1863.5
116.046520952895	1855.5
118.946152027154	1853.66662597656
121.844767997933	1832.5
124.74236961111	1828.33337402344
127.638957611212	1842.33337402344
130.534532741422	1861.16662597656
133.429095743606	1834.83337402344
136.322647358252	1823.83337402344
139.215188324544	1857.83337402344
142.106719380311	1856.16662597656
144.997241262089	1869.33337402344
147.886754705057	1903.5
150.775260443096	1885
153.662759208748	1882.66662597656
156.549251733282	1872.5
159.434738746612	1875.33337402344
162.319220977376	1868.16662597656
165.20269915289	1880
168.085173999178	1886
170.966646240977	1891.16662597656
173.847116601709	1896.16662597656
176.726585803528	1881.5
179.605054567295	1870.16662597656
182.48252361259	1850.83337402344
185.358993657701	1883.5
188.234465419645	1862.5
191.108939614183	1859.5
193.982416955795	1859.5
196.854898157687	1863.33337402344
199.726383931801	1864.83337402344
202.596874988835	1860.16662597656
205.466372038225	1862
208.334875788145	1889.66662597656
211.202386945534	1894.16662597656
214.068906216069	1895.83337402344
216.934434304194	1912.33337402344
219.798971913111	1897.5
222.662519744776	1926.66662597656
225.525078499925	1921.5
228.386648878069	1926
231.247231577465	1905.5
234.106827295172	1923.33337402344
236.965436727012	1887.66662597656
239.823060567597	1916
242.679699510337	1898.66662597656
245.535354247396	1883.33337402344
248.390025469775	1919.16662597656
251.243713867223	1910.5
254.096420128327	1917.16662597656
256.948144940459	1886.5
259.798888989788	1899.33337402344
262.648652961315	1899.16662597656
265.49743753883	1918.33337402344
268.345243404939	1920.5
271.192071241073	1901.83337402344
274.037921727485	1909.83337402344
276.882795543246	1895.83337402344
279.72669336624	1911.83337402344
282.569615873213	1917.16662597656
285.411563739724	1931.33337402344
288.252537640165	1904.66662597656
291.092538247763	1947.66662597656
293.931566234616	1921.83337402344
296.769622271633	1930.66662597656
299.606707028594	1959.16662597656
302.442821174104	1933
305.277965375652	1934
308.112140299574	1965.83337402344
310.945346611062	1953.16662597656
313.777584974167	1966.16662597656
316.608856051813	1960.66662597656
319.439160505797	1948.5
322.268498996783	1964.33337402344
325.096872184303	1957.66662597656
327.924280726782	1958.33337402344
330.750725281521	1961.16662597656
333.576206504693	1954.33337402344
336.400725051388	1951.33337402344
339.224281575542	1978.66662597656
342.046876730026	1953.83337402344
344.868511166586	1987.16662597656
347.689185535872	1959
350.508900487421	1952.33337402344
353.327656669699	1958
356.145454730079	1966.5
358.962295314817	1951.83337402344
361.778179069105	1938.5
364.593106637051	1935.16662597656
367.407078661675	1950.33337402344
370.220095784913	1961.16662597656
373.032158647655	1996.66662597656
375.843267889676	1972.83337402344
378.653424149715	1991
381.462628065436	1967.83337402344
384.270880273432	1992
387.078181409254	1990.16662597656
389.884532107358	1997.83337402344
392.689933001188	1986.16662597656
395.494384723112	2011.16662597656
398.29788790445	1994.66662597656
401.100443175488	2016.33337402344
403.902051165437	1997
406.702712502518	1998.66662597656
409.502427813866	2004.5
412.301197725607	2025.66662597656
415.099022862823	2016.16662597656
417.89590384957	2017.33337402344
420.691841308876	2003.66662597656
423.486835862752	2006
426.280888132173	2057
429.073998737112	2021.33337402344
431.866168296507	2025.33337402344
434.657397428298	2011.66662597656
437.447686749412	2023.5
440.237036875762	2022.16662597656
443.025448422257	2025.5
445.812922002813	2027.83337402344
448.599458230326	2002.83337402344
451.38505771672	2038.16662597656
454.169721072909	2010.83337402344
456.953448908819	2033.5
459.736241833384	2023
462.518100454555	2043.5
465.2990253793	2049
468.079017213605	2045.66662597656
470.858076562476	2027.33337402344
473.636204029939	2064
476.41340021906	2079.5
479.189665731938	2051.66674804688
481.965001169667	2035.83337402344
484.739407132419	2072.33325195313
487.512884219391	2047.16662597656
490.285433028796	2060
493.057054157921	2084
495.827748203087	2054
498.597515759658	2080.33325195313
501.366357422061	2061.33325195313
504.134273783759	2096.83325195313
506.901265437278	2065.66674804688
509.66733297421	2074.5
512.432476985198	2055.33325195313
515.196698059945	2064.5
517.959996787225	2091.5
520.722373754895	2081.83325195313
523.483829549856	2053.33325195313
526.24436475811	2060.83325195313
529.003979964696	2102.83325195313
531.762675753779	2080.16674804688
534.520452708569	2088
537.277311411375	2115.5
540.03325244359	2116.83325195313
542.788276385682	2073
545.54238381725	2093.33325195313
548.295575316938	2115.33325195313
551.047851462516	2106.83325195313
553.799212830831	2097.16674804688
556.549659997851	2100.33325195313
559.299193538643	2107
562.047814027381	2119.5
564.795522037318	2122.5
567.542318140861	2120.83325195313
570.288202909507	2124.5
573.033176913873	2089.16674804688
575.7772407237	2114.16674804688
578.520394907829	2074.83325195313
581.26264003424	2120
584.003976670046	2095
586.744405381469	2125
589.483926733869	2127.5
592.222541291746	2129.33325195313
594.96024961872	2129.66674804688
597.697052277563	2147.33325195313
600.432949830166	2104
603.167942837587	2113
605.902031860012	2108
608.635217456783	2122.83325195313
611.367500186378	2121.16674804688
614.098880606429	2152.16674804688
616.82935927374	2145
619.558936744248	2134.5
622.287613573072	2188.5
625.015390314457	2172.33325195313
627.742267521848	2141.66674804688
630.468245747829	2142.5
633.193325544166	2164.33325195313
635.917507461792	2157.5
638.640792050804	2144.16674804688
641.36317986048	2180.66674804688
644.084671439281	2185
646.805267334845	2167.5
649.524968093967	2159.33325195313
652.24377426266	2169
654.961686386106	2125.16674804688
657.678705008678	2159
660.394830673939	2147.16674804688
663.110063924628	2162.5
665.824405302728	2173.33325195313
668.537855349351	2173
671.250414604863	2186.33325195313
673.962083608812	2152.66674804688
676.672862899949	2182.5
679.382753016218	2180.66674804688
682.091754494801	2188.66674804688
684.799867872061	2173.83325195313
687.507093683595	2175.16674804688
690.213432464198	2211.33325195313
692.918884747899	2202
695.623451067937	2219.5
698.327131956755	2207
701.029927946065	2204.16674804688
703.731839566754	2242
706.43286734896	2201.66674804688
709.133011822067	2217.16674804688
711.832273514658	2223.83325195313
714.53065295457	2224.16674804688
717.228150668879	2192.5
719.924767183889	2238.5
722.620503025148	2223.5
725.315358717446	2202
728.009334784827	2246.16674804688
730.702431750559	2210.66674804688
733.394650137188	2213.16674804688
736.085990466498	2208.16674804688
738.776453259519	2187
741.466039036542	2250
744.154748317125	2197.66674804688
746.842581620074	2207.66674804688
749.529539463458	2226.66674804688
752.215622364608	2228.66674804688
754.900830840131	2211.66674804688
757.585165405892	2253
760.26862657703	2234
762.951214867957	2254.5
765.632930792356	2236.5
768.313774863181	2273.83325195313
770.993747592673	2230.83325195313
773.672849492359	2278.33325195313
776.351081073017	2260.33325195313
779.028442844757	2240.83325195313
781.704935316928	2261.16674804688
784.380558998208	2266.33325195313
787.055314396528	2231.33325195313
789.729202019141	2243.16674804688
792.402222372581	2256.83325195313
795.074375962669	2278.66674804688
797.745663294537	2271.33325195313
800.416084872622	2281.33325195313
803.085641200652	2283.66674804688
805.754332781664	2283.66674804688
808.422160117986	2257.83325195313
811.089123711292	2276
813.75522406252	2273.16674804688
816.420461671951	2255
819.084837039164	2295.83325195313
821.748350663067	2287
824.411003041866	2280.83325195313
827.072794673116	2275.66674804688
829.733726053668	2290.5
832.39379767971	2302.5
835.05301004674	2322.33325195313
837.711363649601	2328.33325195313
840.368858982457	2280.33325195313
843.025496538805	2344.16674804688
845.681276811467	2293
848.336200292618	2316.5
850.99026747375	2327.66674804688
853.643478845713	2307.66674804688
856.29583489868	2310.16674804688
858.947336122176	2334.33325195313
861.59798300506	2305
864.247776035556	2310.83325195313
866.896715701222	2319.66674804688
869.544802488959	2344.16674804688
872.192036885046	2304.66674804688
874.838419375087	2353.5
877.483950444054	2344.66674804688
880.128630576285	2325.5
882.772460255461	2327.5
885.415439964628	2334.5
888.057570186211	2347
890.698851401966	2336
893.339284093045	2304.5
895.978868739961	2313.83325195313
898.617605822596	2335.33325195313
901.255495820196	2316.83325195313
903.892539211396	2390.66674804688
906.528736474184	2354.5
909.164088085949	2343.83325195313
911.798594523442	2358.5
914.432256262804	2325.16674804688
917.065073779549	2364.83325195313
919.697047548589	2379.66674804688
922.328178044212	2402.66674804688
924.9584657401	2408.66674804688
927.587911109317	2401
930.216514624317	2379.66674804688
932.844276756963	2380.33325195313
935.471197978488	2378.16674804688
938.097278759538	2372.16674804688
940.722519570163	2372.66674804688
943.346920879798	2388.5
945.97048315729	2387.83325195313
948.593206870885	2364.66674804688
951.215092488219	2368.83325195313
953.836140476366	2415.33325195313
956.456351301787	2403.66674804688
959.07572543037	2390
961.694263327369	2402.83325195313
964.311965457521	2420
966.928832284933	2394
969.544864273135	2376.83325195313
972.160061885076	2394.16674804688
974.774425583129	2427.66674804688
977.387955829099	2426.5
980.000653084196	2430.5
982.612517809061	2427.66674804688
985.223550463768	2382.5
987.833751507819	2373
990.443121400135	2403.66674804688
993.051660599081	2416.83325195313
995.659369562449	2412.66674804688
998.266248747469	2421.66674804688
1000.87229861081	2422.5
1003.47751960857	2470.33325195313
1006.0819121963	2424
1008.68547682897	2450.5
1011.28821396104	2440
1013.89012404635	2435.16674804688
1016.49120753824	2461.83325195313
1019.09146488947	2417.66674804688
1021.69089655226	2439.5
1024.28950297827	2455.66674804688
1026.88728461863	2427.5
1029.48424192392	2412.16674804688
1032.08037534416	2423
1034.67568532886	2442.33325195313
1037.27017232694	2456.16674804688
1039.86383678682	2467.66674804688
1042.45667915637	2455.5
1045.04869988293	2460.33325195313
1047.6398994133	2449.16674804688
1050.23027819374	2482.16674804688
1052.81983666998	2494.66674804688
1055.40857528724	2503.33325195313
1057.99649449018	2492.66674804688
1060.58359472296	2477.5
1063.1698764292	2446.5
1065.755340052	2517.5
1068.33998603393	2482
1070.92381481706	2490.66674804688
1073.50682684291	2482.83325195313
1076.08902255251	2482.83325195313
1078.67040238637	2519.5
1081.25096678445	2511.66674804688
1083.83071618624	2493.5
1086.4096510307	2469.83325195313
1088.98777175629	2496.33325195313
1091.56507880094	2499
1094.14157260208	2481.33325195313
1096.71725359664	2517.83325195313
1099.29212222106	2495.83325195313
1101.86617891125	2492.83325195313
1104.43942410262	2533.16674804688
1107.01185823011	2506.66674804688
1109.58348172812	2491.66674804688
1112.15429503057	2510.16674804688
1114.7242985709	2475.5
1117.29349278203	2464.83325195313
1119.86187809642	2532.16674804688
1122.42945494599	2529.66674804688
1124.99622376222	2521.5
1127.56218497606	2557.33325195313
1130.12733901801	2511.5
1132.69168631804	2523.5
1135.25522730568	2532.16674804688
1137.81796240995	2541
1140.37989205941	2526.5
1142.9410166821	2499.66674804688
1145.50133670561	2536.16674804688
1148.06085255708	2491.16674804688
1150.61956466311	2553.83325195313
1153.17747344987	2535.33325195313
1155.73457934305	2500.33325195313
1158.29088276786	2574.83325195313
1160.84638414903	2523.33325195313
1163.40108391085	2557.5
1165.95498247711	2544.16674804688
1168.50808027116	2539.66674804688
1171.06037771587	2506.33325195313
1173.61187523364	2552.33325195313
1176.16257324643	2596.83325195313
1178.71247217573	2555
1181.26157244255	2573.16674804688
1183.80987446746	2581.33325195313
1186.35737867059	2535.16674804688
1188.90408547157	2566.83325195313
1191.44999528961	2564
1193.99510854347	2556.5
1196.53942565142	2574.16674804688
1199.08294703133	2599
1201.62567310057	2588
1204.16760427611	2591
1206.70874097445	2575
1209.24908361163	2615.5
1211.78863260327	2580.5
1214.32738836454	2571.83325195313
1216.86535131017	2607.16674804688
1219.40252185445	2618
1221.93890041121	2615.83325195313
1224.47448739389	2599.33325195313
1227.00928321544	2593.66674804688
1229.54328828842	2645.66674804688
1232.07650302491	2614
1234.60892783662	2643
1237.14056313477	2664
1239.67140933017	2629.33325195313
1242.2014668332	2679.16674804688
1244.73073605384	2694.5
1247.25921740159	2692.16674804688
1249.78691128558	2652.33325195313
1252.31381811448	2654.5
1254.83993829655	2649.33325195313
1257.36527223962	2670.83325195313
1259.88982035112	2759.33325195313
1262.41358303803	2707
1264.93656070696	2697
1267.45875376405	2728.5
1269.98016261505	2700
1272.50078766531	2701.16674804688
1275.02062931974	2712
1277.53968798285	2711
1280.05796405875	2743.16674804688
1282.57545795112	2693.66674804688
1285.09217006325	2699.5
1287.60810079802	2690.16674804688
1290.12325055788	2723.5
1292.63761974492	2736.5
1295.15120876079	2758.5
1297.66401800676	2791.5
1300.17604788367	2736.5
1302.687298792	2743
1305.19777113181	2711
1307.70746530274	2714.16674804688
1310.21638170408	2773.83325195313
1312.7245207347	2740.33325195313
1315.23188279307	2749
1317.73846827728	2730
1320.24427758502	2798.66674804688
1322.74931111359	2745.16674804688
1325.25356925991	2740.33325195313
1327.75705242051	2747.33325195313
1330.25976099151	2784.83325195313
1332.76169536868	2745
1335.26285594737	2786
1337.76324312256	2785
1340.26285728887	2766.33325195313
1342.76169884052	2759.66674804688
1345.25976817132	2775.66674804688
1347.75706567474	2771.5
1350.25359174387	2784
1352.74934677141	2757.5
1355.24433114968	2750.33325195313
1357.73854527062	2801.83325195313
1360.23198952583	2761.33325195313
1362.7246643065	2781.66674804688
1365.21657000347	2740.16674804688
1367.7077070072	2809.16674804688
1370.19807570777	2786.16674804688
1372.68767649492	2773.66674804688
1375.176509758	2732.5
1377.66457588599	2788.66674804688
1380.15187526753	2776
1382.63840829087	2753.33325195313
1385.1241753439	2781.16674804688
1387.60917681417	2814.33325195313
1390.09341308884	2767.16674804688
1392.57688455474	2800.16674804688
1395.05959159829	2786.33325195313
1397.54153460562	2821.5
1400.02271396243	2798
1402.50313005414	2778.5
1404.98278326576	2814
1407.46167398196	2766
1409.93980258707	2788.83325195313
1412.41716946504	2842.83325195313
1414.89377499951	2820.5
1417.36961957373	2827.66674804688
1419.84470357062	2829.66674804688
1422.31902737275	2856.66674804688
1424.79259136235	2852.33325195313
1427.26539592129	2865.5
1429.73744143111	2840.83325195313
1432.20872827299	2852
1434.67925682777	2850.66674804688
1437.14902747597	2880.83325195313
1439.61804059773	2839.5
1442.0862965729	2877.16674804688
1444.55379578093	2895.33325195313
1447.02053860099	2912
1449.48652541188	2867.66674804688
1451.95175659206	2854.66674804688
1454.41623251969	2898.5
1456.87995357255	2887.66674804688
1459.34292012811	2847.16674804688
1461.80513256351	2930.16674804688
1464.26659125557	2924
1466.72729658073	2828.83325195313
1469.18724891517	2890.83325195313
1471.64644863469	2867.83325195313
1474.10489611478	2893.33325195313
1476.5625917306	2917.16674804688
1479.01953585699	2873.16674804688
1481.47572886844	2859
1483.93117113917	2856.83325195313
1486.38586304302	2884.66674804688
1488.83980495354	2905.5
1491.29299724395	2944.5
1493.74544028715	2859.66674804688
1496.19713445573	2887.83325195313
1498.64808012193	2895.16674804688
1501.09827765772	2895.83325195313
1503.54772743471	2879.66674804688
1505.99642982421	2919
1508.44438519723	2894.83325195313
1510.89159392446	2911
1513.33805637625	2885
1515.78377292266	2911.33325195313
1518.22874393346	2903.5
1520.67296977806	2885
1523.11645082559	2885.66674804688
1525.55918744488	2879.16674804688
1528.00118000444	2869.66674804688
1530.44242887245	2914.83325195313
1532.88293441684	2942
1535.32269700517	2871.66674804688
1537.76171700475	2922.33325195313
1540.19999478255	2909.5
1542.63753070526	2934
1545.07432513925	2909
1547.5103784506	2961.83325195313
1549.94569100509	2932.83325195313
1552.38026316819	2982.83325195313
1554.8140953051	2928.5
1557.24718778067	2931.83325195313
1559.67954095952	2904.16674804688
1562.11115520592	2989
1564.54203088386	2951
1566.97216835704	2974.83325195313
1569.40156798888	3002.33325195313
1571.83023014248	2959.33325195313
1574.25815518067	2986
1576.68534346597	2947
1579.11179536062	2991.16674804688
1581.53751122658	2928.16674804688
1583.9624914255	2992.83325195313
1586.38673631876	2967.66674804688
1588.81024626745	3016.33325195313
1591.23302163235	2999.5
1593.655062774	3048.16674804688
1596.07637005262	3014.16674804688
1598.49694382815	2977
1600.91678446025	3003.66674804688
1603.33589230831	3028.66674804688
1605.75426773142	2994.83325195313
1608.1719110884	3027.83325195313
1610.58882273779	3049.5
1613.00500303784	3022.16674804688
1615.42045234654	3015.16674804688
1617.83517102158	3023.66674804688
1620.24915942039	3005.5
1622.66241790012	3042.66674804688
1625.07494681764	3016.33325195313
1627.48674652954	3045.83325195313
1629.89781739216	3053.5
1632.30815976152	3037.33325195313
1634.71777399343	3007.16674804688
1637.12666044338	3031.5
1639.53481946661	3026
1641.94225141808	3033
1644.34895665248	3046.5
1646.75493552424	3044.83325195313
1649.16018838752	3093.16674804688
1651.56471559621	3049.5
1653.96851750392	3045.33325195313
1656.37159446403	3116.33325195313
1658.7739468296	3044
1661.17557495349	3090
1663.57647918824	3053.83325195313
1665.97665988617	3066.33325195313
1668.37611739929	3074.83325195313
1670.77485207939	3072.5
1673.17286427799	3053
1675.57015434633	3034.33325195313
1677.96672263542	3024.16674804688
1680.36256949598	3012.5
1682.7576952785	3036
1685.15210033318	3005.66674804688
1687.54578501	3026
1689.93874965866	3005.16674804688
1692.33099462861	3047.5
1694.72252026904	3020.66674804688
1697.11332692889	3014.83325195313
1699.50341495686	3041.83325195313
1701.89278470137	3016
1704.28143651061	2998.33325195313
1706.66937073251	3040.16674804688
1709.05658771473	3032.33325195313
1711.44308780473	3027.33325195313
1713.82887134968	3000.83325195313
1716.21393869648	3019
1718.59829019185	3013.83325195313
1720.98192618221	3030.33325195313
1723.36484701374	3045.83325195313
1725.74705303238	3002.33325195313
1728.12854458384	3019.16674804688
1730.50932201356	3021.66674804688
1732.88938566673	3082.5
1735.26873588834	3067.33325195313
1737.64737302307	3034.83325195313
1740.02529741544	3053.5
1742.40250940964	3036.16674804688
1744.77900934969	3036.66674804688
1747.15479757933	3075.33325195313
1749.52987444206	3057.66674804688
1751.90424028116	3062.16674804688
1754.27789543967	3018.5
1756.65084026037	3110.33325195313
1759.02307508582	3038.83325195313
1761.39460025833	3038.66674804688
1763.76541612	3081
1766.13552301265	3100.33325195313
1768.50492127791	3117.16674804688
1770.87361125714	3085.5
1773.2415932915	3022.83325195313
1775.60886772188	3074
1777.97543488896	3056.5
1780.34129513318	3045.66674804688
1782.70644879475	3065.83325195313
1785.07089621365	3113.16674804688
1787.43463772964	3079.16674804688
1789.7976736822	3038.66674804688
1792.16000441066	3092.5
1794.52163025405	3106.5
1796.88255155121	3096.16674804688
1799.24276864074	3072.5
1801.60228186102	3093.5
1803.96109155019	3074.83325195313
1806.31919804618	3115.66674804688
1808.67660168668	3105.33325195313
1811.03330280916	3115.5
1813.38930175088	3063.5
1815.74459884884	3123.5
1818.09919443984	3135.5
1820.45308886047	3100
1822.80628244708	3086.16674804688
1825.1587755358	3110.33325195313
1827.51056846254	3132.66674804688
1829.86166156297	3120.16674804688
1832.21205517258	3125.66674804688
1834.56174962661	3096
1836.91074526009	3124.83325195313
1839.25904240783	3115.83325195313
1841.60664140443	3125.16674804688
1843.95354258425	3096.5
1846.29974628146	3121.33325195313
1848.64525282998	3139.5
1850.99006256356	3100.66674804688
1853.3341758157	3103.66674804688
1855.67759291968	3110.16674804688
1858.02031420858	3089.83325195313
1860.36234001528	3142.33325195313
1862.70367067241	3149
1865.04430651244	3088
1867.38424786755	3108.33325195313
1869.72349506978	3120.16674804688
1872.06204845094	3145.5
1874.39990834258	3093.33325195313
1876.73707507612	3110.66674804688
1879.07354898269	3117.33325195313
1881.40933039328	3156.16674804688
1883.74441963861	3156.16674804688
1886.07881704925	3191.5
1888.41252295551	3135.5
1890.74553768751	3152.66674804688
1893.07786157519	3114.16674804688
1895.40949494822	3121.33325195313
1897.74043813615	3137.5
1900.07069146823	3141
1902.40025527357	3140.33325195313
1904.72912988106	3151.16674804688
1907.05731561938	3112.66674804688
1909.38481281699	3115.66674804688
1911.71162180217	3114.83325195313
1914.037742903	3153.66674804688
1916.36317644734	3159.66674804688
1918.68792276284	3121.16674804688
1921.01198217697	3115.5
1923.33535501699	3179
1925.65804160996	3131.5
1927.98004228273	3142.83325195313
1930.30135736196	3124.33325195313
1932.6219871741	3210.33325195313
1934.94193204543	3173
1937.26119230198	3163.33325195313
1939.57976826962	3142
1941.89766027402	3157
1944.21486864062	3152.16674804688
1946.53139369472	3187.83325195313
1948.84723576137	3181
1951.16239516543	3170.33325195313
1953.47687223159	3170.83325195313
1955.79066728434	3169.66674804688
1958.10378064794	3208.5
1960.4162126465	3165.33325195313
1962.7279636039	3128
1965.03903384385	3175.16674804688
1967.34942368987	3191
1969.65913346524	3208.5
1971.96816349311	3228.33325195313
1974.2765140964	3138
1976.58418559784	3167
1978.89117831997	3146.5
1981.19749258516	3196.16674804688
1983.50312871555	3211.66674804688
1985.80808703313	3186.5
1988.11236785967	3172.5
1990.41597151676	3189.5
1992.71889832581	3215.5
1995.02114860801	3194.16674804688
1997.3227226844	3206
1999.62362087581	3167.16674804688
2001.92384350288	3223.16674804688
2004.22339088608	3192.33325195313
2006.52226334567	3215.16674804688
2008.82046120173	3157.83325195313
2011.11798477417	3177.16674804688
2013.41483438269	3208.16674804688
2015.71101034681	3216.66674804688
2018.00651298588	3197.83325195313
2020.30134261905	3212
2022.59549956528	3281.33325195313
2024.88898414337	3196.16674804688
2027.1817966719	3248.5
2029.4739374693	3250.66674804688
2031.76540685379	3189.66674804688
2034.05620514342	3198
2036.34633265607	3219.33325195313
2038.6357897094	3209.33325195313
2040.92457662092	3194.5
2043.21269370795	3245
2045.50014128763	3209.16674804688
2047.78691967691	3275.66674804688
2050.07302919256	3235
2052.35847015118	3238.5
2054.64324286919	3232
2056.9273476628	3198
2059.21078484808	3198.16674804688
2061.4935547409	3236
2063.77565765696	3230.66674804688
2066.05709391176	3221.33325195313
2068.33786382065	3250.66674804688
2070.61796769879	3224.66674804688
2072.89740586116	3211.83325195313
2075.17617862255	3209.16674804688
2077.45428629759	3212.83325195313
2079.73172920075	3244.16674804688
2082.00850764627	3239.83325195313
2084.28462194827	3237.66674804688
2086.56007242065	3210.33325195313
2088.83485937717	3216.33325195313
2091.10898313139	3235.33325195313
2093.3824439967	3248.66674804688
2095.65524228632	3241.33325195313
2097.92737831328	3261.16674804688
2100.19885239047	3210.83325195313
2102.46966483057	3262.5
2104.7398159461	3241.5
2107.00930604941	3270.33325195313
2109.27813545267	3274.5
2111.54630446787	3295.16674804688
2113.81381340685	3232.5
2116.08066258126	3248.33325195313
2118.34685230257	3262
2120.61238288211	3282.5
2122.87725463099	3275.33325195313
2125.1414678602	3278.66674804688
2127.40502288052	3261.33325195313
2129.66792000257	3274.66674804688
2131.93015953682	3287.66674804688
2134.19174179353	3287.33325195313
2136.45266708282	3315.83325195313
2138.71293571463	3270.33325195313
2140.97254799873	3296.16674804688
2143.23150424473	3272
2145.48980476205	3273
2147.74744985996	3293.83325195313
2150.00443984754	3286.83325195313
2152.26077503373	3304.83325195313
2154.51645572728	3322.33325195313
2156.77148223677	3278.83325195313
2159.02585487064	3304.33325195313
2161.27957393713	3284.5
2163.53263974432	3358.83325195313
2165.78505260012	3233.5
2168.0368128123	3261.83325195313
2170.28792068844	3276.16674804688
2172.53837653595	3259.66674804688
2174.78818066207	3302.16674804688
2177.03733337389	3259
2179.28583497833	3288.66674804688
2181.53368578214	3258
2183.78088609192	3283.83325195313
2186.02743621406	3270.33325195313
2188.27333645484	3314.16674804688
2190.51858712033	3269.5
2192.76318851646	3291.83325195313
2195.00714094901	3280.66674804688
2197.25044472354	3267.16674804688
2199.49310014551	3291.83325195313
2201.73510752018	3294.83325195313
2203.97646715265	3257.33325195313
2206.21717934786	3275
2208.45724441058	3303.83325195313
2210.69666264543	3283.5
2212.93543435686	3322
2215.17355984914	3286.83325195313
2217.41103942642	3246
2219.64787339264	3314.5
2221.8840620516	3283.83325195313
2224.11960570695	3260.83325195313
2226.35450466215	3269.33325195313
2228.58875922051	3274.83325195313
2230.82236968518	3299.16674804688
2233.05533635916	3305
2235.28765954527	3275.33325195313
2237.51933954617	3271.33325195313
2239.75037666437	3335.83325195313
2241.98077120221	3308.16674804688
2244.21052346188	3316
2246.4396337454	3309.83325195313
2248.66810235461	3274.33325195313
2250.89592959125	3329
2253.12311575681	3337.5
2255.34966115272	3308.33325195313
2257.57556608017	3300
2259.80083084023	3328.33325195313
2262.02545573381	3276.5
2264.24944106163	3279
2266.47278712429	3315
2268.69549422221	3291.83325195313
2270.91756265564	3332
2273.1389927247	3361.83325195313
2275.35978472934	3308.66674804688
2277.57993896933	3335
2279.79945574431	3324.83325195313
2282.01833535375	3287.66674804688
2284.23657809696	3285.5
2286.45418427309	3346.5
2288.67115418114	3270.33325195313
2290.88748811995	3328.33325195313
2293.10318638819	3322
2295.3182492844	3318.33325195313
2297.53267710693	3325.5
2299.746470154	3346.16674804688
2301.95962872364	3330.66674804688
2304.17215311376	3337.5
2306.3840436221	3333.33325195313
2308.59530054621	3351
2310.80592418354	3339
2313.01591483134	3347.5
2315.22527278673	3317.66674804688
2317.43399834666	3316.66674804688
2319.64209180791	3352.83325195313
2321.84955346713	3343
2324.05638362079	3371.66674804688
2326.26258256524	3353.16674804688
2328.46815059664	3305.5
2330.67308801098	3336.66674804688
2332.87739510415	3333.33325195313
2335.08107217184	3328.83325195313
2337.2841195096	3345
2339.48653741281	3326
2341.68832617672	3356
2343.8894860964	3393.33325195313
2346.09001746678	3368
2348.28992058261	3324.83325195313
2350.48919573852	3347.83325195313
2352.68784322898	3312
2354.88586334826	3372.16674804688
2357.08325639055	3340.5
2359.2800226498	3392.5
2361.47616241988	3391.5
2363.67167599445	3369.66674804688
2365.86656366706	3368
2368.06082573107	3344
2370.2544624797	3346.33325195313
2372.44747420603	3364.83325195313
2374.63986120295	3386.83325195313
2376.83162376322	3390
2379.02276217945	3337.5
2381.21327674408	3355.83325195313
2383.4031677494	3346.33325195313
2385.59243548756	3368.16674804688
2387.78108025053	3339.66674804688
2389.96910233014	3344.33325195313
2392.15650201809	3357.33325195313
2394.34327960587	3359.16674804688
2396.52943538486	3356.5
2398.71496964628	3356.83325195313
2400.89988268118	3363.16674804688
2403.08417478048	3387.83325195313
2405.26784623491	3361.16674804688
2407.45089733509	3388.16674804688
2409.63332837146	3373.33325195313
2411.81513963429	3383.33325195313
2413.99633141375	3374.5
2416.1769039998	3328.33325195313
2418.35685768227	3316
2420.53619275084	3394.5
2422.71490949505	3344.16674804688
2424.89300820425	3314
2427.07048916765	3334.66674804688
2429.24735267433	3353.5
2431.42359901319	3395.33325195313
2433.59922847297	3337.5
2435.7742413423	3281
2437.94863790961	3357.66674804688
2440.12241846321	3345.33325195313
2442.29558329121	3337
2444.46813268162	3376.66674804688
2446.64006692228	3389.83325195313
2448.81138630086	3331
2450.98209110489	3373.66674804688
2453.15218162174	3324.66674804688
2455.32165813864	3363.83325195313
2457.49052094265	3367.33325195313
2459.65877032069	3380.33325195313
2461.8264065595	3395.83325195313
2463.99342994572	3405.33325195313
2466.15984076579	3411.66674804688
2468.325639306	3361
2470.49082585251	3402.66674804688
2472.65540069131	3416.16674804688
2474.81936410824	3406.16674804688
2476.98271638899	3395
2479.14545781909	3394.66674804688
2481.30758868392	3362.5
2483.4691092687	3403.66674804688
2485.63001985852	3428.16674804688
2487.79032073829	3415.16674804688
2489.95001219277	3442.5
2492.10909450659	3371.5
2494.26756796419	3408.5
2496.42543284989	3410.83325195313
2498.58268944783	3437.16674804688
2500.73933804202	3426.33325195313
2502.8953789163	3390.83325195313
2505.05081235436	3414.5
2507.20563863974	3405.33325195313
2509.35985805582	3404.16674804688
2511.51347088583	3449.83325195313
2513.66647741285	3429.16674804688
2515.81887791981	3404.16674804688
2517.97067268946	3446.33325195313
2520.12186200443	3417.16674804688
2522.27244614716	3399.83325195313
2524.42242539999	3387.83325195313
2526.57180004504	3397.66674804688
2528.72057036433	3386.16674804688
2530.8687366397	3401.83325195313
2533.01629915284	3430.5
2535.16325818527	3411.5
2537.30961401839	3430
2539.45536693343	3416.83325195313
2541.60051721145	3370.66674804688
2543.74506513338	3388.16674804688
2545.88901097997	3377.33325195313
2548.03235503185	3385.16674804688
2550.17509756946	3388.33325195313
2552.31723887311	3419.5
2554.45877922293	3425.66674804688
2556.59971889893	3409.33325195313
2558.74005818094	3362.66674804688
2560.87979734864	3366.16674804688
2563.01893668155	3417.33325195313
2565.15747645906	3400.5
2567.29541696037	3374.16674804688
2569.43275846454	3377
2571.56950125049	3392.33325195313
2573.70564559696	3378.5
2575.84119178254	3371.16674804688
2577.97614008569	3416.5
2580.11049078468	3367.83325195313
2582.24424415764	3427
2584.37740048255	3453.83325195313
2586.50996003722	3365.16674804688
2588.64192309931	3417.66674804688
2590.77328994634	3383.66674804688
2592.90406085564	3432.16674804688
2595.03423610442	3413
2597.16381596971	3375.33325195313
2599.29280072839	3409.66674804688
2601.42119065719	3434.5
2603.54898603267	3417.66674804688
2605.67618713125	3405.66674804688
2607.80279422919	3422.16674804688
2609.92880760257	3420.16674804688
2612.05422752735	3475.16674804688
2614.17905427932	3434
2616.30328813408	3433.33325195313
2618.42692936713	3461.66674804688
2620.54997825377	3425
2622.67243506915	3441.66674804688
2624.79430008828	3442.83325195313
2626.915573586	3431.5
2629.03625583699	3443
2631.15634711579	3434.83325195313
2633.27584769675	3485.66674804688
2635.39475785408	3462.5
2637.51307786185	3431.66674804688
2639.63080799394	3402
2641.74794852409	3410
2643.86449972589	3447.83325195313
2645.98046187273	3476.83325195313
2648.0958352379	3452.33325195313
2650.21062009449	3429.5
2652.32481671544	3453.33325195313
2654.43842537353	3424.5
2656.5514463414	3507.33325195313
2658.66387989151	3439.16674804688
2660.77572629616	3426
2662.88698582751	3443.83325195313
2664.99765875753	3387
2667.10774535806	3450.5
2669.21724590076	3417.16674804688
2671.32616065714	3440.16674804688
2673.43448989857	3526.33325195313
2675.5422338962	3507.5
2677.64939292108	3442.16674804688
2679.75596724408	3425.16674804688
2681.86195713589	3450.33325195313
2683.96736286707	3473.83325195313
2686.07218470799	3423
2688.17642292889	3494.5
2690.28007779982	3475.5
2692.38314959069	3493.5
2694.48563857123	3444.66674804688
2696.58754501103	3469.5
2698.6888691795	3461.83325195313
2700.78961134588	3447.16674804688
2702.8897717793	3472.33325195313
2704.98935074864	3490.5
2707.08834852271	3452.16674804688
2709.18676537009	3470.33325195313
2711.28460155925	3435.83325195313
2713.38185735843	3507.83325195313
2715.47853303577	3456.33325195313
2717.57462885924	3512.83325195313
2719.67014509659	3463.5
2721.76508201548	3491.5
2723.85943988337	3514.16674804688
2725.95321896754	3479.5
2728.04641953515	3512
2730.13904185316	3489.5
2732.23108618837	3515.16674804688
2734.32255280744	3507.16674804688
2736.41344197683	3480.66674804688
2738.50375396288	3473
2740.5934890317	3482.33325195313
2742.68264744932	3480
2744.77122948153	3521.16674804688
2746.85923539398	3471
2748.94666545217	3461.16674804688
2751.03351992142	3461.5
2753.11979906688	3454.16674804688
2755.20550315355	3434
2757.29063244624	3494.83325195313
2759.37518720963	3453.5
2761.45916770819	3462
2763.54257420625	3456.66674804688
2765.62540696797	3444
2767.70766625733	3504.83325195313
2769.78935233816	3486.33325195313
2771.87046547413	3465
2773.95100592869	3435.5
2776.03097396519	3470.5
2778.11036984677	3431.16674804688
2780.18919383641	3475.5
2782.26744619693	3470.66674804688
2784.34512719097	3506
2786.42223708102	3507
2788.49877612937	3474.5
2790.57474459816	3503.83325195313
2792.65014274937	3462.16674804688
2794.7249708448	3459
2796.79922914607	3472.66674804688
2798.87291791465	3426.66674804688
2800.94603741181	3543.33325195313
2803.01858789869	3510.33325195313
2805.09056963623	3508.16674804688
2807.1619828852	3505.83325195313
2809.23282790621	3489.66674804688
2811.30310495971	3497.16674804688
2813.37281430593	3517.83325195313
2815.441956205	3477.66674804688
2817.51053091682	3526.5
2819.57853870114	3519
2821.64597981753	3521.66674804688
2823.7128545254	3511.5
2825.77916308399	3558.83325195313
2827.84490575233	3510
2829.91008278933	3557.33325195313
2831.97469445369	3479.16674804688
2834.03874100395	3589.16674804688
2836.10222269847	3532.5
2838.16513979544	3515.66674804688
2840.22749255288	3574.83325195313
2842.28928122863	3566.33325195313
2844.35050608034	3593.16674804688
2846.41116736553	3637.83325195313
2848.47126534149	3664.16674804688
2850.53080026537	3627.66674804688
2852.58977239414	3635
2854.64818198459	3662.66674804688
2856.70602929332	3644
2858.76331457678	3649.33325195313
2860.82003809123	3640.83325195313
2862.87620009274	3652.16674804688
2864.93180083723	3688.66674804688
2866.98684058043	3618.5
2869.04131957789	3744.83325195313
2871.09523808497	3727.83325195313
2873.14859635689	3707
2875.20139464866	3713.66674804688
2877.2536332151	3705.16674804688
2879.30531231091	3689
2881.35643219054	3703.33325195313
2883.40699310831	3692.83325195313
2885.45699531834	3704
2887.50643907457	3701.66674804688
2889.55532463077	3709.16674804688
2891.60365224053	3721.5
2893.65142215724	3730
2895.69863463414	3736.33325195313
2897.74528992426	3728.16674804688
2899.79138828046	3735.66674804688
2901.83692995544	3812.16674804688
2903.88191520168	3740.16674804688
2905.92634427151	3731
2907.97021741706	3686.66674804688
2910.01353489027	3765.83325195313
2912.05629694294	3757.66674804688
2914.09850382663	3741.33325195313
2916.14015579276	3727.5
2918.18125309254	3744
2920.22179597702	3740.5
2922.26178469705	3742.66674804688
2924.30121950329	3762.5
2926.34010064624	3831.83325195313
2928.37842837619	3811.5
2930.41620294326	3843.66674804688
2932.45342459737	3787.66674804688
2934.49009358828	3803.66674804688
2936.52621016555	3798.66674804688
2938.56177457854	3816
2940.59678707645	3768.33325195313
2942.63124790827	3814.5
2944.66515732282	3814.16674804688
2946.69851556873	3775.66674804688
2948.73132289443	3738.66674804688
2950.76357954817	3726
2952.79528577803	3713.16674804688
2954.82644183188	3665.66674804688
2956.85704795741	3699.16674804688
2958.8871044021	3740.83325195313
2960.91661141328	3691.33325195313
2962.94556923807	3740.83325195313
2964.97397812339	3727.5
2967.00183831598	3682.5
2969.0291500624	3655
2971.05591360902	3670.5
2973.08212920199	3685.83325195313
2975.1077970873	3628.66674804688
2977.13291751074	3683.5
2979.1574907179	3706.16674804688
2981.18151695419	3654
2983.20499646482	3625.66674804688
2985.2279294948	3656.5
2987.25031628898	3615.33325195313
2989.27215709199	3633.66674804688
2991.29345214825	3585
2993.31420170204	3557.66674804688
2995.33440599738	3603.83325195313
2997.35406527816	3616.5
2999.37317978802	3567
3001.39174977045	3581.5
3003.40977546872	3633.66674804688
3005.42725712591	3628.83325195313
3007.44419498491	3614.5
3009.4605892884	3618.5
3011.47644027889	3660.66674804688
3013.49174819865	3675.16674804688
3015.5065132898	3673
3017.52073579424	3652.33325195313
3019.53441595366	3599.16674804688
3021.54755400959	3595.33325195313
3023.56015020332	3585.5
3025.57220477598	3587.83325195313
3027.58371796846	3556.66674804688
3029.5946900215	3622.5
3031.6051211756	3598
3033.61501167107	3579.83325195313
3035.62436174803	3568.83325195313
3037.6331716464	3534.5
3039.64144160588	3549.33325195313
3041.649171866	3567
3043.65636266607	3571.5
3045.6630142452	3594.83325195313
3047.66912684229	3595.16674804688
3049.67470069605	3545
3051.679736045	3542.16674804688
3053.68423312742	3594.66674804688
3055.68819218143	3559.66674804688
3057.6916134449	3598.33325195313
3059.69449715556	3537.66674804688
3061.69684355086	3588.83325195313
3063.6986528681	3582
3065.69992534437	3585.83325195313
3067.70066121653	3614.66674804688
3069.70086072126	3566.66674804688
3071.700524095	3553.5
3073.69965157405	3561.5
3075.69824339442	3565.16674804688
3077.69629979197	3597.33325195313
3079.69382100235	3579.16674804688
3081.69080726098	3561.5
3083.68725880307	3591.33325195313
3085.68317586366	3582.16674804688
3087.67855867755	3577.33325195313
3089.67340747933	3535
3091.6677225034	3588.16674804688
3093.66150398392	3602.5
3095.6547521549	3562
3097.64746725006	3574.33325195313
3099.63964950297	3634.16674804688
3101.63129914698	3566.66674804688
3103.6224164152	3579
3105.61300154056	3580.66674804688
3107.60305475576	3613.33325195313
3109.59257629331	3673.16674804688
3111.58156638547	3587
3113.57002526432	3604
3115.55795316172	3571.16674804688
3117.54535030932	3612
3119.53221693853	3613.16674804688
3121.51855328057	3616
3123.50435956646	3620.16674804688
3125.48963602698	3642.33325195313
3127.4743828927	3661
3129.45860039397	3642.5
3131.44228876093	3648.83325195313
3133.42544822353	3627.33325195313
3135.40807901145	3636.66674804688
3137.39018135418	3671.66674804688
3139.37175548102	3624.16674804688
3141.35280162101	3648.16674804688
3143.33332000299	3635.83325195313
3145.31331085559	3639.5
3147.2927744072	3631.33325195313
3149.27171088602	3643.33325195313
3151.25012052	3608.66674804688
3153.22800353689	3637.16674804688
3155.20536016422	3647.5
3157.18219062929	3695.16674804688
3159.15849515918	3599.5
3161.13427398075	3569.83325195313
3163.10952732066	3633.83325195313
3165.08425540532	3582
3167.05845846092	3619.83325195313
3169.03213671344	3624.5
3171.00529038863	3635.33325195313
3172.97791971203	3590.83325195313
3174.95002490893	3638.5
3176.92160620443	3606.16674804688
3178.89266382337	3657.5
3180.8631979904	3634.16674804688
3182.83320892991	3625.83325195313
3184.80269686609	3625.66674804688
3186.77166202289	3615.33325195313
3188.74010462406	3670.5
3190.70802489307	3666.16674804688
3192.67542305323	3641.33325195313
3194.64229932757	3687.16674804688
3196.60865393892	3646
3198.57448710987	3617.83325195313
3200.53979906279	3671
3202.50459001981	3622.16674804688
3204.46886020284	3647.5
3206.43260983356	3661.33325195313
3208.39583913341	3643.83325195313
3210.35854832362	3682.66674804688
3212.32073762517	3690.16674804688
3214.28240725881	3663
3216.24355744508	3688.33325195313
3218.20418840426	3625.5
3220.16430035642	3666.83325195313
3222.12389352137	3677.66674804688
3224.08296811873	3629.5
3226.04152436784	3671.16674804688
3227.99956248784	3688
3229.95708269762	3688.83325195313
3231.91408521584	3655.5
3233.87057026092	3647.5
3235.82653805105	3680.5
3237.78198880419	3738.83325195313
3239.73692273806	3656.16674804688
3241.69134007013	3672.5
3243.64524101764	3710
3245.59862579761	3751
3247.55149462681	3703.16674804688
3249.50384772176	3666.83325195313
3251.45568529877	3701
3253.40700757387	3718.33325195313
3255.35781476288	3695
3257.3081070814	3721
3259.25788474473	3719.83325195313
3261.20714796799	3718.83325195313
3263.15589696602	3705.83325195313
3265.10413195345	3702.16674804688
3267.05185314463	3743
3268.9990607537	3678.33325195313
3270.94575499455	3745.33325195313
3272.89193608081	3689.83325195313
3274.8376042259	3715.66674804688
3276.78275964296	3713.5
3278.72740254492	3747.5
3280.67153314443	3689.66674804688
3282.61515165393	3693
3284.55825828559	3723.33325195313
3286.50085325135	3682.5
3288.44293676289	3686.83325195313
3290.38450903165	3738.5
3292.32557026883	3689.5
3294.26612068537	3673.33325195313
3296.20616049198	3775.16674804688
3298.14568989911	3674
3300.08470911695	3684.66674804688
3302.02321835546	3675.5
3303.96121782435	3689.83325195313
3305.89870773306	3688
3307.83568829081	3661.66674804688
3309.77215970655	3696.5
3311.70812218898	3647.66674804688
3313.64357594655	3684.66674804688
3315.57852118747	3712.33325195313
3317.51295811968	3685.16674804688
3319.44688695087	3667.16674804688
3321.38030788849	3698.16674804688
3323.31322113973	3704.66674804688
3325.24562691152	3704
3327.17752541055	3703
3329.10891684322	3648.66674804688
3331.03980141573	3718.5
3332.97017933399	3744.5
3334.90005080364	3684.83325195313
3336.82941603011	3712.66674804688
3338.75827521852	3737.16674804688
3340.68662857377	3692.16674804688
3342.6144763005	3672.16674804688
3344.54181860308	3660.16674804688
3346.46865568561	3709.16674804688
3348.39498775195	3677.16674804688
3350.32081500571	3715
3352.24613765022	3730
3354.17095588855	3730.33325195313
3356.09526992352	3722.33325195313
3358.01907995769	3725.83325195313
3359.94238619334	3740
3361.86518883251	3750.16674804688
3363.78748807697	3723.66674804688
3365.70928412823	3719
3367.63057718752	3766.66674804688
3369.55136745582	3727.5
3371.47165513386	3756.5
3373.39144042208	3691.16674804688
3375.31072352066	3760.66674804688
3377.22950462953	3759.5
3379.14778394834	3735
3381.06556167648	3692.83325195313
3382.98283801308	3753
3384.89961315697	3792.5
3386.81588730676	3682.66674804688
3388.73166066076	3777.33325195313
3390.64693341702	3740.33325195313
3392.56170577332	3717.16674804688
3394.47597792716	3729.66674804688
3396.38975007581	3757.83325195313
3398.30302241623	3679.83325195313
3400.21579514512	3730.66674804688
3402.1280684589	3728.83325195313
3404.03984255374	3711.16674804688
3405.95111762553	3698.5
3407.86189386987	3710.33325195313
3409.77217148212	3744.66674804688
3411.68195065733	3765.5
3413.5912315903	3713.66674804688
3415.50001447556	3748.5
3417.40829950735	3707.33325195313
3419.31608687963	3715.66674804688
3421.22337678611	3711.5
3423.1301694202	3689
3425.03646497504	3709.33325195313
3426.9422636435	3751.5
3428.84756561816	3728.5
3430.75237109135	3692.16674804688
3432.65668025508	3702.83325195313
3434.56049330112	3701
3436.46381042093	3703.16674804688
3438.36663180571	3754.16674804688
3440.26895764638	3753
3442.17078813357	3694.83325195313
3444.07212345762	3688.33325195313
3445.97296380863	3759
3447.87330937636	3706.16674804688
3449.77316035033	3671
3451.67251691977	3673.66674804688
3453.57137927361	3653.33325195313
3455.46974760052	3706.33325195313
3457.36762208886	3694
3459.26500292671	3735.5
3461.16189030191	3657.5
3463.05828440194	3663.16674804688
3464.95418541406	3721.66674804688
3466.84959352519	3680.5
3468.74450892201	3701.16674804688
3470.63893179088	3743.66674804688
3472.53286231788	3718.16674804688
3474.42630068881	3669.66674804688
3476.31924708918	3710.83325195313
3478.2117017042	3706.66674804688
3480.1036647188	3721.5
3481.99513631761	3724.33325195313
3483.88611668498	3721.5
3485.77660600498	3731
3487.66660446135	3730.33325195313
3489.55611223758	3727.33325195313
3491.44512951683	3724.5
3493.333656482	3709.5
3495.22169331568	3727
3497.10924020016	3655.5
3498.99629731746	3603.16674804688
3500.88286484927	3658.16674804688
3502.76894297702	3724.33325195313
3504.65453188182	3725.16674804688
3506.53963174449	3711.83325195313
3508.42424274555	3706.5
3510.30836506524	3677.16674804688
3512.19199888349	3712.83325195313
3514.07514437992	3684.16674804688
3515.95780173387	3652
3517.83997112437	3666.83325195313
3519.72165273016	3665
3521.60284672967	3640
3523.48355330104	3666.83325195313
3525.36377262208	3663.5
3527.24350487035	3613.66674804688
3529.12275022306	3656.33325195313
3531.00150885715	3668.16674804688
3532.87978094923	3602.16674804688
3534.75756667562	3658.83325195313
3536.63486621235	3644.16674804688
3538.51167973512	3671.66674804688
3540.38800741934	3613.16674804688
3542.26384944011	3621.33325195313
3544.13920597223	3680
3546.01407719018	3640.33325195313
3547.88846326815	3656.66674804688
3549.76236438002	3666.16674804688
3551.63578069934	3653.66674804688
3553.50871239938	3639.16674804688
3555.38115965309	3643
3557.25312263311	3606.83325195313
3559.12460151177	3628
3560.99559646109	3619.5
3562.86610765279	3657.83325195313
3564.73613525825	3663
3566.60567944857	3607.83325195313
3568.47474039453	3625.66674804688
3570.34331826658	3655.83325195313
3572.21141323487	3669.33325195313
3574.07902546925	3666.33325195313
3575.94615513922	3641.33325195313
3577.81280241401	3667.66674804688
3579.67896746249	3650.5
3581.54465045325	3661
3583.40985155455	3682
3585.27457093432	3646.33325195313
3587.1388087602	3647.33325195313
3589.00256519949	3652.66674804688
3590.86584041919	3638.66674804688
3592.72863458597	3669.5
3594.59094786618	3605.16674804688
3596.45278042585	3684.66674804688
3598.31413243069	3677.5
3600.17500404611	3654.33325195313
3602.03539543717	3638.33325195313
3603.89530676861	3691
3605.75473820488	3625
3607.61368991007	3623.33325195313
3609.47216204797	3654.5
3611.33015478203	3666.5
3613.18766827539	3646.33325195313
3615.04470269087	3665.33325195313
3616.90125819094	3667.66674804688
3618.75733493776	3601.5
3620.61293309318	3656.83325195313
3622.46805281869	3643
3624.32269427547	3637.83325195313
3626.17685762439	3666.16674804688
3628.03054302596	3655.5
3629.88375064038	3627
3631.73648062751	3608
3633.5887331469	3650.5
3635.44050835775	3583
3637.29180641893	3633.5
3639.14262748899	3636
3640.99297172614	3588.83325195313
3642.84283928828	3674.66674804688
3644.69223033294	3596.5
3646.54114501734	3635.16674804688
3648.38958349836	3603.83325195313
3650.23754593256	3613.66674804688
3652.08503247614	3566.83325195313
3653.93204328497	3650
3655.77857851462	3600.66674804688
3657.62463832028	3603.83325195313
3659.47022285682	3612.66674804688
3661.31533227877	3560.5
3663.15996674033	3646.66674804688
3665.00412639535	3615.83325195313
3666.84781139736	3624.83325195313
3668.69102189953	3575
3670.5337580547	3578.66674804688
3672.37602001537	3593.16674804688
3674.21780793368	3563
3676.05912196148	3651.66674804688
3677.89996225021	3591.5
3679.74032895103	3599.16674804688
3681.58022221471	3577.66674804688
3683.41964219171	3593.16674804688
3685.25858903211	3592.66674804688
3687.0970628857	3574.5
3688.93506390186	3598.5
3690.77259222968	3620
3692.60964801787	3667.66674804688
3694.44623141481	3625.66674804688
3696.28234256853	3572.83325195313
3698.11798162669	3581.66674804688
3699.95314873665	3600
3701.78784404537	3584.66674804688
3703.62206769951	3575.5
3705.45581984533	3611.66674804688
3707.28910062877	3665
3709.12191019542	3590
3710.95424869052	3627.83325195313
3712.78611625894	3608.83325195313
3714.6175130452	3588.5
3716.44843919349	3588.83325195313
3718.27889484764	3659
3720.1088801511	3597
3721.93839524699	3561
3723.76744027808	3622.5
3725.59601538677	3607.5
3727.4241207151	3634.33325195313
