40.2973356941271	1133
43.2236257608418	1132.5
46.1488808466109	1133.30004882813
49.0731017336173	1130.80004882813
51.9962892025666	1134.19995117188
54.9184440327569	1133.69995117188
57.8395670020446	1133.5
60.7596588868509	1134.5
63.6787204621708	1137.09997558594
66.5967525015794	1141.30004882813
69.5137557772381	1144.80004882813
72.4297310598838	1145
75.3446791188512	1151.5
78.2586007220466	1161.19995117188
81.1714966360015	1171.40002441406
84.0833676258266	1181.80004882813
86.994214455242	1194.80004882813
89.9040378865662	1213.80004882813
92.8128386807427	1234.19995117188
95.7206175973133	1243.90002441406
98.6273753944444	1244.80004882813
101.533112828928	1264.69995117188
104.437830656161	1261.30004882813
107.34152963018	1262
110.244210503676	1267.80004882813
113.145874027931	1261.40002441406
116.046520952895	1260.30004882813
118.946152027154	1257.5
121.844767997933	1249.09997558594
124.74236961111	1258.30004882813
127.638957611212	1248.30004882813
130.534532741422	1250.69995117188
133.429095743606	1253
136.322647358252	1255.40002441406
139.215188324544	1250.59997558594
142.106719380311	1257.90002441406
144.997241262089	1257.19995117188
147.886754705057	1250.30004882813
150.775260443096	1259.5
153.662759208748	1251.5
156.549251733282	1260.19995117188
159.434738746612	1256.69995117188
162.319220977376	1257.40002441406
165.20269915289	1260.59997558594
168.085173999178	1251.19995117188
170.966646240977	1260.69995117188
173.847116601709	1251.09997558594
176.726585803528	1247.80004882813
179.605054567295	1249.90002441406
182.48252361259	1246.80004882813
185.358993657701	1249.90002441406
188.234465419645	1252.69995117188
191.108939614183	1242.90002441406
193.982416955795	1247.90002441406
196.854898157687	1250.09997558594
199.726383931801	1248.80004882813
202.596874988835	1254
205.466372038225	1252.59997558594
208.334875788145	1248.69995117188
211.202386945534	1257.5
214.068906216069	1255.90002441406
216.934434304194	1257.69995117188
219.798971913111	1254.09997558594
222.662519744776	1253.30004882813
225.525078499925	1259.90002441406
228.386648878069	1255.09997558594
231.247231577465	1261.90002441406
234.106827295172	1255
236.965436727012	1247.59997558594
239.823060567597	1253
242.679699510337	1255.69995117188
245.535354247396	1257.59997558594
248.390025469775	1256.30004882813
251.243713867223	1255.09997558594
254.096420128327	1256.5
256.948144940459	1249.69995117188
259.798888989788	1256.5
262.648652961315	1252.80004882813
265.49743753883	1250.5
268.345243404939	1247
271.192071241073	1245.19995117188
274.037921727485	1262.69995117188
276.882795543246	1254.59997558594
279.72669336624	1245.40002441406
282.569615873213	1249.40002441406
285.411563739724	1254.69995117188
288.252537640165	1268.5
291.092538247763	1259
293.931566234616	1257.19995117188
296.769622271633	1255.19995117188
299.606707028594	1255.90002441406
302.442821174104	1256.19995117188
305.277965375652	1258.69995117188
308.112140299574	1259.80004882813
310.945346611062	1269.09997558594
313.777584974167	1260
316.608856051813	1254.90002441406
319.439160505797	1254.69995117188
322.268498996783	1262.30004882813
325.096872184303	1262.30004882813
327.924280726782	1256
330.750725281521	1262.30004882813
333.576206504693	1264.40002441406
336.400725051388	1258.19995117188
339.224281575542	1264.30004882813
342.046876730026	1266.19995117188
344.868511166586	1263.40002441406
347.689185535872	1263.40002441406
350.508900487421	1265.5
353.327656669699	1259.30004882813
356.145454730079	1261
358.962295314817	1261.69995117188
361.778179069105	1267.09997558594
364.593106637051	1258.19995117188
367.407078661675	1268.80004882813
370.220095784913	1259.19995117188
373.032158647655	1257
375.843267889676	1265.40002441406
378.653424149715	1258.80004882813
381.462628065436	1264.69995117188
384.270880273432	1262.09997558594
387.078181409254	1261.09997558594
389.884532107358	1264.59997558594
392.689933001188	1271.90002441406
395.494384723112	1274.19995117188
398.29788790445	1268.59997558594
401.100443175488	1267.09997558594
403.902051165437	1269.09997558594
406.702712502518	1271
409.502427813866	1262.19995117188
412.301197725607	1261.19995117188
415.099022862823	1266.19995117188
417.89590384957	1263.59997558594
420.691841308876	1275.09997558594
423.486835862752	1263.19995117188
426.280888132173	1276.09997558594
429.073998737112	1267
431.866168296507	1273.69995117188
434.657397428298	1266.5
437.447686749412	1264.19995117188
440.237036875762	1269.09997558594
443.025448422257	1267.40002441406
445.812922002813	1269.59997558594
448.599458230326	1268.30004882813
451.38505771672	1275.69995117188
454.169721072909	1278.5
456.953448908819	1275.69995117188
459.736241833384	1269.59997558594
462.518100454555	1272.69995117188
465.2990253793	1271.09997558594
468.079017213605	1281.80004882813
470.858076562476	1271.09997558594
473.636204029939	1271.30004882813
476.41340021906	1269.30004882813
479.189665731938	1273.69995117188
481.965001169667	1283.59997558594
484.739407132419	1276
487.512884219391	1284.80004882813
490.285433028796	1277.69995117188
493.057054157921	1276.09997558594
495.827748203087	1281.80004882813
498.597515759658	1279.5
501.366357422061	1283.30004882813
504.134273783759	1265
506.901265437278	1283.80004882813
509.66733297421	1276.40002441406
512.432476985198	1286.19995117188
515.196698059945	1277.30004882813
517.959996787225	1279.69995117188
520.722373754895	1275.5
523.483829549856	1282.19995117188
526.24436475811	1283.80004882813
529.003979964696	1277.40002441406
531.762675753779	1283
534.520452708569	1277.59997558594
537.277311411375	1285.90002441406
540.03325244359	1283.69995117188
542.788276385682	1285.80004882813
545.54238381725	1285.09997558594
548.295575316938	1282.19995117188
551.047851462516	1278.69995117188
553.799212830831	1286.09997558594
556.549659997851	1285.5
559.299193538643	1290.19995117188
562.047814027381	1277.19995117188
564.795522037318	1286.19995117188
567.542318140861	1287.59997558594
570.288202909507	1290.09997558594
573.033176913873	1295.80004882813
575.7772407237	1277.09997558594
578.520394907829	1299
581.26264003424	1283.30004882813
584.003976670046	1285.90002441406
586.744405381469	1288.5
589.483926733869	1286.69995117188
592.222541291746	1283.5
594.96024961872	1290.19995117188
597.697052277563	1294.30004882813
600.432949830166	1289.59997558594
603.167942837587	1286.5
605.902031860012	1293.5
608.635217456783	1287.19995117188
611.367500186378	1296.30004882813
614.098880606429	1298.19995117188
616.82935927374	1281.5
619.558936744248	1299.30004882813
622.287613573072	1286.80004882813
625.015390314457	1291.30004882813
627.742267521848	1287
630.468245747829	1301.80004882813
633.193325544166	1291.90002441406
635.917507461792	1291.30004882813
638.640792050804	1292.30004882813
641.36317986048	1302.30004882813
644.084671439281	1289.40002441406
646.805267334845	1284.09997558594
649.524968093967	1292.40002441406
652.24377426266	1297.30004882813
654.961686386106	1292.19995117188
657.678705008678	1294.69995117188
660.394830673939	1298
663.110063924628	1294.5
665.824405302728	1291
668.537855349351	1295.69995117188
671.250414604863	1299.5
673.962083608812	1288.80004882813
676.672862899949	1300.69995117188
679.382753016218	1293
682.091754494801	1290.09997558594
684.799867872061	1300.90002441406
687.507093683595	1294.90002441406
690.213432464198	1306.40002441406
692.918884747899	1300.40002441406
695.623451067937	1307.69995117188
698.327131956755	1299.40002441406
701.029927946065	1305.80004882813
703.731839566754	1305.80004882813
706.43286734896	1304.80004882813
709.133011822067	1299.19995117188
711.832273514658	1308
714.53065295457	1305.19995117188
717.228150668879	1300.09997558594
719.924767183889	1296.5
722.620503025148	1307.30004882813
725.315358717446	1301.59997558594
728.009334784827	1309.19995117188
730.702431750559	1309.30004882813
733.394650137188	1308.69995117188
736.085990466498	1312.09997558594
738.776453259519	1309.59997558594
741.466039036542	1309
744.154748317125	1309.80004882813
746.842581620074	1293.80004882813
749.529539463458	1309.30004882813
752.215622364608	1303.80004882813
754.900830840131	1302.09997558594
757.585165405892	1304.59997558594
760.26862657703	1311.40002441406
762.951214867957	1308.69995117188
765.632930792356	1305.59997558594
768.313774863181	1305.80004882813
770.993747592673	1313.59997558594
773.672849492359	1297.30004882813
776.351081073017	1308.19995117188
779.028442844757	1308.80004882813
781.704935316928	1312.09997558594
784.380558998208	1304.69995117188
787.055314396528	1315.40002441406
789.729202019141	1314.59997558594
792.402222372581	1315
795.074375962669	1308.90002441406
797.745663294537	1310.40002441406
800.416084872622	1312.90002441406
803.085641200652	1306.80004882813
805.754332781664	1308.69995117188
808.422160117986	1313
811.089123711292	1312.90002441406
813.75522406252	1312.40002441406
816.420461671951	1314.30004882813
819.084837039164	1323.5
821.748350663067	1314.40002441406
824.411003041866	1308.59997558594
827.072794673116	1318
829.733726053668	1324.40002441406
832.39379767971	1309.19995117188
835.05301004674	1308.59997558594
837.711363649601	1323.59997558594
840.368858982457	1321
843.025496538805	1323.90002441406
845.681276811467	1321.69995117188
848.336200292618	1311
850.99026747375	1327.09997558594
853.643478845713	1319.59997558594
856.29583489868	1331.80004882813
858.947336122176	1323.40002441406
861.59798300506	1319.90002441406
864.247776035556	1328.19995117188
866.896715701222	1317.5
869.544802488959	1337.09997558594
872.192036885046	1321.59997558594
874.838419375087	1316.59997558594
877.483950444054	1333.59997558594
880.128630576285	1321.5
882.772460255461	1324.40002441406
885.415439964628	1323.69995117188
888.057570186211	1328.19995117188
890.698851401966	1327.40002441406
893.339284093045	1329.30004882813
895.978868739961	1333.59997558594
898.617605822596	1334.19995117188
901.255495820196	1323.40002441406
903.892539211396	1334.09997558594
906.528736474184	1325.19995117188
909.164088085949	1331.59997558594
911.798594523442	1331.40002441406
914.432256262804	1312.69995117188
917.065073779549	1336
919.697047548589	1327.19995117188
922.328178044212	1333.90002441406
924.9584657401	1340
927.587911109317	1343.90002441406
930.216514624317	1335.40002441406
932.844276756963	1335.5
935.471197978488	1346.5
938.097278759538	1337.5
940.722519570163	1336.30004882813
943.346920879798	1333.59997558594
945.97048315729	1338
948.593206870885	1340.90002441406
951.215092488219	1335.19995117188
953.836140476366	1337
956.456351301787	1337.09997558594
959.07572543037	1338.80004882813
961.694263327369	1336.09997558594
964.311965457521	1332.69995117188
966.928832284933	1340.30004882813
969.544864273135	1340.69995117188
972.160061885076	1340.09997558594
974.774425583129	1345.09997558594
977.387955829099	1334
980.000653084196	1337.59997558594
982.612517809061	1335
985.223550463768	1331.40002441406
987.833751507819	1339.69995117188
990.443121400135	1341.90002441406
993.051660599081	1336.19995117188
995.659369562449	1331.30004882813
998.266248747469	1339.19995117188
1000.87229861081	1332.5
1003.47751960857	1349.30004882813
1006.0819121963	1343.90002441406
1008.68547682897	1340.09997558594
1011.28821396104	1341.09997558594
1013.89012404635	1336.80004882813
1016.49120753824	1336.80004882813
1019.09146488947	1339
1021.69089655226	1343.80004882813
1024.28950297827	1335.5
1026.88728461863	1352.30004882813
1029.48424192392	1331.90002441406
1032.08037534416	1344.80004882813
1034.67568532886	1338.09997558594
1037.27017232694	1343
1039.86383678682	1343.80004882813
1042.45667915637	1350.30004882813
1045.04869988293	1339.09997558594
1047.6398994133	1353.59997558594
1050.23027819374	1345
1052.81983666998	1347.90002441406
1055.40857528724	1347.69995117188
1057.99649449018	1360.80004882813
1060.58359472296	1348.90002441406
1063.1698764292	1348.5
1065.755340052	1364.69995117188
1068.33998603393	1345.5
1070.92381481706	1359.59997558594
1073.50682684291	1349
1076.08902255251	1355.90002441406
1078.67040238637	1362.80004882813
1081.25096678445	1359
1083.83071618624	1341.69995117188
1086.4096510307	1350
1088.98777175629	1354.40002441406
1091.56507880094	1352.40002441406
1094.14157260208	1350.80004882813
1096.71725359664	1354.40002441406
1099.29212222106	1345.59997558594
1101.86617891125	1347.69995117188
1104.43942410262	1343.80004882813
1107.01185823011	1344.69995117188
1109.58348172812	1357.90002441406
1112.15429503057	1349.40002441406
1114.7242985709	1344.40002441406
1117.29349278203	1353
1119.86187809642	1343.19995117188
1122.42945494599	1353.59997558594
1124.99622376222	1360.30004882813
1127.56218497606	1347
1130.12733901801	1354.80004882813
1132.69168631804	1360.30004882813
1135.25522730568	1350
1137.81796240995	1357.5
1140.37989205941	1353.69995117188
1142.9410166821	1354.40002441406
1145.50133670561	1350.69995117188
1148.06085255708	1362.80004882813
1150.61956466311	1358.09997558594
1153.17747344987	1365.59997558594
1155.73457934305	1348.90002441406
1158.29088276786	1358.5
1160.84638414903	1350.09997558594
1163.40108391085	1358.80004882813
1165.95498247711	1357.19995117188
1168.50808027116	1360.80004882813
1171.06037771587	1349.09997558594
1173.61187523364	1366.59997558594
1176.16257324643	1354.5
1178.71247217573	1350.80004882813
1181.26157244255	1349
1183.80987446746	1347.40002441406
1186.35737867059	1363.40002441406
1188.90408547157	1349.5
1191.44999528961	1350
1193.99510854347	1357.30004882813
1196.53942565142	1350.69995117188
1199.08294703133	1354.09997558594
1201.62567310057	1356.80004882813
1204.16760427611	1346.40002441406
1206.70874097445	1363.90002441406
1209.24908361163	1368.80004882813
1211.78863260327	1351.40002441406
1214.32738836454	1360.90002441406
1216.86535131017	1359.09997558594
1219.40252185445	1361.80004882813
1221.93890041121	1374.09997558594
1224.47448739389	1361.19995117188
1227.00928321544	1375.19995117188
1229.54328828842	1371.40002441406
1232.07650302491	1367.5
1234.60892783662	1379.19995117188
1237.14056313477	1364.90002441406
1239.67140933017	1381.59997558594
1242.2014668332	1378.19995117188
1244.73073605384	1385.5
1247.25921740159	1384.90002441406
1249.78691128558	1375
1252.31381811448	1376.40002441406
1254.83993829655	1383.09997558594
1257.36527223962	1383.80004882813
1259.88982035112	1388.19995117188
1262.41358303803	1388.5
1264.93656070696	1395.09997558594
1267.45875376405	1390.19995117188
1269.98016261505	1391.90002441406
1272.50078766531	1386.80004882813
1275.02062931974	1388.30004882813
1277.53968798285	1398.90002441406
1280.05796405875	1387
1282.57545795112	1382.69995117188
1285.09217006325	1386
1287.60810079802	1379.59997558594
1290.12325055788	1382.59997558594
1292.63761974492	1390.09997558594
1295.15120876079	1390.90002441406
1297.66401800676	1387.69995117188
1300.17604788367	1399.5
1302.687298792	1381.90002441406
1305.19777113181	1385.90002441406
1307.70746530274	1388
1310.21638170408	1391.5
1312.7245207347	1402.69995117188
1315.23188279307	1379.90002441406
1317.73846827728	1391.90002441406
1320.24427758502	1391
1322.74931111359	1392.80004882813
1325.25356925991	1380.40002441406
1327.75705242051	1394.09997558594
1330.25976099151	1379.90002441406
1332.76169536868	1389
1335.26285594737	1384.5
1337.76324312256	1388.5
1340.26285728887	1385.59997558594
1342.76169884052	1387.09997558594
1345.25976817132	1382.40002441406
1347.75706567474	1377.30004882813
1350.25359174387	1394.5
1352.74934677141	1376.90002441406
1355.24433114968	1389.30004882813
1357.73854527062	1394
1360.23198952583	1384.5
1362.7246643065	1387.40002441406
1365.21657000347	1389.59997558594
1367.7077070072	1388.80004882813
1370.19807570777	1386.80004882813
1372.68767649492	1400.69995117188
1375.176509758	1387.69995117188
1377.66457588599	1396.80004882813
1380.15187526753	1387.09997558594
1382.63840829087	1394.19995117188
1385.1241753439	1386.40002441406
1387.60917681417	1403.90002441406
1390.09341308884	1394.09997558594
1392.57688455474	1386.69995117188
1395.05959159829	1392.09997558594
1397.54153460562	1392.5
1400.02271396243	1398.80004882813
1402.50313005414	1397.59997558594
1404.98278326576	1391.80004882813
1407.46167398196	1391.40002441406
1409.93980258707	1402.40002441406
1412.41716946504	1395.19995117188
1414.89377499951	1391.30004882813
1417.36961957373	1399.30004882813
1419.84470357062	1406.09997558594
1422.31902737275	1409.59997558594
1424.79259136235	1394.69995117188
1427.26539592129	1406.09997558594
1429.73744143111	1411.59997558594
1432.20872827299	1407.30004882813
1434.67925682777	1412.40002441406
1437.14902747597	1410
1439.61804059773	1421
1442.0862965729	1410.69995117188
1444.55379578093	1414.90002441406
1447.02053860099	1421.40002441406
1449.48652541188	1416.69995117188
1451.95175659206	1422.40002441406
1454.41623251969	1428.40002441406
1456.87995357255	1425.69995117188
1459.34292012811	1410
1461.80513256351	1412.59997558594
1464.26659125557	1411.30004882813
1466.72729658073	1405.09997558594
1469.18724891517	1408.59997558594
1471.64644863469	1412.90002441406
1474.10489611478	1406.19995117188
1476.5625917306	1417.19995117188
1479.01953585699	1407.69995117188
1481.47572886844	1401.59997558594
1483.93117113917	1411.90002441406
1486.38586304302	1405.80004882813
1488.83980495354	1415.59997558594
1491.29299724395	1419.40002441406
1493.74544028715	1403.40002441406
1496.19713445573	1415.90002441406
1498.64808012193	1410.69995117188
1501.09827765772	1401.90002441406
1503.54772743471	1409.69995117188
1505.99642982421	1396.59997558594
1508.44438519723	1413.59997558594
1510.89159392446	1415.19995117188
1513.33805637625	1402.19995117188
1515.78377292266	1409.09997558594
1518.22874393346	1404.69995117188
1520.67296977806	1398.90002441406
1523.11645082559	1404.59997558594
1525.55918744488	1412.19995117188
1528.00118000444	1412
1530.44242887245	1402.80004882813
1532.88293441684	1408.59997558594
1535.32269700517	1398.69995117188
1537.76171700475	1402.90002441406
1540.19999478255	1419.80004882813
1542.63753070526	1397.30004882813
1545.07432513925	1406.40002441406
1547.5103784506	1411.40002441406
1549.94569100509	1401.59997558594
1552.38026316819	1412.80004882813
1554.8140953051	1411.80004882813
1557.24718778067	1413.69995117188
1559.67954095952	1416.69995117188
1562.11115520592	1412.40002441406
1564.54203088386	1410.5
1566.97216835704	1407
1569.40156798888	1413.40002441406
1571.83023014248	1424.80004882813
1574.25815518067	1432.19995117188
1576.68534346597	1420.40002441406
1579.11179536062	1421.40002441406
1581.53751122658	1425.69995117188
1583.9624914255	1421.5
1586.38673631876	1411
1588.81024626745	1423.19995117188
1591.23302163235	1423.90002441406
1593.655062774	1411.69995117188
1596.07637005262	1435.30004882813
1598.49694382815	1421.30004882813
1600.91678446025	1417.40002441406
1603.33589230831	1414.19995117188
1605.75426773142	1418.19995117188
1608.1719110884	1420.30004882813
1610.58882273779	1425
1613.00500303784	1427.69995117188
1615.42045234654	1425.80004882813
1617.83517102158	1432.80004882813
1620.24915942039	1427.30004882813
1622.66241790012	1426.30004882813
1625.07494681764	1428.40002441406
1627.48674652954	1431.59997558594
1629.89781739216	1441.19995117188
1632.30815976152	1427.69995117188
1634.71777399343	1431.40002441406
1637.12666044338	1436.80004882813
1639.53481946661	1441.59997558594
1641.94225141808	1448.19995117188
1644.34895665248	1439.40002441406
1646.75493552424	1452
1649.16018838752	1451.30004882813
1651.56471559621	1463.80004882813
1653.96851750392	1457.80004882813
1656.37159446403	1465.80004882813
1658.7739468296	1470
1661.17557495349	1481
1663.57647918824	1452.5
1665.97665988617	1466.80004882813
1668.37611739929	1450.40002441406
1670.77485207939	1444.09997558594
1673.17286427799	1437.90002441406
1675.57015434633	1438.59997558594
1677.96672263542	1433.09997558594
1680.36256949598	1432.40002441406
1682.7576952785	1419.80004882813
1685.15210033318	1422.80004882813
1687.54578501	1443
1689.93874965866	1427
1692.33099462861	1426
1694.72252026904	1429.5
1697.11332692889	1437
1699.50341495686	1429.09997558594
1701.89278470137	1428.30004882813
1704.28143651061	1447.69995117188
1706.66937073251	1445.30004882813
1709.05658771473	1426.19995117188
1711.44308780473	1430.30004882813
1713.82887134968	1435.5
1716.21393869648	1435.19995117188
1718.59829019185	1430.09997558594
1720.98192618221	1440.90002441406
1723.36484701374	1431.90002441406
1725.74705303238	1438.59997558594
1728.12854458384	1442.09997558594
1730.50932201356	1431.90002441406
1732.88938566673	1443.40002441406
1735.26873588834	1445.19995117188
1737.64737302307	1440.59997558594
1740.02529741544	1435
1742.40250940964	1429.90002441406
1744.77900934969	1439.69995117188
1747.15479757933	1453.19995117188
1749.52987444206	1446.30004882813
1751.90424028116	1445.90002441406
1754.27789543967	1447.30004882813
1756.65084026037	1433.19995117188
1759.02307508582	1441.59997558594
1761.39460025833	1438.90002441406
1763.76541612	1437.90002441406
1766.13552301265	1437.80004882813
1768.50492127791	1452.80004882813
1770.87361125714	1449
1773.2415932915	1436.40002441406
1775.60886772188	1444.40002441406
1777.97543488896	1446.69995117188
1780.34129513318	1445.80004882813
1782.70644879475	1440
1785.07089621365	1458
1787.43463772964	1428.90002441406
1789.7976736822	1443.80004882813
1792.16000441066	1438
1794.52163025405	1450.80004882813
1796.88255155121	1449.40002441406
1799.24276864074	1438.40002441406
1801.60228186102	1436.19995117188
1803.96109155019	1429.40002441406
1806.31919804618	1440.80004882813
1808.67660168668	1439.59997558594
1811.03330280916	1447.69995117188
1813.38930175088	1446.09997558594
1815.74459884884	1442.69995117188
1818.09919443984	1441.5
1820.45308886047	1452.80004882813
1822.80628244708	1445.80004882813
1825.1587755358	1452
1827.51056846254	1437.80004882813
1829.86166156297	1443.40002441406
1832.21205517258	1436.59997558594
1834.56174962661	1457.19995117188
1836.91074526009	1447.69995117188
1839.25904240783	1454.40002441406
1841.60664140443	1450.09997558594
1843.95354258425	1445.90002441406
1846.29974628146	1456.59997558594
1848.64525282998	1455
1850.99006256356	1444
1853.3341758157	1459.59997558594
1855.67759291968	1446.69995117188
1858.02031420858	1449.90002441406
1860.36234001528	1439.90002441406
1862.70367067241	1458.5
1865.04430651244	1426.30004882813
1867.38424786755	1450.69995117188
1869.72349506978	1432.80004882813
1872.06204845094	1453.90002441406
1874.39990834258	1458
1876.73707507612	1451.30004882813
1879.07354898269	1440.69995117188
1881.40933039328	1448
1883.74441963861	1449.30004882813
1886.07881704925	1455
1888.41252295551	1451.80004882813
1890.74553768751	1451
1893.07786157519	1461.69995117188
1895.40949494822	1453.40002441406
1897.74043813615	1444.5
1900.07069146823	1458.69995117188
1902.40025527357	1477.09997558594
1904.72912988106	1456.90002441406
1907.05731561938	1447
1909.38481281699	1454.09997558594
1911.71162180217	1459
1914.037742903	1445.19995117188
1916.36317644734	1451.69995117188
1918.68792276284	1455.69995117188
1921.01198217697	1447.59997558594
1923.33535501699	1446.59997558594
1925.65804160996	1455.59997558594
1927.98004228273	1464.80004882813
1930.30135736196	1446.30004882813
1932.6219871741	1460
1934.94193204543	1447.30004882813
1937.26119230198	1468
1939.57976826962	1469.09997558594
1941.89766027402	1464.40002441406
1944.21486864062	1457.5
1946.53139369472	1455.90002441406
1948.84723576137	1454.30004882813
1951.16239516543	1459.80004882813
1953.47687223159	1460.80004882813
1955.79066728434	1460.09997558594
1958.10378064794	1469.69995117188
1960.4162126465	1463.30004882813
1962.7279636039	1469.40002441406
1965.03903384385	1469.69995117188
1967.34942368987	1457.09997558594
1969.65913346524	1466.5
1971.96816349311	1476.30004882813
1974.2765140964	1466.40002441406
1976.58418559784	1455.19995117188
1978.89117831997	1472
1981.19749258516	1469.40002441406
1983.50312871555	1477.80004882813
1985.80808703313	1462.19995117188
1988.11236785967	1457.19995117188
1990.41597151676	1467.40002441406
1992.71889832581	1463.19995117188
1995.02114860801	1467.09997558594
1997.3227226844	1460.69995117188
1999.62362087581	1459.40002441406
2001.92384350288	1458.19995117188
2004.22339088608	1461.19995117188
2006.52226334567	1473.90002441406
2008.82046120173	1465.90002441406
2011.11798477417	1459
2013.41483438269	1473.5
2015.71101034681	1473.80004882813
2018.00651298588	1467.59997558594
2020.30134261905	1472.30004882813
2022.59549956528	1473.59997558594
2024.88898414337	1478.09997558594
2027.1817966719	1472.80004882813
2029.4739374693	1464.59997558594
2031.76540685379	1470.5
2034.05620514342	1462.69995117188
2036.34633265607	1472.09997558594
2038.6357897094	1460
2040.92457662092	1477.30004882813
2043.21269370795	1476.40002441406
2045.50014128763	1455
2047.78691967691	1472.59997558594
2050.07302919256	1455.40002441406
2052.35847015118	1477
2054.64324286919	1474.5
2056.9273476628	1466.09997558594
2059.21078484808	1464.69995117188
2061.4935547409	1471.40002441406
2063.77565765696	1464.90002441406
2066.05709391176	1469.30004882813
2068.33786382065	1472.90002441406
2070.61796769879	1463.40002441406
2072.89740586116	1464
2075.17617862255	1469.59997558594
2077.45428629759	1470.09997558594
2079.73172920075	1471.19995117188
2082.00850764627	1471
2084.28462194827	1487.59997558594
2086.56007242065	1463.40002441406
2088.83485937717	1476.90002441406
2091.10898313139	1479
2093.3824439967	1478.80004882813
2095.65524228632	1476.09997558594
2097.92737831328	1480.5
2100.19885239047	1479.30004882813
2102.46966483057	1479.59997558594
2104.7398159461	1478.30004882813
2107.00930604941	1471
2109.27813545267	1469.80004882813
2111.54630446787	1480.40002441406
2113.81381340685	1489.09997558594
2116.08066258126	1479.69995117188
2118.34685230257	1469.90002441406
2120.61238288211	1487.59997558594
2122.87725463099	1479.09997558594
2125.1414678602	1486.59997558594
2127.40502288052	1474
2129.66792000257	1493.59997558594
2131.93015953682	1489.69995117188
2134.19174179353	1471.19995117188
2136.45266708282	1483.90002441406
2138.71293571463	1492
2140.97254799873	1494.5
2143.23150424473	1491.90002441406
2145.48980476205	1489.40002441406
2147.74744985996	1489.59997558594
2150.00443984754	1485.30004882813
2152.26077503373	1474.90002441406
2154.51645572728	1479.69995117188
2156.77148223677	1486.19995117188
2159.02585487064	1484.40002441406
2161.27957393713	1500.09997558594
2163.53263974432	1495.19995117188
2165.78505260012	1493.69995117188
2168.0368128123	1490.40002441406
2170.28792068844	1485.40002441406
2172.53837653595	1472.40002441406
2174.78818066207	1499
2177.03733337389	1473.40002441406
2179.28583497833	1489.40002441406
2181.53368578214	1482
2183.78088609192	1496
2186.02743621406	1483.59997558594
2188.27333645484	1497.59997558594
2190.51858712033	1487.59997558594
2192.76318851646	1482.09997558594
2195.00714094901	1492.69995117188
2197.25044472354	1486.5
2199.49310014551	1487.90002441406
2201.73510752018	1497
2203.97646715265	1466.90002441406
2206.21717934786	1490.09997558594
2208.45724441058	1482
2210.69666264543	1483
2212.93543435686	1499.59997558594
2215.17355984914	1493.69995117188
2217.41103942642	1480.90002441406
2219.64787339264	1470.90002441406
2221.8840620516	1499.59997558594
2224.11960570695	1482.59997558594
2226.35450466215	1487
2228.58875922051	1491
2230.82236968518	1497.5
2233.05533635916	1485.90002441406
2235.28765954527	1489.09997558594
2237.51933954617	1479.09997558594
2239.75037666437	1495.09997558594
2241.98077120221	1477.59997558594
2244.21052346188	1502.59997558594
2246.4396337454	1494.19995117188
2248.66810235461	1486
2250.89592959125	1481.59997558594
2253.12311575681	1488.59997558594
2255.34966115272	1484.90002441406
2257.57556608017	1498.80004882813
2259.80083084023	1482.80004882813
2262.02545573381	1511.30004882813
2264.24944106163	1485
2266.47278712429	1495.90002441406
2268.69549422221	1494.40002441406
2270.91756265564	1497.30004882813
2273.1389927247	1495.30004882813
2275.35978472934	1501.09997558594
2277.57993896933	1503.40002441406
2279.79945574431	1509.59997558594
2282.01833535375	1485.90002441406
2284.23657809696	1496.69995117188
2286.45418427309	1494.40002441406
2288.67115418114	1491
2290.88748811995	1498.40002441406
2293.10318638819	1495.40002441406
2295.3182492844	1493.5
2297.53267710693	1495.5
2299.746470154	1496.30004882813
2301.95962872364	1498.90002441406
2304.17215311376	1498.30004882813
2306.3840436221	1491
2308.59530054621	1491.19995117188
2310.80592418354	1490.69995117188
2313.01591483134	1489.90002441406
2315.22527278673	1493.59997558594
2317.43399834666	1506.80004882813
2319.64209180791	1503.80004882813
2321.84955346713	1499.90002441406
2324.05638362079	1495.80004882813
2326.26258256524	1502.90002441406
2328.46815059664	1494.40002441406
2330.67308801098	1507.09997558594
2332.87739510415	1501.30004882813
2335.08107217184	1503.90002441406
2337.2841195096	1504.30004882813
2339.48653741281	1505.90002441406
2341.68832617672	1508.90002441406
2343.8894860964	1498.09997558594
2346.09001746678	1512.59997558594
2348.28992058261	1491.80004882813
2350.48919573852	1499.30004882813
2352.68784322898	1502.40002441406
2354.88586334826	1501.5
2357.08325639055	1484.90002441406
2359.2800226498	1504.19995117188
2361.47616241988	1498.69995117188
2363.67167599445	1504.90002441406
2365.86656366706	1507.80004882813
2368.06082573107	1503.19995117188
2370.2544624797	1497.69995117188
2372.44747420603	1507.30004882813
2374.63986120295	1493.80004882813
2376.83162376322	1494
2379.02276217945	1501.19995117188
2381.21327674408	1508.40002441406
2383.4031677494	1499.59997558594
2385.59243548756	1511.30004882813
2387.78108025053	1511.5
2389.96910233014	1513.80004882813
2392.15650201809	1493.80004882813
2394.34327960587	1512.30004882813
2396.52943538486	1500.80004882813
2398.71496964628	1513.59997558594
2400.89988268118	1511.90002441406
2403.08417478048	1502.5
2405.26784623491	1489.80004882813
2407.45089733509	1514.90002441406
2409.63332837146	1516.90002441406
2411.81513963429	1504.59997558594
2413.99633141375	1507.09997558594
2416.1769039998	1516.30004882813
2418.35685768227	1515.40002441406
2420.53619275084	1500.30004882813
2422.71490949505	1505
2424.89300820425	1506.09997558594
2427.07048916765	1505.69995117188
2429.24735267433	1509.30004882813
2431.42359901319	1507.69995117188
2433.59922847297	1508.90002441406
2435.7742413423	1505.40002441406
2437.94863790961	1501.80004882813
2440.12241846321	1511.59997558594
2442.29558329121	1505.80004882813
2444.46813268162	1511.19995117188
2446.64006692228	1499.5
2448.81138630086	1518.30004882813
2450.98209110489	1494.90002441406
2453.15218162174	1494.30004882813
2455.32165813864	1500.90002441406
2457.49052094265	1506.90002441406
2459.65877032069	1519.40002441406
2461.8264065595	1514.30004882813
2463.99342994572	1508.30004882813
2466.15984076579	1513.19995117188
2468.325639306	1503.19995117188
2470.49082585251	1515.59997558594
2472.65540069131	1517.90002441406
2474.81936410824	1502.69995117188
2476.98271638899	1514.09997558594
2479.14545781909	1519.30004882813
2481.30758868392	1487.19995117188
2483.4691092687	1518.5
2485.63001985852	1503.09997558594
2487.79032073829	1518.59997558594
2489.95001219277	1494.90002441406
2492.10909450659	1514.40002441406
2494.26756796419	1508.19995117188
2496.42543284989	1507.09997558594
2498.58268944783	1518.90002441406
2500.73933804202	1519.59997558594
2502.8953789163	1524.19995117188
2505.05081235436	1535.40002441406
2507.20563863974	1525.40002441406
2509.35985805582	1507.09997558594
2511.51347088583	1513.59997558594
2513.66647741285	1523.90002441406
2515.81887791981	1505.80004882813
2517.97067268946	1509.5
2520.12186200443	1508.5
2522.27244614716	1516.30004882813
2524.42242539999	1524.90002441406
2526.57180004504	1504.40002441406
2528.72057036433	1511
2530.8687366397	1525.69995117188
2533.01629915284	1507.09997558594
2535.16325818527	1511.80004882813
2537.30961401839	1514.30004882813
2539.45536693343	1505.80004882813
2541.60051721145	1526
2543.74506513338	1499.80004882813
2545.88901097997	1516.09997558594
2548.03235503185	1516.19995117188
2550.17509756946	1515.80004882813
2552.31723887311	1526.09997558594
2554.45877922293	1523.80004882813
2556.59971889893	1504
2558.74005818094	1517.19995117188
2560.87979734864	1524.30004882813
2563.01893668155	1522.19995117188
2565.15747645906	1528.59997558594
2567.29541696037	1515.90002441406
2569.43275846454	1530
2571.56950125049	1524.40002441406
2573.70564559696	1514.80004882813
2575.84119178254	1517.59997558594
2577.97614008569	1500.09997558594
2580.11049078468	1519.09997558594
2582.24424415764	1527.90002441406
2584.37740048255	1523
2586.50996003722	1517.90002441406
2588.64192309931	1513.90002441406
2590.77328994634	1525.19995117188
2592.90406085564	1502.19995117188
2595.03423610442	1512.80004882813
2597.16381596971	1522.09997558594
2599.29280072839	1512.69995117188
2601.42119065719	1506.19995117188
2603.54898603267	1520
2605.67618713125	1522.80004882813
2607.80279422919	1513.5
2609.92880760257	1525.30004882813
2612.05422752735	1520.59997558594
2614.17905427932	1519.30004882813
2616.30328813408	1527.5
2618.42692936713	1514.30004882813
2620.54997825377	1522.40002441406
2622.67243506915	1528.80004882813
2624.79430008828	1517.69995117188
2626.915573586	1525.80004882813
2629.03625583699	1519.69995117188
2631.15634711579	1514.5
2633.27584769675	1528.30004882813
2635.39475785408	1517.09997558594
2637.51307786185	1531.30004882813
2639.63080799394	1526.09997558594
2641.74794852409	1533.59997558594
2643.86449972589	1530.5
2645.98046187273	1531.69995117188
2648.0958352379	1531.30004882813
2650.21062009449	1519.40002441406
2652.32481671544	1530.90002441406
2654.43842537353	1525.5
2656.5514463414	1518.19995117188
2658.66387989151	1525.80004882813
2660.77572629616	1516
2662.88698582751	1516.80004882813
2664.99765875753	1514.69995117188
2667.10774535806	1523.09997558594
2669.21724590076	1535.5
2671.32616065714	1518.59997558594
2673.43448989857	1544.09997558594
2675.5422338962	1523.30004882813
2677.64939292108	1531.19995117188
2679.75596724408	1523.30004882813
2681.86195713589	1525.19995117188
2683.96736286707	1513
2686.07218470799	1520.80004882813
2688.17642292889	1539
2690.28007779982	1520.40002441406
2692.38314959069	1530.40002441406
2694.48563857123	1532.09997558594
2696.58754501103	1529.69995117188
2698.6888691795	1522.30004882813
2700.78961134588	1536.90002441406
2702.8897717793	1541.69995117188
2704.98935074864	1534.30004882813
2707.08834852271	1527.30004882813
2709.18676537009	1542.09997558594
2711.28460155925	1535.40002441406
2713.38185735843	1526.5
2715.47853303577	1540.59997558594
2717.57462885924	1534.09997558594
2719.67014509659	1533.19995117188
2721.76508201548	1526.59997558594
2723.85943988337	1530.59997558594
2725.95321896754	1527.19995117188
2728.04641953515	1536.5
2730.13904185316	1550.59997558594
2732.23108618837	1533.30004882813
2734.32255280744	1544.69995117188
2736.41344197683	1527.90002441406
2738.50375396288	1533.69995117188
2740.5934890317	1518.80004882813
2742.68264744932	1537
2744.77122948153	1538.90002441406
2746.85923539398	1535.40002441406
2748.94666545217	1531.59997558594
2751.03351992142	1531.90002441406
2753.11979906688	1530
2755.20550315355	1524.59997558594
2757.29063244624	1538.09997558594
2759.37518720963	1539.09997558594
2761.45916770819	1518.40002441406
2763.54257420625	1534.09997558594
2765.62540696797	1533.09997558594
2767.70766625733	1527.30004882813
2769.78935233816	1533.40002441406
2771.87046547413	1533.59997558594
2773.95100592869	1510.09997558594
2776.03097396519	1533.5
2778.11036984677	1518
2780.18919383641	1520.59997558594
2782.26744619693	1533.80004882813
2784.34512719097	1524.59997558594
2786.42223708102	1542.19995117188
2788.49877612937	1538.80004882813
2790.57474459816	1523.30004882813
2792.65014274937	1522.30004882813
2794.7249708448	1533.69995117188
2796.79922914607	1523.90002441406
2798.87291791465	1533.59997558594
2800.94603741181	1542.80004882813
2803.01858789869	1538.40002441406
2805.09056963623	1535.30004882813
2807.1619828852	1529.80004882813
2809.23282790621	1547.5
2811.30310495971	1530.90002441406
2813.37281430593	1534.80004882813
2815.441956205	1535.69995117188
2817.51053091682	1521.40002441406
2819.57853870114	1534
2821.64597981753	1535.40002441406
2823.7128545254	1542.69995117188
2825.77916308399	1542.69995117188
2827.84490575233	1558.5
2829.91008278933	1540.69995117188
2831.97469445369	1553
2834.03874100395	1542.69995117188
2836.10222269847	1556.90002441406
2838.16513979544	1558.90002441406
2840.22749255288	1561
2842.28928122863	1587.69995117188
2844.35050608034	1585.19995117188
2846.41116736553	1611.69995117188
2848.47126534149	1615.69995117188
2850.53080026537	1610.80004882813
2852.58977239414	1634.80004882813
2854.64818198459	1621.90002441406
2856.70602929332	1603.30004882813
2858.76331457678	1620.5
2860.82003809123	1606.30004882813
2862.87620009274	1620.5
2864.93180083723	1601.90002441406
2866.98684058043	1612.09997558594
2869.04131957789	1593.69995117188
2871.09523808497	1611.90002441406
2873.14859635689	1621.30004882813
2875.20139464866	1643.59997558594
2877.2536332151	1627.80004882813
2879.30531231091	1630.69995117188
2881.35643219054	1631.19995117188
2883.40699310831	1621.59997558594
2885.45699531834	1637.19995117188
2887.50643907457	1637.09997558594
2889.55532463077	1619.30004882813
2891.60365224053	1633.19995117188
2893.65142215724	1631.59997558594
2895.69863463414	1633.90002441406
2897.74528992426	1649.40002441406
2899.79138828046	1623.90002441406
2901.83692995544	1636.40002441406
2903.88191520168	1639.19995117188
2905.92634427151	1632.5
2907.97021741706	1628.69995117188
2910.01353489027	1631.09997558594
2912.05629694294	1631.59997558594
2914.09850382663	1620.69995117188
2916.14015579276	1637.5
2918.18125309254	1654.19995117188
2920.22179597702	1643.09997558594
2922.26178469705	1634.09997558594
2924.30121950329	1630.40002441406
2926.34010064624	1646
2928.37842837619	1649.19995117188
2930.41620294326	1642.90002441406
2932.45342459737	1641.09997558594
2934.49009358828	1642.40002441406
2936.52621016555	1628.59997558594
2938.56177457854	1629.19995117188
2940.59678707645	1631.40002441406
2942.63124790827	1623.90002441406
2944.66515732282	1614.5
2946.69851556873	1635.09997558594
2948.73132289443	1596.19995117188
2950.76357954817	1615.09997558594
2952.79528577803	1599.90002441406
2954.82644183188	1597.5
2956.85704795741	1601.40002441406
2958.8871044021	1598.69995117188
2960.91661141328	1595.19995117188
2962.94556923807	1599
2964.97397812339	1597.40002441406
2967.00183831598	1591.59997558594
2969.0291500624	1592.69995117188
2971.05591360902	1585.59997558594
2973.08212920199	1577.40002441406
2975.1077970873	1584.59997558594
2977.13291751074	1590.09997558594
2979.1574907179	1585.40002441406
2981.18151695419	1572.90002441406
2983.20499646482	1582.30004882813
2985.2279294948	1578.59997558594
2987.25031628898	1580.80004882813
2989.27215709199	1569.40002441406
2991.29345214825	1563.40002441406
2993.31420170204	1563.90002441406
2995.33440599738	1563.30004882813
2997.35406527816	1564
2999.37317978802	1567.40002441406
3001.39174977045	1592.80004882813
3003.40977546872	1567.09997558594
3005.42725712591	1584
3007.44419498491	1574.19995117188
3009.4605892884	1576.40002441406
3011.47644027889	1597
3013.49174819865	1594.19995117188
3015.5065132898	1584.19995117188
3017.52073579424	1583.69995117188
3019.53441595366	1574.19995117188
3021.54755400959	1586
3023.56015020332	1560.80004882813
3025.57220477598	1559.09997558594
3027.58371796846	1562
3029.5946900215	1570.80004882813
3031.6051211756	1561.69995117188
3033.61501167107	1568.80004882813
3035.62436174803	1551.19995117188
3037.6331716464	1545.59997558594
3039.64144160588	1546.80004882813
3041.649171866	1548.80004882813
3043.65636266607	1547.90002441406
3045.6630142452	1548.80004882813
3047.66912684229	1556.69995117188
3049.67470069605	1543.69995117188
3051.679736045	1563.5
3053.68423312742	1546.69995117188
3055.68819218143	1540
3057.6916134449	1559.59997558594
3059.69449715556	1545.09997558594
3061.69684355086	1545.19995117188
3063.6986528681	1539.19995117188
3065.69992534437	1555
3067.70066121653	1561.59997558594
3069.70086072126	1554.40002441406
3071.700524095	1542.5
3073.69965157405	1543.90002441406
3075.69824339442	1553.40002441406
3077.69629979197	1550.90002441406
3079.69382100235	1554.30004882813
3081.69080726098	1531.19995117188
3083.68725880307	1554.09997558594
3085.68317586366	1549.19995117188
3087.67855867755	1544.30004882813
3089.67340747933	1550.19995117188
3091.6677225034	1550
3093.66150398392	1557.19995117188
3095.6547521549	1548.90002441406
3097.64746725006	1545.90002441406
3099.63964950297	1538.69995117188
3101.63129914698	1540.80004882813
3103.6224164152	1553.30004882813
3105.61300154056	1555.59997558594
3107.60305475576	1556.30004882813
3109.59257629331	1544.90002441406
3111.58156638547	1550.69995117188
3113.57002526432	1545.30004882813
3115.55795316172	1565.30004882813
3117.54535030932	1570.5
3119.53221693853	1548.80004882813
3121.51855328057	1559.69995117188
3123.50435956646	1546.19995117188
3125.48963602698	1559.80004882813
3127.4743828927	1552.09997558594
3129.45860039397	1544.30004882813
3131.44228876093	1560.69995117188
3133.42544822353	1555.69995117188
3135.40807901145	1556.40002441406
3137.39018135418	1566.59997558594
3139.37175548102	1561.80004882813
3141.35280162101	1560.19995117188
3143.33332000299	1564.19995117188
3145.31331085559	1575.59997558594
3147.2927744072	1545
3149.27171088602	1560.09997558594
3151.25012052	1548.80004882813
3153.22800353689	1558.59997558594
3155.20536016422	1551.40002441406
3157.18219062929	1574.69995117188
3159.15849515918	1553.5
3161.13427398075	1548.59997558594
3163.10952732066	1557.90002441406
3165.08425540532	1559.19995117188
3167.05845846092	1563
3169.03213671344	1561.59997558594
3171.00529038863	1563
3172.97791971203	1554.69995117188
3174.95002490893	1577.40002441406
3176.92160620443	1552.5
3178.89266382337	1563.69995117188
3180.8631979904	1559.90002441406
3182.83320892991	1563
3184.80269686609	1543.80004882813
3186.77166202289	1565.19995117188
3188.74010462406	1560.40002441406
3190.70802489307	1567.30004882813
3192.67542305323	1570.09997558594
3194.64229932757	1561
3196.60865393892	1551.09997558594
3198.57448710987	1570.59997558594
3200.53979906279	1559.80004882813
3202.50459001981	1555.80004882813
3204.46886020284	1558.09997558594
3206.43260983356	1562.40002441406
3208.39583913341	1560.19995117188
3210.35854832362	1570.09997558594
3212.32073762517	1579.90002441406
3214.28240725881	1573.09997558594
3216.24355744508	1552.5
3218.20418840426	1566.19995117188
3220.16430035642	1570.19995117188
3222.12389352137	1571.09997558594
3224.08296811873	1565.69995117188
3226.04152436784	1576.59997558594
3227.99956248784	1577.90002441406
3229.95708269762	1563.90002441406
3231.91408521584	1570.09997558594
3233.87057026092	1584.30004882813
3235.82653805105	1575.40002441406
3237.78198880419	1563.90002441406
3239.73692273806	1570.09997558594
3241.69134007013	1566.40002441406
3243.64524101764	1577.40002441406
3245.59862579761	1573.40002441406
3247.55149462681	1573.09997558594
3249.50384772176	1560.40002441406
3251.45568529877	1574.19995117188
3253.40700757387	1574
3255.35781476288	1577.69995117188
3257.3081070814	1585.90002441406
3259.25788474473	1561.59997558594
3261.20714796799	1573.5
3263.15589696602	1583.69995117188
3265.10413195345	1584.80004882813
3267.05185314463	1573
3268.9990607537	1567.40002441406
3270.94575499455	1567.09997558594
3272.89193608081	1572.09997558594
3274.8376042259	1579.69995117188
3276.78275964296	1589.5
3278.72740254492	1589.69995117188
3280.67153314443	1582.30004882813
3282.61515165393	1565.19995117188
3284.55825828559	1572.30004882813
3286.50085325135	1578.19995117188
3288.44293676289	1575.80004882813
3290.38450903165	1573.80004882813
3292.32557026883	1549.69995117188
3294.26612068537	1585.30004882813
3296.20616049198	1585.90002441406
3298.14568989911	1577.19995117188
3300.08470911695	1570.5
3302.02321835546	1587.5
3303.96121782435	1573.30004882813
3305.89870773306	1571.80004882813
3307.83568829081	1560.59997558594
3309.77215970655	1579.40002441406
3311.70812218898	1568.30004882813
3313.64357594655	1565
3315.57852118747	1577.40002441406
3317.51295811968	1562.69995117188
3319.44688695087	1571.30004882813
3321.38030788849	1573.90002441406
3323.31322113973	1570.69995117188
3325.24562691152	1576.80004882813
3327.17752541055	1570.80004882813
3329.10891684322	1566.90002441406
3331.03980141573	1562.09997558594
3332.97017933399	1578.69995117188
3334.90005080364	1573
3336.82941603011	1560
3338.75827521852	1583.09997558594
3340.68662857377	1574.80004882813
3342.6144763005	1563.5
3344.54181860308	1597.30004882813
3346.46865568561	1575
3348.39498775195	1578.40002441406
3350.32081500571	1592.30004882813
3352.24613765022	1577.40002441406
3354.17095588855	1596.80004882813
3356.09526992352	1586
3358.01907995769	1578.69995117188
3359.94238619334	1579.19995117188
3361.86518883251	1575.5
3363.78748807697	1578.90002441406
3365.70928412823	1587
3367.63057718752	1581.69995117188
3369.55136745582	1584.30004882813
3371.47165513386	1580.19995117188
3373.39144042208	1575.30004882813
3375.31072352066	1581.40002441406
3377.22950462953	1576.09997558594
3379.14778394834	1572.69995117188
3381.06556167648	1563.09997558594
3382.98283801308	1573.40002441406
3384.89961315697	1570.59997558594
3386.81588730676	1565.30004882813
3388.73166066076	1591.59997558594
3390.64693341702	1573.59997558594
3392.56170577332	1574
3394.47597792716	1574.5
3396.38975007581	1591.09997558594
3398.30302241623	1573.40002441406
3400.21579514512	1583.59997558594
3402.1280684589	1571.30004882813
3404.03984255374	1564.5
3405.95111762553	1587.59997558594
3407.86189386987	1567
3409.77217148212	1578.80004882813
3411.68195065733	1572.80004882813
3413.5912315903	1577.90002441406
3415.50001447556	1569.59997558594
3417.40829950735	1579.5
3419.31608687963	1580
3421.22337678611	1579.19995117188
3423.1301694202	1575
3425.03646497504	1567.5
3426.9422636435	1573.80004882813
3428.84756561816	1578.09997558594
3430.75237109135	1586.59997558594
3432.65668025508	1573.19995117188
3434.56049330112	1584.5
3436.46381042093	1573.30004882813
3438.36663180571	1569.59997558594
3440.26895764638	1574.69995117188
3442.17078813357	1577.59997558594
3444.07212345762	1573.40002441406
3445.97296380863	1575
3447.87330937636	1577.40002441406
3449.77316035033	1585
3451.67251691977	1578.90002441406
3453.57137927361	1581.5
3455.46974760052	1576.19995117188
3457.36762208886	1577.09997558594
3459.26500292671	1580.80004882813
3461.16189030191	1574.30004882813
3463.05828440194	1586.30004882813
3464.95418541406	1584.5
3466.84959352519	1575.90002441406
3468.74450892201	1564.90002441406
3470.63893179088	1569.90002441406
3472.53286231788	1569.40002441406
3474.42630068881	1580.90002441406
3476.31924708918	1602.59997558594
3478.2117017042	1566.5
3480.1036647188	1580.09997558594
3481.99513631761	1574
3483.88611668498	1576.40002441406
3485.77660600498	1584.40002441406
3487.66660446135	1576.90002441406
3489.55611223758	1577.30004882813
3491.44512951683	1589.69995117188
3493.333656482	1586.5
3495.22169331568	1564.19995117188
3497.10924020016	1558.30004882813
3498.99629731746	1576.59997558594
3500.88286484927	1564.80004882813
3502.76894297702	1578.69995117188
3504.65453188182	1570.19995117188
3506.53963174449	1577.19995117188
3508.42424274555	1573.90002441406
3510.30836506524	1593.40002441406
3512.19199888349	1572.30004882813
3514.07514437992	1584.80004882813
3515.95780173387	1579.09997558594
3517.83997112437	1576
3519.72165273016	1572.90002441406
3521.60284672967	1568
3523.48355330104	1577.5
3525.36377262208	1567.90002441406
3527.24350487035	1562.30004882813
3529.12275022306	1547.30004882813
3531.00150885715	1556.19995117188
3532.87978094923	1548.80004882813
3534.75756667562	1560.40002441406
3536.63486621235	1577.19995117188
3538.51167973512	1552.59997558594
3540.38800741934	1589.09997558594
3542.26384944011	1553
3544.13920597223	1566.30004882813
3546.01407719018	1558.80004882813
3547.88846326815	1566.59997558594
3549.76236438002	1568.19995117188
3551.63578069934	1571
3553.50871239938	1551.90002441406
3555.38115965309	1566.30004882813
3557.25312263311	1544
3559.12460151177	1564.69995117188
3560.99559646109	1561.59997558594
3562.86610765279	1555.69995117188
3564.73613525825	1569.40002441406
3566.60567944857	1565.40002441406
3568.47474039453	1571
3570.34331826658	1563.69995117188
3572.21141323487	1562.09997558594
3574.07902546925	1574.40002441406
3575.94615513922	1564.30004882813
3577.81280241401	1551.30004882813
3579.67896746249	1572
3581.54465045325	1576.40002441406
3583.40985155455	1561.5
3585.27457093432	1564.30004882813
3587.1388087602	1561.80004882813
3589.00256519949	1555.40002441406
3590.86584041919	1563.59997558594
3592.72863458597	1566.90002441406
3594.59094786618	1565
3596.45278042585	1579.40002441406
3598.31413243069	1573.30004882813
3600.17500404611	1576.90002441406
3602.03539543717	1557.80004882813
3603.89530676861	1561
3605.75473820488	1576.09997558594
3607.61368991007	1569.59997558594
3609.47216204797	1566.19995117188
3611.33015478203	1571.5
3613.18766827539	1570.30004882813
3615.04470269087	1572
3616.90125819094	1576.90002441406
3618.75733493776	1573.30004882813
3620.61293309318	1561.90002441406
3622.46805281869	1563.30004882813
3624.32269427547	1559.59997558594
3626.17685762439	1572.30004882813
3628.03054302596	1564.90002441406
3629.88375064038	1570.80004882813
3631.73648062751	1559
3633.5887331469	1561.40002441406
3635.44050835775	1564.59997558594
3637.29180641893	1551.5
3639.14262748899	1578.30004882813
3640.99297172614	1550.69995117188
3642.84283928828	1562.09997558594
3644.69223033294	1550.40002441406
3646.54114501734	1563.09997558594
3648.38958349836	1554.30004882813
3650.23754593256	1561.30004882813
3652.08503247614	1557.19995117188
3653.93204328497	1551.5
3655.77857851462	1553.19995117188
3657.62463832028	1553.09997558594
3659.47022285682	1558.5
3661.31533227877	1551.90002441406
3663.15996674033	1552.19995117188
3665.00412639535	1559
3666.84781139736	1552.5
3668.69102189953	1555
3670.5337580547	1553.40002441406
3672.37602001537	1554.19995117188
3674.21780793368	1554.30004882813
3676.05912196148	1561.40002441406
3677.89996225021	1566.40002441406
3679.74032895103	1537.90002441406
3681.58022221471	1556.90002441406
3683.41964219171	1544.09997558594
3685.25858903211	1553.40002441406
3687.0970628857	1563.30004882813
3688.93506390186	1546.09997558594
3690.77259222968	1560.59997558594
3692.60964801787	1559.69995117188
3694.44623141481	1555.09997558594
3696.28234256853	1564.09997558594
3698.11798162669	1556.59997558594
3699.95314873665	1546.59997558594
3701.78784404537	1553.69995117188
3703.62206769951	1563.09997558594
3705.45581984533	1552.09997558594
3707.28910062877	1555.5
3709.12191019542	1550.30004882813
3710.95424869052	1559.90002441406
3712.78611625894	1558.5
3714.6175130452	1568.90002441406
3716.44843919349	1564.80004882813
3718.27889484764	1576.30004882813
3720.1088801511	1563.5
3721.93839524699	1543.80004882813
3723.76744027808	1560.40002441406
3725.59601538677	1573.40002441406
3727.4241207151	1536.80004882813
