40.2973356941271	1133.30004882813
43.2236257608418	1134.80004882813
46.1488808466109	1138.19995117188
49.0731017336173	1138.59997558594
51.9962892025666	1138
54.9184440327569	1139.80004882813
57.8395670020446	1143.19995117188
60.7596588868509	1149.09997558594
63.6787204621708	1148.59997558594
66.5967525015794	1150.90002441406
69.5137557772381	1160
72.4297310598838	1175.19995117188
75.3446791188512	1185.59997558594
78.2586007220466	1190.5
81.1714966360015	1216
84.0833676258266	1235.40002441406
86.994214455242	1259.69995117188
89.9040378865662	1296.09997558594
92.8128386807427	1317
95.7206175973133	1336
98.6273753944444	1364.59997558594
101.533112828928	1362.5
104.437830656161	1377.30004882813
107.34152963018	1368.5
110.244210503676	1369.59997558594
113.145874027931	1358.30004882813
116.046520952895	1368.19995117188
118.946152027154	1366
121.844767997933	1362.59997558594
124.74236961111	1359.90002441406
127.638957611212	1368.19995117188
130.534532741422	1370
133.429095743606	1365.40002441406
136.322647358252	1365.80004882813
139.215188324544	1368.59997558594
142.106719380311	1363.80004882813
144.997241262089	1367.80004882813
147.886754705057	1356.30004882813
150.775260443096	1373.80004882813
153.662759208748	1364.5
156.549251733282	1366.5
159.434738746612	1376
162.319220977376	1361.5
165.20269915289	1367.30004882813
168.085173999178	1361.5
170.966646240977	1352.5
173.847116601709	1359.90002441406
176.726585803528	1355.59997558594
179.605054567295	1349.59997558594
182.48252361259	1365.30004882813
185.358993657701	1358.19995117188
188.234465419645	1356.69995117188
191.108939614183	1347.90002441406
193.982416955795	1350.90002441406
196.854898157687	1359.69995117188
199.726383931801	1352
202.596874988835	1352.69995117188
205.466372038225	1353.30004882813
208.334875788145	1361.09997558594
211.202386945534	1358.80004882813
214.068906216069	1358.30004882813
216.934434304194	1358.69995117188
219.798971913111	1367.40002441406
222.662519744776	1355.59997558594
225.525078499925	1359.69995117188
228.386648878069	1359.09997558594
231.247231577465	1375.90002441406
234.106827295172	1363.80004882813
236.965436727012	1372.5
239.823060567597	1358.40002441406
242.679699510337	1349.90002441406
245.535354247396	1358.80004882813
248.390025469775	1368.19995117188
251.243713867223	1350.5
254.096420128327	1363.09997558594
256.948144940459	1354.69995117188
259.798888989788	1351.69995117188
262.648652961315	1357.30004882813
265.49743753883	1365
268.345243404939	1355.19995117188
271.192071241073	1370.5
274.037921727485	1352.30004882813
276.882795543246	1355.19995117188
279.72669336624	1361.19995117188
282.569615873213	1364.40002441406
285.411563739724	1367.5
288.252537640165	1373.5
291.092538247763	1358.40002441406
293.931566234616	1371.5
296.769622271633	1376
299.606707028594	1371.90002441406
302.442821174104	1365.09997558594
305.277965375652	1364.09997558594
308.112140299574	1372.09997558594
310.945346611062	1375.69995117188
313.777584974167	1373.80004882813
316.608856051813	1365.5
319.439160505797	1379.30004882813
322.268498996783	1371.30004882813
325.096872184303	1359.5
327.924280726782	1374.5
330.750725281521	1380.69995117188
333.576206504693	1360.40002441406
336.400725051388	1374.5
339.224281575542	1375.09997558594
342.046876730026	1367.30004882813
344.868511166586	1361.69995117188
347.689185535872	1364.30004882813
350.508900487421	1375
353.327656669699	1377.5
356.145454730079	1382.90002441406
358.962295314817	1371.19995117188
361.778179069105	1370.69995117188
364.593106637051	1356.80004882813
367.407078661675	1379.5
370.220095784913	1368.59997558594
373.032158647655	1383.80004882813
375.843267889676	1379.19995117188
378.653424149715	1371.09997558594
381.462628065436	1372.80004882813
384.270880273432	1371.80004882813
387.078181409254	1379.19995117188
389.884532107358	1387
392.689933001188	1389.59997558594
395.494384723112	1383.80004882813
398.29788790445	1397.90002441406
401.100443175488	1397.90002441406
403.902051165437	1390.19995117188
406.702712502518	1387
409.502427813866	1380.09997558594
412.301197725607	1393
415.099022862823	1382.59997558594
417.89590384957	1380.80004882813
420.691841308876	1389.59997558594
423.486835862752	1378.90002441406
426.280888132173	1395.80004882813
429.073998737112	1388.19995117188
431.866168296507	1390.69995117188
434.657397428298	1381.5
437.447686749412	1393.59997558594
440.237036875762	1389.80004882813
443.025448422257	1381.09997558594
445.812922002813	1382.19995117188
448.599458230326	1399.90002441406
451.38505771672	1394.5
454.169721072909	1392
456.953448908819	1394.40002441406
459.736241833384	1395.90002441406
462.518100454555	1393.30004882813
465.2990253793	1409.80004882813
468.079017213605	1397
470.858076562476	1395.30004882813
473.636204029939	1391.09997558594
476.41340021906	1396.69995117188
479.189665731938	1398.69995117188
481.965001169667	1392.19995117188
484.739407132419	1404.5
487.512884219391	1391.09997558594
490.285433028796	1404.59997558594
493.057054157921	1388
495.827748203087	1394.69995117188
498.597515759658	1396.5
501.366357422061	1408
504.134273783759	1403.80004882813
506.901265437278	1400.69995117188
509.66733297421	1412.30004882813
512.432476985198	1399
515.196698059945	1413.59997558594
517.959996787225	1398.59997558594
520.722373754895	1399.69995117188
523.483829549856	1424.69995117188
526.24436475811	1410.90002441406
529.003979964696	1411.69995117188
531.762675753779	1411.30004882813
534.520452708569	1405.40002441406
537.277311411375	1401.80004882813
540.03325244359	1413.59997558594
542.788276385682	1411.90002441406
545.54238381725	1416.30004882813
548.295575316938	1402.59997558594
551.047851462516	1414
553.799212830831	1405.5
556.549659997851	1408.19995117188
559.299193538643	1421
562.047814027381	1413.69995117188
564.795522037318	1403.19995117188
567.542318140861	1406.90002441406
570.288202909507	1417.5
573.033176913873	1421.40002441406
575.7772407237	1414
578.520394907829	1409.5
581.26264003424	1411.19995117188
584.003976670046	1408.30004882813
586.744405381469	1414.40002441406
589.483926733869	1420.5
592.222541291746	1416.40002441406
594.96024961872	1422.80004882813
597.697052277563	1415.19995117188
600.432949830166	1425.40002441406
603.167942837587	1414.90002441406
605.902031860012	1418.69995117188
608.635217456783	1422.30004882813
611.367500186378	1418.80004882813
614.098880606429	1420.40002441406
616.82935927374	1417.59997558594
619.558936744248	1432.90002441406
622.287613573072	1433.09997558594
625.015390314457	1430
627.742267521848	1424.80004882813
630.468245747829	1432.69995117188
633.193325544166	1428
635.917507461792	1419
638.640792050804	1430.69995117188
641.36317986048	1439.19995117188
644.084671439281	1430.59997558594
646.805267334845	1434.90002441406
649.524968093967	1428.40002441406
652.24377426266	1438
654.961686386106	1424.5
657.678705008678	1424.59997558594
660.394830673939	1426.5
663.110063924628	1442
665.824405302728	1425.09997558594
668.537855349351	1428.09997558594
671.250414604863	1424.59997558594
673.962083608812	1441.80004882813
676.672862899949	1441.19995117188
679.382753016218	1420.59997558594
682.091754494801	1437
684.799867872061	1440.40002441406
687.507093683595	1436.5
690.213432464198	1429.40002441406
692.918884747899	1435.69995117188
695.623451067937	1441.80004882813
698.327131956755	1450.40002441406
701.029927946065	1435.19995117188
703.731839566754	1453.19995117188
706.43286734896	1448.5
709.133011822067	1437.19995117188
711.832273514658	1453
714.53065295457	1444.30004882813
717.228150668879	1448.30004882813
719.924767183889	1444.80004882813
722.620503025148	1452.19995117188
725.315358717446	1424.30004882813
728.009334784827	1442.30004882813
730.702431750559	1435.59997558594
733.394650137188	1431.09997558594
736.085990466498	1440.69995117188
738.776453259519	1435.69995117188
741.466039036542	1441.90002441406
744.154748317125	1448.09997558594
746.842581620074	1442.80004882813
749.529539463458	1451.09997558594
752.215622364608	1458.5
754.900830840131	1440
757.585165405892	1431.40002441406
760.26862657703	1456.69995117188
762.951214867957	1448.40002441406
765.632930792356	1460.90002441406
768.313774863181	1460.30004882813
770.993747592673	1455.5
773.672849492359	1454.19995117188
776.351081073017	1456
779.028442844757	1451.5
781.704935316928	1453.40002441406
784.380558998208	1441.69995117188
787.055314396528	1444.30004882813
789.729202019141	1444.59997558594
792.402222372581	1463.19995117188
795.074375962669	1452.5
797.745663294537	1471
800.416084872622	1456.40002441406
803.085641200652	1462.19995117188
805.754332781664	1476.19995117188
808.422160117986	1459.80004882813
811.089123711292	1463.40002441406
813.75522406252	1463.09997558594
816.420461671951	1475.5
819.084837039164	1467.19995117188
821.748350663067	1462.59997558594
824.411003041866	1463.5
827.072794673116	1471.09997558594
829.733726053668	1466.40002441406
832.39379767971	1467.09997558594
835.05301004674	1467.80004882813
837.711363649601	1471.59997558594
840.368858982457	1466
843.025496538805	1471.80004882813
845.681276811467	1479.40002441406
848.336200292618	1471.69995117188
850.99026747375	1473.40002441406
853.643478845713	1474.90002441406
856.29583489868	1485.30004882813
858.947336122176	1480
861.59798300506	1487.09997558594
864.247776035556	1478.90002441406
866.896715701222	1479.09997558594
869.544802488959	1482.59997558594
872.192036885046	1487.40002441406
874.838419375087	1494.40002441406
877.483950444054	1489.40002441406
880.128630576285	1475.09997558594
882.772460255461	1491
885.415439964628	1492.5
888.057570186211	1496.59997558594
890.698851401966	1500
893.339284093045	1485
895.978868739961	1482.40002441406
898.617605822596	1483.59997558594
901.255495820196	1490.69995117188
903.892539211396	1495
906.528736474184	1491.19995117188
909.164088085949	1481.19995117188
911.798594523442	1476.19995117188
914.432256262804	1483.80004882813
917.065073779549	1487.09997558594
919.697047548589	1489.09997558594
922.328178044212	1498.80004882813
924.9584657401	1484.59997558594
927.587911109317	1483.19995117188
930.216514624317	1492.40002441406
932.844276756963	1487
935.471197978488	1492.80004882813
938.097278759538	1494.5
940.722519570163	1490.80004882813
943.346920879798	1494.19995117188
945.97048315729	1503.5
948.593206870885	1511.90002441406
951.215092488219	1509
953.836140476366	1510.59997558594
956.456351301787	1523.69995117188
959.07572543037	1526
961.694263327369	1508.09997558594
964.311965457521	1537.40002441406
966.928832284933	1524
969.544864273135	1533.09997558594
972.160061885076	1540.69995117188
974.774425583129	1523.90002441406
977.387955829099	1512.80004882813
980.000653084196	1520.80004882813
982.612517809061	1515.19995117188
985.223550463768	1518.40002441406
987.833751507819	1512.09997558594
990.443121400135	1523.59997558594
993.051660599081	1536.40002441406
995.659369562449	1536.5
998.266248747469	1547.40002441406
1000.87229861081	1558.5
1003.47751960857	1576.5
1006.0819121963	1589.59997558594
1008.68547682897	1595.19995117188
1011.28821396104	1568
1013.89012404635	1554.80004882813
1016.49120753824	1544.19995117188
1019.09146488947	1526.30004882813
1021.69089655226	1539.19995117188
1024.28950297827	1523.69995117188
1026.88728461863	1529.09997558594
1029.48424192392	1530.30004882813
1032.08037534416	1519.59997558594
1034.67568532886	1529.40002441406
1037.27017232694	1540.30004882813
1039.86383678682	1520.5
1042.45667915637	1525.69995117188
1045.04869988293	1530.40002441406
1047.6398994133	1535.09997558594
1050.23027819374	1529.59997558594
1052.81983666998	1522.40002441406
1055.40857528724	1521.69995117188
1057.99649449018	1519.19995117188
1060.58359472296	1518.69995117188
1063.1698764292	1527.40002441406
1065.755340052	1518.40002441406
1068.33998603393	1532.09997558594
1070.92381481706	1523.80004882813
1073.50682684291	1537.40002441406
1076.08902255251	1526.59997558594
1078.67040238637	1538.30004882813
1081.25096678445	1529.09997558594
1083.83071618624	1522.19995117188
1086.4096510307	1526.5
1088.98777175629	1532.69995117188
1091.56507880094	1525.59997558594
1094.14157260208	1530.5
1096.71725359664	1535.69995117188
1099.29212222106	1545.90002441406
1101.86617891125	1511.40002441406
1104.43942410262	1535.30004882813
1107.01185823011	1546.30004882813
1109.58348172812	1537.59997558594
1112.15429503057	1535
1114.7242985709	1534.30004882813
1117.29349278203	1540.19995117188
1119.86187809642	1541.19995117188
1122.42945494599	1537.40002441406
1124.99622376222	1563.19995117188
1127.56218497606	1551.40002441406
1130.12733901801	1561.90002441406
1132.69168631804	1554.90002441406
1135.25522730568	1562.69995117188
1137.81796240995	1560.30004882813
1140.37989205941	1580.19995117188
1142.9410166821	1607.09997558594
1145.50133670561	1614.80004882813
1148.06085255708	1639.69995117188
1150.61956466311	1677.30004882813
1153.17747344987	1727.80004882813
1155.73457934305	1783.90002441406
1158.29088276786	1803.19995117188
1160.84638414903	1763.90002441406
1163.40108391085	1728
1165.95498247711	1662
1168.50808027116	1636
1171.06037771587	1607.40002441406
1173.61187523364	1578.80004882813
1176.16257324643	1569.59997558594
1178.71247217573	1584.09997558594
1181.26157244255	1563.80004882813
1183.80987446746	1570.09997558594
1186.35737867059	1565.09997558594
1188.90408547157	1573.80004882813
1191.44999528961	1591.69995117188
1193.99510854347	1610.90002441406
1196.53942565142	1590.19995117188
1199.08294703133	1584.09997558594
1201.62567310057	1566.09997558594
1204.16760427611	1567.90002441406
1206.70874097445	1554.59997558594
1209.24908361163	1559.90002441406
1211.78863260327	1564.80004882813
1214.32738836454	1565
1216.86535131017	1572.30004882813
1219.40252185445	1554.59997558594
1221.93890041121	1556.40002441406
1224.47448739389	1555
1227.00928321544	1550.5
1229.54328828842	1549.09997558594
1232.07650302491	1548.19995117188
1234.60892783662	1550.69995117188
1237.14056313477	1555.69995117188
1239.67140933017	1545.80004882813
1242.2014668332	1542.40002441406
1244.73073605384	1547.40002441406
1247.25921740159	1573.80004882813
1249.78691128558	1559
1252.31381811448	1565.69995117188
1254.83993829655	1567.30004882813
1257.36527223962	1576.09997558594
1259.88982035112	1571.40002441406
1262.41358303803	1594.30004882813
1264.93656070696	1586.59997558594
1267.45875376405	1603.40002441406
1269.98016261505	1597.40002441406
1272.50078766531	1581.19995117188
1275.02062931974	1595
1277.53968798285	1586.19995117188
1280.05796405875	1584.5
1282.57545795112	1591.40002441406
1285.09217006325	1586.19995117188
1287.60810079802	1577.80004882813
1290.12325055788	1572.59997558594
1292.63761974492	1580.09997558594
1295.15120876079	1571.30004882813
1297.66401800676	1587.09997558594
1300.17604788367	1567.30004882813
1302.687298792	1570
1305.19777113181	1576.90002441406
1307.70746530274	1571.80004882813
1310.21638170408	1580.69995117188
1312.7245207347	1581.09997558594
1315.23188279307	1572.19995117188
1317.73846827728	1565.80004882813
1320.24427758502	1570.19995117188
1322.74931111359	1557.19995117188
1325.25356925991	1565.69995117188
1327.75705242051	1568.40002441406
1330.25976099151	1558.80004882813
1332.76169536868	1571
1335.26285594737	1572.09997558594
1337.76324312256	1552.30004882813
1340.26285728887	1552.40002441406
1342.76169884052	1564.40002441406
1345.25976817132	1568
1347.75706567474	1574.80004882813
1350.25359174387	1562.40002441406
1352.74934677141	1565.5
1355.24433114968	1574.90002441406
1357.73854527062	1571
1360.23198952583	1553.80004882813
1362.7246643065	1563.09997558594
1365.21657000347	1559.09997558594
1367.7077070072	1552.5
1370.19807570777	1568
1372.68767649492	1571.59997558594
1375.176509758	1549.90002441406
1377.66457588599	1559.69995117188
1380.15187526753	1571.90002441406
1382.63840829087	1568.80004882813
1385.1241753439	1567.30004882813
1387.60917681417	1565.19995117188
1390.09341308884	1576.80004882813
1392.57688455474	1568
1395.05959159829	1568.59997558594
1397.54153460562	1575.19995117188
1400.02271396243	1575.59997558594
1402.50313005414	1570.30004882813
1404.98278326576	1565
1407.46167398196	1577.30004882813
1409.93980258707	1573.90002441406
1412.41716946504	1571.5
1414.89377499951	1579.19995117188
1417.36961957373	1572.5
1419.84470357062	1562.30004882813
1422.31902737275	1587.09997558594
1424.79259136235	1574.09997558594
1427.26539592129	1581.59997558594
1429.73744143111	1595.19995117188
1432.20872827299	1593
1434.67925682777	1581.19995117188
1437.14902747597	1609.80004882813
1439.61804059773	1596
1442.0862965729	1621.69995117188
1444.55379578093	1618.09997558594
1447.02053860099	1617.19995117188
1449.48652541188	1596.69995117188
1451.95175659206	1617.59997558594
1454.41623251969	1609.40002441406
1456.87995357255	1614.09997558594
1459.34292012811	1590.5
1461.80513256351	1592.5
1464.26659125557	1614.40002441406
1466.72729658073	1588.80004882813
1469.18724891517	1593.5
1471.64644863469	1585.40002441406
1474.10489611478	1599.40002441406
1476.5625917306	1607
1479.01953585699	1597.40002441406
1481.47572886844	1604.80004882813
1483.93117113917	1612.40002441406
1486.38586304302	1602
1488.83980495354	1616.69995117188
1491.29299724395	1596.80004882813
1493.74544028715	1599.09997558594
1496.19713445573	1623.5
1498.64808012193	1643.90002441406
1501.09827765772	1666.69995117188
1503.54772743471	1685.09997558594
1505.99642982421	1724.30004882813
1508.44438519723	1758.40002441406
1510.89159392446	1821.19995117188
1513.33805637625	1843
1515.78377292266	1887.40002441406
1518.22874393346	1896.59997558594
1520.67296977806	1918.90002441406
1523.11645082559	1868.30004882813
1525.55918744488	1818.40002441406
1528.00118000444	1794.69995117188
1530.44242887245	1739.59997558594
1532.88293441684	1680.5
1535.32269700517	1643.59997558594
1537.76171700475	1630.09997558594
1540.19999478255	1611.09997558594
1542.63753070526	1613.90002441406
1545.07432513925	1599.5
1547.5103784506	1610.30004882813
1549.94569100509	1614.69995117188
1552.38026316819	1596.80004882813
1554.8140953051	1591.19995117188
1557.24718778067	1588.40002441406
1559.67954095952	1591.30004882813
1562.11115520592	1585.09997558594
1564.54203088386	1600.40002441406
1566.97216835704	1592.40002441406
1569.40156798888	1599.09997558594
1571.83023014248	1601.09997558594
1574.25815518067	1603.69995117188
1576.68534346597	1594.90002441406
1579.11179536062	1583.30004882813
1581.53751122658	1606.30004882813
1583.9624914255	1583
1586.38673631876	1595.69995117188
1588.81024626745	1586.30004882813
1591.23302163235	1603.69995117188
1593.655062774	1583.69995117188
1596.07637005262	1595.5
1598.49694382815	1594.80004882813
1600.91678446025	1605.19995117188
1603.33589230831	1604.69995117188
1605.75426773142	1588.19995117188
1608.1719110884	1584
1610.58882273779	1596.69995117188
1613.00500303784	1593.40002441406
1615.42045234654	1608.80004882813
1617.83517102158	1595.59997558594
1620.24915942039	1591.80004882813
1622.66241790012	1593.69995117188
1625.07494681764	1593.19995117188
1627.48674652954	1591.90002441406
1629.89781739216	1591.59997558594
1632.30815976152	1594.09997558594
1634.71777399343	1589.80004882813
1637.12666044338	1600.80004882813
1639.53481946661	1585.19995117188
1641.94225141808	1608.90002441406
1644.34895665248	1603.90002441406
1646.75493552424	1604.40002441406
1649.16018838752	1614.09997558594
1651.56471559621	1614.80004882813
1653.96851750392	1620.5
1656.37159446403	1633
1658.7739468296	1632.90002441406
1661.17557495349	1629.40002441406
1663.57647918824	1625.69995117188
1665.97665988617	1622
1668.37611739929	1604.19995117188
1670.77485207939	1625.69995117188
1673.17286427799	1605.30004882813
1675.57015434633	1595.80004882813
1677.96672263542	1595.80004882813
1680.36256949598	1600.5
1682.7576952785	1598
1685.15210033318	1592.59997558594
1687.54578501	1586.59997558594
1689.93874965866	1602.40002441406
1692.33099462861	1594
1694.72252026904	1584.30004882813
1697.11332692889	1593.90002441406
1699.50341495686	1586.80004882813
1701.89278470137	1578.80004882813
1704.28143651061	1587.19995117188
1706.66937073251	1580.90002441406
1709.05658771473	1582.80004882813
1711.44308780473	1579.5
1713.82887134968	1578.09997558594
1716.21393869648	1582.40002441406
1718.59829019185	1588
1720.98192618221	1587.80004882813
1723.36484701374	1593.69995117188
1725.74705303238	1583.90002441406
1728.12854458384	1582.80004882813
1730.50932201356	1592.19995117188
1732.88938566673	1582.09997558594
1735.26873588834	1595.5
1737.64737302307	1575.80004882813
1740.02529741544	1589.30004882813
1742.40250940964	1597.30004882813
1744.77900934969	1581.40002441406
1747.15479757933	1600.09997558594
1749.52987444206	1592
1751.90424028116	1603.90002441406
1754.27789543967	1599.59997558594
1756.65084026037	1595.5
1759.02307508582	1594.59997558594
1761.39460025833	1578.09997558594
1763.76541612	1587.90002441406
1766.13552301265	1581.59997558594
1768.50492127791	1579.59997558594
1770.87361125714	1602.5
1773.2415932915	1598
1775.60886772188	1581.59997558594
1777.97543488896	1586.80004882813
1780.34129513318	1584.80004882813
1782.70644879475	1560.19995117188
1785.07089621365	1573.59997558594
1787.43463772964	1588.59997558594
1789.7976736822	1594.90002441406
1792.16000441066	1583.40002441406
1794.52163025405	1584.69995117188
1796.88255155121	1588.80004882813
1799.24276864074	1591.5
1801.60228186102	1583.59997558594
1803.96109155019	1583.40002441406
1806.31919804618	1577.40002441406
1808.67660168668	1583.5
1811.03330280916	1598.90002441406
1813.38930175088	1588.5
1815.74459884884	1603.90002441406
1818.09919443984	1578.59997558594
1820.45308886047	1574.19995117188
1822.80628244708	1591.69995117188
1825.1587755358	1574.5
1827.51056846254	1591.69995117188
1829.86166156297	1601.90002441406
1832.21205517258	1597.90002441406
1834.56174962661	1590.69995117188
1836.91074526009	1588.40002441406
1839.25904240783	1593.19995117188
1841.60664140443	1590.30004882813
1843.95354258425	1595.69995117188
1846.29974628146	1584.30004882813
1848.64525282998	1587.40002441406
1850.99006256356	1579.09997558594
1853.3341758157	1588.09997558594
1855.67759291968	1585.09997558594
1858.02031420858	1584.19995117188
1860.36234001528	1580.5
1862.70367067241	1590.80004882813
1865.04430651244	1573.80004882813
1867.38424786755	1582.59997558594
1869.72349506978	1597.5
1872.06204845094	1589.80004882813
1874.39990834258	1572.30004882813
1876.73707507612	1591.09997558594
1879.07354898269	1570.80004882813
1881.40933039328	1579.80004882813
1883.74441963861	1587.40002441406
1886.07881704925	1589.80004882813
1888.41252295551	1591.40002441406
1890.74553768751	1588.09997558594
1893.07786157519	1597.69995117188
1895.40949494822	1596.09997558594
1897.74043813615	1612.59997558594
1900.07069146823	1585.09997558594
1902.40025527357	1575.59997558594
1904.72912988106	1595.80004882813
1907.05731561938	1577.59997558594
1909.38481281699	1587.40002441406
1911.71162180217	1595
1914.037742903	1572.80004882813
1916.36317644734	1577.40002441406
1918.68792276284	1584.80004882813
1921.01198217697	1592.19995117188
1923.33535501699	1607.90002441406
1925.65804160996	1596
1927.98004228273	1572.30004882813
1930.30135736196	1593.5
1932.6219871741	1589.5
1934.94193204543	1598.40002441406
1937.26119230198	1589.19995117188
1939.57976826962	1602.69995117188
1941.89766027402	1595.30004882813
1944.21486864062	1598.40002441406
1946.53139369472	1593.09997558594
1948.84723576137	1578.19995117188
1951.16239516543	1584
1953.47687223159	1577.80004882813
1955.79066728434	1591.19995117188
1958.10378064794	1598.09997558594
1960.4162126465	1587.5
1962.7279636039	1590.19995117188
1965.03903384385	1589.5
1967.34942368987	1598.19995117188
1969.65913346524	1595.09997558594
1971.96816349311	1588.19995117188
1974.2765140964	1582.5
1976.58418559784	1603.19995117188
1978.89117831997	1585.80004882813
1981.19749258516	1583.09997558594
1983.50312871555	1592.19995117188
1985.80808703313	1582.5
1988.11236785967	1590.59997558594
1990.41597151676	1585.40002441406
1992.71889832581	1603.80004882813
1995.02114860801	1588.09997558594
1997.3227226844	1586.69995117188
1999.62362087581	1582.90002441406
2001.92384350288	1577.80004882813
2004.22339088608	1584.19995117188
2006.52226334567	1592.40002441406
2008.82046120173	1587.09997558594
2011.11798477417	1579.90002441406
2013.41483438269	1587.09997558594
2015.71101034681	1602.59997558594
2018.00651298588	1577.09997558594
2020.30134261905	1582.19995117188
2022.59549956528	1590.69995117188
2024.88898414337	1608.19995117188
2027.1817966719	1593.30004882813
2029.4739374693	1599.69995117188
2031.76540685379	1599.09997558594
2034.05620514342	1602
2036.34633265607	1590.80004882813
2038.6357897094	1599.5
2040.92457662092	1607.30004882813
2043.21269370795	1597.30004882813
2045.50014128763	1599.80004882813
2047.78691967691	1582.40002441406
2050.07302919256	1587.90002441406
2052.35847015118	1588.5
2054.64324286919	1577.90002441406
2056.9273476628	1589.80004882813
2059.21078484808	1579.40002441406
2061.4935547409	1591.09997558594
2063.77565765696	1583.80004882813
2066.05709391176	1585.5
2068.33786382065	1583.5
2070.61796769879	1578.80004882813
2072.89740586116	1581.59997558594
2075.17617862255	1589.19995117188
2077.45428629759	1602.19995117188
2079.73172920075	1593.30004882813
2082.00850764627	1580.30004882813
2084.28462194827	1580.90002441406
2086.56007242065	1595.80004882813
2088.83485937717	1592.40002441406
2091.10898313139	1583.09997558594
2093.3824439967	1587.5
2095.65524228632	1581.19995117188
2097.92737831328	1588.90002441406
2100.19885239047	1590.40002441406
2102.46966483057	1579.59997558594
2104.7398159461	1601.69995117188
2107.00930604941	1578.90002441406
2109.27813545267	1577.90002441406
2111.54630446787	1590.40002441406
2113.81381340685	1586.80004882813
2116.08066258126	1597.40002441406
2118.34685230257	1596.59997558594
2120.61238288211	1618.69995117188
2122.87725463099	1597.40002441406
2125.1414678602	1597.5
2127.40502288052	1589.09997558594
2129.66792000257	1596.80004882813
2131.93015953682	1583
2134.19174179353	1593.69995117188
2136.45266708282	1603.69995117188
2138.71293571463	1584.80004882813
2140.97254799873	1608.59997558594
2143.23150424473	1575.09997558594
2145.48980476205	1596.80004882813
2147.74744985996	1602.5
2150.00443984754	1605
2152.26077503373	1596.80004882813
2154.51645572728	1594.40002441406
2156.77148223677	1585.90002441406
2159.02585487064	1593
2161.27957393713	1613.09997558594
2163.53263974432	1600.09997558594
2165.78505260012	1596
2168.0368128123	1606.69995117188
2170.28792068844	1592.5
2172.53837653595	1584.90002441406
2174.78818066207	1598.80004882813
2177.03733337389	1599.09997558594
2179.28583497833	1586.90002441406
2181.53368578214	1599.69995117188
2183.78088609192	1588.80004882813
2186.02743621406	1586.40002441406
2188.27333645484	1569.19995117188
2190.51858712033	1591.80004882813
2192.76318851646	1593.69995117188
2195.00714094901	1585.30004882813
2197.25044472354	1568.19995117188
2199.49310014551	1594.80004882813
2201.73510752018	1585.19995117188
2203.97646715265	1583.5
2206.21717934786	1581.30004882813
2208.45724441058	1587.40002441406
2210.69666264543	1603.5
2212.93543435686	1573.40002441406
2215.17355984914	1580.59997558594
2217.41103942642	1561
2219.64787339264	1573.90002441406
2221.8840620516	1569.5
2224.11960570695	1565.80004882813
2226.35450466215	1566
2228.58875922051	1585.59997558594
2230.82236968518	1591.59997558594
2233.05533635916	1589.5
2235.28765954527	1569
2237.51933954617	1564.09997558594
2239.75037666437	1578.40002441406
2241.98077120221	1567.40002441406
2244.21052346188	1583.30004882813
2246.4396337454	1583.90002441406
2248.66810235461	1584.5
2250.89592959125	1582.5
2253.12311575681	1581.90002441406
2255.34966115272	1584
2257.57556608017	1590.90002441406
2259.80083084023	1590.30004882813
2262.02545573381	1588.09997558594
2264.24944106163	1568.5
2266.47278712429	1573.09997558594
2268.69549422221	1579.90002441406
2270.91756265564	1565.69995117188
2273.1389927247	1580.59997558594
2275.35978472934	1577.19995117188
2277.57993896933	1589.09997558594
2279.79945574431	1581.19995117188
2282.01833535375	1595.30004882813
2284.23657809696	1583.40002441406
2286.45418427309	1583
2288.67115418114	1581.19995117188
2290.88748811995	1579.90002441406
2293.10318638819	1585.90002441406
2295.3182492844	1605.40002441406
2297.53267710693	1592.90002441406
2299.746470154	1609.09997558594
2301.95962872364	1582.40002441406
2304.17215311376	1586.19995117188
2306.3840436221	1599.90002441406
2308.59530054621	1595.19995117188
2310.80592418354	1599.59997558594
2313.01591483134	1602.90002441406
2315.22527278673	1611.69995117188
2317.43399834666	1598.69995117188
2319.64209180791	1584.5
2321.84955346713	1583.19995117188
2324.05638362079	1583.69995117188
2326.26258256524	1593
2328.46815059664	1581.59997558594
2330.67308801098	1579.59997558594
2332.87739510415	1585.19995117188
2335.08107217184	1574.90002441406
2337.2841195096	1577.40002441406
2339.48653741281	1574.59997558594
2341.68832617672	1568.59997558594
2343.8894860964	1574.90002441406
2346.09001746678	1585.90002441406
2348.28992058261	1587.09997558594
2350.48919573852	1570.59997558594
2352.68784322898	1584.5
2354.88586334826	1578.09997558594
2357.08325639055	1580.40002441406
2359.2800226498	1567.40002441406
2361.47616241988	1578.5
2363.67167599445	1576.09997558594
2365.86656366706	1565.80004882813
2368.06082573107	1564.69995117188
2370.2544624797	1573.80004882813
2372.44747420603	1568.30004882813
2374.63986120295	1555.90002441406
2376.83162376322	1571.19995117188
2379.02276217945	1566.80004882813
2381.21327674408	1582.19995117188
2383.4031677494	1563.59997558594
2385.59243548756	1568.09997558594
2387.78108025053	1567.40002441406
2389.96910233014	1569.40002441406
2392.15650201809	1576.30004882813
2394.34327960587	1566.59997558594
2396.52943538486	1562.09997558594
2398.71496964628	1561.90002441406
2400.89988268118	1562.59997558594
2403.08417478048	1567.69995117188
2405.26784623491	1566
2407.45089733509	1551.69995117188
2409.63332837146	1579.19995117188
2411.81513963429	1559.40002441406
2413.99633141375	1570.90002441406
2416.1769039998	1572
2418.35685768227	1568.59997558594
2420.53619275084	1559.59997558594
2422.71490949505	1566
2424.89300820425	1564.5
2427.07048916765	1561.80004882813
2429.24735267433	1566.09997558594
2431.42359901319	1561.59997558594
2433.59922847297	1558.80004882813
2435.7742413423	1565.90002441406
2437.94863790961	1559.19995117188
2440.12241846321	1549.19995117188
2442.29558329121	1558.40002441406
2444.46813268162	1587.30004882813
2446.64006692228	1554
2448.81138630086	1566.30004882813
2450.98209110489	1548.80004882813
2453.15218162174	1557.19995117188
2455.32165813864	1561.90002441406
2457.49052094265	1558.59997558594
2459.65877032069	1562.59997558594
2461.8264065595	1576.19995117188
2463.99342994572	1575.69995117188
2466.15984076579	1564.19995117188
2468.325639306	1565.19995117188
2470.49082585251	1567.19995117188
2472.65540069131	1559.30004882813
2474.81936410824	1586.90002441406
2476.98271638899	1557.90002441406
2479.14545781909	1559.59997558594
2481.30758868392	1578.30004882813
2483.4691092687	1578.69995117188
2485.63001985852	1566.30004882813
2487.79032073829	1561.09997558594
2489.95001219277	1565.80004882813
2492.10909450659	1580.19995117188
2494.26756796419	1562.40002441406
2496.42543284989	1574.30004882813
2498.58268944783	1573.30004882813
2500.73933804202	1559.5
2502.8953789163	1568.09997558594
2505.05081235436	1559.30004882813
2507.20563863974	1555
2509.35985805582	1581.5
2511.51347088583	1557.30004882813
2513.66647741285	1563.59997558594
2515.81887791981	1558.5
2517.97067268946	1575.09997558594
2520.12186200443	1570.69995117188
2522.27244614716	1558.90002441406
2524.42242539999	1550.90002441406
2526.57180004504	1554.40002441406
2528.72057036433	1566
2530.8687366397	1560.19995117188
2533.01629915284	1550.19995117188
2535.16325818527	1564.59997558594
2537.30961401839	1563.30004882813
2539.45536693343	1559.09997558594
2541.60051721145	1564.59997558594
2543.74506513338	1552.19995117188
2545.88901097997	1573
2548.03235503185	1534.19995117188
2550.17509756946	1548.19995117188
2552.31723887311	1555.5
2554.45877922293	1537.69995117188
2556.59971889893	1538.30004882813
2558.74005818094	1561.80004882813
2560.87979734864	1546.69995117188
2563.01893668155	1550.59997558594
2565.15747645906	1552.59997558594
2567.29541696037	1545.40002441406
2569.43275846454	1541.90002441406
2571.56950125049	1541.30004882813
2573.70564559696	1538.90002441406
2575.84119178254	1536.80004882813
2577.97614008569	1548.09997558594
2580.11049078468	1541.19995117188
2582.24424415764	1561.69995117188
2584.37740048255	1547.09997558594
2586.50996003722	1550.40002441406
2588.64192309931	1548.30004882813
2590.77328994634	1548.5
2592.90406085564	1533
2595.03423610442	1540.09997558594
2597.16381596971	1554.19995117188
2599.29280072839	1542.69995117188
2601.42119065719	1554.69995117188
2603.54898603267	1556.5
2605.67618713125	1548.09997558594
2607.80279422919	1543.30004882813
2609.92880760257	1543.19995117188
2612.05422752735	1548.40002441406
2614.17905427932	1551.40002441406
2616.30328813408	1531.90002441406
2618.42692936713	1547.30004882813
2620.54997825377	1543.30004882813
2622.67243506915	1555.19995117188
2624.79430008828	1566.90002441406
2626.915573586	1550.80004882813
2629.03625583699	1547.80004882813
2631.15634711579	1558.19995117188
2633.27584769675	1538.69995117188
2635.39475785408	1553.80004882813
2637.51307786185	1561.09997558594
2639.63080799394	1555.09997558594
2641.74794852409	1574.5
2643.86449972589	1566.69995117188
2645.98046187273	1566.09997558594
2648.0958352379	1574.40002441406
2650.21062009449	1559.69995117188
2652.32481671544	1557
2654.43842537353	1551.69995117188
2656.5514463414	1589.69995117188
2658.66387989151	1559.69995117188
2660.77572629616	1577.90002441406
2662.88698582751	1578.80004882813
2664.99765875753	1589.30004882813
2667.10774535806	1604.80004882813
2669.21724590076	1586.19995117188
2671.32616065714	1586
2673.43448989857	1591.19995117188
2675.5422338962	1577.19995117188
2677.64939292108	1573.80004882813
2679.75596724408	1576.40002441406
2681.86195713589	1567.19995117188
2683.96736286707	1557.40002441406
2686.07218470799	1576
2688.17642292889	1572.69995117188
2690.28007779982	1567.30004882813
2692.38314959069	1540.80004882813
2694.48563857123	1558.59997558594
2696.58754501103	1547.80004882813
2698.6888691795	1553.69995117188
2700.78961134588	1543.5
2702.8897717793	1546
2704.98935074864	1568.69995117188
2707.08834852271	1549.5
2709.18676537009	1539.90002441406
2711.28460155925	1538.90002441406
2713.38185735843	1543.90002441406
2715.47853303577	1554.09997558594
2717.57462885924	1539.09997558594
2719.67014509659	1554.80004882813
2721.76508201548	1551.5
2723.85943988337	1542.40002441406
2725.95321896754	1524
2728.04641953515	1533.69995117188
2730.13904185316	1537.5
2732.23108618837	1549.30004882813
2734.32255280744	1524.19995117188
2736.41344197683	1533.19995117188
2738.50375396288	1540
2740.5934890317	1523.90002441406
2742.68264744932	1534.69995117188
2744.77122948153	1532.30004882813
2746.85923539398	1527
2748.94666545217	1525.19995117188
2751.03351992142	1530.40002441406
2753.11979906688	1524.30004882813
2755.20550315355	1539.30004882813
2757.29063244624	1532.30004882813
2759.37518720963	1530.09997558594
2761.45916770819	1518.40002441406
2763.54257420625	1532.09997558594
2765.62540696797	1523.30004882813
2767.70766625733	1502.19995117188
2769.78935233816	1522.59997558594
2771.87046547413	1526.69995117188
2773.95100592869	1515.09997558594
2776.03097396519	1530.30004882813
2778.11036984677	1532.30004882813
2780.18919383641	1535
2782.26744619693	1533.09997558594
2784.34512719097	1530.69995117188
2786.42223708102	1522.09997558594
2788.49877612937	1529.30004882813
2790.57474459816	1520.19995117188
2792.65014274937	1534.40002441406
2794.7249708448	1524.69995117188
2796.79922914607	1530.30004882813
2798.87291791465	1515.90002441406
2800.94603741181	1531.40002441406
2803.01858789869	1516.19995117188
2805.09056963623	1522.09997558594
2807.1619828852	1517.30004882813
2809.23282790621	1518.90002441406
2811.30310495971	1523.09997558594
2813.37281430593	1539.30004882813
2815.441956205	1527.80004882813
2817.51053091682	1526.90002441406
2819.57853870114	1530
2821.64597981753	1523.19995117188
2823.7128545254	1536.5
2825.77916308399	1540.80004882813
2827.84490575233	1533.09997558594
2829.91008278933	1530.09997558594
2831.97469445369	1537.59997558594
2834.03874100395	1530
2836.10222269847	1544.09997558594
2838.16513979544	1531.19995117188
2840.22749255288	1533.09997558594
2842.28928122863	1536.59997558594
2844.35050608034	1563.19995117188
2846.41116736553	1579.5
2848.47126534149	1578.59997558594
2850.53080026537	1598.69995117188
2852.58977239414	1604.69995117188
2854.64818198459	1604.59997558594
2856.70602929332	1600.40002441406
2858.76331457678	1595.90002441406
2860.82003809123	1585.40002441406
2862.87620009274	1600
2864.93180083723	1605.80004882813
2866.98684058043	1587.40002441406
2869.04131957789	1587.80004882813
2871.09523808497	1609.90002441406
2873.14859635689	1595.19995117188
2875.20139464866	1600.40002441406
2877.2536332151	1599.59997558594
2879.30531231091	1610.5
2881.35643219054	1612.90002441406
2883.40699310831	1612.80004882813
2885.45699531834	1616.69995117188
2887.50643907457	1625.5
2889.55532463077	1618.59997558594
2891.60365224053	1629.90002441406
2893.65142215724	1629.80004882813
2895.69863463414	1619.09997558594
2897.74528992426	1616.69995117188
2899.79138828046	1625.90002441406
2901.83692995544	1615.09997558594
2903.88191520168	1610.09997558594
2905.92634427151	1608.40002441406
2907.97021741706	1629.90002441406
2910.01353489027	1612.69995117188
2912.05629694294	1634.30004882813
2914.09850382663	1639.90002441406
2916.14015579276	1648.5
2918.18125309254	1628.19995117188
2920.22179597702	1635.40002441406
2922.26178469705	1618.69995117188
2924.30121950329	1635.30004882813
2926.34010064624	1643.59997558594
2928.37842837619	1648.90002441406
2930.41620294326	1658.80004882813
2932.45342459737	1639.19995117188
2934.49009358828	1642.90002441406
2936.52621016555	1645.59997558594
2938.56177457854	1653.19995117188
2940.59678707645	1644.90002441406
2942.63124790827	1633.5
2944.66515732282	1639.40002441406
2946.69851556873	1612.90002441406
2948.73132289443	1621.40002441406
2950.76357954817	1604.90002441406
2952.79528577803	1600.69995117188
2954.82644183188	1593.69995117188
2956.85704795741	1597.5
2958.8871044021	1581.80004882813
2960.91661141328	1588.5
2962.94556923807	1585.30004882813
2964.97397812339	1582.59997558594
2967.00183831598	1580.90002441406
2969.0291500624	1593.59997558594
2971.05591360902	1571.40002441406
2973.08212920199	1562.90002441406
2975.1077970873	1565.90002441406
2977.13291751074	1564.09997558594
2979.1574907179	1574.69995117188
2981.18151695419	1561.09997558594
2983.20499646482	1553.5
2985.2279294948	1561
2987.25031628898	1542.90002441406
2989.27215709199	1551.5
2991.29345214825	1570.80004882813
2993.31420170204	1556.80004882813
2995.33440599738	1559.09997558594
2997.35406527816	1547.09997558594
2999.37317978802	1544.30004882813
3001.39174977045	1538.09997558594
3003.40977546872	1545.59997558594
3005.42725712591	1539.09997558594
3007.44419498491	1558.80004882813
3009.4605892884	1549.30004882813
3011.47644027889	1551.19995117188
3013.49174819865	1544.59997558594
3015.5065132898	1551.09997558594
3017.52073579424	1531.09997558594
3019.53441595366	1546.40002441406
3021.54755400959	1546.90002441406
3023.56015020332	1538.19995117188
3025.57220477598	1527.09997558594
3027.58371796846	1537.19995117188
3029.5946900215	1529.40002441406
3031.6051211756	1526.30004882813
3033.61501167107	1534.59997558594
3035.62436174803	1520.19995117188
3037.6331716464	1514.69995117188
3039.64144160588	1520.69995117188
3041.649171866	1512.80004882813
3043.65636266607	1516.40002441406
3045.6630142452	1520
3047.66912684229	1508
3049.67470069605	1506
3051.679736045	1523
3053.68423312742	1515.30004882813
3055.68819218143	1533.30004882813
3057.6916134449	1524.5
3059.69449715556	1508.5
3061.69684355086	1511.30004882813
3063.6986528681	1528.09997558594
3065.69992534437	1507.30004882813
3067.70066121653	1517.80004882813
3069.70086072126	1503
3071.700524095	1506.90002441406
3073.69965157405	1512.59997558594
3075.69824339442	1505.30004882813
3077.69629979197	1523
3079.69382100235	1508.09997558594
3081.69080726098	1515.69995117188
3083.68725880307	1488.69995117188
3085.68317586366	1510.69995117188
3087.67855867755	1517.19995117188
3089.67340747933	1512.69995117188
3091.6677225034	1506.19995117188
3093.66150398392	1517.5
3095.6547521549	1495.40002441406
3097.64746725006	1508.19995117188
3099.63964950297	1510.69995117188
3101.63129914698	1509
3103.6224164152	1512.19995117188
3105.61300154056	1514.30004882813
3107.60305475576	1504.19995117188
3109.59257629331	1527.59997558594
3111.58156638547	1511.59997558594
3113.57002526432	1523.90002441406
3115.55795316172	1518.30004882813
3117.54535030932	1526.69995117188
3119.53221693853	1514.69995117188
3121.51855328057	1515.09997558594
3123.50435956646	1513.80004882813
3125.48963602698	1501
3127.4743828927	1512.09997558594
3129.45860039397	1518.30004882813
3131.44228876093	1523.19995117188
3133.42544822353	1508.30004882813
3135.40807901145	1529.40002441406
3137.39018135418	1518.09997558594
3139.37175548102	1509.90002441406
3141.35280162101	1524.09997558594
3143.33332000299	1523.59997558594
3145.31331085559	1504.40002441406
3147.2927744072	1514.09997558594
3149.27171088602	1526.69995117188
3151.25012052	1525
3153.22800353689	1514.5
3155.20536016422	1508.09997558594
3157.18219062929	1534.69995117188
3159.15849515918	1519.59997558594
3161.13427398075	1519.19995117188
3163.10952732066	1515.59997558594
3165.08425540532	1520.90002441406
3167.05845846092	1522.59997558594
3169.03213671344	1527
3171.00529038863	1531.69995117188
3172.97791971203	1521.09997558594
3174.95002490893	1518.30004882813
3176.92160620443	1528.69995117188
3178.89266382337	1526.40002441406
3180.8631979904	1530.30004882813
3182.83320892991	1517.09997558594
3184.80269686609	1528.90002441406
3186.77166202289	1515.69995117188
3188.74010462406	1518.90002441406
3190.70802489307	1529.40002441406
3192.67542305323	1529.80004882813
3194.64229932757	1533.09997558594
3196.60865393892	1520.40002441406
3198.57448710987	1533.30004882813
3200.53979906279	1527.59997558594
3202.50459001981	1527.40002441406
3204.46886020284	1523.09997558594
3206.43260983356	1524.80004882813
3208.39583913341	1532.5
3210.35854832362	1526.40002441406
3212.32073762517	1547.59997558594
3214.28240725881	1532.59997558594
3216.24355744508	1535.09997558594
3218.20418840426	1518
3220.16430035642	1535.09997558594
3222.12389352137	1548.40002441406
3224.08296811873	1531.19995117188
3226.04152436784	1535.90002441406
3227.99956248784	1535.59997558594
3229.95708269762	1534.90002441406
3231.91408521584	1537.59997558594
3233.87057026092	1544.09997558594
3235.82653805105	1543.90002441406
3237.78198880419	1543.80004882813
3239.73692273806	1534.80004882813
3241.69134007013	1532.90002441406
3243.64524101764	1541.09997558594
3245.59862579761	1531.40002441406
3247.55149462681	1520.80004882813
3249.50384772176	1523.09997558594
3251.45568529877	1546
3253.40700757387	1535.69995117188
3255.35781476288	1539.40002441406
3257.3081070814	1544.09997558594
3259.25788474473	1548.69995117188
3261.20714796799	1550.80004882813
3263.15589696602	1537.40002441406
3265.10413195345	1523.19995117188
3267.05185314463	1548
3268.9990607537	1544
3270.94575499455	1534.69995117188
3272.89193608081	1532.90002441406
3274.8376042259	1542.90002441406
3276.78275964296	1552.19995117188
3278.72740254492	1535.09997558594
3280.67153314443	1552.80004882813
3282.61515165393	1555.09997558594
3284.55825828559	1539.19995117188
3286.50085325135	1539.5
3288.44293676289	1528.19995117188
3290.38450903165	1541.69995117188
3292.32557026883	1546.5
3294.26612068537	1546.5
3296.20616049198	1543.80004882813
3298.14568989911	1523.19995117188
3300.08470911695	1542.69995117188
3302.02321835546	1553
3303.96121782435	1539.69995117188
3305.89870773306	1532.80004882813
3307.83568829081	1537.40002441406
3309.77215970655	1535.5
3311.70812218898	1524.5
3313.64357594655	1526.40002441406
3315.57852118747	1534.09997558594
3317.51295811968	1531.19995117188
3319.44688695087	1537.59997558594
3321.38030788849	1517.40002441406
3323.31322113973	1535.09997558594
3325.24562691152	1537.40002441406
3327.17752541055	1526.19995117188
3329.10891684322	1552.90002441406
3331.03980141573	1531.5
3332.97017933399	1544.30004882813
3334.90005080364	1543.40002441406
3336.82941603011	1528.19995117188
3338.75827521852	1546.09997558594
3340.68662857377	1532.59997558594
3342.6144763005	1544.09997558594
3344.54181860308	1544.59997558594
3346.46865568561	1543.59997558594
3348.39498775195	1538
3350.32081500571	1539
3352.24613765022	1534.69995117188
3354.17095588855	1540.30004882813
3356.09526992352	1537.30004882813
3358.01907995769	1542.90002441406
3359.94238619334	1539.40002441406
3361.86518883251	1524.59997558594
3363.78748807697	1536.5
3365.70928412823	1525.40002441406
3367.63057718752	1546.40002441406
3369.55136745582	1537.30004882813
3371.47165513386	1553.19995117188
3373.39144042208	1547.40002441406
3375.31072352066	1524.30004882813
3377.22950462953	1532.59997558594
3379.14778394834	1545.09997558594
3381.06556167648	1541.30004882813
3382.98283801308	1541.59997558594
3384.89961315697	1543.30004882813
3386.81588730676	1538.90002441406
3388.73166066076	1540.40002441406
3390.64693341702	1533
3392.56170577332	1547
3394.47597792716	1540.5
3396.38975007581	1545.40002441406
3398.30302241623	1542.19995117188
3400.21579514512	1544.59997558594
3402.1280684589	1539.80004882813
3404.03984255374	1536.30004882813
3405.95111762553	1520.90002441406
3407.86189386987	1541.69995117188
3409.77217148212	1532.30004882813
3411.68195065733	1524.19995117188
3413.5912315903	1540.69995117188
3415.50001447556	1535.90002441406
3417.40829950735	1544.30004882813
3419.31608687963	1531.80004882813
3421.22337678611	1522.69995117188
3423.1301694202	1535.80004882813
3425.03646497504	1529.30004882813
3426.9422636435	1535.59997558594
3428.84756561816	1530.69995117188
3430.75237109135	1533.40002441406
3432.65668025508	1532.40002441406
3434.56049330112	1528.80004882813
3436.46381042093	1539
3438.36663180571	1538.09997558594
3440.26895764638	1546.09997558594
3442.17078813357	1534.5
3444.07212345762	1540.5
3445.97296380863	1527.69995117188
3447.87330937636	1527.40002441406
3449.77316035033	1536.09997558594
3451.67251691977	1527.30004882813
3453.57137927361	1519.69995117188
3455.46974760052	1522
3457.36762208886	1524.5
3459.26500292671	1523.09997558594
3461.16189030191	1520.19995117188
3463.05828440194	1527.40002441406
3464.95418541406	1525.19995117188
3466.84959352519	1530
3468.74450892201	1499.80004882813
3470.63893179088	1514.5
3472.53286231788	1541.59997558594
3474.42630068881	1517.59997558594
3476.31924708918	1523
3478.2117017042	1518.40002441406
3480.1036647188	1521.80004882813
3481.99513631761	1511.19995117188
3483.88611668498	1516.40002441406
3485.77660600498	1516.59997558594
3487.66660446135	1515.90002441406
3489.55611223758	1501
3491.44512951683	1520.40002441406
3493.333656482	1526.5
3495.22169331568	1512.90002441406
3497.10924020016	1509.09997558594
3498.99629731746	1497.5
3500.88286484927	1511.69995117188
3502.76894297702	1493.5
3504.65453188182	1508.59997558594
3506.53963174449	1501.30004882813
3508.42424274555	1494.90002441406
3510.30836506524	1510.19995117188
3512.19199888349	1506.40002441406
3514.07514437992	1505.19995117188
3515.95780173387	1500.5
3517.83997112437	1503.30004882813
3519.72165273016	1491.5
3521.60284672967	1492.90002441406
3523.48355330104	1495.40002441406
3525.36377262208	1507.80004882813
3527.24350487035	1485.19995117188
3529.12275022306	1487.09997558594
3531.00150885715	1491.09997558594
3532.87978094923	1488.30004882813
3534.75756667562	1485.69995117188
3536.63486621235	1480.40002441406
3538.51167973512	1490.80004882813
3540.38800741934	1481.90002441406
3542.26384944011	1478
3544.13920597223	1488.40002441406
3546.01407719018	1478.40002441406
3547.88846326815	1472.30004882813
3549.76236438002	1473.90002441406
3551.63578069934	1469.69995117188
3553.50871239938	1460.09997558594
3555.38115965309	1481.59997558594
3557.25312263311	1476.19995117188
3559.12460151177	1465.5
3560.99559646109	1475.69995117188
3562.86610765279	1467.09997558594
3564.73613525825	1468.90002441406
3566.60567944857	1481.5
3568.47474039453	1457.09997558594
3570.34331826658	1465.69995117188
3572.21141323487	1475.90002441406
3574.07902546925	1473.90002441406
3575.94615513922	1475.09997558594
3577.81280241401	1462.09997558594
3579.67896746249	1469.90002441406
3581.54465045325	1469
3583.40985155455	1466.30004882813
3585.27457093432	1475.5
3587.1388087602	1473
3589.00256519949	1453.59997558594
3590.86584041919	1473.40002441406
3592.72863458597	1466.09997558594
3594.59094786618	1450.09997558594
3596.45278042585	1466.5
3598.31413243069	1451.59997558594
3600.17500404611	1460.30004882813
3602.03539543717	1475.40002441406
3603.89530676861	1459.59997558594
3605.75473820488	1466.80004882813
3607.61368991007	1466
3609.47216204797	1456.90002441406
3611.33015478203	1446.80004882813
3613.18766827539	1451.40002441406
3615.04470269087	1469.59997558594
3616.90125819094	1435.5
3618.75733493776	1453
3620.61293309318	1452.30004882813
3622.46805281869	1453.19995117188
3624.32269427547	1445.5
3626.17685762439	1438.30004882813
3628.03054302596	1460.30004882813
3629.88375064038	1462
3631.73648062751	1442.09997558594
3633.5887331469	1441.40002441406
3635.44050835775	1444.30004882813
3637.29180641893	1442.19995117188
3639.14262748899	1456
3640.99297172614	1435.90002441406
3642.84283928828	1452.5
3644.69223033294	1446.30004882813
3646.54114501734	1439.90002441406
3648.38958349836	1446
3650.23754593256	1432.59997558594
3652.08503247614	1442
3653.93204328497	1432.59997558594
3655.77857851462	1440.59997558594
3657.62463832028	1426.19995117188
3659.47022285682	1426.19995117188
3661.31533227877	1426.09997558594
3663.15996674033	1427.09997558594
3665.00412639535	1418.59997558594
3666.84781139736	1443.69995117188
3668.69102189953	1434.90002441406
3670.5337580547	1423.19995117188
3672.37602001537	1414.40002441406
3674.21780793368	1416.09997558594
3676.05912196148	1431.09997558594
3677.89996225021	1430.40002441406
3679.74032895103	1431.5
3681.58022221471	1430.30004882813
3683.41964219171	1418.09997558594
3685.25858903211	1429
3687.0970628857	1407.80004882813
3688.93506390186	1419.40002441406
3690.77259222968	1420
3692.60964801787	1418.59997558594
3694.44623141481	1437
3696.28234256853	1409
3698.11798162669	1422
3699.95314873665	1425
3701.78784404537	1419.5
3703.62206769951	1415.40002441406
3705.45581984533	1409.5
3707.28910062877	1426.5
3709.12191019542	1423.59997558594
3710.95424869052	1423.09997558594
3712.78611625894	1405.5
3714.6175130452	1422.30004882813
3716.44843919349	1399.09997558594
3718.27889484764	1413.30004882813
3720.1088801511	1423.09997558594
3721.93839524699	1412.5
3723.76744027808	1423.30004882813
3725.59601538677	1410.40002441406
3727.4241207151	1414.30004882813
