40.2973356941271	1136.5
43.2236257608418	1142
46.1488808466109	1142
49.0731017336173	1148.09997558594
51.9962892025666	1155.30004882813
54.9184440327569	1168.59997558594
57.8395670020446	1168.30004882813
60.7596588868509	1180
63.6787204621708	1193.19995117188
66.5967525015794	1205.30004882813
69.5137557772381	1227
72.4297310598838	1242.09997558594
75.3446791188512	1273.59997558594
78.2586007220466	1299.5
81.1714966360015	1355.59997558594
84.0833676258266	1392.5
86.994214455242	1462
89.9040378865662	1528.80004882813
92.8128386807427	1588.09997558594
95.7206175973133	1633.09997558594
98.6273753944444	1660.80004882813
101.533112828928	1664.09997558594
104.437830656161	1681.19995117188
107.34152963018	1683.09997558594
110.244210503676	1683.90002441406
113.145874027931	1685.30004882813
116.046520952895	1662.5
118.946152027154	1649
121.844767997933	1659.19995117188
124.74236961111	1631.40002441406
127.638957611212	1642.19995117188
130.534532741422	1639.19995117188
133.429095743606	1634.30004882813
136.322647358252	1625.90002441406
139.215188324544	1632.69995117188
142.106719380311	1623.69995117188
144.997241262089	1649.90002441406
147.886754705057	1633.69995117188
150.775260443096	1639.30004882813
153.662759208748	1617
156.549251733282	1635.30004882813
159.434738746612	1638.30004882813
162.319220977376	1641.09997558594
165.20269915289	1626.80004882813
168.085173999178	1612.5
170.966646240977	1617.5
173.847116601709	1601.09997558594
176.726585803528	1620.69995117188
179.605054567295	1620.19995117188
182.48252361259	1582.30004882813
185.358993657701	1592.59997558594
188.234465419645	1601.19995117188
191.108939614183	1597.09997558594
193.982416955795	1583.40002441406
196.854898157687	1582.40002441406
199.726383931801	1591
202.596874988835	1598.30004882813
205.466372038225	1571.90002441406
208.334875788145	1573.69995117188
211.202386945534	1593.30004882813
214.068906216069	1589.09997558594
216.934434304194	1579.09997558594
219.798971913111	1590.30004882813
222.662519744776	1597
225.525078499925	1600.80004882813
228.386648878069	1580.59997558594
231.247231577465	1588.80004882813
234.106827295172	1581.30004882813
236.965436727012	1573.5
239.823060567597	1575.09997558594
242.679699510337	1570.80004882813
245.535354247396	1581.69995117188
248.390025469775	1553.59997558594
251.243713867223	1558.5
254.096420128327	1594.5
256.948144940459	1560
259.798888989788	1572.40002441406
262.648652961315	1581.80004882813
265.49743753883	1564.30004882813
268.345243404939	1584.40002441406
271.192071241073	1569.40002441406
274.037921727485	1567.30004882813
276.882795543246	1576.80004882813
279.72669336624	1561.30004882813
282.569615873213	1572.59997558594
285.411563739724	1588.09997558594
288.252537640165	1576.69995117188
291.092538247763	1567.59997558594
293.931566234616	1572.59997558594
296.769622271633	1590.5
299.606707028594	1584
302.442821174104	1584.09997558594
305.277965375652	1579.90002441406
308.112140299574	1572.69995117188
310.945346611062	1598.30004882813
313.777584974167	1577.80004882813
316.608856051813	1588.90002441406
319.439160505797	1577.30004882813
322.268498996783	1589.40002441406
325.096872184303	1592.30004882813
327.924280726782	1592.40002441406
330.750725281521	1590.90002441406
333.576206504693	1581.69995117188
336.400725051388	1593.80004882813
339.224281575542	1583.19995117188
342.046876730026	1583.80004882813
344.868511166586	1575
347.689185535872	1575.19995117188
350.508900487421	1575.19995117188
353.327656669699	1585.40002441406
356.145454730079	1583.69995117188
358.962295314817	1574.90002441406
361.778179069105	1583
364.593106637051	1580.09997558594
367.407078661675	1577.19995117188
370.220095784913	1580.59997558594
373.032158647655	1594.09997558594
375.843267889676	1590
378.653424149715	1592.09997558594
381.462628065436	1583.59997558594
384.270880273432	1574.40002441406
387.078181409254	1584.90002441406
389.884532107358	1600.40002441406
392.689933001188	1590.5
395.494384723112	1605.09997558594
398.29788790445	1604.19995117188
401.100443175488	1602.40002441406
403.902051165437	1620.80004882813
406.702712502518	1605.5
409.502427813866	1613.90002441406
412.301197725607	1614.30004882813
415.099022862823	1600.90002441406
417.89590384957	1606.30004882813
420.691841308876	1607.40002441406
423.486835862752	1594.5
426.280888132173	1609.59997558594
429.073998737112	1611.30004882813
431.866168296507	1611
434.657397428298	1617.69995117188
437.447686749412	1604.40002441406
440.237036875762	1607.19995117188
443.025448422257	1610.69995117188
445.812922002813	1629.30004882813
448.599458230326	1609
451.38505771672	1619.5
454.169721072909	1614.80004882813
456.953448908819	1610
459.736241833384	1618.09997558594
462.518100454555	1611.59997558594
465.2990253793	1643.69995117188
468.079017213605	1634.5
470.858076562476	1628.5
473.636204029939	1630.19995117188
476.41340021906	1618.30004882813
479.189665731938	1621.59997558594
481.965001169667	1626.59997558594
484.739407132419	1616.80004882813
487.512884219391	1622.09997558594
490.285433028796	1638.40002441406
493.057054157921	1615.59997558594
495.827748203087	1633.5
498.597515759658	1634.40002441406
501.366357422061	1634.30004882813
504.134273783759	1645.90002441406
506.901265437278	1636.40002441406
509.66733297421	1645.90002441406
512.432476985198	1640.09997558594
515.196698059945	1654.40002441406
517.959996787225	1647.5
520.722373754895	1639.40002441406
523.483829549856	1661.5
526.24436475811	1654.5
529.003979964696	1638.90002441406
531.762675753779	1665.19995117188
534.520452708569	1644.19995117188
537.277311411375	1653
540.03325244359	1630.69995117188
542.788276385682	1635.30004882813
545.54238381725	1657.5
548.295575316938	1648.69995117188
551.047851462516	1644.69995117188
553.799212830831	1628.5
556.549659997851	1658.69995117188
559.299193538643	1653.09997558594
562.047814027381	1652.40002441406
564.795522037318	1637.59997558594
567.542318140861	1638.40002441406
570.288202909507	1647.80004882813
573.033176913873	1650.59997558594
575.7772407237	1656.09997558594
578.520394907829	1645.5
581.26264003424	1659.30004882813
584.003976670046	1656.80004882813
586.744405381469	1645.09997558594
589.483926733869	1659.90002441406
592.222541291746	1652.59997558594
594.96024961872	1668.40002441406
597.697052277563	1667.09997558594
600.432949830166	1655.90002441406
603.167942837587	1664.5
605.902031860012	1646.69995117188
608.635217456783	1647.5
611.367500186378	1663.09997558594
614.098880606429	1663.90002441406
616.82935927374	1672.5
619.558936744248	1669.09997558594
622.287613573072	1660.80004882813
625.015390314457	1672.5
627.742267521848	1673.80004882813
630.468245747829	1629.19995117188
633.193325544166	1659.90002441406
635.917507461792	1681.09997558594
638.640792050804	1672.5
641.36317986048	1657.40002441406
644.084671439281	1674
646.805267334845	1664.90002441406
649.524968093967	1689.90002441406
652.24377426266	1673.09997558594
654.961686386106	1682.80004882813
657.678705008678	1670.90002441406
660.394830673939	1675.09997558594
663.110063924628	1694.19995117188
665.824405302728	1675.30004882813
668.537855349351	1679.19995117188
671.250414604863	1692
673.962083608812	1698.80004882813
676.672862899949	1683.30004882813
679.382753016218	1677.09997558594
682.091754494801	1682.90002441406
684.799867872061	1688.90002441406
687.507093683595	1677.5
690.213432464198	1701.90002441406
692.918884747899	1693.09997558594
695.623451067937	1701.69995117188
698.327131956755	1685.40002441406
701.029927946065	1700.5
703.731839566754	1696.40002441406
706.43286734896	1712.19995117188
709.133011822067	1706.90002441406
711.832273514658	1711.30004882813
714.53065295457	1694.80004882813
717.228150668879	1720.19995117188
719.924767183889	1717.40002441406
722.620503025148	1717.80004882813
725.315358717446	1714.09997558594
728.009334784827	1707.40002441406
730.702431750559	1699.5
733.394650137188	1708.69995117188
736.085990466498	1710
738.776453259519	1710.5
741.466039036542	1703
744.154748317125	1717.5
746.842581620074	1736.19995117188
749.529539463458	1718.80004882813
752.215622364608	1734.80004882813
754.900830840131	1726
757.585165405892	1739.30004882813
760.26862657703	1738.90002441406
762.951214867957	1712.80004882813
765.632930792356	1735.09997558594
768.313774863181	1736.19995117188
770.993747592673	1725.90002441406
773.672849492359	1721.30004882813
776.351081073017	1715.69995117188
779.028442844757	1730.90002441406
781.704935316928	1731.40002441406
784.380558998208	1726.30004882813
787.055314396528	1745.80004882813
789.729202019141	1725.80004882813
792.402222372581	1741.30004882813
795.074375962669	1712.19995117188
797.745663294537	1733.19995117188
800.416084872622	1748.90002441406
803.085641200652	1745.30004882813
805.754332781664	1736.80004882813
808.422160117986	1750.30004882813
811.089123711292	1728
813.75522406252	1731.5
816.420461671951	1756.30004882813
819.084837039164	1758.90002441406
821.748350663067	1761.59997558594
824.411003041866	1768.59997558594
827.072794673116	1775.30004882813
829.733726053668	1761
832.39379767971	1774.90002441406
835.05301004674	1764.40002441406
837.711363649601	1771.5
840.368858982457	1757.69995117188
843.025496538805	1780.69995117188
845.681276811467	1766.80004882813
848.336200292618	1805.19995117188
850.99026747375	1794.5
853.643478845713	1790.40002441406
856.29583489868	1799.30004882813
858.947336122176	1790.5
861.59798300506	1787.69995117188
864.247776035556	1806.09997558594
866.896715701222	1819.59997558594
869.544802488959	1810.59997558594
872.192036885046	1819.59997558594
874.838419375087	1815.90002441406
877.483950444054	1801.30004882813
880.128630576285	1784.19995117188
882.772460255461	1786.90002441406
885.415439964628	1795.69995117188
888.057570186211	1802.69995117188
890.698851401966	1828.40002441406
893.339284093045	1798.09997558594
895.978868739961	1790.40002441406
898.617605822596	1815.19995117188
901.255495820196	1803.69995117188
903.892539211396	1831.69995117188
906.528736474184	1811.69995117188
909.164088085949	1802
911.798594523442	1814.09997558594
914.432256262804	1816.90002441406
917.065073779549	1806.59997558594
919.697047548589	1804.19995117188
922.328178044212	1817.90002441406
924.9584657401	1826.5
927.587911109317	1828
930.216514624317	1830.59997558594
932.844276756963	1834.69995117188
935.471197978488	1835.5
938.097278759538	1824.90002441406
940.722519570163	1854.59997558594
943.346920879798	1845
945.97048315729	1850
948.593206870885	1870.90002441406
951.215092488219	1867.40002441406
953.836140476366	1879.09997558594
956.456351301787	1863.09997558594
959.07572543037	1869.40002441406
961.694263327369	1883.59997558594
964.311965457521	1901.09997558594
966.928832284933	1897.80004882813
969.544864273135	1869.40002441406
972.160061885076	1903.09997558594
974.774425583129	1873.09997558594
977.387955829099	1878.90002441406
980.000653084196	1862.30004882813
982.612517809061	1842.40002441406
985.223550463768	1859.59997558594
987.833751507819	1870
990.443121400135	1877.19995117188
993.051660599081	1894
995.659369562449	1896.80004882813
998.266248747469	1924.59997558594
1000.87229861081	1960.09997558594
1003.47751960857	2011.80004882813
1006.0819121963	2033.09997558594
1008.68547682897	2019.69995117188
1011.28821396104	1990.80004882813
1013.89012404635	1962.19995117188
1016.49120753824	1932.30004882813
1019.09146488947	1911.69995117188
1021.69089655226	1894.59997558594
1024.28950297827	1921.09997558594
1026.88728461863	1895.5
1029.48424192392	1906.5
1032.08037534416	1895.40002441406
1034.67568532886	1889.19995117188
1037.27017232694	1904.80004882813
1039.86383678682	1870.59997558594
1042.45667915637	1881.09997558594
1045.04869988293	1912.30004882813
1047.6398994133	1879.19995117188
1050.23027819374	1875.80004882813
1052.81983666998	1896.5
1055.40857528724	1892
1057.99649449018	1914.90002441406
1060.58359472296	1883.19995117188
1063.1698764292	1890.5
1065.755340052	1908.5
1068.33998603393	1905.40002441406
1070.92381481706	1903
1073.50682684291	1887.30004882813
1076.08902255251	1890.80004882813
1078.67040238637	1906.90002441406
1081.25096678445	1898.69995117188
1083.83071618624	1916.80004882813
1086.4096510307	1887.40002441406
1088.98777175629	1910
1091.56507880094	1894.80004882813
1094.14157260208	1906.69995117188
1096.71725359664	1911.30004882813
1099.29212222106	1914.90002441406
1101.86617891125	1890.90002441406
1104.43942410262	1889.59997558594
1107.01185823011	1894.69995117188
1109.58348172812	1917.59997558594
1112.15429503057	1902.59997558594
1114.7242985709	1909.5
1117.29349278203	1917
1119.86187809642	1936.80004882813
1122.42945494599	1939.30004882813
1124.99622376222	1966.80004882813
1127.56218497606	1951.19995117188
1130.12733901801	1970.09997558594
1132.69168631804	1966.30004882813
1135.25522730568	1998.80004882813
1137.81796240995	1992.90002441406
1140.37989205941	2020.69995117188
1142.9410166821	2037.09997558594
1145.50133670561	2072.19995117188
1148.06085255708	2137.89990234375
1150.61956466311	2222.60009765625
1153.17747344987	2316
1155.73457934305	2401
1158.29088276786	2478.10009765625
1160.84638414903	2411.39990234375
1163.40108391085	2309
1165.95498247711	2201.80004882813
1168.50808027116	2108.30004882813
1171.06037771587	2073.89990234375
1173.61187523364	2004.5
1176.16257324643	2002.5
1178.71247217573	1997.19995117188
1181.26157244255	1968.30004882813
1183.80987446746	1983.19995117188
1186.35737867059	1997.30004882813
1188.90408547157	2009.5
1191.44999528961	2013.90002441406
1193.99510854347	2037.69995117188
1196.53942565142	2029.09997558594
1199.08294703133	2032.80004882813
1201.62567310057	2002.09997558594
1204.16760427611	1998.80004882813
1206.70874097445	2000.69995117188
1209.24908361163	1976.30004882813
1211.78863260327	1957.5
1214.32738836454	1979.80004882813
1216.86535131017	1977
1219.40252185445	1974
1221.93890041121	1969.69995117188
1224.47448739389	1964.90002441406
1227.00928321544	1963.80004882813
1229.54328828842	1972.09997558594
1232.07650302491	1964.69995117188
1234.60892783662	1981
1237.14056313477	1973.80004882813
1239.67140933017	1985.59997558594
1242.2014668332	1967.09997558594
1244.73073605384	1993.90002441406
1247.25921740159	1996
1249.78691128558	2011.69995117188
1252.31381811448	1992.40002441406
1254.83993829655	2033.90002441406
1257.36527223962	2033.5
1259.88982035112	2063.5
1262.41358303803	2056.69995117188
1264.93656070696	2033.19995117188
1267.45875376405	2054.19995117188
1269.98016261505	2067.69995117188
1272.50078766531	2071.5
1275.02062931974	2101.30004882813
1277.53968798285	2072.89990234375
1280.05796405875	2073.10009765625
1282.57545795112	2049
1285.09217006325	2044.5
1287.60810079802	2040.19995117188
1290.12325055788	2024.30004882813
1292.63761974492	2054.10009765625
1295.15120876079	2047.80004882813
1297.66401800676	2067.5
1300.17604788367	2030
1302.687298792	2039.09997558594
1305.19777113181	2050.69995117188
1307.70746530274	2059.69995117188
1310.21638170408	2051.80004882813
1312.7245207347	2047
1315.23188279307	2064.60009765625
1317.73846827728	2049.80004882813
1320.24427758502	2061.19995117188
1322.74931111359	2027.90002441406
1325.25356925991	2043.09997558594
1327.75705242051	2034.40002441406
1330.25976099151	2018.30004882813
1332.76169536868	2008.80004882813
1335.26285594737	2021
1337.76324312256	2035.80004882813
1340.26285728887	2004.90002441406
1342.76169884052	2025.5
1345.25976817132	2025.40002441406
1347.75706567474	2012.59997558594
1350.25359174387	2017
1352.74934677141	2007.5
1355.24433114968	2009.69995117188
1357.73854527062	2016.80004882813
1360.23198952583	2027
1362.7246643065	2014.80004882813
1365.21657000347	2015.19995117188
1367.7077070072	2007.69995117188
1370.19807570777	1997.40002441406
1372.68767649492	2005.80004882813
1375.176509758	1994.59997558594
1377.66457588599	2004.59997558594
1380.15187526753	2011.30004882813
1382.63840829087	2004.69995117188
1385.1241753439	2026.80004882813
1387.60917681417	2027.80004882813
1390.09341308884	2040.59997558594
1392.57688455474	2048.80004882813
1395.05959159829	2021.80004882813
1397.54153460562	2042.5
1400.02271396243	2036.69995117188
1402.50313005414	2008.5
1404.98278326576	2040.09997558594
1407.46167398196	2051.5
1409.93980258707	2039.19995117188
1412.41716946504	2038
1414.89377499951	2033
1417.36961957373	2057.80004882813
1419.84470357062	2061.19995117188
1422.31902737275	2053.69995117188
1424.79259136235	2058.30004882813
1427.26539592129	2073.39990234375
1429.73744143111	2074.69995117188
1432.20872827299	2086.69995117188
1434.67925682777	2088.80004882813
1437.14902747597	2125.80004882813
1439.61804059773	2127.80004882813
1442.0862965729	2159.39990234375
1444.55379578093	2189.30004882813
1447.02053860099	2143.10009765625
1449.48652541188	2132.80004882813
1451.95175659206	2134.39990234375
1454.41623251969	2152
1456.87995357255	2162.80004882813
1459.34292012811	2143
1461.80513256351	2154.60009765625
1464.26659125557	2134
1466.72729658073	2118.19995117188
1469.18724891517	2114.30004882813
1471.64644863469	2115.60009765625
1474.10489611478	2097.39990234375
1476.5625917306	2097.19995117188
1479.01953585699	2084.30004882813
1481.47572886844	2094.19995117188
1483.93117113917	2105.30004882813
1486.38586304302	2097.30004882813
1488.83980495354	2103
1491.29299724395	2140.39990234375
1493.74544028715	2140
1496.19713445573	2140.69995117188
1498.64808012193	2172.10009765625
1501.09827765772	2204.39990234375
1503.54772743471	2250.69995117188
1505.99642982421	2329.19995117188
1508.44438519723	2428.80004882813
1510.89159392446	2524.69995117188
1513.33805637625	2630.39990234375
1515.78377292266	2726
1518.22874393346	2758.60009765625
1520.67296977806	2734.30004882813
1523.11645082559	2656.30004882813
1525.55918744488	2562.60009765625
1528.00118000444	2478.39990234375
1530.44242887245	2353.89990234375
1532.88293441684	2261.69995117188
1535.32269700517	2205.69995117188
1537.76171700475	2170.69995117188
1540.19999478255	2148.80004882813
1542.63753070526	2135.10009765625
1545.07432513925	2110
1547.5103784506	2099
1549.94569100509	2096.30004882813
1552.38026316819	2095.19995117188
1554.8140953051	2096.5
1557.24718778067	2081.30004882813
1559.67954095952	2105.69995117188
1562.11115520592	2091.39990234375
1564.54203088386	2080.30004882813
1566.97216835704	2098.80004882813
1569.40156798888	2123.69995117188
1571.83023014248	2114.19995117188
1574.25815518067	2086.5
1576.68534346597	2094
1579.11179536062	2103.69995117188
1581.53751122658	2097.30004882813
1583.9624914255	2100
1586.38673631876	2113.10009765625
1588.81024626745	2099.60009765625
1591.23302163235	2094.69995117188
1593.655062774	2120.5
1596.07637005262	2104.89990234375
1598.49694382815	2098.39990234375
1600.91678446025	2085.60009765625
1603.33589230831	2120.5
1605.75426773142	2112.69995117188
1608.1719110884	2098.69995117188
1610.58882273779	2097.80004882813
1613.00500303784	2103.80004882813
1615.42045234654	2091.19995117188
1617.83517102158	2093.39990234375
1620.24915942039	2108.19995117188
1622.66241790012	2106.10009765625
1625.07494681764	2088.69995117188
1627.48674652954	2119.80004882813
1629.89781739216	2130.10009765625
1632.30815976152	2122.19995117188
1634.71777399343	2122.30004882813
1637.12666044338	2123.19995117188
1639.53481946661	2144.5
1641.94225141808	2138.80004882813
1644.34895665248	2155.10009765625
1646.75493552424	2171.5
1649.16018838752	2212
1651.56471559621	2222.39990234375
1653.96851750392	2249
1656.37159446403	2221.89990234375
1658.7739468296	2244.39990234375
1661.17557495349	2237.39990234375
1663.57647918824	2216
1665.97665988617	2186.30004882813
1668.37611739929	2176.39990234375
1670.77485207939	2188.10009765625
1673.17286427799	2153.5
1675.57015434633	2130.19995117188
1677.96672263542	2119.80004882813
1680.36256949598	2128.80004882813
1682.7576952785	2126
1685.15210033318	2110.5
1687.54578501	2120.19995117188
1689.93874965866	2120.19995117188
1692.33099462861	2092.69995117188
1694.72252026904	2089.5
1697.11332692889	2096.69995117188
1699.50341495686	2080.30004882813
1701.89278470137	2085.80004882813
1704.28143651061	2067
1706.66937073251	2070.89990234375
1709.05658771473	2082.10009765625
1711.44308780473	2085.39990234375
1713.82887134968	2067.39990234375
1716.21393869648	2065.69995117188
1718.59829019185	2089.19995117188
1720.98192618221	2094.39990234375
1723.36484701374	2079.69995117188
1725.74705303238	2063.5
1728.12854458384	2060.30004882813
1730.50932201356	2083.39990234375
1732.88938566673	2097.5
1735.26873588834	2054.80004882813
1737.64737302307	2092.5
1740.02529741544	2101.19995117188
1742.40250940964	2099.30004882813
1744.77900934969	2091.39990234375
1747.15479757933	2073
1749.52987444206	2102.19995117188
1751.90424028116	2084.10009765625
1754.27789543967	2079.39990234375
1756.65084026037	2064.5
1759.02307508582	2086.80004882813
1761.39460025833	2056.39990234375
1763.76541612	2092.60009765625
1766.13552301265	2062.30004882813
1768.50492127791	2088.80004882813
1770.87361125714	2099.69995117188
1773.2415932915	2076.89990234375
1775.60886772188	2052.10009765625
1777.97543488896	2081.19995117188
1780.34129513318	2048.39990234375
1782.70644879475	2070.30004882813
1785.07089621365	2093.39990234375
1787.43463772964	2092.19995117188
1789.7976736822	2086
1792.16000441066	2091.39990234375
1794.52163025405	2094.39990234375
1796.88255155121	2065.39990234375
1799.24276864074	2085.60009765625
1801.60228186102	2088.39990234375
1803.96109155019	2093.39990234375
1806.31919804618	2094.30004882813
1808.67660168668	2077.10009765625
1811.03330280916	2108.5
1813.38930175088	2074.60009765625
1815.74459884884	2093.19995117188
1818.09919443984	2124.89990234375
1820.45308886047	2084.5
1822.80628244708	2095.69995117188
1825.1587755358	2084.5
1827.51056846254	2092.80004882813
1829.86166156297	2098.69995117188
1832.21205517258	2074.10009765625
1834.56174962661	2083.39990234375
1836.91074526009	2101.69995117188
1839.25904240783	2084.60009765625
1841.60664140443	2094
1843.95354258425	2079.5
1846.29974628146	2102.19995117188
1848.64525282998	2058.19995117188
1850.99006256356	2072.89990234375
1853.3341758157	2072.80004882813
1855.67759291968	2097.89990234375
1858.02031420858	2062.89990234375
1860.36234001528	2094.69995117188
1862.70367067241	2073.89990234375
1865.04430651244	2087.69995117188
1867.38424786755	2101.89990234375
1869.72349506978	2083.30004882813
1872.06204845094	2071.60009765625
1874.39990834258	2087.60009765625
1876.73707507612	2075.10009765625
1879.07354898269	2095.89990234375
1881.40933039328	2074
1883.74441963861	2095.80004882813
1886.07881704925	2087.80004882813
1888.41252295551	2086.10009765625
1890.74553768751	2097.19995117188
1893.07786157519	2097.60009765625
1895.40949494822	2068.19995117188
1897.74043813615	2071.80004882813
1900.07069146823	2069.60009765625
1902.40025527357	2109.60009765625
1904.72912988106	2100.10009765625
1907.05731561938	2085.5
1909.38481281699	2084.5
1911.71162180217	2088
1914.037742903	2080.30004882813
1916.36317644734	2085.69995117188
1918.68792276284	2064.89990234375
1921.01198217697	2101.39990234375
1923.33535501699	2092.39990234375
1925.65804160996	2083.60009765625
1927.98004228273	2086
1930.30135736196	2103.30004882813
1932.6219871741	2088.89990234375
1934.94193204543	2080.10009765625
1937.26119230198	2090.60009765625
1939.57976826962	2092.69995117188
1941.89766027402	2101.30004882813
1944.21486864062	2109.89990234375
1946.53139369472	2081.60009765625
1948.84723576137	2088.10009765625
1951.16239516543	2087.5
1953.47687223159	2086.19995117188
1955.79066728434	2102.5
1958.10378064794	2106.5
1960.4162126465	2101.80004882813
1962.7279636039	2110.30004882813
1965.03903384385	2089.39990234375
1967.34942368987	2132.30004882813
1969.65913346524	2119
1971.96816349311	2105.10009765625
1974.2765140964	2113.39990234375
1976.58418559784	2108.5
1978.89117831997	2107.80004882813
1981.19749258516	2103.10009765625
1983.50312871555	2113.30004882813
1985.80808703313	2095.5
1988.11236785967	2124.30004882813
1990.41597151676	2093.60009765625
1992.71889832581	2123.10009765625
1995.02114860801	2125
1997.3227226844	2108.10009765625
1999.62362087581	2111.89990234375
2001.92384350288	2103.80004882813
2004.22339088608	2114.39990234375
2006.52226334567	2114.10009765625
2008.82046120173	2113.30004882813
2011.11798477417	2115.5
2013.41483438269	2116
2015.71101034681	2125.69995117188
2018.00651298588	2117.60009765625
2020.30134261905	2126.10009765625
2022.59549956528	2119.80004882813
2024.88898414337	2117.60009765625
2027.1817966719	2126.60009765625
2029.4739374693	2133.19995117188
2031.76540685379	2109
2034.05620514342	2087.19995117188
2036.34633265607	2091.10009765625
2038.6357897094	2096.30004882813
2040.92457662092	2115.60009765625
2043.21269370795	2111.5
2045.50014128763	2115.69995117188
2047.78691967691	2128
2050.07302919256	2110
2052.35847015118	2089.60009765625
2054.64324286919	2097.5
2056.9273476628	2099.80004882813
2059.21078484808	2103
2061.4935547409	2101.60009765625
2063.77565765696	2108
2066.05709391176	2080.5
2068.33786382065	2098.89990234375
2070.61796769879	2103.5
2072.89740586116	2130.30004882813
2075.17617862255	2100.19995117188
2077.45428629759	2091.30004882813
2079.73172920075	2118.69995117188
2082.00850764627	2115.80004882813
2084.28462194827	2103.39990234375
2086.56007242065	2107.39990234375
2088.83485937717	2103.39990234375
2091.10898313139	2098.10009765625
2093.3824439967	2118.39990234375
2095.65524228632	2123.80004882813
2097.92737831328	2126.89990234375
2100.19885239047	2116
2102.46966483057	2123.5
2104.7398159461	2124.5
2107.00930604941	2105.39990234375
2109.27813545267	2115.89990234375
2111.54630446787	2145
2113.81381340685	2129.39990234375
2116.08066258126	2117.60009765625
2118.34685230257	2121.89990234375
2120.61238288211	2135.10009765625
2122.87725463099	2163.60009765625
2125.1414678602	2150.69995117188
2127.40502288052	2137
2129.66792000257	2121.5
2131.93015953682	2136.5
2134.19174179353	2132.89990234375
2136.45266708282	2136.5
2138.71293571463	2137.69995117188
2140.97254799873	2139.39990234375
2143.23150424473	2150.19995117188
2145.48980476205	2130.19995117188
2147.74744985996	2146.5
2150.00443984754	2136.19995117188
2152.26077503373	2144.5
2154.51645572728	2128.39990234375
2156.77148223677	2157
2159.02585487064	2141.19995117188
2161.27957393713	2179.39990234375
2163.53263974432	2158.60009765625
2165.78505260012	2148.19995117188
2168.0368128123	2148.10009765625
2170.28792068844	2146.19995117188
2172.53837653595	2118.80004882813
2174.78818066207	2137.10009765625
2177.03733337389	2158
2179.28583497833	2118.39990234375
2181.53368578214	2117.30004882813
2183.78088609192	2126.10009765625
2186.02743621406	2131.30004882813
2188.27333645484	2137.60009765625
2190.51858712033	2126.39990234375
2192.76318851646	2113.10009765625
2195.00714094901	2098.69995117188
2197.25044472354	2101.19995117188
2199.49310014551	2121.89990234375
2201.73510752018	2126.19995117188
2203.97646715265	2111.30004882813
2206.21717934786	2089.89990234375
2208.45724441058	2095.80004882813
2210.69666264543	2107.5
2212.93543435686	2106.19995117188
2215.17355984914	2107.60009765625
2217.41103942642	2115.80004882813
2219.64787339264	2120
2221.8840620516	2103.60009765625
2224.11960570695	2098.5
2226.35450466215	2124.60009765625
2228.58875922051	2099.60009765625
2230.82236968518	2119.19995117188
2233.05533635916	2130.30004882813
2235.28765954527	2096.60009765625
2237.51933954617	2112.5
2239.75037666437	2120.69995117188
2241.98077120221	2137
2244.21052346188	2089.80004882813
2246.4396337454	2110.80004882813
2248.66810235461	2100.69995117188
2250.89592959125	2130.69995117188
2253.12311575681	2127.69995117188
2255.34966115272	2118.5
2257.57556608017	2111.30004882813
2259.80083084023	2108.19995117188
2262.02545573381	2115.69995117188
2264.24944106163	2088.30004882813
2266.47278712429	2118.30004882813
2268.69549422221	2097.39990234375
2270.91756265564	2103.69995117188
2273.1389927247	2111.39990234375
2275.35978472934	2111.10009765625
2277.57993896933	2115
2279.79945574431	2133.19995117188
2282.01833535375	2135
2284.23657809696	2121.39990234375
2286.45418427309	2103.19995117188
2288.67115418114	2112.89990234375
2290.88748811995	2136.89990234375
2293.10318638819	2146.89990234375
2295.3182492844	2134.19995117188
2297.53267710693	2151.69995117188
2299.746470154	2131.89990234375
2301.95962872364	2137.89990234375
2304.17215311376	2144.89990234375
2306.3840436221	2146.80004882813
2308.59530054621	2150.10009765625
2310.80592418354	2136.39990234375
2313.01591483134	2147.19995117188
2315.22527278673	2144
2317.43399834666	2164.69995117188
2319.64209180791	2143.69995117188
2321.84955346713	2142.19995117188
2324.05638362079	2146.60009765625
2326.26258256524	2160.60009765625
2328.46815059664	2114.60009765625
2330.67308801098	2141
2332.87739510415	2134.39990234375
2335.08107217184	2149
2337.2841195096	2149.19995117188
2339.48653741281	2135.19995117188
2341.68832617672	2139
2343.8894860964	2163.30004882813
2346.09001746678	2135.19995117188
2348.28992058261	2116.39990234375
2350.48919573852	2144.19995117188
2352.68784322898	2122.89990234375
2354.88586334826	2145.19995117188
2357.08325639055	2143.30004882813
2359.2800226498	2119.69995117188
2361.47616241988	2092.60009765625
2363.67167599445	2129.30004882813
2365.86656366706	2115.80004882813
2368.06082573107	2117.19995117188
2370.2544624797	2113.60009765625
2372.44747420603	2130.80004882813
2374.63986120295	2108.60009765625
2376.83162376322	2097.10009765625
2379.02276217945	2096.5
2381.21327674408	2100.5
2383.4031677494	2104.39990234375
2385.59243548756	2070.5
2387.78108025053	2100.89990234375
2389.96910233014	2112.80004882813
2392.15650201809	2113.19995117188
2394.34327960587	2092.80004882813
2396.52943538486	2098.39990234375
2398.71496964628	2115
2400.89988268118	2115.30004882813
2403.08417478048	2102
2405.26784623491	2086.80004882813
2407.45089733509	2098.5
2409.63332837146	2093.5
2411.81513963429	2092.30004882813
2413.99633141375	2095.89990234375
2416.1769039998	2082.69995117188
2418.35685768227	2081.19995117188
2420.53619275084	2096.39990234375
2422.71490949505	2085.60009765625
2424.89300820425	2088.19995117188
2427.07048916765	2080.10009765625
2429.24735267433	2103
2431.42359901319	2096.69995117188
2433.59922847297	2093.80004882813
2435.7742413423	2097.80004882813
2437.94863790961	2107.39990234375
2440.12241846321	2090.80004882813
2442.29558329121	2087.5
2444.46813268162	2105
2446.64006692228	2098.5
2448.81138630086	2105.89990234375
2450.98209110489	2100.60009765625
2453.15218162174	2087.19995117188
2455.32165813864	2109.39990234375
2457.49052094265	2110.89990234375
2459.65877032069	2113.80004882813
2461.8264065595	2071.60009765625
2463.99342994572	2110.30004882813
2466.15984076579	2122.60009765625
2468.325639306	2113.19995117188
2470.49082585251	2110.10009765625
2472.65540069131	2125.69995117188
2474.81936410824	2108.69995117188
2476.98271638899	2113.80004882813
2479.14545781909	2111.80004882813
2481.30758868392	2101.39990234375
2483.4691092687	2086.69995117188
2485.63001985852	2138.89990234375
2487.79032073829	2123.30004882813
2489.95001219277	2117.39990234375
2492.10909450659	2105.69995117188
2494.26756796419	2103
2496.42543284989	2124
2498.58268944783	2109.89990234375
2500.73933804202	2090.19995117188
2502.8953789163	2107.30004882813
2505.05081235436	2130.80004882813
2507.20563863974	2111.30004882813
2509.35985805582	2138.19995117188
2511.51347088583	2094.5
2513.66647741285	2105.19995117188
2515.81887791981	2137
2517.97067268946	2127.30004882813
2520.12186200443	2112.80004882813
2522.27244614716	2133.89990234375
2524.42242539999	2106.10009765625
2526.57180004504	2091.30004882813
2528.72057036433	2111.5
2530.8687366397	2096.39990234375
2533.01629915284	2107.39990234375
2535.16325818527	2115.39990234375
2537.30961401839	2095.89990234375
2539.45536693343	2084.5
2541.60051721145	2079.89990234375
2543.74506513338	2069.60009765625
2545.88901097997	2078.30004882813
2548.03235503185	2079.39990234375
2550.17509756946	2085.39990234375
2552.31723887311	2092.89990234375
2554.45877922293	2091.39990234375
2556.59971889893	2081.80004882813
2558.74005818094	2065.80004882813
2560.87979734864	2095.69995117188
2563.01893668155	2087.80004882813
2565.15747645906	2097
2567.29541696037	2078.69995117188
2569.43275846454	2078.80004882813
2571.56950125049	2090.89990234375
2573.70564559696	2068.5
2575.84119178254	2042
2577.97614008569	2062.39990234375
2580.11049078468	2073
2582.24424415764	2088.69995117188
2584.37740048255	2087.69995117188
2586.50996003722	2078.60009765625
2588.64192309931	2064.30004882813
2590.77328994634	2087.69995117188
2592.90406085564	2088
2595.03423610442	2073.5
2597.16381596971	2081.30004882813
2599.29280072839	2077.39990234375
2601.42119065719	2073.69995117188
2603.54898603267	2074.89990234375
2605.67618713125	2095.80004882813
2607.80279422919	2058.5
2609.92880760257	2077.5
2612.05422752735	2092.5
2614.17905427932	2078.89990234375
2616.30328813408	2087.89990234375
2618.42692936713	2114.10009765625
2620.54997825377	2087.89990234375
2622.67243506915	2112.10009765625
2624.79430008828	2100.80004882813
2626.915573586	2105
2629.03625583699	2090.19995117188
2631.15634711579	2099.30004882813
2633.27584769675	2111.5
2635.39475785408	2090.80004882813
2637.51307786185	2126.80004882813
2639.63080799394	2089.5
2641.74794852409	2117.69995117188
2643.86449972589	2115.60009765625
2645.98046187273	2138.80004882813
2648.0958352379	2125.19995117188
2650.21062009449	2133.39990234375
2652.32481671544	2132
2654.43842537353	2131.80004882813
2656.5514463414	2149.80004882813
2658.66387989151	2178.19995117188
2660.77572629616	2154.30004882813
2662.88698582751	2166.30004882813
2664.99765875753	2154.19995117188
2667.10774535806	2185.5
2669.21724590076	2165.69995117188
2671.32616065714	2169.10009765625
2673.43448989857	2165.80004882813
2675.5422338962	2176.39990234375
2677.64939292108	2153.80004882813
2679.75596724408	2151.60009765625
2681.86195713589	2130.5
2683.96736286707	2131.80004882813
2686.07218470799	2113.10009765625
2688.17642292889	2112.19995117188
2690.28007779982	2109.5
2692.38314959069	2100
2694.48563857123	2106.89990234375
2696.58754501103	2083.5
2698.6888691795	2089.60009765625
2700.78961134588	2089
2702.8897717793	2108.5
2704.98935074864	2091.30004882813
2707.08834852271	2100.19995117188
2709.18676537009	2102.69995117188
2711.28460155925	2084.10009765625
2713.38185735843	2110.10009765625
2715.47853303577	2094.19995117188
2717.57462885924	2091.39990234375
2719.67014509659	2097.80004882813
2721.76508201548	2085.69995117188
2723.85943988337	2103.19995117188
2725.95321896754	2093.19995117188
2728.04641953515	2086.5
2730.13904185316	2082.60009765625
2732.23108618837	2108.60009765625
2734.32255280744	2073.89990234375
2736.41344197683	2079.60009765625
2738.50375396288	2079.5
2740.5934890317	2081.80004882813
2742.68264744932	2087.10009765625
2744.77122948153	2068.39990234375
2746.85923539398	2077
2748.94666545217	2053.10009765625
2751.03351992142	2069.19995117188
2753.11979906688	2070.19995117188
2755.20550315355	2057.19995117188
2757.29063244624	2065.60009765625
2759.37518720963	2047.09997558594
2761.45916770819	2059
2763.54257420625	2053.5
2765.62540696797	2037.40002441406
2767.70766625733	2045.30004882813
2769.78935233816	2032.5
2771.87046547413	2049.30004882813
2773.95100592869	2039.90002441406
2776.03097396519	2052.10009765625
2778.11036984677	2064.19995117188
2780.18919383641	2055.80004882813
2782.26744619693	2041.90002441406
2784.34512719097	2069.89990234375
2786.42223708102	2051.19995117188
2788.49877612937	2073.60009765625
2790.57474459816	2038
2792.65014274937	2052.69995117188
2794.7249708448	2074.10009765625
2796.79922914607	2052.19995117188
2798.87291791465	2059.80004882813
2800.94603741181	2057.69995117188
2803.01858789869	2042
2805.09056963623	2059.80004882813
2807.1619828852	2051.69995117188
2809.23282790621	2045.80004882813
2811.30310495971	2064.69995117188
2813.37281430593	2045.19995117188
2815.441956205	2050.19995117188
2817.51053091682	2080.19995117188
2819.57853870114	2057.19995117188
2821.64597981753	2040.90002441406
2823.7128545254	2085.30004882813
2825.77916308399	2061.10009765625
2827.84490575233	2087.89990234375
2829.91008278933	2121.10009765625
2831.97469445369	2103.80004882813
2834.03874100395	2121.19995117188
2836.10222269847	2119.80004882813
2838.16513979544	2130.69995117188
2840.22749255288	2156.80004882813
2842.28928122863	2185.69995117188
2844.35050608034	2261.5
2846.41116736553	2272.39990234375
2848.47126534149	2319.19995117188
2850.53080026537	2352.39990234375
2852.58977239414	2357.30004882813
2854.64818198459	2382.19995117188
2856.70602929332	2356.89990234375
2858.76331457678	2362.39990234375
2860.82003809123	2328.10009765625
2862.87620009274	2348.30004882813
2864.93180083723	2365.80004882813
2866.98684058043	2391.80004882813
2869.04131957789	2415.5
2871.09523808497	2415.80004882813
2873.14859635689	2430.60009765625
2875.20139464866	2457.69995117188
2877.2536332151	2451.80004882813
2879.30531231091	2443
2881.35643219054	2435.39990234375
2883.40699310831	2440.60009765625
2885.45699531834	2464.89990234375
2887.50643907457	2449.30004882813
2889.55532463077	2473.39990234375
2891.60365224053	2495.89990234375
2893.65142215724	2503.39990234375
2895.69863463414	2504.69995117188
2897.74528992426	2510.10009765625
2899.79138828046	2514.10009765625
2901.83692995544	2491.39990234375
2903.88191520168	2502.5
2905.92634427151	2514.19995117188
2907.97021741706	2524.69995117188
2910.01353489027	2510.10009765625
2912.05629694294	2507.60009765625
2914.09850382663	2569.89990234375
2916.14015579276	2562.39990234375
2918.18125309254	2569.30004882813
2920.22179597702	2589.19995117188
2922.26178469705	2620.60009765625
2924.30121950329	2644.10009765625
2926.34010064624	2604.89990234375
2928.37842837619	2649.39990234375
2930.41620294326	2662.89990234375
2932.45342459737	2658.39990234375
2934.49009358828	2669.19995117188
2936.52621016555	2680.19995117188
2938.56177457854	2628.60009765625
2940.59678707645	2608.60009765625
2942.63124790827	2583.19995117188
2944.66515732282	2545.19995117188
2946.69851556873	2526.69995117188
2948.73132289443	2486.69995117188
2950.76357954817	2480
2952.79528577803	2437.19995117188
2954.82644183188	2384.5
2956.85704795741	2421.19995117188
2958.8871044021	2410
2960.91661141328	2396
2962.94556923807	2381.39990234375
2964.97397812339	2387.60009765625
2967.00183831598	2349.69995117188
2969.0291500624	2348
2971.05591360902	2332.39990234375
2973.08212920199	2339.30004882813
2975.1077970873	2291.5
2977.13291751074	2298.80004882813
2979.1574907179	2313.10009765625
2981.18151695419	2286.80004882813
2983.20499646482	2256.89990234375
2985.2279294948	2244
2987.25031628898	2236.80004882813
2989.27215709199	2231.89990234375
2991.29345214825	2195.10009765625
2993.31420170204	2224.30004882813
2995.33440599738	2203.89990234375
2997.35406527816	2201.10009765625
2999.37317978802	2191.19995117188
3001.39174977045	2177
3003.40977546872	2209.80004882813
3005.42725712591	2179.80004882813
3007.44419498491	2197.69995117188
3009.4605892884	2196.10009765625
3011.47644027889	2193
3013.49174819865	2196.60009765625
3015.5065132898	2210.19995117188
3017.52073579424	2177.80004882813
3019.53441595366	2174.60009765625
3021.54755400959	2146.60009765625
3023.56015020332	2123
3025.57220477598	2134.19995117188
3027.58371796846	2119.19995117188
3029.5946900215	2119.60009765625
3031.6051211756	2093.39990234375
3033.61501167107	2130.89990234375
3035.62436174803	2118.60009765625
3037.6331716464	2090.39990234375
3039.64144160588	2094.10009765625
3041.649171866	2096.69995117188
3043.65636266607	2099.89990234375
3045.6630142452	2087.10009765625
3047.66912684229	2098.69995117188
3049.67470069605	2079.10009765625
3051.679736045	2088.19995117188
3053.68423312742	2085.19995117188
3055.68819218143	2094.39990234375
3057.6916134449	2089.5
3059.69449715556	2098.60009765625
3061.69684355086	2092.69995117188
3063.6986528681	2103.5
3065.69992534437	2101.60009765625
3067.70066121653	2091.19995117188
3069.70086072126	2086.5
3071.700524095	2063.19995117188
3073.69965157405	2082.19995117188
3075.69824339442	2084.69995117188
3077.69629979197	2111.80004882813
3079.69382100235	2065.30004882813
3081.69080726098	2049.39990234375
3083.68725880307	2074.89990234375
3085.68317586366	2052.5
3087.67855867755	2054.69995117188
3089.67340747933	2061.89990234375
3091.6677225034	2054.39990234375
3093.66150398392	2074.60009765625
3095.6547521549	2043
3097.64746725006	2081.60009765625
3099.63964950297	2080
3101.63129914698	2063.89990234375
3103.6224164152	2075
3105.61300154056	2070.30004882813
3107.60305475576	2104.5
3109.59257629331	2080.30004882813
3111.58156638547	2089.89990234375
3113.57002526432	2098.5
3115.55795316172	2084.80004882813
3117.54535030932	2082.80004882813
3119.53221693853	2101.60009765625
3121.51855328057	2096.19995117188
3123.50435956646	2087.80004882813
3125.48963602698	2073.30004882813
3127.4743828927	2081.60009765625
3129.45860039397	2137
3131.44228876093	2125.60009765625
3133.42544822353	2089.30004882813
3135.40807901145	2090.69995117188
3137.39018135418	2131.19995117188
3139.37175548102	2148.69995117188
3141.35280162101	2147.5
3143.33332000299	2103.80004882813
3145.31331085559	2096.39990234375
3147.2927744072	2111.30004882813
3149.27171088602	2120.19995117188
3151.25012052	2124.30004882813
3153.22800353689	2125.5
3155.20536016422	2142.39990234375
3157.18219062929	2135.30004882813
3159.15849515918	2117
3161.13427398075	2134.10009765625
3163.10952732066	2145.19995117188
3165.08425540532	2119.89990234375
3167.05845846092	2129.19995117188
3169.03213671344	2142.30004882813
3171.00529038863	2132.10009765625
3172.97791971203	2146.19995117188
3174.95002490893	2144.89990234375
3176.92160620443	2123.39990234375
3178.89266382337	2154.89990234375
3180.8631979904	2162.10009765625
3182.83320892991	2153.10009765625
3184.80269686609	2158
3186.77166202289	2162.30004882813
3188.74010462406	2149.30004882813
3190.70802489307	2184.30004882813
3192.67542305323	2156.10009765625
3194.64229932757	2161.60009765625
3196.60865393892	2165.19995117188
3198.57448710987	2171.69995117188
3200.53979906279	2181.89990234375
3202.50459001981	2171.19995117188
3204.46886020284	2183.80004882813
3206.43260983356	2170
3208.39583913341	2175.30004882813
3210.35854832362	2178.10009765625
3212.32073762517	2168.10009765625
3214.28240725881	2175.5
3216.24355744508	2166.69995117188
3218.20418840426	2217.80004882813
3220.16430035642	2193.5
3222.12389352137	2194.60009765625
3224.08296811873	2214.30004882813
3226.04152436784	2197
3227.99956248784	2203.80004882813
3229.95708269762	2180.80004882813
3231.91408521584	2204.80004882813
3233.87057026092	2180.89990234375
3235.82653805105	2213
3237.78198880419	2203.69995117188
3239.73692273806	2195.19995117188
3241.69134007013	2191.80004882813
3243.64524101764	2200.89990234375
3245.59862579761	2189.5
3247.55149462681	2200.39990234375
3249.50384772176	2212.60009765625
3251.45568529877	2204.69995117188
3253.40700757387	2222.19995117188
3255.35781476288	2215.30004882813
3257.3081070814	2245
3259.25788474473	2211.60009765625
3261.20714796799	2248.10009765625
3263.15589696602	2225.89990234375
3265.10413195345	2220.69995117188
3267.05185314463	2217.69995117188
3268.9990607537	2225.19995117188
3270.94575499455	2214.69995117188
3272.89193608081	2240
3274.8376042259	2242.5
3276.78275964296	2233.89990234375
3278.72740254492	2215.89990234375
3280.67153314443	2249
3282.61515165393	2225.30004882813
3284.55825828559	2233.80004882813
3286.50085325135	2227.39990234375
3288.44293676289	2217.30004882813
3290.38450903165	2237.69995117188
3292.32557026883	2251.89990234375
3294.26612068537	2216.5
3296.20616049198	2225.39990234375
3298.14568989911	2195.69995117188
3300.08470911695	2252.69995117188
3302.02321835546	2228.10009765625
3303.96121782435	2247.60009765625
3305.89870773306	2232.89990234375
3307.83568829081	2205.80004882813
3309.77215970655	2222.60009765625
3311.70812218898	2249.5
3313.64357594655	2217.19995117188
3315.57852118747	2219.19995117188
3317.51295811968	2215
3319.44688695087	2236.5
3321.38030788849	2217.39990234375
3323.31322113973	2220.89990234375
3325.24562691152	2218
3327.17752541055	2229.19995117188
3329.10891684322	2213.89990234375
3331.03980141573	2225.30004882813
3332.97017933399	2208.89990234375
3334.90005080364	2231.69995117188
3336.82941603011	2215.5
3338.75827521852	2219.10009765625
3340.68662857377	2195.69995117188
3342.6144763005	2211.5
3344.54181860308	2227.39990234375
3346.46865568561	2227.39990234375
3348.39498775195	2225.19995117188
3350.32081500571	2213.10009765625
3352.24613765022	2228.89990234375
3354.17095588855	2245.5
3356.09526992352	2244.30004882813
3358.01907995769	2232
3359.94238619334	2235.80004882813
3361.86518883251	2234.5
3363.78748807697	2225.39990234375
3365.70928412823	2202.89990234375
3367.63057718752	2237.89990234375
3369.55136745582	2243.60009765625
3371.47165513386	2229.30004882813
3373.39144042208	2213.19995117188
3375.31072352066	2212.60009765625
3377.22950462953	2226.60009765625
3379.14778394834	2228.10009765625
3381.06556167648	2222.10009765625
3382.98283801308	2238.19995117188
3384.89961315697	2244.5
3386.81588730676	2251.80004882813
3388.73166066076	2251.5
3390.64693341702	2236.10009765625
3392.56170577332	2222.30004882813
3394.47597792716	2245.69995117188
3396.38975007581	2219.60009765625
3398.30302241623	2230.89990234375
3400.21579514512	2218.80004882813
3402.1280684589	2227.89990234375
3404.03984255374	2217.80004882813
3405.95111762553	2234.89990234375
3407.86189386987	2229.19995117188
3409.77217148212	2227.80004882813
3411.68195065733	2233.30004882813
3413.5912315903	2233.69995117188
3415.50001447556	2221.19995117188
3417.40829950735	2203.30004882813
3419.31608687963	2214.80004882813
3421.22337678611	2233.89990234375
3423.1301694202	2183.80004882813
3425.03646497504	2217.80004882813
3426.9422636435	2245.10009765625
3428.84756561816	2202.10009765625
3430.75237109135	2208.30004882813
3432.65668025508	2195.10009765625
3434.56049330112	2195.30004882813
3436.46381042093	2223.69995117188
3438.36663180571	2202.5
3440.26895764638	2193.19995117188
3442.17078813357	2200.10009765625
3444.07212345762	2196.69995117188
3445.97296380863	2195.60009765625
3447.87330937636	2205.19995117188
3449.77316035033	2200
3451.67251691977	2187.60009765625
3453.57137927361	2180.89990234375
3455.46974760052	2183.5
3457.36762208886	2184.80004882813
3459.26500292671	2185.89990234375
3461.16189030191	2178.80004882813
3463.05828440194	2199.60009765625
3464.95418541406	2177.30004882813
3466.84959352519	2179.19995117188
3468.74450892201	2180.10009765625
3470.63893179088	2158.60009765625
3472.53286231788	2155.80004882813
3474.42630068881	2152.30004882813
3476.31924708918	2168.30004882813
3478.2117017042	2176.39990234375
3480.1036647188	2179.89990234375
3481.99513631761	2150.5
3483.88611668498	2166.39990234375
3485.77660600498	2180.89990234375
3487.66660446135	2133.60009765625
3489.55611223758	2166.89990234375
3491.44512951683	2160.19995117188
3493.333656482	2148
3495.22169331568	2159.80004882813
3497.10924020016	2126.80004882813
3498.99629731746	2135.5
3500.88286484927	2124.19995117188
3502.76894297702	2100.30004882813
3504.65453188182	2107.80004882813
3506.53963174449	2124.30004882813
3508.42424274555	2126.10009765625
3510.30836506524	2113.19995117188
3512.19199888349	2116.19995117188
3514.07514437992	2105.69995117188
3515.95780173387	2079.69995117188
3517.83997112437	2073.60009765625
3519.72165273016	2086
3521.60284672967	2085
3523.48355330104	2086.5
3525.36377262208	2085.39990234375
3527.24350487035	2070.10009765625
3529.12275022306	2057.5
3531.00150885715	2066.60009765625
3532.87978094923	2073.80004882813
3534.75756667562	2051.89990234375
3536.63486621235	2087.69995117188
3538.51167973512	2044.90002441406
3540.38800741934	2047.80004882813
3542.26384944011	2020.59997558594
3544.13920597223	2029.09997558594
3546.01407719018	2029.40002441406
3547.88846326815	2057.30004882813
3549.76236438002	2037.19995117188
3551.63578069934	2037.59997558594
3553.50871239938	2039.69995117188
3555.38115965309	2020.30004882813
3557.25312263311	1989.19995117188
3559.12460151177	2016.09997558594
3560.99559646109	2010
3562.86610765279	2009.69995117188
3564.73613525825	2004.90002441406
3566.60567944857	1991.30004882813
3568.47474039453	1986.5
3570.34331826658	2006.80004882813
3572.21141323487	2003.5
3574.07902546925	1985.19995117188
3575.94615513922	1997.40002441406
3577.81280241401	2009.5
3579.67896746249	2012.59997558594
3581.54465045325	1977.40002441406
3583.40985155455	1993.40002441406
3585.27457093432	1983.59997558594
3587.1388087602	1974.69995117188
3589.00256519949	1963
3590.86584041919	2000.69995117188
3592.72863458597	1982.40002441406
3594.59094786618	1986.5
3596.45278042585	1975.5
3598.31413243069	1953.09997558594
3600.17500404611	1973.80004882813
3602.03539543717	1955
3603.89530676861	1947.80004882813
3605.75473820488	1967.09997558594
3607.61368991007	1950.59997558594
3609.47216204797	1948.30004882813
3611.33015478203	1953.19995117188
3613.18766827539	1963.09997558594
3615.04470269087	1958.5
3616.90125819094	1936.5
3618.75733493776	1951.09997558594
3620.61293309318	1959.5
3622.46805281869	1954.80004882813
3624.32269427547	1943.19995117188
3626.17685762439	1944.69995117188
3628.03054302596	1942.5
3629.88375064038	1951.5
3631.73648062751	1935.5
3633.5887331469	1901.69995117188
3635.44050835775	1913
3637.29180641893	1921.09997558594
3639.14262748899	1911.69995117188
3640.99297172614	1905.69995117188
3642.84283928828	1928.69995117188
3644.69223033294	1900.69995117188
3646.54114501734	1902.30004882813
3648.38958349836	1912.80004882813
3650.23754593256	1882.59997558594
3652.08503247614	1892.80004882813
3653.93204328497	1890
3655.77857851462	1885.59997558594
3657.62463832028	1895.80004882813
3659.47022285682	1901.69995117188
3661.31533227877	1871.40002441406
3663.15996674033	1891.5
3665.00412639535	1879.90002441406
3666.84781139736	1886
3668.69102189953	1893.5
3670.5337580547	1877.80004882813
3672.37602001537	1863.59997558594
3674.21780793368	1866.09997558594
3676.05912196148	1868.59997558594
3677.89996225021	1857.59997558594
3679.74032895103	1845.80004882813
3681.58022221471	1847.69995117188
3683.41964219171	1871.30004882813
3685.25858903211	1845.80004882813
3687.0970628857	1840.90002441406
3688.93506390186	1842.19995117188
3690.77259222968	1855.59997558594
3692.60964801787	1828.30004882813
3694.44623141481	1847.5
3696.28234256853	1860.19995117188
3698.11798162669	1827.30004882813
3699.95314873665	1821.09997558594
3701.78784404537	1826.5
3703.62206769951	1823.90002441406
3705.45581984533	1813.5
3707.28910062877	1813
3709.12191019542	1841.5
3710.95424869052	1831.30004882813
3712.78611625894	1812.90002441406
3714.6175130452	1821.69995117188
3716.44843919349	1842
3718.27889484764	1829.40002441406
3720.1088801511	1821.90002441406
3721.93839524699	1810.09997558594
3723.76744027808	1835.69995117188
3725.59601538677	1823.09997558594
3727.4241207151	1807.30004882813
