40.2973356941271	1136
43.2236257608418	1139.59997558594
46.1488808466109	1140.30004882813
49.0731017336173	1146.09997558594
51.9962892025666	1149.59997558594
54.9184440327569	1151
57.8395670020446	1161.80004882813
60.7596588868509	1170.5
63.6787204621708	1175.69995117188
66.5967525015794	1182.90002441406
69.5137557772381	1194.90002441406
72.4297310598838	1212.80004882813
75.3446791188512	1226.59997558594
78.2586007220466	1254.5
81.1714966360015	1280.69995117188
84.0833676258266	1318.69995117188
86.994214455242	1352.40002441406
89.9040378865662	1377.80004882813
92.8128386807427	1429.90002441406
95.7206175973133	1446.80004882813
98.6273753944444	1458.40002441406
101.533112828928	1475.09997558594
104.437830656161	1485.59997558594
107.34152963018	1471.90002441406
110.244210503676	1470.90002441406
113.145874027931	1462.40002441406
116.046520952895	1462.5
118.946152027154	1440.69995117188
121.844767997933	1442
124.74236961111	1431.90002441406
127.638957611212	1445.69995117188
130.534532741422	1432.09997558594
133.429095743606	1429.09997558594
136.322647358252	1413.30004882813
139.215188324544	1418.69995117188
142.106719380311	1425.69995117188
144.997241262089	1420.40002441406
147.886754705057	1432.59997558594
150.775260443096	1425
153.662759208748	1406.19995117188
156.549251733282	1400.40002441406
159.434738746612	1411.90002441406
162.319220977376	1404.40002441406
165.20269915289	1392.09997558594
168.085173999178	1393.69995117188
170.966646240977	1396.40002441406
173.847116601709	1387.19995117188
176.726585803528	1359
179.605054567295	1366.59997558594
182.48252361259	1376.59997558594
185.358993657701	1354.5
188.234465419645	1362.69995117188
191.108939614183	1368.19995117188
193.982416955795	1356.59997558594
196.854898157687	1361.5
199.726383931801	1356.5
202.596874988835	1360.90002441406
205.466372038225	1344.69995117188
208.334875788145	1350.09997558594
211.202386945534	1344.59997558594
214.068906216069	1333.19995117188
216.934434304194	1336.69995117188
219.798971913111	1344.80004882813
222.662519744776	1340.90002441406
225.525078499925	1342.40002441406
228.386648878069	1335.69995117188
231.247231577465	1325.69995117188
234.106827295172	1327.09997558594
236.965436727012	1319.40002441406
239.823060567597	1324.40002441406
242.679699510337	1308.09997558594
245.535354247396	1315.90002441406
248.390025469775	1324.30004882813
251.243713867223	1307.59997558594
254.096420128327	1311.69995117188
256.948144940459	1303.09997558594
259.798888989788	1301.09997558594
262.648652961315	1306.90002441406
265.49743753883	1302.09997558594
268.345243404939	1302.90002441406
271.192071241073	1302.09997558594
274.037921727485	1294.09997558594
276.882795543246	1282.40002441406
279.72669336624	1288.30004882813
282.569615873213	1288.30004882813
285.411563739724	1284.90002441406
288.252537640165	1298.90002441406
291.092538247763	1291.30004882813
293.931566234616	1291.59997558594
296.769622271633	1286
299.606707028594	1279.30004882813
302.442821174104	1294.5
305.277965375652	1283.09997558594
308.112140299574	1288
310.945346611062	1281.80004882813
313.777584974167	1286.59997558594
316.608856051813	1284.69995117188
319.439160505797	1283.80004882813
322.268498996783	1288.09997558594
325.096872184303	1281.80004882813
327.924280726782	1293.80004882813
330.750725281521	1279.59997558594
333.576206504693	1286.09997558594
336.400725051388	1284.19995117188
339.224281575542	1279.80004882813
342.046876730026	1280.90002441406
344.868511166586	1280.09997558594
347.689185535872	1276
350.508900487421	1272.69995117188
353.327656669699	1272.90002441406
356.145454730079	1273.59997558594
358.962295314817	1281.80004882813
361.778179069105	1277.30004882813
364.593106637051	1277
367.407078661675	1282
370.220095784913	1274.40002441406
373.032158647655	1285.19995117188
375.843267889676	1278.69995117188
378.653424149715	1283.09997558594
381.462628065436	1280.30004882813
384.270880273432	1274.19995117188
387.078181409254	1278.59997558594
389.884532107358	1270
392.689933001188	1289.5
395.494384723112	1289.19995117188
398.29788790445	1283.69995117188
401.100443175488	1287
403.902051165437	1283.80004882813
406.702712502518	1279.40002441406
409.502427813866	1288.80004882813
412.301197725607	1294
415.099022862823	1284.30004882813
417.89590384957	1280.09997558594
420.691841308876	1286.5
423.486835862752	1287.19995117188
426.280888132173	1280.69995117188
429.073998737112	1285
431.866168296507	1280.5
434.657397428298	1286.5
437.447686749412	1280.5
440.237036875762	1286.59997558594
443.025448422257	1291.69995117188
445.812922002813	1276.69995117188
448.599458230326	1285.5
451.38505771672	1293.30004882813
454.169721072909	1286.90002441406
456.953448908819	1274.5
459.736241833384	1284.80004882813
462.518100454555	1288.40002441406
465.2990253793	1277.5
468.079017213605	1280.80004882813
470.858076562476	1280.19995117188
473.636204029939	1297.59997558594
476.41340021906	1284.59997558594
479.189665731938	1289
481.965001169667	1283.40002441406
484.739407132419	1293.09997558594
487.512884219391	1286.09997558594
490.285433028796	1280.69995117188
493.057054157921	1283.30004882813
495.827748203087	1284.69995117188
498.597515759658	1284.80004882813
501.366357422061	1281.40002441406
504.134273783759	1283.5
506.901265437278	1286.90002441406
509.66733297421	1297.59997558594
512.432476985198	1289.69995117188
515.196698059945	1293.40002441406
517.959996787225	1296
520.722373754895	1295.40002441406
523.483829549856	1289.5
526.24436475811	1293.19995117188
529.003979964696	1298.5
531.762675753779	1298.5
534.520452708569	1295.80004882813
537.277311411375	1296.80004882813
540.03325244359	1289.40002441406
542.788276385682	1288.30004882813
545.54238381725	1302.5
548.295575316938	1288.30004882813
551.047851462516	1292.40002441406
553.799212830831	1282.5
556.549659997851	1283.80004882813
559.299193538643	1288.5
562.047814027381	1292.59997558594
564.795522037318	1290.19995117188
567.542318140861	1289.40002441406
570.288202909507	1288.80004882813
573.033176913873	1291.59997558594
575.7772407237	1288.40002441406
578.520394907829	1284.19995117188
581.26264003424	1282.90002441406
584.003976670046	1286.40002441406
586.744405381469	1285.19995117188
589.483926733869	1280.69995117188
592.222541291746	1284.09997558594
594.96024961872	1287.59997558594
597.697052277563	1297.40002441406
600.432949830166	1284.59997558594
603.167942837587	1290.59997558594
605.902031860012	1285.09997558594
608.635217456783	1288.09997558594
611.367500186378	1285.90002441406
614.098880606429	1292
616.82935927374	1291
619.558936744248	1288.90002441406
622.287613573072	1291.5
625.015390314457	1299.30004882813
627.742267521848	1295.40002441406
630.468245747829	1283.09997558594
633.193325544166	1293.69995117188
635.917507461792	1294
638.640792050804	1294.30004882813
641.36317986048	1298.09997558594
644.084671439281	1299.40002441406
646.805267334845	1286
649.524968093967	1292.69995117188
652.24377426266	1288.59997558594
654.961686386106	1298.09997558594
657.678705008678	1290.69995117188
660.394830673939	1290.19995117188
663.110063924628	1300.59997558594
665.824405302728	1289
668.537855349351	1291.59997558594
671.250414604863	1291.19995117188
673.962083608812	1291.69995117188
676.672862899949	1292.90002441406
679.382753016218	1294.09997558594
682.091754494801	1292.90002441406
684.799867872061	1286
687.507093683595	1293.69995117188
690.213432464198	1291.90002441406
692.918884747899	1303
695.623451067937	1298.90002441406
698.327131956755	1301.09997558594
701.029927946065	1295.90002441406
703.731839566754	1294.19995117188
706.43286734896	1293.5
709.133011822067	1298.19995117188
711.832273514658	1299.40002441406
714.53065295457	1305
717.228150668879	1303.5
719.924767183889	1304.59997558594
722.620503025148	1309.80004882813
725.315358717446	1306.80004882813
728.009334784827	1312.40002441406
730.702431750559	1309.90002441406
733.394650137188	1309.09997558594
736.085990466498	1306.69995117188
738.776453259519	1303.59997558594
741.466039036542	1291.90002441406
744.154748317125	1299.30004882813
746.842581620074	1300.30004882813
749.529539463458	1306.09997558594
752.215622364608	1318.19995117188
754.900830840131	1301.40002441406
757.585165405892	1322.40002441406
760.26862657703	1317.59997558594
762.951214867957	1325.59997558594
765.632930792356	1304.19995117188
768.313774863181	1316.09997558594
770.993747592673	1301.30004882813
773.672849492359	1300.90002441406
776.351081073017	1304
779.028442844757	1301.30004882813
781.704935316928	1308.09997558594
784.380558998208	1310.59997558594
787.055314396528	1301.30004882813
789.729202019141	1288.80004882813
792.402222372581	1304.09997558594
795.074375962669	1298.69995117188
797.745663294537	1297.19995117188
800.416084872622	1298.09997558594
803.085641200652	1306.19995117188
805.754332781664	1308.59997558594
808.422160117986	1303.30004882813
811.089123711292	1316.5
813.75522406252	1299
816.420461671951	1310.69995117188
819.084837039164	1306.80004882813
821.748350663067	1313.5
824.411003041866	1311.09997558594
827.072794673116	1322.30004882813
829.733726053668	1323.69995117188
832.39379767971	1315.19995117188
835.05301004674	1319.5
837.711363649601	1319.5
840.368858982457	1312.09997558594
843.025496538805	1318.69995117188
845.681276811467	1320.69995117188
848.336200292618	1332
850.99026747375	1324.09997558594
853.643478845713	1333.40002441406
856.29583489868	1345.5
858.947336122176	1338.09997558594
861.59798300506	1330.90002441406
864.247776035556	1336.69995117188
866.896715701222	1331.19995117188
869.544802488959	1337.5
872.192036885046	1332.40002441406
874.838419375087	1333.30004882813
877.483950444054	1328
880.128630576285	1332.80004882813
882.772460255461	1325.09997558594
885.415439964628	1329
888.057570186211	1321.19995117188
890.698851401966	1338.59997558594
893.339284093045	1327
895.978868739961	1326.5
898.617605822596	1327.09997558594
901.255495820196	1328.30004882813
903.892539211396	1333.59997558594
906.528736474184	1329
909.164088085949	1328.69995117188
911.798594523442	1321
914.432256262804	1323.30004882813
917.065073779549	1337.59997558594
919.697047548589	1328.69995117188
922.328178044212	1327.69995117188
924.9584657401	1329.30004882813
927.587911109317	1335.30004882813
930.216514624317	1338
932.844276756963	1348.90002441406
935.471197978488	1351.30004882813
938.097278759538	1337.5
940.722519570163	1338.90002441406
943.346920879798	1348.19995117188
945.97048315729	1347.80004882813
948.593206870885	1352.30004882813
951.215092488219	1341.5
953.836140476366	1336.90002441406
956.456351301787	1344.5
959.07572543037	1338
961.694263327369	1341.80004882813
964.311965457521	1350.80004882813
966.928832284933	1335.5
969.544864273135	1331.69995117188
972.160061885076	1334
974.774425583129	1333.40002441406
977.387955829099	1349.59997558594
980.000653084196	1330.30004882813
982.612517809061	1343.19995117188
985.223550463768	1342.5
987.833751507819	1340.30004882813
990.443121400135	1330.19995117188
993.051660599081	1335.09997558594
995.659369562449	1339.30004882813
998.266248747469	1341.30004882813
1000.87229861081	1338.30004882813
1003.47751960857	1361.19995117188
1006.0819121963	1347.90002441406
1008.68547682897	1331.90002441406
1011.28821396104	1331.30004882813
1013.89012404635	1334.69995117188
1016.49120753824	1326.80004882813
1019.09146488947	1336.09997558594
1021.69089655226	1336.80004882813
1024.28950297827	1337.30004882813
1026.88728461863	1324.69995117188
1029.48424192392	1333
1032.08037534416	1346
1034.67568532886	1340
1037.27017232694	1340.90002441406
1039.86383678682	1334.90002441406
1042.45667915637	1344.40002441406
1045.04869988293	1330.40002441406
1047.6398994133	1341.09997558594
1050.23027819374	1346.09997558594
1052.81983666998	1343.30004882813
1055.40857528724	1338.59997558594
1057.99649449018	1349.09997558594
1060.58359472296	1345.30004882813
1063.1698764292	1355.40002441406
1065.755340052	1349.5
1068.33998603393	1349.5
1070.92381481706	1352.09997558594
1073.50682684291	1365.5
1076.08902255251	1356
1078.67040238637	1344
1081.25096678445	1354.09997558594
1083.83071618624	1354.5
1086.4096510307	1354.69995117188
1088.98777175629	1346.30004882813
1091.56507880094	1353
1094.14157260208	1338.80004882813
1096.71725359664	1348
1099.29212222106	1340.19995117188
1101.86617891125	1335.09997558594
1104.43942410262	1329.69995117188
1107.01185823011	1332.59997558594
1109.58348172812	1347.80004882813
1112.15429503057	1328.90002441406
1114.7242985709	1337.40002441406
1117.29349278203	1337.69995117188
1119.86187809642	1334.80004882813
1122.42945494599	1352.09997558594
1124.99622376222	1333
1127.56218497606	1338.5
1130.12733901801	1335.80004882813
1132.69168631804	1336.40002441406
1135.25522730568	1327.69995117188
1137.81796240995	1325.09997558594
1140.37989205941	1323.80004882813
1142.9410166821	1324.80004882813
1145.50133670561	1324.09997558594
1148.06085255708	1319
1150.61956466311	1323.59997558594
1153.17747344987	1321.80004882813
1155.73457934305	1328
1158.29088276786	1326.19995117188
1160.84638414903	1320.80004882813
1163.40108391085	1333.59997558594
1165.95498247711	1322.5
1168.50808027116	1329.90002441406
1171.06037771587	1331.40002441406
1173.61187523364	1333.90002441406
1176.16257324643	1338.90002441406
1178.71247217573	1324.59997558594
1181.26157244255	1327.5
1183.80987446746	1321.09997558594
1186.35737867059	1325.90002441406
1188.90408547157	1318.19995117188
1191.44999528961	1319.59997558594
1193.99510854347	1335.30004882813
1196.53942565142	1330.09997558594
1199.08294703133	1322.80004882813
1201.62567310057	1323.30004882813
1204.16760427611	1332.19995117188
1206.70874097445	1339.19995117188
1209.24908361163	1333.40002441406
1211.78863260327	1340.19995117188
1214.32738836454	1327.90002441406
1216.86535131017	1330.19995117188
1219.40252185445	1348.09997558594
1221.93890041121	1330.30004882813
1224.47448739389	1339.09997558594
1227.00928321544	1338.80004882813
1229.54328828842	1344.19995117188
1232.07650302491	1335.59997558594
1234.60892783662	1348.69995117188
1237.14056313477	1357
1239.67140933017	1352
1242.2014668332	1362.69995117188
1244.73073605384	1361.90002441406
1247.25921740159	1360.30004882813
1249.78691128558	1371.90002441406
1252.31381811448	1374.80004882813
1254.83993829655	1382.80004882813
1257.36527223962	1383
1259.88982035112	1388.09997558594
1262.41358303803	1393
1264.93656070696	1391.30004882813
1267.45875376405	1402.80004882813
1269.98016261505	1401.30004882813
1272.50078766531	1384.59997558594
1275.02062931974	1385.09997558594
1277.53968798285	1374.90002441406
1280.05796405875	1386
1282.57545795112	1380.5
1285.09217006325	1381
1287.60810079802	1381.09997558594
1290.12325055788	1396.59997558594
1292.63761974492	1382.59997558594
1295.15120876079	1386.19995117188
1297.66401800676	1403.09997558594
1300.17604788367	1409.40002441406
1302.687298792	1409
1305.19777113181	1404.69995117188
1307.70746530274	1402
1310.21638170408	1398.69995117188
1312.7245207347	1394.40002441406
1315.23188279307	1379.40002441406
1317.73846827728	1385.80004882813
1320.24427758502	1388.90002441406
1322.74931111359	1383.59997558594
1325.25356925991	1377.19995117188
1327.75705242051	1371.80004882813
1330.25976099151	1369.40002441406
1332.76169536868	1375.90002441406
1335.26285594737	1351.19995117188
1337.76324312256	1370.69995117188
1340.26285728887	1366.90002441406
1342.76169884052	1366.30004882813
1345.25976817132	1360.59997558594
1347.75706567474	1361.59997558594
1350.25359174387	1358.09997558594
1352.74934677141	1353.30004882813
1355.24433114968	1352.19995117188
1357.73854527062	1349.30004882813
1360.23198952583	1342.5
1362.7246643065	1353.40002441406
1365.21657000347	1332.19995117188
1367.7077070072	1346.69995117188
1370.19807570777	1341.59997558594
1372.68767649492	1336.90002441406
1375.176509758	1341.19995117188
1377.66457588599	1339.59997558594
1380.15187526753	1340.80004882813
1382.63840829087	1345.30004882813
1385.1241753439	1340.69995117188
1387.60917681417	1335.19995117188
1390.09341308884	1345.40002441406
1392.57688455474	1332.09997558594
1395.05959159829	1350.09997558594
1397.54153460562	1353.90002441406
1400.02271396243	1359.90002441406
1402.50313005414	1357.30004882813
1404.98278326576	1356.69995117188
1407.46167398196	1351.59997558594
1409.93980258707	1361
1412.41716946504	1353
1414.89377499951	1365.30004882813
1417.36961957373	1364.80004882813
1419.84470357062	1367.09997558594
1422.31902737275	1361.80004882813
1424.79259136235	1374.19995117188
1427.26539592129	1391.09997558594
1429.73744143111	1385.40002441406
1432.20872827299	1404.90002441406
1434.67925682777	1427.30004882813
1437.14902747597	1445
1439.61804059773	1440.19995117188
1442.0862965729	1464.19995117188
1444.55379578093	1450.80004882813
1447.02053860099	1460.59997558594
1449.48652541188	1436.59997558594
1451.95175659206	1440.30004882813
1454.41623251969	1437
1456.87995357255	1441
1459.34292012811	1426.59997558594
1461.80513256351	1421
1464.26659125557	1401.40002441406
1466.72729658073	1387
1469.18724891517	1376.69995117188
1471.64644863469	1384.90002441406
1474.10489611478	1371.30004882813
1476.5625917306	1358.09997558594
1479.01953585699	1349.80004882813
1481.47572886844	1343.90002441406
1483.93117113917	1345.09997558594
1486.38586304302	1332.30004882813
1488.83980495354	1331.80004882813
1491.29299724395	1347
1493.74544028715	1329.19995117188
1496.19713445573	1341.09997558594
1498.64808012193	1332.5
1501.09827765772	1338.80004882813
1503.54772743471	1340.5
1505.99642982421	1330
1508.44438519723	1336.69995117188
1510.89159392446	1335.30004882813
1513.33805637625	1328.90002441406
1515.78377292266	1330.40002441406
1518.22874393346	1336.30004882813
1520.67296977806	1334
1523.11645082559	1327.40002441406
1525.55918744488	1333.30004882813
1528.00118000444	1342.09997558594
1530.44242887245	1332.80004882813
1532.88293441684	1331.5
1535.32269700517	1330.19995117188
1537.76171700475	1320.19995117188
1540.19999478255	1324.19995117188
1542.63753070526	1335.19995117188
1545.07432513925	1330.19995117188
1547.5103784506	1334
1549.94569100509	1341.30004882813
1552.38026316819	1339.19995117188
1554.8140953051	1340.69995117188
1557.24718778067	1341.90002441406
1559.67954095952	1339
1562.11115520592	1334.40002441406
1564.54203088386	1336.59997558594
1566.97216835704	1329.90002441406
1569.40156798888	1342.19995117188
1571.83023014248	1349
1574.25815518067	1341.09997558594
1576.68534346597	1340.30004882813
1579.11179536062	1340.30004882813
1581.53751122658	1336.90002441406
1583.9624914255	1334.09997558594
1586.38673631876	1338.5
1588.81024626745	1350
1591.23302163235	1330.90002441406
1593.655062774	1341
1596.07637005262	1353.30004882813
1598.49694382815	1357.59997558594
1600.91678446025	1354.09997558594
1603.33589230831	1351.90002441406
1605.75426773142	1350.19995117188
1608.1719110884	1345.59997558594
1610.58882273779	1359.80004882813
1613.00500303784	1355.5
1615.42045234654	1341.69995117188
1617.83517102158	1353.59997558594
1620.24915942039	1353.59997558594
1622.66241790012	1362.59997558594
1625.07494681764	1363.80004882813
1627.48674652954	1369.19995117188
1629.89781739216	1368.30004882813
1632.30815976152	1366.90002441406
1634.71777399343	1374.80004882813
1637.12666044338	1378.90002441406
1639.53481946661	1392.69995117188
1641.94225141808	1395.69995117188
1644.34895665248	1414.30004882813
1646.75493552424	1425.19995117188
1649.16018838752	1446.09997558594
1651.56471559621	1470.59997558594
1653.96851750392	1476.19995117188
1656.37159446403	1484.5
1658.7739468296	1465.80004882813
1661.17557495349	1460.19995117188
1663.57647918824	1444.19995117188
1665.97665988617	1421.19995117188
1668.37611739929	1388.5
1670.77485207939	1404.30004882813
1673.17286427799	1389.80004882813
1675.57015434633	1376.09997558594
1677.96672263542	1367.30004882813
1680.36256949598	1355
1682.7576952785	1346.59997558594
1685.15210033318	1358.19995117188
1687.54578501	1356.19995117188
1689.93874965866	1344.69995117188
1692.33099462861	1337
1694.72252026904	1345.40002441406
1697.11332692889	1341.30004882813
1699.50341495686	1331.69995117188
1701.89278470137	1343.19995117188
1704.28143651061	1329.90002441406
1706.66937073251	1324.5
1709.05658771473	1321.59997558594
1711.44308780473	1331.09997558594
1713.82887134968	1330.69995117188
1716.21393869648	1321.30004882813
1718.59829019185	1316.80004882813
1720.98192618221	1332.40002441406
1723.36484701374	1328.40002441406
1725.74705303238	1318.80004882813
1728.12854458384	1331.80004882813
1730.50932201356	1308.09997558594
1732.88938566673	1322.59997558594
1735.26873588834	1322.69995117188
1737.64737302307	1335.09997558594
1740.02529741544	1330.19995117188
1742.40250940964	1329
1744.77900934969	1335.69995117188
1747.15479757933	1332.90002441406
1749.52987444206	1337.69995117188
1751.90424028116	1327.90002441406
1754.27789543967	1338.09997558594
1756.65084026037	1329.09997558594
1759.02307508582	1322.69995117188
1761.39460025833	1332.5
1763.76541612	1321.59997558594
1766.13552301265	1316.40002441406
1768.50492127791	1313.30004882813
1770.87361125714	1308.80004882813
1773.2415932915	1312.30004882813
1775.60886772188	1320.80004882813
1777.97543488896	1309.5
1780.34129513318	1306.5
1782.70644879475	1311.5
1785.07089621365	1317.5
1787.43463772964	1319.69995117188
1789.7976736822	1324.40002441406
1792.16000441066	1317.90002441406
1794.52163025405	1319.19995117188
1796.88255155121	1302.80004882813
1799.24276864074	1319.40002441406
1801.60228186102	1316.19995117188
1803.96109155019	1315.09997558594
1806.31919804618	1316.09997558594
1808.67660168668	1314.09997558594
1811.03330280916	1316.90002441406
1813.38930175088	1327.19995117188
1815.74459884884	1324
1818.09919443984	1317.69995117188
1820.45308886047	1318.90002441406
1822.80628244708	1317.69995117188
1825.1587755358	1315.09997558594
1827.51056846254	1316.30004882813
1829.86166156297	1323.59997558594
1832.21205517258	1317.59997558594
1834.56174962661	1318.5
1836.91074526009	1316.69995117188
1839.25904240783	1319
1841.60664140443	1309.90002441406
1843.95354258425	1323
1846.29974628146	1310
1848.64525282998	1314
1850.99006256356	1309.90002441406
1853.3341758157	1322.19995117188
1855.67759291968	1317.69995117188
1858.02031420858	1321.69995117188
1860.36234001528	1316.80004882813
1862.70367067241	1313.69995117188
1865.04430651244	1302.59997558594
1867.38424786755	1318.09997558594
1869.72349506978	1317.5
1872.06204845094	1319.30004882813
1874.39990834258	1321
1876.73707507612	1318.69995117188
1879.07354898269	1313.40002441406
1881.40933039328	1320.30004882813
1883.74441963861	1320.80004882813
1886.07881704925	1325.5
1888.41252295551	1316.30004882813
1890.74553768751	1317.19995117188
1893.07786157519	1323.09997558594
1895.40949494822	1314.30004882813
1897.74043813615	1314.19995117188
1900.07069146823	1317.59997558594
1902.40025527357	1321.40002441406
1904.72912988106	1319.5
1907.05731561938	1314.69995117188
1909.38481281699	1301.09997558594
1911.71162180217	1319.80004882813
1914.037742903	1311.09997558594
1916.36317644734	1312.5
1918.68792276284	1317.80004882813
1921.01198217697	1325.69995117188
1923.33535501699	1312.30004882813
1925.65804160996	1311.80004882813
1927.98004228273	1315.90002441406
1930.30135736196	1302.59997558594
1932.6219871741	1321.19995117188
1934.94193204543	1323.30004882813
1937.26119230198	1320.69995117188
1939.57976826962	1320.30004882813
1941.89766027402	1320.59997558594
1944.21486864062	1327.80004882813
1946.53139369472	1316.30004882813
1948.84723576137	1315
1951.16239516543	1317.5
1953.47687223159	1314.40002441406
1955.79066728434	1318.19995117188
1958.10378064794	1312.19995117188
1960.4162126465	1319.59997558594
1962.7279636039	1325.30004882813
1965.03903384385	1312.30004882813
1967.34942368987	1308.69995117188
1969.65913346524	1320.69995117188
1971.96816349311	1319.40002441406
1974.2765140964	1330.59997558594
1976.58418559784	1323.19995117188
1978.89117831997	1326.80004882813
1981.19749258516	1312.40002441406
1983.50312871555	1320.19995117188
1985.80808703313	1316.40002441406
1988.11236785967	1314.80004882813
1990.41597151676	1323.30004882813
1992.71889832581	1326.19995117188
1995.02114860801	1328.80004882813
1997.3227226844	1319
1999.62362087581	1324
2001.92384350288	1331
2004.22339088608	1312
2006.52226334567	1323.90002441406
2008.82046120173	1316.40002441406
2011.11798477417	1318.5
2013.41483438269	1328
2015.71101034681	1317
2018.00651298588	1317.19995117188
2020.30134261905	1324.19995117188
2022.59549956528	1325.69995117188
2024.88898414337	1323.09997558594
2027.1817966719	1322.5
2029.4739374693	1324
2031.76540685379	1330
2034.05620514342	1315.90002441406
2036.34633265607	1330.30004882813
2038.6357897094	1321.19995117188
2040.92457662092	1309.69995117188
2043.21269370795	1313.69995117188
2045.50014128763	1317.30004882813
2047.78691967691	1320.80004882813
2050.07302919256	1330.5
2052.35847015118	1323.09997558594
2054.64324286919	1330.5
2056.9273476628	1326.69995117188
2059.21078484808	1320.09997558594
2061.4935547409	1321.19995117188
2063.77565765696	1318.19995117188
2066.05709391176	1319.90002441406
2068.33786382065	1317
2070.61796769879	1331.90002441406
2072.89740586116	1318
2075.17617862255	1312
2077.45428629759	1319.80004882813
2079.73172920075	1325
2082.00850764627	1316.59997558594
2084.28462194827	1319.30004882813
2086.56007242065	1320.59997558594
2088.83485937717	1326.90002441406
2091.10898313139	1324.80004882813
2093.3824439967	1314.40002441406
2095.65524228632	1335.5
2097.92737831328	1318.59997558594
2100.19885239047	1325.69995117188
2102.46966483057	1318.40002441406
2104.7398159461	1317.40002441406
2107.00930604941	1322.90002441406
2109.27813545267	1320.69995117188
2111.54630446787	1318.5
2113.81381340685	1333.90002441406
2116.08066258126	1320.30004882813
2118.34685230257	1337.09997558594
2120.61238288211	1330.19995117188
2122.87725463099	1324.5
2125.1414678602	1329.69995117188
2127.40502288052	1316.80004882813
2129.66792000257	1319.90002441406
2131.93015953682	1319
2134.19174179353	1334
2136.45266708282	1330.90002441406
2138.71293571463	1332.40002441406
2140.97254799873	1327.80004882813
2143.23150424473	1331.59997558594
2145.48980476205	1336.40002441406
2147.74744985996	1319.19995117188
2150.00443984754	1336.40002441406
2152.26077503373	1339.19995117188
2154.51645572728	1325.40002441406
2156.77148223677	1324.90002441406
2159.02585487064	1340.09997558594
2161.27957393713	1316
2163.53263974432	1336.90002441406
2165.78505260012	1330
2168.0368128123	1335.80004882813
2170.28792068844	1329.30004882813
2172.53837653595	1320.30004882813
2174.78818066207	1324.80004882813
2177.03733337389	1329.80004882813
2179.28583497833	1310.40002441406
2181.53368578214	1318.59997558594
2183.78088609192	1322.09997558594
2186.02743621406	1328.69995117188
2188.27333645484	1322.19995117188
2190.51858712033	1323.09997558594
2192.76318851646	1325.69995117188
2195.00714094901	1331.80004882813
2197.25044472354	1336.80004882813
2199.49310014551	1328
2201.73510752018	1330.80004882813
2203.97646715265	1320.59997558594
2206.21717934786	1327.30004882813
2208.45724441058	1326.19995117188
2210.69666264543	1321.40002441406
2212.93543435686	1318.59997558594
2215.17355984914	1329.5
2217.41103942642	1318.80004882813
2219.64787339264	1318.30004882813
2221.8840620516	1330.5
2224.11960570695	1327.19995117188
2226.35450466215	1325.80004882813
2228.58875922051	1326.5
2230.82236968518	1328.09997558594
2233.05533635916	1320
2235.28765954527	1324.90002441406
2237.51933954617	1329.30004882813
2239.75037666437	1324.59997558594
2241.98077120221	1323.90002441406
2244.21052346188	1320.80004882813
2246.4396337454	1322.40002441406
2248.66810235461	1326.90002441406
2250.89592959125	1329.30004882813
2253.12311575681	1320.5
2255.34966115272	1332.80004882813
2257.57556608017	1327.40002441406
2259.80083084023	1325.09997558594
2262.02545573381	1328
2264.24944106163	1320.19995117188
2266.47278712429	1333.40002441406
2268.69549422221	1322.69995117188
2270.91756265564	1321.40002441406
2273.1389927247	1326.59997558594
2275.35978472934	1332.59997558594
2277.57993896933	1335.5
2279.79945574431	1326.30004882813
2282.01833535375	1327.30004882813
2284.23657809696	1314.69995117188
2286.45418427309	1312.90002441406
2288.67115418114	1319
2290.88748811995	1325.69995117188
2293.10318638819	1323.90002441406
2295.3182492844	1321.30004882813
2297.53267710693	1318.09997558594
2299.746470154	1330.30004882813
2301.95962872364	1333.80004882813
2304.17215311376	1322.59997558594
2306.3840436221	1325.5
2308.59530054621	1329.80004882813
2310.80592418354	1333.09997558594
2313.01591483134	1324.09997558594
2315.22527278673	1322.5
2317.43399834666	1325.59997558594
2319.64209180791	1322.09997558594
2321.84955346713	1321.5
2324.05638362079	1323.40002441406
2326.26258256524	1327.80004882813
2328.46815059664	1331.80004882813
2330.67308801098	1317.5
2332.87739510415	1321.09997558594
2335.08107217184	1321.80004882813
2337.2841195096	1323.40002441406
2339.48653741281	1320.69995117188
2341.68832617672	1332
2343.8894860964	1310.40002441406
2346.09001746678	1324.80004882813
2348.28992058261	1330.59997558594
2350.48919573852	1328.5
2352.68784322898	1323
2354.88586334826	1320.30004882813
2357.08325639055	1317.80004882813
2359.2800226498	1324.5
2361.47616241988	1323.90002441406
2363.67167599445	1316.5
2365.86656366706	1318.09997558594
2368.06082573107	1320.19995117188
2370.2544624797	1331.59997558594
2372.44747420603	1335.59997558594
2374.63986120295	1319.5
2376.83162376322	1320
2379.02276217945	1325
2381.21327674408	1324.59997558594
2383.4031677494	1331.59997558594
2385.59243548756	1322.09997558594
2387.78108025053	1322.30004882813
2389.96910233014	1319.30004882813
2392.15650201809	1322.30004882813
2394.34327960587	1326.30004882813
2396.52943538486	1325.30004882813
2398.71496964628	1330.69995117188
2400.89988268118	1314.59997558594
2403.08417478048	1319.69995117188
2405.26784623491	1324.5
2407.45089733509	1322
2409.63332837146	1320.69995117188
2411.81513963429	1320.19995117188
2413.99633141375	1326.5
2416.1769039998	1321.30004882813
2418.35685768227	1316.40002441406
2420.53619275084	1316.80004882813
2422.71490949505	1327
2424.89300820425	1331.30004882813
2427.07048916765	1319.90002441406
2429.24735267433	1324.40002441406
2431.42359901319	1313.5
2433.59922847297	1313.80004882813
2435.7742413423	1312.80004882813
2437.94863790961	1317.80004882813
2440.12241846321	1313.90002441406
2442.29558329121	1314.19995117188
2444.46813268162	1321
2446.64006692228	1309.30004882813
2448.81138630086	1317
2450.98209110489	1320.19995117188
2453.15218162174	1324
2455.32165813864	1320.09997558594
2457.49052094265	1320.19995117188
2459.65877032069	1327
2461.8264065595	1332.19995117188
2463.99342994572	1325.30004882813
2466.15984076579	1324.40002441406
2468.325639306	1321.90002441406
2470.49082585251	1322
2472.65540069131	1330
2474.81936410824	1332.80004882813
2476.98271638899	1321
2479.14545781909	1318.69995117188
2481.30758868392	1332.59997558594
2483.4691092687	1318.5
2485.63001985852	1316.69995117188
2487.79032073829	1309.90002441406
2489.95001219277	1325.40002441406
2492.10909450659	1319.30004882813
2494.26756796419	1323.09997558594
2496.42543284989	1317.30004882813
2498.58268944783	1321.5
2500.73933804202	1324.5
2502.8953789163	1328
2505.05081235436	1326.09997558594
2507.20563863974	1323.30004882813
2509.35985805582	1323.69995117188
2511.51347088583	1322.40002441406
2513.66647741285	1313.69995117188
2515.81887791981	1330.09997558594
2517.97067268946	1329.90002441406
2520.12186200443	1329.30004882813
2522.27244614716	1319.09997558594
2524.42242539999	1330.19995117188
2526.57180004504	1319.90002441406
2528.72057036433	1326.30004882813
2530.8687366397	1320.09997558594
2533.01629915284	1323.30004882813
2535.16325818527	1323.90002441406
2537.30961401839	1324.80004882813
2539.45536693343	1318.59997558594
2541.60051721145	1324.09997558594
2543.74506513338	1324.5
2545.88901097997	1317.90002441406
2548.03235503185	1321.19995117188
2550.17509756946	1321.5
2552.31723887311	1319.40002441406
2554.45877922293	1326.59997558594
2556.59971889893	1327.30004882813
2558.74005818094	1324.69995117188
2560.87979734864	1315.09997558594
2563.01893668155	1327.59997558594
2565.15747645906	1324.80004882813
2567.29541696037	1326.40002441406
2569.43275846454	1323.30004882813
2571.56950125049	1326.5
2573.70564559696	1318.80004882813
2575.84119178254	1329.80004882813
2577.97614008569	1328.40002441406
2580.11049078468	1332.30004882813
2582.24424415764	1321.59997558594
2584.37740048255	1327
2586.50996003722	1323.80004882813
2588.64192309931	1324.09997558594
2590.77328994634	1324
2592.90406085564	1325.69995117188
2595.03423610442	1324
2597.16381596971	1322.30004882813
2599.29280072839	1331
2601.42119065719	1332.40002441406
2603.54898603267	1324.90002441406
2605.67618713125	1325
2607.80279422919	1326.30004882813
2609.92880760257	1327.59997558594
2612.05422752735	1324.40002441406
2614.17905427932	1324.69995117188
2616.30328813408	1335.59997558594
2618.42692936713	1314.19995117188
2620.54997825377	1321.59997558594
2622.67243506915	1325.5
2624.79430008828	1330
2626.915573586	1329.80004882813
2629.03625583699	1324.40002441406
2631.15634711579	1337.30004882813
2633.27584769675	1325.59997558594
2635.39475785408	1318.90002441406
2637.51307786185	1323.19995117188
2639.63080799394	1331.59997558594
2641.74794852409	1327.80004882813
2643.86449972589	1326.30004882813
2645.98046187273	1321.80004882813
2648.0958352379	1325.30004882813
2650.21062009449	1328.30004882813
2652.32481671544	1323.19995117188
2654.43842537353	1324
2656.5514463414	1339.19995117188
2658.66387989151	1344.09997558594
2660.77572629616	1340.30004882813
2662.88698582751	1334.59997558594
2664.99765875753	1321.69995117188
2667.10774535806	1330.30004882813
2669.21724590076	1342.40002441406
2671.32616065714	1321.19995117188
2673.43448989857	1342.90002441406
2675.5422338962	1332.30004882813
2677.64939292108	1336.19995117188
2679.75596724408	1343.30004882813
2681.86195713589	1336.80004882813
2683.96736286707	1322.30004882813
2686.07218470799	1336.80004882813
2688.17642292889	1333.59997558594
2690.28007779982	1341.5
2692.38314959069	1331.90002441406
2694.48563857123	1343.40002441406
2696.58754501103	1339.59997558594
2698.6888691795	1342.69995117188
2700.78961134588	1342.59997558594
2702.8897717793	1326.59997558594
2704.98935074864	1334.59997558594
2707.08834852271	1336.69995117188
2709.18676537009	1345.59997558594
2711.28460155925	1339.90002441406
2713.38185735843	1356
2715.47853303577	1346.69995117188
2717.57462885924	1354
2719.67014509659	1355.69995117188
2721.76508201548	1348.19995117188
2723.85943988337	1354.09997558594
2725.95321896754	1355.59997558594
2728.04641953515	1362.19995117188
2730.13904185316	1355
2732.23108618837	1355.19995117188
2734.32255280744	1343.09997558594
2736.41344197683	1349.40002441406
2738.50375396288	1357.5
2740.5934890317	1336.09997558594
2742.68264744932	1347.09997558594
2744.77122948153	1357
2746.85923539398	1334.80004882813
2748.94666545217	1342.5
2751.03351992142	1343.30004882813
2753.11979906688	1341.90002441406
2755.20550315355	1342.09997558594
2757.29063244624	1343.09997558594
2759.37518720963	1345.5
2761.45916770819	1339.09997558594
2763.54257420625	1341.09997558594
2765.62540696797	1349.69995117188
2767.70766625733	1342.90002441406
2769.78935233816	1327.59997558594
2771.87046547413	1327.80004882813
2773.95100592869	1330
2776.03097396519	1338.5
2778.11036984677	1343.19995117188
2780.18919383641	1335
2782.26744619693	1336.5
2784.34512719097	1338.59997558594
2786.42223708102	1336.69995117188
2788.49877612937	1341.19995117188
2790.57474459816	1340.69995117188
2792.65014274937	1347.69995117188
2794.7249708448	1348.40002441406
2796.79922914607	1344.19995117188
2798.87291791465	1345.5
2800.94603741181	1340.80004882813
2803.01858789869	1351.80004882813
2805.09056963623	1346.5
2807.1619828852	1348.40002441406
2809.23282790621	1352.40002441406
2811.30310495971	1342.90002441406
2813.37281430593	1357.59997558594
2815.441956205	1355.59997558594
2817.51053091682	1372.59997558594
2819.57853870114	1370.40002441406
2821.64597981753	1359.40002441406
2823.7128545254	1372.80004882813
2825.77916308399	1392.5
2827.84490575233	1379.19995117188
2829.91008278933	1402.30004882813
2831.97469445369	1414.90002441406
2834.03874100395	1425.30004882813
2836.10222269847	1436.69995117188
2838.16513979544	1460
2840.22749255288	1490.40002441406
2842.28928122863	1543.80004882813
2844.35050608034	1608.40002441406
2846.41116736553	1665.59997558594
2848.47126534149	1730.59997558594
2850.53080026537	1774.90002441406
2852.58977239414	1773
2854.64818198459	1770.69995117188
2856.70602929332	1764.40002441406
2858.76331457678	1712
2860.82003809123	1734.19995117188
2862.87620009274	1719.90002441406
2864.93180083723	1711.30004882813
2866.98684058043	1727.59997558594
2869.04131957789	1764.80004882813
2871.09523808497	1757.40002441406
2873.14859635689	1792.59997558594
2875.20139464866	1805.69995117188
2877.2536332151	1796.80004882813
2879.30531231091	1810.59997558594
2881.35643219054	1799.09997558594
2883.40699310831	1825.69995117188
2885.45699531834	1843.40002441406
2887.50643907457	1841.5
2889.55532463077	1845.30004882813
2891.60365224053	1854.90002441406
2893.65142215724	1849.40002441406
2895.69863463414	1878.90002441406
2897.74528992426	1878.90002441406
2899.79138828046	1886.09997558594
2901.83692995544	1882.90002441406
2903.88191520168	1859.30004882813
2905.92634427151	1870.90002441406
2907.97021741706	1882.09997558594
2910.01353489027	1905.09997558594
2912.05629694294	1891.90002441406
2914.09850382663	1912.30004882813
2916.14015579276	1915.09997558594
2918.18125309254	1942.5
2920.22179597702	1925.40002441406
2922.26178469705	1967.19995117188
2924.30121950329	1962.69995117188
2926.34010064624	1954.09997558594
2928.37842837619	1968.30004882813
2930.41620294326	1963.40002441406
2932.45342459737	1973.5
2934.49009358828	1963.5
2936.52621016555	1947.09997558594
2938.56177457854	1935.59997558594
2940.59678707645	1920.69995117188
2942.63124790827	1895.19995117188
2944.66515732282	1831.59997558594
2946.69851556873	1821.59997558594
2948.73132289443	1793
2950.76357954817	1757.19995117188
2952.79528577803	1748.80004882813
2954.82644183188	1736.30004882813
2956.85704795741	1721.09997558594
2958.8871044021	1706.80004882813
2960.91661141328	1685
2962.94556923807	1695.40002441406
2964.97397812339	1662.90002441406
2967.00183831598	1678.80004882813
2969.0291500624	1654
2971.05591360902	1658.19995117188
2973.08212920199	1657.40002441406
2975.1077970873	1648.80004882813
2977.13291751074	1625.09997558594
2979.1574907179	1596.30004882813
2981.18151695419	1600.80004882813
2983.20499646482	1578.5
2985.2279294948	1561.30004882813
2987.25031628898	1554.09997558594
2989.27215709199	1540.30004882813
2991.29345214825	1529.30004882813
2993.31420170204	1510.19995117188
2995.33440599738	1516.90002441406
2997.35406527816	1517.5
2999.37317978802	1512.19995117188
3001.39174977045	1517.80004882813
3003.40977546872	1523.59997558594
3005.42725712591	1506
3007.44419498491	1544.90002441406
3009.4605892884	1531.90002441406
3011.47644027889	1523.09997558594
3013.49174819865	1510.09997558594
3015.5065132898	1520
3017.52073579424	1495.80004882813
3019.53441595366	1496.30004882813
3021.54755400959	1491.09997558594
3023.56015020332	1474.30004882813
3025.57220477598	1452.80004882813
3027.58371796846	1463.40002441406
3029.5946900215	1457.90002441406
3031.6051211756	1457
3033.61501167107	1455.5
3035.62436174803	1462.19995117188
3037.6331716464	1463
3039.64144160588	1451
3041.649171866	1458
3043.65636266607	1470.19995117188
3045.6630142452	1474.19995117188
3047.66912684229	1476.5
3049.67470069605	1467.90002441406
3051.679736045	1472.90002441406
3053.68423312742	1479.09997558594
3055.68819218143	1475
3057.6916134449	1482.19995117188
3059.69449715556	1482.40002441406
3061.69684355086	1487.19995117188
3063.6986528681	1493.40002441406
3065.69992534437	1478.40002441406
3067.70066121653	1488.19995117188
3069.70086072126	1489.09997558594
3071.700524095	1483.09997558594
3073.69965157405	1483.90002441406
3075.69824339442	1478.80004882813
3077.69629979197	1492.5
3079.69382100235	1479.69995117188
3081.69080726098	1467.30004882813
3083.68725880307	1478.80004882813
3085.68317586366	1481.80004882813
3087.67855867755	1498.5
3089.67340747933	1488.5
3091.6677225034	1487.90002441406
3093.66150398392	1475.90002441406
3095.6547521549	1481.90002441406
3097.64746725006	1504.90002441406
3099.63964950297	1501.19995117188
3101.63129914698	1510.30004882813
3103.6224164152	1506.30004882813
3105.61300154056	1526.5
3107.60305475576	1545.80004882813
3109.59257629331	1533
3111.58156638547	1528
3113.57002526432	1542.90002441406
3115.55795316172	1519
3117.54535030932	1554
3119.53221693853	1550.69995117188
3121.51855328057	1543.69995117188
3123.50435956646	1562.5
3125.48963602698	1566.09997558594
3127.4743828927	1564.69995117188
3129.45860039397	1590.90002441406
3131.44228876093	1571.69995117188
3133.42544822353	1566.80004882813
3135.40807901145	1584.69995117188
3137.39018135418	1603.19995117188
3139.37175548102	1579.19995117188
3141.35280162101	1602.5
3143.33332000299	1593.59997558594
3145.31331085559	1609
3147.2927744072	1619.69995117188
3149.27171088602	1616.30004882813
3151.25012052	1614.19995117188
3153.22800353689	1605.09997558594
3155.20536016422	1640.19995117188
3157.18219062929	1635.30004882813
3159.15849515918	1619.09997558594
3161.13427398075	1626.69995117188
3163.10952732066	1662.40002441406
3165.08425540532	1652.5
3167.05845846092	1628.5
3169.03213671344	1673.5
3171.00529038863	1674.90002441406
3172.97791971203	1676.19995117188
3174.95002490893	1703.09997558594
3176.92160620443	1683.90002441406
3178.89266382337	1693.19995117188
3180.8631979904	1696.40002441406
3182.83320892991	1681.09997558594
3184.80269686609	1714
3186.77166202289	1702
3188.74010462406	1704.90002441406
3190.70802489307	1707.30004882813
3192.67542305323	1723.30004882813
3194.64229932757	1733.90002441406
3196.60865393892	1730.69995117188
3198.57448710987	1725.5
3200.53979906279	1727.80004882813
3202.50459001981	1725.30004882813
3204.46886020284	1734
3206.43260983356	1742
3208.39583913341	1771.30004882813
3210.35854832362	1757
3212.32073762517	1759.09997558594
3214.28240725881	1762.40002441406
3216.24355744508	1761.40002441406
3218.20418840426	1750.69995117188
3220.16430035642	1784.40002441406
3222.12389352137	1756
3224.08296811873	1784.40002441406
3226.04152436784	1780.30004882813
3227.99956248784	1787.90002441406
3229.95708269762	1790.19995117188
3231.91408521584	1788.69995117188
3233.87057026092	1794.5
3235.82653805105	1773.80004882813
3237.78198880419	1799.30004882813
3239.73692273806	1787.90002441406
3241.69134007013	1776.5
3243.64524101764	1791.5
3245.59862579761	1813.80004882813
3247.55149462681	1807.30004882813
3249.50384772176	1803
3251.45568529877	1810.19995117188
3253.40700757387	1815.69995117188
3255.35781476288	1802
3257.3081070814	1808
3259.25788474473	1811.09997558594
3261.20714796799	1797.69995117188
3263.15589696602	1832.90002441406
3265.10413195345	1817.09997558594
3267.05185314463	1809.80004882813
3268.9990607537	1820.30004882813
3270.94575499455	1821.19995117188
3272.89193608081	1824.09997558594
3274.8376042259	1849.80004882813
3276.78275964296	1831.80004882813
3278.72740254492	1830.90002441406
3280.67153314443	1829.69995117188
3282.61515165393	1839
3284.55825828559	1819.59997558594
3286.50085325135	1839
3288.44293676289	1828.40002441406
3290.38450903165	1830.5
3292.32557026883	1835.80004882813
3294.26612068537	1839.09997558594
3296.20616049198	1836.80004882813
3298.14568989911	1825.30004882813
3300.08470911695	1832.30004882813
3302.02321835546	1811.5
3303.96121782435	1826.40002441406
3305.89870773306	1813.90002441406
3307.83568829081	1830.90002441406
3309.77215970655	1834.80004882813
3311.70812218898	1813.69995117188
3313.64357594655	1850.59997558594
3315.57852118747	1809.09997558594
3317.51295811968	1822.69995117188
3319.44688695087	1847.40002441406
3321.38030788849	1833.5
3323.31322113973	1830.80004882813
3325.24562691152	1826.69995117188
3327.17752541055	1846.90002441406
3329.10891684322	1828.69995117188
3331.03980141573	1831.59997558594
3332.97017933399	1830.80004882813
3334.90005080364	1846.59997558594
3336.82941603011	1843.40002441406
3338.75827521852	1829.40002441406
3340.68662857377	1844.09997558594
3342.6144763005	1848.69995117188
3344.54181860308	1859.19995117188
3346.46865568561	1846.59997558594
3348.39498775195	1849.5
3350.32081500571	1841.5
3352.24613765022	1839
3354.17095588855	1854.80004882813
3356.09526992352	1864.40002441406
3358.01907995769	1848.40002441406
3359.94238619334	1861.5
3361.86518883251	1855
3363.78748807697	1862.30004882813
3365.70928412823	1868.80004882813
3367.63057718752	1875.59997558594
3369.55136745582	1886.90002441406
3371.47165513386	1844.40002441406
3373.39144042208	1865.90002441406
3375.31072352066	1868
3377.22950462953	1878.09997558594
3379.14778394834	1877.5
3381.06556167648	1874.59997558594
3382.98283801308	1865.59997558594
3384.89961315697	1890.30004882813
3386.81588730676	1863.40002441406
3388.73166066076	1877.90002441406
3390.64693341702	1873.19995117188
3392.56170577332	1867.80004882813
3394.47597792716	1859.40002441406
3396.38975007581	1865.09997558594
3398.30302241623	1872.40002441406
3400.21579514512	1864.90002441406
3402.1280684589	1886.09997558594
3404.03984255374	1883.09997558594
3405.95111762553	1862.90002441406
3407.86189386987	1891.90002441406
3409.77217148212	1888.69995117188
3411.68195065733	1877
3413.5912315903	1868.5
3415.50001447556	1876.5
3417.40829950735	1903.19995117188
3419.31608687963	1875.09997558594
3421.22337678611	1868.69995117188
3423.1301694202	1867.80004882813
3425.03646497504	1872.40002441406
3426.9422636435	1871
3428.84756561816	1883.90002441406
3430.75237109135	1877.90002441406
3432.65668025508	1856.80004882813
3434.56049330112	1867.40002441406
3436.46381042093	1855.5
3438.36663180571	1856.69995117188
3440.26895764638	1873
3442.17078813357	1876.80004882813
3444.07212345762	1847.09997558594
3445.97296380863	1863.80004882813
3447.87330937636	1831.80004882813
3449.77316035033	1853
3451.67251691977	1859.59997558594
3453.57137927361	1863.30004882813
3455.46974760052	1852.30004882813
3457.36762208886	1835.5
3459.26500292671	1853.90002441406
3461.16189030191	1831.90002441406
3463.05828440194	1858.90002441406
3464.95418541406	1835.80004882813
3466.84959352519	1813.80004882813
3468.74450892201	1821
3470.63893179088	1805.69995117188
3472.53286231788	1820.80004882813
3474.42630068881	1818.80004882813
3476.31924708918	1810.90002441406
3478.2117017042	1792.90002441406
3480.1036647188	1799.19995117188
3481.99513631761	1796.80004882813
3483.88611668498	1783.80004882813
3485.77660600498	1806.80004882813
3487.66660446135	1798
3489.55611223758	1770.90002441406
3491.44512951683	1776.09997558594
3493.333656482	1770.19995117188
3495.22169331568	1780
3497.10924020016	1755.19995117188
3498.99629731746	1771.19995117188
3500.88286484927	1734.90002441406
3502.76894297702	1747.19995117188
3504.65453188182	1723.59997558594
3506.53963174449	1739
3508.42424274555	1729
3510.30836506524	1723.59997558594
3512.19199888349	1708.69995117188
3514.07514437992	1725.59997558594
3515.95780173387	1706.19995117188
3517.83997112437	1709
3519.72165273016	1684
3521.60284672967	1706.19995117188
3523.48355330104	1694
3525.36377262208	1695.80004882813
3527.24350487035	1676.40002441406
3529.12275022306	1663.80004882813
3531.00150885715	1662.80004882813
3532.87978094923	1672
3534.75756667562	1660.90002441406
3536.63486621235	1654.09997558594
3538.51167973512	1632.30004882813
3540.38800741934	1644.5
3542.26384944011	1631.30004882813
3544.13920597223	1630.5
3546.01407719018	1620.69995117188
3547.88846326815	1629.69995117188
3549.76236438002	1620.30004882813
3551.63578069934	1614.40002441406
3553.50871239938	1611.59997558594
3555.38115965309	1610.30004882813
3557.25312263311	1604.30004882813
3559.12460151177	1592.59997558594
3560.99559646109	1585.19995117188
3562.86610765279	1593.5
3564.73613525825	1578.19995117188
3566.60567944857	1583.09997558594
3568.47474039453	1583.59997558594
3570.34331826658	1582
3572.21141323487	1582.90002441406
3574.07902546925	1577.59997558594
3575.94615513922	1565.30004882813
3577.81280241401	1575.59997558594
3579.67896746249	1560.09997558594
3581.54465045325	1560.19995117188
3583.40985155455	1540.69995117188
3585.27457093432	1547.80004882813
3587.1388087602	1552.5
3589.00256519949	1544.59997558594
3590.86584041919	1538.19995117188
3592.72863458597	1540.90002441406
3594.59094786618	1519.80004882813
3596.45278042585	1534.80004882813
3598.31413243069	1514.30004882813
3600.17500404611	1520.80004882813
3602.03539543717	1524.80004882813
3603.89530676861	1526.19995117188
3605.75473820488	1504.80004882813
3607.61368991007	1520.09997558594
3609.47216204797	1508.80004882813
3611.33015478203	1501.19995117188
3613.18766827539	1500.5
3615.04470269087	1497.69995117188
3616.90125819094	1512.90002441406
3618.75733493776	1500.90002441406
3620.61293309318	1489
3622.46805281869	1463.09997558594
3624.32269427547	1477.69995117188
3626.17685762439	1479.69995117188
3628.03054302596	1476.5
3629.88375064038	1478.80004882813
3631.73648062751	1461.30004882813
3633.5887331469	1466.90002441406
3635.44050835775	1456.5
3637.29180641893	1461.59997558594
3639.14262748899	1458.40002441406
3640.99297172614	1442.59997558594
3642.84283928828	1440.69995117188
3644.69223033294	1447.09997558594
3646.54114501734	1440.40002441406
3648.38958349836	1435.90002441406
3650.23754593256	1434.30004882813
3652.08503247614	1415.59997558594
3653.93204328497	1428.09997558594
3655.77857851462	1416.80004882813
3657.62463832028	1419.40002441406
3659.47022285682	1408.5
3661.31533227877	1411.69995117188
3663.15996674033	1408.59997558594
3665.00412639535	1391.5
3666.84781139736	1392.30004882813
3668.69102189953	1388
3670.5337580547	1384.80004882813
3672.37602001537	1388.5
3674.21780793368	1377.09997558594
3676.05912196148	1370.40002441406
3677.89996225021	1364.80004882813
3679.74032895103	1368.09997558594
3681.58022221471	1363
3683.41964219171	1357
3685.25858903211	1357.69995117188
3687.0970628857	1354.09997558594
3688.93506390186	1347.5
3690.77259222968	1346.90002441406
3692.60964801787	1355.5
3694.44623141481	1348.69995117188
3696.28234256853	1334.80004882813
3698.11798162669	1347.5
3699.95314873665	1331.59997558594
3701.78784404537	1331.40002441406
3703.62206769951	1330.09997558594
3705.45581984533	1320
3707.28910062877	1337.69995117188
3709.12191019542	1328.19995117188
3710.95424869052	1325.5
3712.78611625894	1329
3714.6175130452	1321.5
3716.44843919349	1325.40002441406
3718.27889484764	1323.69995117188
3720.1088801511	1331.5
3721.93839524699	1314.90002441406
3723.76744027808	1321.19995117188
3725.59601538677	1310.80004882813
3727.4241207151	1320.19995117188
