40.2973356941271	1125.5
43.2236257608418	1127
46.1488808466109	1130.5
49.0731017336173	1128.09997558594
51.9962892025666	1130.09997558594
54.9184440327569	1133.5
57.8395670020446	1134
60.7596588868509	1132
63.6787204621708	1137.59997558594
66.5967525015794	1141.59997558594
69.5137557772381	1144
72.4297310598838	1146.59997558594
75.3446791188512	1159.90002441406
78.2586007220466	1164.90002441406
81.1714966360015	1177.5
84.0833676258266	1184.5
86.994214455242	1208.5
89.9040378865662	1220.5
92.8128386807427	1246.69995117188
95.7206175973133	1257.40002441406
98.6273753944444	1268.19995117188
101.533112828928	1272.09997558594
104.437830656161	1283.30004882813
107.34152963018	1283
110.244210503676	1280.30004882813
113.145874027931	1284.30004882813
116.046520952895	1273.30004882813
118.946152027154	1286.90002441406
121.844767997933	1289.19995117188
124.74236961111	1276.59997558594
127.638957611212	1277.19995117188
130.534532741422	1284.80004882813
133.429095743606	1275.09997558594
136.322647358252	1279.69995117188
139.215188324544	1284.30004882813
142.106719380311	1294.69995117188
144.997241262089	1281
147.886754705057	1288.5
150.775260443096	1285.19995117188
153.662759208748	1295.19995117188
156.549251733282	1293.30004882813
159.434738746612	1288.09997558594
162.319220977376	1285.19995117188
165.20269915289	1294.69995117188
168.085173999178	1295.09997558594
170.966646240977	1287.5
173.847116601709	1296.90002441406
176.726585803528	1284.80004882813
179.605054567295	1280.80004882813
182.48252361259	1287.80004882813
185.358993657701	1290.90002441406
188.234465419645	1292.19995117188
191.108939614183	1295.19995117188
193.982416955795	1287.69995117188
196.854898157687	1286.19995117188
199.726383931801	1282.40002441406
202.596874988835	1292.90002441406
205.466372038225	1289.90002441406
208.334875788145	1293.19995117188
211.202386945534	1296.40002441406
214.068906216069	1292
216.934434304194	1288.30004882813
219.798971913111	1300.09997558594
222.662519744776	1294.30004882813
225.525078499925	1287.59997558594
228.386648878069	1293.19995117188
231.247231577465	1291.69995117188
234.106827295172	1287.69995117188
236.965436727012	1288.69995117188
239.823060567597	1293.5
242.679699510337	1299.19995117188
245.535354247396	1288.30004882813
248.390025469775	1295.09997558594
251.243713867223	1293.40002441406
254.096420128327	1291.30004882813
256.948144940459	1292.90002441406
259.798888989788	1297.90002441406
262.648652961315	1285.5
265.49743753883	1282.30004882813
268.345243404939	1297.40002441406
271.192071241073	1296.5
274.037921727485	1302.59997558594
276.882795543246	1293.19995117188
279.72669336624	1295.30004882813
282.569615873213	1298.30004882813
285.411563739724	1293.90002441406
288.252537640165	1298.30004882813
291.092538247763	1299.09997558594
293.931566234616	1292.30004882813
296.769622271633	1297.80004882813
299.606707028594	1288.59997558594
302.442821174104	1299.5
305.277965375652	1293.09997558594
308.112140299574	1297.5
310.945346611062	1304.30004882813
313.777584974167	1293.09997558594
316.608856051813	1296.09997558594
319.439160505797	1295.90002441406
322.268498996783	1301.30004882813
325.096872184303	1302.09997558594
327.924280726782	1305.69995117188
330.750725281521	1302.80004882813
333.576206504693	1302.30004882813
336.400725051388	1305
339.224281575542	1305.09997558594
342.046876730026	1304.40002441406
344.868511166586	1298.09997558594
347.689185535872	1300.09997558594
350.508900487421	1300.5
353.327656669699	1290
356.145454730079	1294.69995117188
358.962295314817	1303
361.778179069105	1305.09997558594
364.593106637051	1305.30004882813
367.407078661675	1295.59997558594
370.220095784913	1307.40002441406
373.032158647655	1305.09997558594
375.843267889676	1293.80004882813
378.653424149715	1295.30004882813
381.462628065436	1310.59997558594
384.270880273432	1303.90002441406
387.078181409254	1303.5
389.884532107358	1302.59997558594
392.689933001188	1303.30004882813
395.494384723112	1306.40002441406
398.29788790445	1315.59997558594
401.100443175488	1309
403.902051165437	1312.90002441406
406.702712502518	1307.69995117188
409.502427813866	1309.80004882813
412.301197725607	1309.30004882813
415.099022862823	1307.5
417.89590384957	1314.09997558594
420.691841308876	1313
423.486835862752	1310.80004882813
426.280888132173	1309.69995117188
429.073998737112	1308.09997558594
431.866168296507	1308.30004882813
434.657397428298	1309.19995117188
437.447686749412	1306.5
440.237036875762	1310.40002441406
443.025448422257	1319.90002441406
445.812922002813	1313.69995117188
448.599458230326	1315.40002441406
451.38505771672	1309.30004882813
454.169721072909	1307.59997558594
456.953448908819	1311.19995117188
459.736241833384	1310.5
462.518100454555	1322.59997558594
465.2990253793	1312.59997558594
468.079017213605	1310.59997558594
470.858076562476	1311.19995117188
473.636204029939	1310.19995117188
476.41340021906	1324.90002441406
479.189665731938	1314.69995117188
481.965001169667	1294.69995117188
484.739407132419	1308.19995117188
487.512884219391	1303.90002441406
490.285433028796	1312.80004882813
493.057054157921	1319.69995117188
495.827748203087	1320.59997558594
498.597515759658	1308.30004882813
501.366357422061	1325
504.134273783759	1312.59997558594
506.901265437278	1310.69995117188
509.66733297421	1316.69995117188
512.432476985198	1323.40002441406
515.196698059945	1321
517.959996787225	1316.59997558594
520.722373754895	1316.30004882813
523.483829549856	1312.5
526.24436475811	1319.5
529.003979964696	1317.40002441406
531.762675753779	1309.5
534.520452708569	1312.5
537.277311411375	1317.19995117188
540.03325244359	1313.30004882813
542.788276385682	1318.30004882813
545.54238381725	1302.5
548.295575316938	1307.30004882813
551.047851462516	1320.80004882813
553.799212830831	1311.69995117188
556.549659997851	1311.09997558594
559.299193538643	1317.90002441406
562.047814027381	1308.5
564.795522037318	1317.80004882813
567.542318140861	1322.59997558594
570.288202909507	1309.69995117188
573.033176913873	1307.30004882813
575.7772407237	1321.59997558594
578.520394907829	1320.90002441406
581.26264003424	1315.80004882813
584.003976670046	1315.69995117188
586.744405381469	1309.30004882813
589.483926733869	1319.59997558594
592.222541291746	1312.59997558594
594.96024961872	1314.19995117188
597.697052277563	1317.19995117188
600.432949830166	1319.59997558594
603.167942837587	1323.90002441406
605.902031860012	1309
608.635217456783	1318.30004882813
611.367500186378	1308.40002441406
614.098880606429	1323.30004882813
616.82935927374	1313.40002441406
619.558936744248	1317.80004882813
622.287613573072	1320.69995117188
625.015390314457	1316
627.742267521848	1323.59997558594
630.468245747829	1316.80004882813
633.193325544166	1321.09997558594
635.917507461792	1321.80004882813
638.640792050804	1327.09997558594
641.36317986048	1325.69995117188
644.084671439281	1319.40002441406
646.805267334845	1323.19995117188
649.524968093967	1319.80004882813
652.24377426266	1323.80004882813
654.961686386106	1328.09997558594
657.678705008678	1315.90002441406
660.394830673939	1323
663.110063924628	1319.90002441406
665.824405302728	1317
668.537855349351	1321.69995117188
671.250414604863	1325.69995117188
673.962083608812	1321.90002441406
676.672862899949	1320.90002441406
679.382753016218	1313.5
682.091754494801	1326.40002441406
684.799867872061	1335.5
687.507093683595	1324.5
690.213432464198	1326.69995117188
692.918884747899	1322.69995117188
695.623451067937	1322.19995117188
698.327131956755	1325.69995117188
701.029927946065	1322.59997558594
703.731839566754	1324.69995117188
706.43286734896	1330.59997558594
709.133011822067	1321.69995117188
711.832273514658	1324.40002441406
714.53065295457	1325.90002441406
717.228150668879	1329.40002441406
719.924767183889	1332.80004882813
722.620503025148	1330.90002441406
725.315358717446	1322.19995117188
728.009334784827	1327.59997558594
730.702431750559	1336.69995117188
733.394650137188	1320.30004882813
736.085990466498	1311.59997558594
738.776453259519	1319.80004882813
741.466039036542	1326.40002441406
744.154748317125	1323.90002441406
746.842581620074	1324.19995117188
749.529539463458	1319.09997558594
752.215622364608	1322.90002441406
754.900830840131	1328.5
757.585165405892	1329.69995117188
760.26862657703	1324.69995117188
762.951214867957	1324.30004882813
765.632930792356	1328.5
768.313774863181	1323.30004882813
770.993747592673	1320.5
773.672849492359	1333.80004882813
776.351081073017	1333.80004882813
779.028442844757	1329.5
781.704935316928	1321.90002441406
784.380558998208	1329.09997558594
787.055314396528	1329.09997558594
789.729202019141	1325.69995117188
792.402222372581	1329.80004882813
795.074375962669	1324.90002441406
797.745663294537	1334.69995117188
800.416084872622	1328.30004882813
803.085641200652	1332.59997558594
805.754332781664	1331.90002441406
808.422160117986	1330.09997558594
811.089123711292	1329.19995117188
813.75522406252	1339.59997558594
816.420461671951	1319.80004882813
819.084837039164	1325.09997558594
821.748350663067	1323.40002441406
824.411003041866	1326.19995117188
827.072794673116	1333.19995117188
829.733726053668	1339
832.39379767971	1343.19995117188
835.05301004674	1330.80004882813
837.711363649601	1345
840.368858982457	1335.5
843.025496538805	1341.59997558594
845.681276811467	1340.30004882813
848.336200292618	1331.09997558594
850.99026747375	1332.5
853.643478845713	1335.40002441406
856.29583489868	1342.19995117188
858.947336122176	1327.09997558594
861.59798300506	1333.59997558594
864.247776035556	1349.69995117188
866.896715701222	1345.09997558594
869.544802488959	1351.80004882813
872.192036885046	1362.80004882813
874.838419375087	1360.19995117188
877.483950444054	1343.40002441406
880.128630576285	1337.09997558594
882.772460255461	1349.09997558594
885.415439964628	1345.80004882813
888.057570186211	1342.19995117188
890.698851401966	1342.40002441406
893.339284093045	1347.80004882813
895.978868739961	1348.09997558594
898.617605822596	1343
901.255495820196	1346
903.892539211396	1343.09997558594
906.528736474184	1351.80004882813
909.164088085949	1349.40002441406
911.798594523442	1338.40002441406
914.432256262804	1337.09997558594
917.065073779549	1337.30004882813
919.697047548589	1344.30004882813
922.328178044212	1336.80004882813
924.9584657401	1341.59997558594
927.587911109317	1346.5
930.216514624317	1346.30004882813
932.844276756963	1356.90002441406
935.471197978488	1348.09997558594
938.097278759538	1352.09997558594
940.722519570163	1350.5
943.346920879798	1350.69995117188
945.97048315729	1364.5
948.593206870885	1377.59997558594
951.215092488219	1377.09997558594
953.836140476366	1368.59997558594
956.456351301787	1369.5
959.07572543037	1379.30004882813
961.694263327369	1380.80004882813
964.311965457521	1391.69995117188
966.928832284933	1390.09997558594
969.544864273135	1375.40002441406
972.160061885076	1367.5
974.774425583129	1373.69995117188
977.387955829099	1369.19995117188
980.000653084196	1367.5
982.612517809061	1366
985.223550463768	1375.30004882813
987.833751507819	1372.59997558594
990.443121400135	1382.69995117188
993.051660599081	1376.59997558594
995.659369562449	1388.09997558594
998.266248747469	1406.30004882813
1000.87229861081	1423
1003.47751960857	1429.5
1006.0819121963	1454.80004882813
1008.68547682897	1458.19995117188
1011.28821396104	1431.30004882813
1013.89012404635	1414.90002441406
1016.49120753824	1410.80004882813
1019.09146488947	1397.90002441406
1021.69089655226	1382.90002441406
1024.28950297827	1384.80004882813
1026.88728461863	1374.30004882813
1029.48424192392	1386.09997558594
1032.08037534416	1374.80004882813
1034.67568532886	1367.80004882813
1037.27017232694	1381.80004882813
1039.86383678682	1380
1042.45667915637	1370.09997558594
1045.04869988293	1365.90002441406
1047.6398994133	1373.5
1050.23027819374	1371.80004882813
1052.81983666998	1368.40002441406
1055.40857528724	1380.5
1057.99649449018	1375.19995117188
1060.58359472296	1377
1063.1698764292	1377.69995117188
1065.755340052	1365.59997558594
1068.33998603393	1372
1070.92381481706	1365.19995117188
1073.50682684291	1360.09997558594
1076.08902255251	1381.40002441406
1078.67040238637	1377.19995117188
1081.25096678445	1380.59997558594
1083.83071618624	1368.69995117188
1086.4096510307	1368
1088.98777175629	1367.30004882813
1091.56507880094	1380.09997558594
1094.14157260208	1377.59997558594
1096.71725359664	1373.80004882813
1099.29212222106	1384.69995117188
1101.86617891125	1369.19995117188
1104.43942410262	1381.80004882813
1107.01185823011	1379.59997558594
1109.58348172812	1384.80004882813
1112.15429503057	1391.40002441406
1114.7242985709	1379.5
1117.29349278203	1394.90002441406
1119.86187809642	1389.59997558594
1122.42945494599	1399.40002441406
1124.99622376222	1393
1127.56218497606	1408.90002441406
1130.12733901801	1410.80004882813
1132.69168631804	1414.09997558594
1135.25522730568	1435.80004882813
1137.81796240995	1426.80004882813
1140.37989205941	1445.80004882813
1142.9410166821	1446.90002441406
1145.50133670561	1478.09997558594
1148.06085255708	1511.80004882813
1150.61956466311	1571.09997558594
1153.17747344987	1616.90002441406
1155.73457934305	1671.69995117188
1158.29088276786	1694.59997558594
1160.84638414903	1671.59997558594
1163.40108391085	1599.5
1165.95498247711	1542.09997558594
1168.50808027116	1486.59997558594
1171.06037771587	1463.90002441406
1173.61187523364	1447.80004882813
1176.16257324643	1429.5
1178.71247217573	1429.69995117188
1181.26157244255	1426
1183.80987446746	1427.19995117188
1186.35737867059	1424.5
1188.90408547157	1442.30004882813
1191.44999528961	1443.90002441406
1193.99510854347	1442.30004882813
1196.53942565142	1444.59997558594
1199.08294703133	1436.30004882813
1201.62567310057	1430
1204.16760427611	1418.09997558594
1206.70874097445	1415.59997558594
1209.24908361163	1400.5
1211.78863260327	1398.09997558594
1214.32738836454	1405.19995117188
1216.86535131017	1406.09997558594
1219.40252185445	1394.40002441406
1221.93890041121	1403
1224.47448739389	1398.5
1227.00928321544	1395.40002441406
1229.54328828842	1401.5
1232.07650302491	1397.80004882813
1234.60892783662	1397.40002441406
1237.14056313477	1404.80004882813
1239.67140933017	1394.69995117188
1242.2014668332	1395.80004882813
1244.73073605384	1395.59997558594
1247.25921740159	1398.59997558594
1249.78691128558	1405
1252.31381811448	1395.69995117188
1254.83993829655	1409.59997558594
1257.36527223962	1399.40002441406
1259.88982035112	1412.90002441406
1262.41358303803	1406.80004882813
1264.93656070696	1411.80004882813
1267.45875376405	1413.40002441406
1269.98016261505	1423.40002441406
1272.50078766531	1421.09997558594
1275.02062931974	1434.90002441406
1277.53968798285	1435.69995117188
1280.05796405875	1433
1282.57545795112	1421.30004882813
1285.09217006325	1421.19995117188
1287.60810079802	1410.59997558594
1290.12325055788	1401.30004882813
1292.63761974492	1409.09997558594
1295.15120876079	1411.5
1297.66401800676	1410.40002441406
1300.17604788367	1413
1302.687298792	1421.30004882813
1305.19777113181	1399
1307.70746530274	1413
1310.21638170408	1414.40002441406
1312.7245207347	1410.09997558594
1315.23188279307	1414.80004882813
1317.73846827728	1397.09997558594
1320.24427758502	1411.5
1322.74931111359	1407.59997558594
1325.25356925991	1408.09997558594
1327.75705242051	1416
1330.25976099151	1408.40002441406
1332.76169536868	1404.40002441406
1335.26285594737	1408.80004882813
1337.76324312256	1403.09997558594
1340.26285728887	1397.90002441406
1342.76169884052	1401.69995117188
1345.25976817132	1411
1347.75706567474	1392.19995117188
1350.25359174387	1404.59997558594
1352.74934677141	1393.09997558594
1355.24433114968	1413.5
1357.73854527062	1389.5
1360.23198952583	1405.59997558594
1362.7246643065	1396.5
1365.21657000347	1416
1367.7077070072	1410.90002441406
1370.19807570777	1405.59997558594
1372.68767649492	1417.40002441406
1375.176509758	1398.40002441406
1377.66457588599	1413.80004882813
1380.15187526753	1419
1382.63840829087	1415.19995117188
1385.1241753439	1409.69995117188
1387.60917681417	1412.5
1390.09341308884	1409.90002441406
1392.57688455474	1412.30004882813
1395.05959159829	1421.09997558594
1397.54153460562	1397.19995117188
1400.02271396243	1417.59997558594
1402.50313005414	1403.40002441406
1404.98278326576	1409.90002441406
1407.46167398196	1416.30004882813
1409.93980258707	1415.59997558594
1412.41716946504	1403.40002441406
1414.89377499951	1407.5
1417.36961957373	1411.09997558594
1419.84470357062	1409
1422.31902737275	1413.59997558594
1424.79259136235	1434.5
1427.26539592129	1421.40002441406
1429.73744143111	1419.5
1432.20872827299	1425.69995117188
1434.67925682777	1418.90002441406
1437.14902747597	1434.59997558594
1439.61804059773	1423.80004882813
1442.0862965729	1423
1444.55379578093	1441
1447.02053860099	1434.69995117188
1449.48652541188	1425.09997558594
1451.95175659206	1439.09997558594
1454.41623251969	1446.80004882813
1456.87995357255	1433.59997558594
1459.34292012811	1439.90002441406
1461.80513256351	1433.09997558594
1464.26659125557	1444.19995117188
1466.72729658073	1430
1469.18724891517	1424.90002441406
1471.64644863469	1434.69995117188
1474.10489611478	1438.40002441406
1476.5625917306	1448.19995117188
1479.01953585699	1441.80004882813
1481.47572886844	1450.09997558594
1483.93117113917	1441.90002441406
1486.38586304302	1448.5
1488.83980495354	1457.80004882813
1491.29299724395	1459.30004882813
1493.74544028715	1469.30004882813
1496.19713445573	1462.40002441406
1498.64808012193	1489.59997558594
1501.09827765772	1506.59997558594
1503.54772743471	1547.30004882813
1505.99642982421	1577.59997558594
1508.44438519723	1639.40002441406
1510.89159392446	1682
1513.33805637625	1752.90002441406
1515.78377292266	1789.80004882813
1518.22874393346	1810
1520.67296977806	1788.59997558594
1523.11645082559	1747.80004882813
1525.55918744488	1705
1528.00118000444	1650.19995117188
1530.44242887245	1577.5
1532.88293441684	1536.59997558594
1535.32269700517	1507.69995117188
1537.76171700475	1474.40002441406
1540.19999478255	1471.59997558594
1542.63753070526	1452
1545.07432513925	1452.30004882813
1547.5103784506	1437
1549.94569100509	1442.09997558594
1552.38026316819	1442.19995117188
1554.8140953051	1437.5
1557.24718778067	1434.5
1559.67954095952	1448.40002441406
1562.11115520592	1428
1564.54203088386	1426.09997558594
1566.97216835704	1431.30004882813
1569.40156798888	1448
1571.83023014248	1425.80004882813
1574.25815518067	1421.69995117188
1576.68534346597	1448.59997558594
1579.11179536062	1440.59997558594
1581.53751122658	1431.69995117188
1583.9624914255	1420.19995117188
1586.38673631876	1429.09997558594
1588.81024626745	1428.69995117188
1591.23302163235	1445.30004882813
1593.655062774	1426.19995117188
1596.07637005262	1440.5
1598.49694382815	1436.30004882813
1600.91678446025	1418.80004882813
1603.33589230831	1440.5
1605.75426773142	1424.69995117188
1608.1719110884	1432.5
1610.58882273779	1427.80004882813
1613.00500303784	1420.90002441406
1615.42045234654	1423.90002441406
1617.83517102158	1435.40002441406
1620.24915942039	1433.30004882813
1622.66241790012	1424.09997558594
1625.07494681764	1428.80004882813
1627.48674652954	1427.09997558594
1629.89781739216	1432.69995117188
1632.30815976152	1419.69995117188
1634.71777399343	1431.90002441406
1637.12666044338	1439.09997558594
1639.53481946661	1425.90002441406
1641.94225141808	1425.19995117188
1644.34895665248	1441.40002441406
1646.75493552424	1417.69995117188
1649.16018838752	1424.09997558594
1651.56471559621	1435.40002441406
1653.96851750392	1422.90002441406
1656.37159446403	1432.40002441406
1658.7739468296	1432.30004882813
1661.17557495349	1445.90002441406
1663.57647918824	1436.69995117188
1665.97665988617	1434.69995117188
1668.37611739929	1429.5
1670.77485207939	1417.40002441406
1673.17286427799	1435.69995117188
1675.57015434633	1426.69995117188
1677.96672263542	1418.40002441406
1680.36256949598	1421.40002441406
1682.7576952785	1422.40002441406
1685.15210033318	1415.09997558594
1687.54578501	1419.30004882813
1689.93874965866	1420.59997558594
1692.33099462861	1425.59997558594
1694.72252026904	1424.5
1697.11332692889	1430.5
1699.50341495686	1433
1701.89278470137	1415.5
1704.28143651061	1422.59997558594
1706.66937073251	1423.19995117188
1709.05658771473	1422.30004882813
1711.44308780473	1423.80004882813
1713.82887134968	1420.69995117188
1716.21393869648	1415.09997558594
1718.59829019185	1423.40002441406
1720.98192618221	1415.69995117188
1723.36484701374	1416.40002441406
1725.74705303238	1420.59997558594
1728.12854458384	1409.30004882813
1730.50932201356	1414.59997558594
1732.88938566673	1422.40002441406
1735.26873588834	1416
1737.64737302307	1417.90002441406
1740.02529741544	1434.40002441406
1742.40250940964	1423.59997558594
1744.77900934969	1434
1747.15479757933	1422.80004882813
1749.52987444206	1409.5
1751.90424028116	1415.19995117188
1754.27789543967	1418.09997558594
1756.65084026037	1408.59997558594
1759.02307508582	1414.30004882813
1761.39460025833	1409.5
1763.76541612	1414.30004882813
1766.13552301265	1416.69995117188
1768.50492127791	1414
1770.87361125714	1414.30004882813
1773.2415932915	1403.80004882813
1775.60886772188	1422.40002441406
1777.97543488896	1424.30004882813
1780.34129513318	1419.80004882813
1782.70644879475	1411.80004882813
1785.07089621365	1406.5
1787.43463772964	1416.90002441406
1789.7976736822	1416.5
1792.16000441066	1420.30004882813
1794.52163025405	1423.09997558594
1796.88255155121	1420.09997558594
1799.24276864074	1417.69995117188
1801.60228186102	1417.80004882813
1803.96109155019	1420.5
1806.31919804618	1415.5
1808.67660168668	1419.19995117188
1811.03330280916	1408.30004882813
1813.38930175088	1426.5
1815.74459884884	1421.5
1818.09919443984	1416.59997558594
1820.45308886047	1409.09997558594
1822.80628244708	1415
1825.1587755358	1422.30004882813
1827.51056846254	1430.90002441406
1829.86166156297	1413.90002441406
1832.21205517258	1401.69995117188
1834.56174962661	1428.19995117188
1836.91074526009	1424.5
1839.25904240783	1414.09997558594
1841.60664140443	1405.30004882813
1843.95354258425	1429.80004882813
1846.29974628146	1413
1848.64525282998	1421.30004882813
1850.99006256356	1410.19995117188
1853.3341758157	1412.30004882813
1855.67759291968	1417.80004882813
1858.02031420858	1414.40002441406
1860.36234001528	1409.69995117188
1862.70367067241	1409
1865.04430651244	1419.59997558594
1867.38424786755	1422
1869.72349506978	1419.30004882813
1872.06204845094	1416.90002441406
1874.39990834258	1419.30004882813
1876.73707507612	1422.5
1879.07354898269	1420.90002441406
1881.40933039328	1414.30004882813
1883.74441963861	1420.80004882813
1886.07881704925	1418.69995117188
1888.41252295551	1416.90002441406
1890.74553768751	1415.80004882813
1893.07786157519	1410.30004882813
1895.40949494822	1410.5
1897.74043813615	1411.69995117188
1900.07069146823	1427.69995117188
1902.40025527357	1413.19995117188
1904.72912988106	1399.30004882813
1907.05731561938	1407.59997558594
1909.38481281699	1409.30004882813
1911.71162180217	1418.5
1914.037742903	1418.69995117188
1916.36317644734	1407.09997558594
1918.68792276284	1402.80004882813
1921.01198217697	1423
1923.33535501699	1398.80004882813
1925.65804160996	1416
1927.98004228273	1401.40002441406
1930.30135736196	1408.90002441406
1932.6219871741	1422
1934.94193204543	1411.80004882813
1937.26119230198	1414.40002441406
1939.57976826962	1421.69995117188
1941.89766027402	1422.19995117188
1944.21486864062	1422.59997558594
1946.53139369472	1412.59997558594
1948.84723576137	1410.5
1951.16239516543	1409.80004882813
1953.47687223159	1406
1955.79066728434	1411.19995117188
1958.10378064794	1412.30004882813
1960.4162126465	1402
1962.7279636039	1407
1965.03903384385	1407.30004882813
1967.34942368987	1417.19995117188
1969.65913346524	1419.19995117188
1971.96816349311	1420.59997558594
1974.2765140964	1406
1976.58418559784	1401.80004882813
1978.89117831997	1403.90002441406
1981.19749258516	1423.40002441406
1983.50312871555	1420.09997558594
1985.80808703313	1416.80004882813
1988.11236785967	1409
1990.41597151676	1409
1992.71889832581	1422.59997558594
1995.02114860801	1409.80004882813
1997.3227226844	1420.40002441406
1999.62362087581	1405.40002441406
2001.92384350288	1417.59997558594
2004.22339088608	1407.69995117188
2006.52226334567	1413
2008.82046120173	1409.59997558594
2011.11798477417	1416.30004882813
2013.41483438269	1416.59997558594
2015.71101034681	1422.30004882813
2018.00651298588	1421
2020.30134261905	1404.40002441406
2022.59549956528	1414.90002441406
2024.88898414337	1408.90002441406
2027.1817966719	1414.19995117188
2029.4739374693	1411.09997558594
2031.76540685379	1417.69995117188
2034.05620514342	1411.69995117188
2036.34633265607	1405
2038.6357897094	1405.30004882813
2040.92457662092	1404.40002441406
2043.21269370795	1403.69995117188
2045.50014128763	1408.09997558594
2047.78691967691	1409
2050.07302919256	1401.19995117188
2052.35847015118	1405.80004882813
2054.64324286919	1398.59997558594
2056.9273476628	1402.5
2059.21078484808	1401.40002441406
2061.4935547409	1402.80004882813
2063.77565765696	1412.80004882813
2066.05709391176	1407.30004882813
2068.33786382065	1405.59997558594
2070.61796769879	1410.30004882813
2072.89740586116	1407.69995117188
2075.17617862255	1394
2077.45428629759	1414.30004882813
2079.73172920075	1398.80004882813
2082.00850764627	1403
2084.28462194827	1403.30004882813
2086.56007242065	1400.19995117188
2088.83485937717	1410.80004882813
2091.10898313139	1411.80004882813
2093.3824439967	1411.90002441406
2095.65524228632	1412.69995117188
2097.92737831328	1411.59997558594
2100.19885239047	1405.59997558594
2102.46966483057	1417.30004882813
2104.7398159461	1396.90002441406
2107.00930604941	1406.09997558594
2109.27813545267	1413.30004882813
2111.54630446787	1411.09997558594
2113.81381340685	1415.59997558594
2116.08066258126	1411.69995117188
2118.34685230257	1405.30004882813
2120.61238288211	1421.59997558594
2122.87725463099	1426.40002441406
2125.1414678602	1423.19995117188
2127.40502288052	1427.69995117188
2129.66792000257	1408.09997558594
2131.93015953682	1414.90002441406
2134.19174179353	1423
2136.45266708282	1414.69995117188
2138.71293571463	1406.09997558594
2140.97254799873	1420.69995117188
2143.23150424473	1421.5
2145.48980476205	1412.09997558594
2147.74744985996	1418.19995117188
2150.00443984754	1421.09997558594
2152.26077503373	1423.80004882813
2154.51645572728	1427.30004882813
2156.77148223677	1416.30004882813
2159.02585487064	1419.59997558594
2161.27957393713	1422.59997558594
2163.53263974432	1435.30004882813
2165.78505260012	1435.5
2168.0368128123	1418.40002441406
2170.28792068844	1408
2172.53837653595	1417.19995117188
2174.78818066207	1413.90002441406
2177.03733337389	1413.40002441406
2179.28583497833	1415.69995117188
2181.53368578214	1420.30004882813
2183.78088609192	1418.40002441406
2186.02743621406	1399.5
2188.27333645484	1406.30004882813
2190.51858712033	1407.5
2192.76318851646	1408.09997558594
2195.00714094901	1404.69995117188
2197.25044472354	1408.19995117188
2199.49310014551	1419.90002441406
2201.73510752018	1396.30004882813
2203.97646715265	1398.59997558594
2206.21717934786	1409.09997558594
2208.45724441058	1397.5
2210.69666264543	1402.09997558594
2212.93543435686	1401.30004882813
2215.17355984914	1394.80004882813
2217.41103942642	1383.69995117188
2219.64787339264	1403.40002441406
2221.8840620516	1390.19995117188
2224.11960570695	1411.90002441406
2226.35450466215	1390.19995117188
2228.58875922051	1392.69995117188
2230.82236968518	1397.40002441406
2233.05533635916	1399.90002441406
2235.28765954527	1404.5
2237.51933954617	1385.69995117188
2239.75037666437	1411.90002441406
2241.98077120221	1406
2244.21052346188	1410.69995117188
2246.4396337454	1391.59997558594
2248.66810235461	1404.90002441406
2250.89592959125	1413.30004882813
2253.12311575681	1398.40002441406
2255.34966115272	1394.30004882813
2257.57556608017	1405.19995117188
2259.80083084023	1399.59997558594
2262.02545573381	1397.90002441406
2264.24944106163	1388
2266.47278712429	1411.59997558594
2268.69549422221	1409.80004882813
2270.91756265564	1413.30004882813
2273.1389927247	1399.30004882813
2275.35978472934	1401.90002441406
2277.57993896933	1403.59997558594
2279.79945574431	1409.30004882813
2282.01833535375	1401.59997558594
2284.23657809696	1407.90002441406
2286.45418427309	1398.5
2288.67115418114	1403.19995117188
2290.88748811995	1415
2293.10318638819	1415
2295.3182492844	1410.80004882813
2297.53267710693	1416.30004882813
2299.746470154	1408.40002441406
2301.95962872364	1418.69995117188
2304.17215311376	1428.80004882813
2306.3840436221	1422.19995117188
2308.59530054621	1420.30004882813
2310.80592418354	1415.69995117188
2313.01591483134	1422.80004882813
2315.22527278673	1413.59997558594
2317.43399834666	1427.69995117188
2319.64209180791	1412.80004882813
2321.84955346713	1416.5
2324.05638362079	1410.59997558594
2326.26258256524	1398.09997558594
2328.46815059664	1406.19995117188
2330.67308801098	1413.69995117188
2332.87739510415	1413.69995117188
2335.08107217184	1396
2337.2841195096	1406.5
2339.48653741281	1409.19995117188
2341.68832617672	1400.80004882813
2343.8894860964	1408.19995117188
2346.09001746678	1404
2348.28992058261	1408.40002441406
2350.48919573852	1407.69995117188
2352.68784322898	1398.80004882813
2354.88586334826	1400.69995117188
2357.08325639055	1403.90002441406
2359.2800226498	1407.5
2361.47616241988	1398.30004882813
2363.67167599445	1395.5
2365.86656366706	1407.90002441406
2368.06082573107	1400.69995117188
2370.2544624797	1405
2372.44747420603	1395
2374.63986120295	1391
2376.83162376322	1405.19995117188
2379.02276217945	1398.5
2381.21327674408	1396.59997558594
2383.4031677494	1392.80004882813
2385.59243548756	1396.59997558594
2387.78108025053	1384.90002441406
2389.96910233014	1394
2392.15650201809	1389
2394.34327960587	1384.40002441406
2396.52943538486	1385.59997558594
2398.71496964628	1379.80004882813
2400.89988268118	1381.90002441406
2403.08417478048	1387.5
2405.26784623491	1391.19995117188
2407.45089733509	1387.90002441406
2409.63332837146	1383.80004882813
2411.81513963429	1382.80004882813
2413.99633141375	1388.09997558594
2416.1769039998	1395.80004882813
2418.35685768227	1380
2420.53619275084	1386
2422.71490949505	1387.59997558594
2424.89300820425	1393.69995117188
2427.07048916765	1393.5
2429.24735267433	1386.90002441406
2431.42359901319	1393.90002441406
2433.59922847297	1394.5
2435.7742413423	1385.90002441406
2437.94863790961	1388.40002441406
2440.12241846321	1385.09997558594
2442.29558329121	1378.90002441406
2444.46813268162	1400.40002441406
2446.64006692228	1391.19995117188
2448.81138630086	1388.30004882813
2450.98209110489	1370.09997558594
2453.15218162174	1389.80004882813
2455.32165813864	1385.69995117188
2457.49052094265	1397.5
2459.65877032069	1397.40002441406
2461.8264065595	1385.09997558594
2463.99342994572	1392.90002441406
2466.15984076579	1390
2468.325639306	1392.5
2470.49082585251	1391.30004882813
2472.65540069131	1400
2474.81936410824	1401.40002441406
2476.98271638899	1387.5
2479.14545781909	1395.40002441406
2481.30758868392	1381.09997558594
2483.4691092687	1396.80004882813
2485.63001985852	1385.59997558594
2487.79032073829	1387.59997558594
2489.95001219277	1380.59997558594
2492.10909450659	1392
2494.26756796419	1385.09997558594
2496.42543284989	1386.59997558594
2498.58268944783	1389.59997558594
2500.73933804202	1389.19995117188
2502.8953789163	1390.30004882813
2505.05081235436	1376
2507.20563863974	1388.19995117188
2509.35985805582	1390.40002441406
2511.51347088583	1395.59997558594
2513.66647741285	1396.80004882813
2515.81887791981	1395.19995117188
2517.97067268946	1398.40002441406
2520.12186200443	1397.40002441406
2522.27244614716	1394.90002441406
2524.42242539999	1388.09997558594
2526.57180004504	1397.5
2528.72057036433	1394.40002441406
2530.8687366397	1381.19995117188
2533.01629915284	1387
2535.16325818527	1370.19995117188
2537.30961401839	1399.59997558594
2539.45536693343	1381
2541.60051721145	1383.90002441406
2543.74506513338	1384.59997558594
2545.88901097997	1390.80004882813
2548.03235503185	1371.19995117188
2550.17509756946	1372.19995117188
2552.31723887311	1367.19995117188
2554.45877922293	1376.30004882813
2556.59971889893	1382.69995117188
2558.74005818094	1374.19995117188
2560.87979734864	1371.40002441406
2563.01893668155	1365.59997558594
2565.15747645906	1368.5
2567.29541696037	1367.69995117188
2569.43275846454	1370.59997558594
2571.56950125049	1373.30004882813
2573.70564559696	1378.40002441406
2575.84119178254	1381.09997558594
2577.97614008569	1372.69995117188
2580.11049078468	1373.80004882813
2582.24424415764	1366.40002441406
2584.37740048255	1370.69995117188
2586.50996003722	1372.80004882813
2588.64192309931	1392.90002441406
2590.77328994634	1378.09997558594
2592.90406085564	1375.5
2595.03423610442	1382.69995117188
2597.16381596971	1369.40002441406
2599.29280072839	1363.90002441406
2601.42119065719	1369.80004882813
2603.54898603267	1369.5
2605.67618713125	1382.59997558594
2607.80279422919	1366
2609.92880760257	1361.59997558594
2612.05422752735	1368.69995117188
2614.17905427932	1373.5
2616.30328813408	1366.09997558594
2618.42692936713	1382.69995117188
2620.54997825377	1383.40002441406
2622.67243506915	1371.90002441406
2624.79430008828	1380.69995117188
2626.915573586	1376
2629.03625583699	1369.80004882813
2631.15634711579	1376.90002441406
2633.27584769675	1377.19995117188
2635.39475785408	1384
2637.51307786185	1394.09997558594
2639.63080799394	1391.19995117188
2641.74794852409	1386
2643.86449972589	1398.19995117188
2645.98046187273	1388.5
2648.0958352379	1384.69995117188
2650.21062009449	1404.5
2652.32481671544	1392.69995117188
2654.43842537353	1400.09997558594
2656.5514463414	1401.69995117188
2658.66387989151	1411.80004882813
2660.77572629616	1406.19995117188
2662.88698582751	1419
2664.99765875753	1411.80004882813
2667.10774535806	1416.19995117188
2669.21724590076	1423.90002441406
2671.32616065714	1424.19995117188
2673.43448989857	1421.90002441406
2675.5422338962	1403.90002441406
2677.64939292108	1406.69995117188
2679.75596724408	1410.30004882813
2681.86195713589	1393.80004882813
2683.96736286707	1394.30004882813
2686.07218470799	1383.69995117188
2688.17642292889	1391
2690.28007779982	1380.69995117188
2692.38314959069	1369
2694.48563857123	1381.69995117188
2696.58754501103	1385.09997558594
2698.6888691795	1377.80004882813
2700.78961134588	1369.30004882813
2702.8897717793	1370.5
2704.98935074864	1360.69995117188
2707.08834852271	1381.90002441406
2709.18676537009	1380.90002441406
2711.28460155925	1361.59997558594
2713.38185735843	1379.90002441406
2715.47853303577	1371.59997558594
2717.57462885924	1365.69995117188
2719.67014509659	1366.59997558594
2721.76508201548	1365.30004882813
2723.85943988337	1360.09997558594
2725.95321896754	1363.09997558594
2728.04641953515	1370.09997558594
2730.13904185316	1356
2732.23108618837	1356.5
2734.32255280744	1365.5
2736.41344197683	1353.09997558594
2738.50375396288	1367.59997558594
2740.5934890317	1350.90002441406
2742.68264744932	1351.59997558594
2744.77122948153	1350
2746.85923539398	1355.69995117188
2748.94666545217	1350.59997558594
2751.03351992142	1353
2753.11979906688	1355.30004882813
2755.20550315355	1341.30004882813
2757.29063244624	1352.09997558594
2759.37518720963	1348.19995117188
2761.45916770819	1349.40002441406
2763.54257420625	1343.90002441406
2765.62540696797	1344.59997558594
2767.70766625733	1356.09997558594
2769.78935233816	1352.09997558594
2771.87046547413	1349.09997558594
2773.95100592869	1339.59997558594
2776.03097396519	1354.19995117188
2778.11036984677	1353.59997558594
2780.18919383641	1353.19995117188
2782.26744619693	1350.09997558594
2784.34512719097	1351.40002441406
2786.42223708102	1353
2788.49877612937	1360.19995117188
2790.57474459816	1356
2792.65014274937	1363.09997558594
2794.7249708448	1353.40002441406
2796.79922914607	1350.19995117188
2798.87291791465	1340.40002441406
2800.94603741181	1354.09997558594
2803.01858789869	1339.80004882813
2805.09056963623	1336.90002441406
2807.1619828852	1353.30004882813
2809.23282790621	1353.19995117188
2811.30310495971	1354
2813.37281430593	1348.5
2815.441956205	1358.59997558594
2817.51053091682	1345.59997558594
2819.57853870114	1353.80004882813
2821.64597981753	1343.30004882813
2823.7128545254	1345.40002441406
2825.77916308399	1347.40002441406
2827.84490575233	1354.19995117188
2829.91008278933	1345
2831.97469445369	1341.40002441406
2834.03874100395	1343.09997558594
2836.10222269847	1346.09997558594
2838.16513979544	1356
2840.22749255288	1357.80004882813
2842.28928122863	1355.5
2844.35050608034	1343.09997558594
2846.41116736553	1351.90002441406
2848.47126534149	1346.90002441406
2850.53080026537	1359.5
2852.58977239414	1351.69995117188
2854.64818198459	1358.09997558594
2856.70602929332	1363.09997558594
2858.76331457678	1356.5
2860.82003809123	1355.19995117188
2862.87620009274	1356.30004882813
2864.93180083723	1358.19995117188
2866.98684058043	1367.40002441406
2869.04131957789	1345
2871.09523808497	1363.40002441406
2873.14859635689	1367.30004882813
2875.20139464866	1357.80004882813
2877.2536332151	1356.90002441406
2879.30531231091	1363
2881.35643219054	1364.90002441406
2883.40699310831	1347.69995117188
2885.45699531834	1354.30004882813
2887.50643907457	1369
2889.55532463077	1357.09997558594
2891.60365224053	1366.80004882813
2893.65142215724	1370
2895.69863463414	1367.59997558594
2897.74528992426	1368.80004882813
2899.79138828046	1359.5
2901.83692995544	1360.59997558594
2903.88191520168	1351.69995117188
2905.92634427151	1366.40002441406
2907.97021741706	1360.09997558594
2910.01353489027	1364.59997558594
2912.05629694294	1359.90002441406
2914.09850382663	1368.69995117188
2916.14015579276	1373.40002441406
2918.18125309254	1375.5
2920.22179597702	1367.19995117188
2922.26178469705	1383.80004882813
2924.30121950329	1366.69995117188
2926.34010064624	1372
2928.37842837619	1369.80004882813
2930.41620294326	1366.40002441406
2932.45342459737	1362
2934.49009358828	1366.40002441406
2936.52621016555	1383.59997558594
2938.56177457854	1374.59997558594
2940.59678707645	1370.5
2942.63124790827	1366.59997558594
2944.66515732282	1363.30004882813
2946.69851556873	1354.19995117188
2948.73132289443	1362.09997558594
2950.76357954817	1359.09997558594
2952.79528577803	1352.5
2954.82644183188	1358.40002441406
2956.85704795741	1359.40002441406
2958.8871044021	1358.5
2960.91661141328	1351.59997558594
2962.94556923807	1351.09997558594
2964.97397812339	1353.69995117188
2967.00183831598	1361.69995117188
2969.0291500624	1351.90002441406
2971.05591360902	1349.09997558594
2973.08212920199	1355.90002441406
2975.1077970873	1351.40002441406
2977.13291751074	1344
2979.1574907179	1340.19995117188
2981.18151695419	1352.80004882813
2983.20499646482	1343.69995117188
2985.2279294948	1351.19995117188
2987.25031628898	1359.40002441406
2989.27215709199	1353
2991.29345214825	1342.30004882813
2993.31420170204	1343.40002441406
2995.33440599738	1344.90002441406
2997.35406527816	1338.30004882813
2999.37317978802	1347.5
3001.39174977045	1346
3003.40977546872	1348.59997558594
3005.42725712591	1355.90002441406
3007.44419498491	1349.09997558594
3009.4605892884	1340.19995117188
3011.47644027889	1346.5
3013.49174819865	1357
3015.5065132898	1351.90002441406
3017.52073579424	1345.80004882813
3019.53441595366	1345.59997558594
3021.54755400959	1354.5
3023.56015020332	1337.80004882813
3025.57220477598	1356.59997558594
3027.58371796846	1348.30004882813
3029.5946900215	1350.09997558594
3031.6051211756	1344.80004882813
3033.61501167107	1357.59997558594
3035.62436174803	1349.09997558594
3037.6331716464	1354.5
3039.64144160588	1348
3041.649171866	1335.30004882813
3043.65636266607	1340.5
3045.6630142452	1336.5
3047.66912684229	1343.5
3049.67470069605	1329
3051.679736045	1341.5
3053.68423312742	1329
3055.68819218143	1334.40002441406
3057.6916134449	1336.80004882813
3059.69449715556	1335.09997558594
3061.69684355086	1329.09997558594
3063.6986528681	1331.09997558594
3065.69992534437	1328.30004882813
3067.70066121653	1325
3069.70086072126	1317
3071.700524095	1323
3073.69965157405	1329.80004882813
3075.69824339442	1326.09997558594
3077.69629979197	1329
3079.69382100235	1325.40002441406
3081.69080726098	1334.5
3083.68725880307	1322.19995117188
3085.68317586366	1313.30004882813
3087.67855867755	1321.19995117188
3089.67340747933	1322.69995117188
3091.6677225034	1329.80004882813
3093.66150398392	1323.69995117188
3095.6547521549	1312.59997558594
3097.64746725006	1321.69995117188
3099.63964950297	1328
3101.63129914698	1329.80004882813
3103.6224164152	1336.80004882813
3105.61300154056	1318.80004882813
3107.60305475576	1320.69995117188
3109.59257629331	1328.09997558594
3111.58156638547	1326.80004882813
3113.57002526432	1320.69995117188
3115.55795316172	1326
3117.54535030932	1331.30004882813
3119.53221693853	1326.09997558594
3121.51855328057	1312.59997558594
3123.50435956646	1324.30004882813
3125.48963602698	1327.19995117188
3127.4743828927	1321.19995117188
3129.45860039397	1318.90002441406
3131.44228876093	1324.5
3133.42544822353	1326.59997558594
3135.40807901145	1319.40002441406
3137.39018135418	1322.80004882813
3139.37175548102	1328.5
3141.35280162101	1317.59997558594
3143.33332000299	1310.80004882813
3145.31331085559	1326.69995117188
3147.2927744072	1317
3149.27171088602	1317.40002441406
3151.25012052	1334.90002441406
3153.22800353689	1329.40002441406
3155.20536016422	1326.59997558594
3157.18219062929	1321.80004882813
3159.15849515918	1326.59997558594
3161.13427398075	1326.30004882813
3163.10952732066	1322.90002441406
3165.08425540532	1316.19995117188
3167.05845846092	1324.40002441406
3169.03213671344	1322.40002441406
3171.00529038863	1321.40002441406
3172.97791971203	1331.09997558594
3174.95002490893	1320.30004882813
3176.92160620443	1330.5
3178.89266382337	1320.09997558594
3180.8631979904	1321.19995117188
3182.83320892991	1319.90002441406
3184.80269686609	1314.30004882813
3186.77166202289	1322.69995117188
3188.74010462406	1316.80004882813
3190.70802489307	1325.09997558594
3192.67542305323	1317.5
3194.64229932757	1322.09997558594
3196.60865393892	1312.09997558594
3198.57448710987	1320.40002441406
3200.53979906279	1323.09997558594
3202.50459001981	1328.09997558594
3204.46886020284	1315.09997558594
3206.43260983356	1317.59997558594
3208.39583913341	1325.40002441406
3210.35854832362	1318.90002441406
3212.32073762517	1315.40002441406
3214.28240725881	1319.09997558594
3216.24355744508	1326.30004882813
3218.20418840426	1326.40002441406
3220.16430035642	1323.80004882813
3222.12389352137	1309.40002441406
3224.08296811873	1314.59997558594
3226.04152436784	1327.69995117188
3227.99956248784	1322.90002441406
3229.95708269762	1315.59997558594
3231.91408521584	1321.5
3233.87057026092	1333
3235.82653805105	1328.5
3237.78198880419	1310.69995117188
3239.73692273806	1331.40002441406
3241.69134007013	1327.40002441406
3243.64524101764	1327.69995117188
3245.59862579761	1317.90002441406
3247.55149462681	1323.19995117188
3249.50384772176	1322.80004882813
3251.45568529877	1318.5
3253.40700757387	1324
3255.35781476288	1323
3257.3081070814	1321.69995117188
3259.25788474473	1322
3261.20714796799	1316.59997558594
3263.15589696602	1320.30004882813
3265.10413195345	1321.40002441406
3267.05185314463	1316.59997558594
3268.9990607537	1313.30004882813
3270.94575499455	1318.5
3272.89193608081	1326.80004882813
3274.8376042259	1316.59997558594
3276.78275964296	1315.19995117188
3278.72740254492	1309.80004882813
3280.67153314443	1327
3282.61515165393	1312.19995117188
3284.55825828559	1323.5
3286.50085325135	1317.69995117188
3288.44293676289	1319
3290.38450903165	1314.30004882813
3292.32557026883	1312.80004882813
3294.26612068537	1318.90002441406
3296.20616049198	1315.80004882813
3298.14568989911	1319.09997558594
3300.08470911695	1314
3302.02321835546	1313.90002441406
3303.96121782435	1322.90002441406
3305.89870773306	1310.69995117188
3307.83568829081	1317.80004882813
3309.77215970655	1322
3311.70812218898	1305.40002441406
3313.64357594655	1324.69995117188
3315.57852118747	1322.40002441406
3317.51295811968	1322.90002441406
3319.44688695087	1317.90002441406
3321.38030788849	1312.19995117188
3323.31322113973	1325.90002441406
3325.24562691152	1319.90002441406
3327.17752541055	1320
3329.10891684322	1322.5
3331.03980141573	1316.90002441406
3332.97017933399	1311.80004882813
3334.90005080364	1317.90002441406
3336.82941603011	1314.69995117188
3338.75827521852	1309.59997558594
3340.68662857377	1310.40002441406
3342.6144763005	1321.19995117188
3344.54181860308	1312.80004882813
3346.46865568561	1319.09997558594
3348.39498775195	1304.69995117188
3350.32081500571	1310.40002441406
3352.24613765022	1320.30004882813
3354.17095588855	1323.30004882813
3356.09526992352	1313.19995117188
3358.01907995769	1311.5
3359.94238619334	1317.5
3361.86518883251	1314.80004882813
3363.78748807697	1316
3365.70928412823	1319.69995117188
3367.63057718752	1320.69995117188
3369.55136745582	1311
3371.47165513386	1311.5
3373.39144042208	1313.80004882813
3375.31072352066	1316.69995117188
3377.22950462953	1321.59997558594
3379.14778394834	1322.69995117188
3381.06556167648	1315.40002441406
3382.98283801308	1311.5
3384.89961315697	1308.30004882813
3386.81588730676	1307.69995117188
3388.73166066076	1319.5
3390.64693341702	1305.19995117188
3392.56170577332	1308.90002441406
3394.47597792716	1310.69995117188
3396.38975007581	1308.69995117188
3398.30302241623	1307.19995117188
3400.21579514512	1311.59997558594
3402.1280684589	1309.30004882813
3404.03984255374	1315.09997558594
3405.95111762553	1313.09997558594
3407.86189386987	1311.90002441406
3409.77217148212	1320.09997558594
3411.68195065733	1312.09997558594
3413.5912315903	1308.90002441406
3415.50001447556	1312.30004882813
3417.40829950735	1306.59997558594
3419.31608687963	1315.5
3421.22337678611	1307.80004882813
3423.1301694202	1312.09997558594
3425.03646497504	1315.69995117188
3426.9422636435	1307
3428.84756561816	1309.09997558594
3430.75237109135	1305.09997558594
3432.65668025508	1309.59997558594
3434.56049330112	1315
3436.46381042093	1310.5
3438.36663180571	1306.80004882813
3440.26895764638	1303.09997558594
3442.17078813357	1298.69995117188
3444.07212345762	1301.80004882813
3445.97296380863	1312.69995117188
3447.87330937636	1304.19995117188
3449.77316035033	1310.30004882813
3451.67251691977	1313
3453.57137927361	1310.19995117188
3455.46974760052	1307
3457.36762208886	1297.09997558594
3459.26500292671	1299.90002441406
3461.16189030191	1309.40002441406
3463.05828440194	1308
3464.95418541406	1300.59997558594
3466.84959352519	1298.09997558594
3468.74450892201	1299.09997558594
3470.63893179088	1301.19995117188
3472.53286231788	1308.80004882813
3474.42630068881	1304.90002441406
3476.31924708918	1304.5
3478.2117017042	1301.5
3480.1036647188	1302.69995117188
3481.99513631761	1304.40002441406
3483.88611668498	1313.19995117188
3485.77660600498	1300
3487.66660446135	1298.40002441406
3489.55611223758	1302.5
3491.44512951683	1298.90002441406
3493.333656482	1296.30004882813
3495.22169331568	1290.69995117188
3497.10924020016	1294.30004882813
3498.99629731746	1298.30004882813
3500.88286484927	1298.5
3502.76894297702	1294.80004882813
3504.65453188182	1303.40002441406
3506.53963174449	1301
3508.42424274555	1295.69995117188
3510.30836506524	1294.19995117188
3512.19199888349	1304.30004882813
3514.07514437992	1299.59997558594
3515.95780173387	1297.40002441406
3517.83997112437	1292.59997558594
3519.72165273016	1303.5
3521.60284672967	1292
3523.48355330104	1298.69995117188
3525.36377262208	1294.5
3527.24350487035	1288.09997558594
3529.12275022306	1279.80004882813
3531.00150885715	1295.19995117188
3532.87978094923	1291.90002441406
3534.75756667562	1281.40002441406
3536.63486621235	1294.30004882813
3538.51167973512	1293.09997558594
3540.38800741934	1295
3542.26384944011	1285.69995117188
3544.13920597223	1288.90002441406
3546.01407719018	1286.09997558594
3547.88846326815	1296.40002441406
3549.76236438002	1282.40002441406
3551.63578069934	1281.30004882813
3553.50871239938	1291.5
3555.38115965309	1289.30004882813
3557.25312263311	1282.19995117188
3559.12460151177	1286.90002441406
3560.99559646109	1276.69995117188
3562.86610765279	1275.90002441406
3564.73613525825	1286.90002441406
3566.60567944857	1280.09997558594
3568.47474039453	1289.5
3570.34331826658	1281.30004882813
3572.21141323487	1273.40002441406
3574.07902546925	1283.30004882813
3575.94615513922	1278.69995117188
3577.81280241401	1277
3579.67896746249	1283
3581.54465045325	1279.90002441406
3583.40985155455	1278.90002441406
3585.27457093432	1281.40002441406
3587.1388087602	1282.80004882813
3589.00256519949	1285.90002441406
3590.86584041919	1294.5
3592.72863458597	1283.90002441406
3594.59094786618	1280.90002441406
3596.45278042585	1286.5
3598.31413243069	1281.80004882813
3600.17500404611	1285.80004882813
3602.03539543717	1284.59997558594
3603.89530676861	1286.69995117188
3605.75473820488	1276
3607.61368991007	1285.19995117188
3609.47216204797	1285.80004882813
3611.33015478203	1283.5
3613.18766827539	1273.5
3615.04470269087	1281.90002441406
3616.90125819094	1277.90002441406
3618.75733493776	1280.69995117188
3620.61293309318	1276.80004882813
3622.46805281869	1284.40002441406
3624.32269427547	1281.80004882813
3626.17685762439	1276.59997558594
3628.03054302596	1282.80004882813
3629.88375064038	1282
3631.73648062751	1274.19995117188
3633.5887331469	1274.40002441406
3635.44050835775	1272.09997558594
3637.29180641893	1272
3639.14262748899	1280.19995117188
3640.99297172614	1277.59997558594
3642.84283928828	1274.40002441406
3644.69223033294	1279.90002441406
3646.54114501734	1272.5
3648.38958349836	1276.19995117188
3650.23754593256	1277.09997558594
3652.08503247614	1279.5
3653.93204328497	1270.90002441406
3655.77857851462	1268.80004882813
3657.62463832028	1270.09997558594
3659.47022285682	1265.80004882813
3661.31533227877	1276.19995117188
3663.15996674033	1276.5
3665.00412639535	1270.59997558594
3666.84781139736	1266.69995117188
3668.69102189953	1266.90002441406
3670.5337580547	1273.09997558594
3672.37602001537	1268.90002441406
3674.21780793368	1267.40002441406
3676.05912196148	1276.59997558594
3677.89996225021	1275.5
3679.74032895103	1259.90002441406
3681.58022221471	1265.90002441406
3683.41964219171	1263.09997558594
3685.25858903211	1264.30004882813
3687.0970628857	1274.69995117188
3688.93506390186	1267.90002441406
3690.77259222968	1270.19995117188
3692.60964801787	1275.80004882813
3694.44623141481	1263.59997558594
3696.28234256853	1256.30004882813
3698.11798162669	1268
3699.95314873665	1257
3701.78784404537	1268.80004882813
3703.62206769951	1257.90002441406
3705.45581984533	1264
3707.28910062877	1261.80004882813
3709.12191019542	1271.59997558594
3710.95424869052	1262.90002441406
3712.78611625894	1267.30004882813
3714.6175130452	1271.19995117188
3716.44843919349	1262.5
3718.27889484764	1261.59997558594
3720.1088801511	1260.59997558594
3721.93839524699	1263.40002441406
3723.76744027808	1265
3725.59601538677	1257.5
3727.4241207151	1266.09997558594
