40.2973356941271	1130.69995117188
43.2236257608418	1130.09997558594
46.1488808466109	1130.59997558594
49.0731017336173	1130.09997558594
51.9962892025666	1129
54.9184440327569	1130.80004882813
57.8395670020446	1133.09997558594
60.7596588868509	1135
63.6787204621708	1138.69995117188
66.5967525015794	1140.69995117188
69.5137557772381	1144.80004882813
72.4297310598838	1145.59997558594
75.3446791188512	1155.19995117188
78.2586007220466	1165.59997558594
81.1714966360015	1168.80004882813
84.0833676258266	1186.40002441406
86.994214455242	1199.90002441406
89.9040378865662	1218.19995117188
92.8128386807427	1241.59997558594
95.7206175973133	1254.40002441406
98.6273753944444	1259.90002441406
101.533112828928	1266.30004882813
104.437830656161	1275
107.34152963018	1280.90002441406
110.244210503676	1275.09997558594
113.145874027931	1272
116.046520952895	1266.59997558594
118.946152027154	1267.80004882813
121.844767997933	1273.40002441406
124.74236961111	1260.80004882813
127.638957611212	1276.90002441406
130.534532741422	1266.19995117188
133.429095743606	1280.19995117188
136.322647358252	1270.69995117188
139.215188324544	1270.09997558594
142.106719380311	1269.5
144.997241262089	1277.69995117188
147.886754705057	1275.59997558594
150.775260443096	1278.30004882813
153.662759208748	1280.40002441406
156.549251733282	1289
159.434738746612	1270.59997558594
162.319220977376	1277.19995117188
165.20269915289	1277.90002441406
168.085173999178	1291.59997558594
170.966646240977	1276.5
173.847116601709	1282.5
176.726585803528	1276
179.605054567295	1275.30004882813
182.48252361259	1269.80004882813
185.358993657701	1278.69995117188
188.234465419645	1275.80004882813
191.108939614183	1274.09997558594
193.982416955795	1279.69995117188
196.854898157687	1266.09997558594
199.726383931801	1266.80004882813
202.596874988835	1282.90002441406
205.466372038225	1282.5
208.334875788145	1283.59997558594
211.202386945534	1273.90002441406
214.068906216069	1275.30004882813
216.934434304194	1278.90002441406
219.798971913111	1286
222.662519744776	1279.30004882813
225.525078499925	1279.69995117188
228.386648878069	1272.40002441406
231.247231577465	1281.69995117188
234.106827295172	1278.69995117188
236.965436727012	1274.30004882813
239.823060567597	1281.09997558594
242.679699510337	1276.80004882813
245.535354247396	1283.40002441406
248.390025469775	1274.90002441406
251.243713867223	1275.90002441406
254.096420128327	1274.59997558594
256.948144940459	1272.80004882813
259.798888989788	1287.40002441406
262.648652961315	1278.5
265.49743753883	1275.59997558594
268.345243404939	1282.90002441406
271.192071241073	1279.5
274.037921727485	1283.59997558594
276.882795543246	1282.69995117188
279.72669336624	1285.09997558594
282.569615873213	1287.59997558594
285.411563739724	1286.90002441406
288.252537640165	1284.19995117188
291.092538247763	1284.09997558594
293.931566234616	1284.90002441406
296.769622271633	1293.69995117188
299.606707028594	1297.09997558594
302.442821174104	1286.90002441406
305.277965375652	1281.90002441406
308.112140299574	1288.40002441406
310.945346611062	1293.5
313.777584974167	1295.90002441406
316.608856051813	1288.30004882813
319.439160505797	1290.80004882813
322.268498996783	1287.59997558594
325.096872184303	1299.30004882813
327.924280726782	1285.90002441406
330.750725281521	1283.90002441406
333.576206504693	1295.09997558594
336.400725051388	1289.69995117188
339.224281575542	1286.59997558594
342.046876730026	1291
344.868511166586	1286.09997558594
347.689185535872	1298.90002441406
350.508900487421	1283.30004882813
353.327656669699	1290.69995117188
356.145454730079	1288.59997558594
358.962295314817	1286.59997558594
361.778179069105	1280.80004882813
364.593106637051	1283.30004882813
367.407078661675	1298.69995117188
370.220095784913	1284.59997558594
373.032158647655	1290.80004882813
375.843267889676	1290.5
378.653424149715	1288.80004882813
381.462628065436	1292.40002441406
384.270880273432	1292.19995117188
387.078181409254	1291.69995117188
389.884532107358	1295.40002441406
392.689933001188	1295.30004882813
395.494384723112	1295.59997558594
398.29788790445	1303.40002441406
401.100443175488	1299.19995117188
403.902051165437	1300.90002441406
406.702712502518	1296.59997558594
409.502427813866	1301.30004882813
412.301197725607	1303.09997558594
415.099022862823	1298.40002441406
417.89590384957	1302.40002441406
420.691841308876	1304.30004882813
423.486835862752	1299.40002441406
426.280888132173	1290.30004882813
429.073998737112	1295.69995117188
431.866168296507	1292
434.657397428298	1301.5
437.447686749412	1298.59997558594
440.237036875762	1294.59997558594
443.025448422257	1302.69995117188
445.812922002813	1294.90002441406
448.599458230326	1301.09997558594
451.38505771672	1289.40002441406
454.169721072909	1297.40002441406
456.953448908819	1291.09997558594
459.736241833384	1292.59997558594
462.518100454555	1297.59997558594
465.2990253793	1303.59997558594
468.079017213605	1297.69995117188
470.858076562476	1301.80004882813
473.636204029939	1304.90002441406
476.41340021906	1303.09997558594
479.189665731938	1296.5
481.965001169667	1300.40002441406
484.739407132419	1299.19995117188
487.512884219391	1299.09997558594
490.285433028796	1301.30004882813
493.057054157921	1293
495.827748203087	1297.40002441406
498.597515759658	1302.5
501.366357422061	1306.09997558594
504.134273783759	1305.59997558594
506.901265437278	1294.90002441406
509.66733297421	1298.80004882813
512.432476985198	1309.59997558594
515.196698059945	1308
517.959996787225	1302.80004882813
520.722373754895	1296.69995117188
523.483829549856	1309.5
526.24436475811	1304.5
529.003979964696	1297.80004882813
531.762675753779	1301.09997558594
534.520452708569	1307.40002441406
537.277311411375	1302
540.03325244359	1298.90002441406
542.788276385682	1294.40002441406
545.54238381725	1296.09997558594
548.295575316938	1302.09997558594
551.047851462516	1310.19995117188
553.799212830831	1304.30004882813
556.549659997851	1297
559.299193538643	1304.30004882813
562.047814027381	1295.40002441406
564.795522037318	1296.5
567.542318140861	1306.59997558594
570.288202909507	1297.59997558594
573.033176913873	1304.40002441406
575.7772407237	1302.19995117188
578.520394907829	1307.69995117188
581.26264003424	1293.80004882813
584.003976670046	1302.69995117188
586.744405381469	1297.90002441406
589.483926733869	1302.19995117188
592.222541291746	1305.59997558594
594.96024961872	1301.80004882813
597.697052277563	1310.30004882813
600.432949830166	1294.30004882813
603.167942837587	1311.19995117188
605.902031860012	1310.30004882813
608.635217456783	1305.09997558594
611.367500186378	1299
614.098880606429	1302.40002441406
616.82935927374	1304.5
619.558936744248	1308.90002441406
622.287613573072	1320.40002441406
625.015390314457	1306
627.742267521848	1308.5
630.468245747829	1312.5
633.193325544166	1304.5
635.917507461792	1301.30004882813
638.640792050804	1302.19995117188
641.36317986048	1307.5
644.084671439281	1297.5
646.805267334845	1308
649.524968093967	1308.09997558594
652.24377426266	1303.80004882813
654.961686386106	1310.59997558594
657.678705008678	1310.59997558594
660.394830673939	1304.90002441406
663.110063924628	1307.09997558594
665.824405302728	1308.40002441406
668.537855349351	1304.90002441406
671.250414604863	1303
673.962083608812	1308.09997558594
676.672862899949	1316.90002441406
679.382753016218	1304.30004882813
682.091754494801	1306.59997558594
684.799867872061	1309.59997558594
687.507093683595	1311.5
690.213432464198	1319.80004882813
692.918884747899	1312.80004882813
695.623451067937	1300.19995117188
698.327131956755	1318.19995117188
701.029927946065	1312.80004882813
703.731839566754	1316.69995117188
706.43286734896	1306.90002441406
709.133011822067	1315.5
711.832273514658	1305.40002441406
714.53065295457	1304.30004882813
717.228150668879	1317.40002441406
719.924767183889	1305.59997558594
722.620503025148	1316.59997558594
725.315358717446	1316.09997558594
728.009334784827	1302.90002441406
730.702431750559	1321.40002441406
733.394650137188	1326.69995117188
736.085990466498	1310.80004882813
738.776453259519	1305.69995117188
741.466039036542	1313.90002441406
744.154748317125	1317.90002441406
746.842581620074	1305.69995117188
749.529539463458	1308.09997558594
752.215622364608	1325.59997558594
754.900830840131	1318.09997558594
757.585165405892	1308.40002441406
760.26862657703	1308.80004882813
762.951214867957	1308.90002441406
765.632930792356	1314
768.313774863181	1316.09997558594
770.993747592673	1310.19995117188
773.672849492359	1315.90002441406
776.351081073017	1321.59997558594
779.028442844757	1306.5
781.704935316928	1326
784.380558998208	1312.30004882813
787.055314396528	1319.19995117188
789.729202019141	1313.80004882813
792.402222372581	1309.80004882813
795.074375962669	1307
797.745663294537	1316.80004882813
800.416084872622	1319.30004882813
803.085641200652	1318.90002441406
805.754332781664	1315.80004882813
808.422160117986	1309.69995117188
811.089123711292	1309.5
813.75522406252	1313.5
816.420461671951	1319.59997558594
819.084837039164	1316.40002441406
821.748350663067	1324.09997558594
824.411003041866	1320.59997558594
827.072794673116	1321.09997558594
829.733726053668	1324.90002441406
832.39379767971	1308.69995117188
835.05301004674	1325.30004882813
837.711363649601	1313.90002441406
840.368858982457	1322.90002441406
843.025496538805	1331.5
845.681276811467	1325.40002441406
848.336200292618	1330
850.99026747375	1327.09997558594
853.643478845713	1320.40002441406
856.29583489868	1335.09997558594
858.947336122176	1319.09997558594
861.59798300506	1334.80004882813
864.247776035556	1332.19995117188
866.896715701222	1327.40002441406
869.544802488959	1338.80004882813
872.192036885046	1333.19995117188
874.838419375087	1339.80004882813
877.483950444054	1342.40002441406
880.128630576285	1328.09997558594
882.772460255461	1332.90002441406
885.415439964628	1326.09997558594
888.057570186211	1317.59997558594
890.698851401966	1335.69995117188
893.339284093045	1332.30004882813
895.978868739961	1326.40002441406
898.617605822596	1320.69995117188
901.255495820196	1318.5
903.892539211396	1326
906.528736474184	1332.69995117188
909.164088085949	1332.59997558594
911.798594523442	1322.19995117188
914.432256262804	1327.19995117188
917.065073779549	1327.90002441406
919.697047548589	1328.59997558594
922.328178044212	1334.80004882813
924.9584657401	1326.40002441406
927.587911109317	1340.09997558594
930.216514624317	1338
932.844276756963	1340.69995117188
935.471197978488	1336.5
938.097278759538	1332.59997558594
940.722519570163	1340.19995117188
943.346920879798	1336.5
945.97048315729	1348.80004882813
948.593206870885	1341.90002441406
951.215092488219	1350
953.836140476366	1356.90002441406
956.456351301787	1365.80004882813
959.07572543037	1371.19995117188
961.694263327369	1366.5
964.311965457521	1376.30004882813
966.928832284933	1357
969.544864273135	1356.69995117188
972.160061885076	1356.30004882813
974.774425583129	1354.90002441406
977.387955829099	1362.5
980.000653084196	1347
982.612517809061	1350
985.223550463768	1348.5
987.833751507819	1362.69995117188
990.443121400135	1368.09997558594
993.051660599081	1353.19995117188
995.659369562449	1367.59997558594
998.266248747469	1384.40002441406
1000.87229861081	1404.90002441406
1003.47751960857	1410.80004882813
1006.0819121963	1424.19995117188
1008.68547682897	1432.09997558594
1011.28821396104	1422.30004882813
1013.89012404635	1400.09997558594
1016.49120753824	1392.5
1019.09146488947	1377.90002441406
1021.69089655226	1358.5
1024.28950297827	1361.90002441406
1026.88728461863	1354.90002441406
1029.48424192392	1362.80004882813
1032.08037534416	1349.69995117188
1034.67568532886	1355.19995117188
1037.27017232694	1355.80004882813
1039.86383678682	1351.5
1042.45667915637	1349.09997558594
1045.04869988293	1348
1047.6398994133	1357.69995117188
1050.23027819374	1363.40002441406
1052.81983666998	1343.59997558594
1055.40857528724	1362.40002441406
1057.99649449018	1368.80004882813
1060.58359472296	1355.19995117188
1063.1698764292	1354.80004882813
1065.755340052	1348.69995117188
1068.33998603393	1345.80004882813
1070.92381481706	1351.69995117188
1073.50682684291	1367.19995117188
1076.08902255251	1358.59997558594
1078.67040238637	1359.5
1081.25096678445	1355.40002441406
1083.83071618624	1361.5
1086.4096510307	1354.19995117188
1088.98777175629	1356.69995117188
1091.56507880094	1352.59997558594
1094.14157260208	1354
1096.71725359664	1355
1099.29212222106	1374.80004882813
1101.86617891125	1364.30004882813
1104.43942410262	1361.30004882813
1107.01185823011	1363.80004882813
1109.58348172812	1355.19995117188
1112.15429503057	1366.40002441406
1114.7242985709	1366.69995117188
1117.29349278203	1365.5
1119.86187809642	1376.90002441406
1122.42945494599	1374.59997558594
1124.99622376222	1384.69995117188
1127.56218497606	1368.69995117188
1130.12733901801	1381.40002441406
1132.69168631804	1397
1135.25522730568	1393
1137.81796240995	1409.59997558594
1140.37989205941	1427
1142.9410166821	1436
1145.50133670561	1449.19995117188
1148.06085255708	1489.5
1150.61956466311	1541.59997558594
1153.17747344987	1587.59997558594
1155.73457934305	1632.90002441406
1158.29088276786	1659.90002441406
1160.84638414903	1619.80004882813
1163.40108391085	1572.19995117188
1165.95498247711	1509.59997558594
1168.50808027116	1454.5
1171.06037771587	1451.5
1173.61187523364	1418.80004882813
1176.16257324643	1413.80004882813
1178.71247217573	1411.5
1181.26157244255	1410.5
1183.80987446746	1403.80004882813
1186.35737867059	1408
1188.90408547157	1409.59997558594
1191.44999528961	1414.40002441406
1193.99510854347	1436.90002441406
1196.53942565142	1414.40002441406
1199.08294703133	1425.30004882813
1201.62567310057	1407.19995117188
1204.16760427611	1394.80004882813
1206.70874097445	1391.90002441406
1209.24908361163	1387.80004882813
1211.78863260327	1380.40002441406
1214.32738836454	1384.40002441406
1216.86535131017	1384
1219.40252185445	1380.59997558594
1221.93890041121	1380.90002441406
1224.47448739389	1370.69995117188
1227.00928321544	1374.59997558594
1229.54328828842	1361.69995117188
1232.07650302491	1388.5
1234.60892783662	1370.80004882813
1237.14056313477	1379.80004882813
1239.67140933017	1379.30004882813
1242.2014668332	1375.30004882813
1244.73073605384	1379.5
1247.25921740159	1380.69995117188
1249.78691128558	1382.40002441406
1252.31381811448	1378.09997558594
1254.83993829655	1392.09997558594
1257.36527223962	1390.80004882813
1259.88982035112	1393.40002441406
1262.41358303803	1388.40002441406
1264.93656070696	1397
1267.45875376405	1401.40002441406
1269.98016261505	1391.5
1272.50078766531	1396.69995117188
1275.02062931974	1421.69995117188
1277.53968798285	1413.90002441406
1280.05796405875	1398.90002441406
1282.57545795112	1396.69995117188
1285.09217006325	1402.90002441406
1287.60810079802	1406.30004882813
1290.12325055788	1395.90002441406
1292.63761974492	1390.59997558594
1295.15120876079	1406.69995117188
1297.66401800676	1399.80004882813
1300.17604788367	1394.5
1302.687298792	1394.30004882813
1305.19777113181	1387.09997558594
1307.70746530274	1384.40002441406
1310.21638170408	1386.09997558594
1312.7245207347	1397.90002441406
1315.23188279307	1384.40002441406
1317.73846827728	1392.90002441406
1320.24427758502	1404.40002441406
1322.74931111359	1387.5
1325.25356925991	1402.80004882813
1327.75705242051	1386.19995117188
1330.25976099151	1373.90002441406
1332.76169536868	1393.5
1335.26285594737	1379.30004882813
1337.76324312256	1389.19995117188
1340.26285728887	1384.40002441406
1342.76169884052	1384.09997558594
1345.25976817132	1383.80004882813
1347.75706567474	1375.5
1350.25359174387	1378.69995117188
1352.74934677141	1384.09997558594
1355.24433114968	1386.80004882813
1357.73854527062	1389
1360.23198952583	1379.80004882813
1362.7246643065	1387.5
1365.21657000347	1394.40002441406
1367.7077070072	1388
1370.19807570777	1386.09997558594
1372.68767649492	1383.19995117188
1375.176509758	1385.90002441406
1377.66457588599	1389.59997558594
1380.15187526753	1385.69995117188
1382.63840829087	1389.59997558594
1385.1241753439	1395.09997558594
1387.60917681417	1391.80004882813
1390.09341308884	1392.19995117188
1392.57688455474	1392.19995117188
1395.05959159829	1394.09997558594
1397.54153460562	1392.40002441406
1400.02271396243	1381.19995117188
1402.50313005414	1383.90002441406
1404.98278326576	1391.40002441406
1407.46167398196	1378.09997558594
1409.93980258707	1385.19995117188
1412.41716946504	1394.5
1414.89377499951	1396.5
1417.36961957373	1393
1419.84470357062	1399.19995117188
1422.31902737275	1402.19995117188
1424.79259136235	1395
1427.26539592129	1395.40002441406
1429.73744143111	1397.30004882813
1432.20872827299	1411.19995117188
1434.67925682777	1398
1437.14902747597	1407.69995117188
1439.61804059773	1410.59997558594
1442.0862965729	1409.5
1444.55379578093	1418.09997558594
1447.02053860099	1425.59997558594
1449.48652541188	1415.80004882813
1451.95175659206	1411.59997558594
1454.41623251969	1424.09997558594
1456.87995357255	1425.09997558594
1459.34292012811	1418.40002441406
1461.80513256351	1405.09997558594
1464.26659125557	1404.80004882813
1466.72729658073	1412.5
1469.18724891517	1418.80004882813
1471.64644863469	1420.40002441406
1474.10489611478	1416.5
1476.5625917306	1421.69995117188
1479.01953585699	1414.69995117188
1481.47572886844	1412.59997558594
1483.93117113917	1423.09997558594
1486.38586304302	1430.90002441406
1488.83980495354	1435.80004882813
1491.29299724395	1434.90002441406
1493.74544028715	1448.09997558594
1496.19713445573	1463.40002441406
1498.64808012193	1472.30004882813
1501.09827765772	1479.69995117188
1503.54772743471	1521.40002441406
1505.99642982421	1549.80004882813
1508.44438519723	1593.59997558594
1510.89159392446	1660.90002441406
1513.33805637625	1717.09997558594
1515.78377292266	1752.19995117188
1518.22874393346	1755.69995117188
1520.67296977806	1734.30004882813
1523.11645082559	1720.90002441406
1525.55918744488	1648.80004882813
1528.00118000444	1598.30004882813
1530.44242887245	1550.30004882813
1532.88293441684	1502
1535.32269700517	1468.90002441406
1537.76171700475	1454.30004882813
1540.19999478255	1438.19995117188
1542.63753070526	1431
1545.07432513925	1433.59997558594
1547.5103784506	1431.19995117188
1549.94569100509	1420.59997558594
1552.38026316819	1408.59997558594
1554.8140953051	1417.69995117188
1557.24718778067	1421.90002441406
1559.67954095952	1418.80004882813
1562.11115520592	1406.19995117188
1564.54203088386	1408.19995117188
1566.97216835704	1425
1569.40156798888	1413.30004882813
1571.83023014248	1413.19995117188
1574.25815518067	1414.19995117188
1576.68534346597	1409.19995117188
1579.11179536062	1409.19995117188
1581.53751122658	1423.59997558594
1583.9624914255	1413.09997558594
1586.38673631876	1421
1588.81024626745	1394.69995117188
1591.23302163235	1406.30004882813
1593.655062774	1412.90002441406
1596.07637005262	1415.40002441406
1598.49694382815	1419
1600.91678446025	1410.30004882813
1603.33589230831	1409.09997558594
1605.75426773142	1397
1608.1719110884	1404
1610.58882273779	1407.09997558594
1613.00500303784	1411.40002441406
1615.42045234654	1405.90002441406
1617.83517102158	1408.09997558594
1620.24915942039	1413.19995117188
1622.66241790012	1405.90002441406
1625.07494681764	1406.80004882813
1627.48674652954	1399.40002441406
1629.89781739216	1398.69995117188
1632.30815976152	1411.80004882813
1634.71777399343	1401.09997558594
1637.12666044338	1424.40002441406
1639.53481946661	1396.90002441406
1641.94225141808	1414.30004882813
1644.34895665248	1406.19995117188
1646.75493552424	1400.30004882813
1649.16018838752	1404.90002441406
1651.56471559621	1416
1653.96851750392	1415.5
1656.37159446403	1414
1658.7739468296	1417.40002441406
1661.17557495349	1409.69995117188
1663.57647918824	1409.19995117188
1665.97665988617	1409.5
1668.37611739929	1406.5
1670.77485207939	1406.69995117188
1673.17286427799	1393.30004882813
1675.57015434633	1413.5
1677.96672263542	1395
1680.36256949598	1404.30004882813
1682.7576952785	1402.59997558594
1685.15210033318	1416.90002441406
1687.54578501	1410.19995117188
1689.93874965866	1397
1692.33099462861	1400.59997558594
1694.72252026904	1399.80004882813
1697.11332692889	1406.09997558594
1699.50341495686	1402.19995117188
1701.89278470137	1399.69995117188
1704.28143651061	1401.69995117188
1706.66937073251	1402.90002441406
1709.05658771473	1392.30004882813
1711.44308780473	1390
1713.82887134968	1398.09997558594
1716.21393869648	1407.09997558594
1718.59829019185	1403.69995117188
1720.98192618221	1394.90002441406
1723.36484701374	1400.5
1725.74705303238	1405
1728.12854458384	1400.40002441406
1730.50932201356	1394.69995117188
1732.88938566673	1399.59997558594
1735.26873588834	1404
1737.64737302307	1409.90002441406
1740.02529741544	1399.19995117188
1742.40250940964	1405.30004882813
1744.77900934969	1399.09997558594
1747.15479757933	1400.59997558594
1749.52987444206	1390.80004882813
1751.90424028116	1400.30004882813
1754.27789543967	1388.5
1756.65084026037	1401.90002441406
1759.02307508582	1401.5
1761.39460025833	1394.59997558594
1763.76541612	1405.09997558594
1766.13552301265	1402.40002441406
1768.50492127791	1400.90002441406
1770.87361125714	1410.59997558594
1773.2415932915	1390.90002441406
1775.60886772188	1398.69995117188
1777.97543488896	1408.30004882813
1780.34129513318	1394.69995117188
1782.70644879475	1398.5
1785.07089621365	1394
1787.43463772964	1399.59997558594
1789.7976736822	1403
1792.16000441066	1401.80004882813
1794.52163025405	1398.59997558594
1796.88255155121	1395.40002441406
1799.24276864074	1390.40002441406
1801.60228186102	1386.80004882813
1803.96109155019	1397.69995117188
1806.31919804618	1402.40002441406
1808.67660168668	1402.5
1811.03330280916	1398
1813.38930175088	1403.40002441406
1815.74459884884	1390.09997558594
1818.09919443984	1395.90002441406
1820.45308886047	1394.19995117188
1822.80628244708	1401.30004882813
1825.1587755358	1402.59997558594
1827.51056846254	1401.5
1829.86166156297	1390.30004882813
1832.21205517258	1397.69995117188
1834.56174962661	1397
1836.91074526009	1399.69995117188
1839.25904240783	1395.59997558594
1841.60664140443	1387.30004882813
1843.95354258425	1397.09997558594
1846.29974628146	1400.80004882813
1848.64525282998	1394.19995117188
1850.99006256356	1398.5
1853.3341758157	1389.90002441406
1855.67759291968	1402.90002441406
1858.02031420858	1406.69995117188
1860.36234001528	1412.30004882813
1862.70367067241	1385.59997558594
1865.04430651244	1394.90002441406
1867.38424786755	1395.80004882813
1869.72349506978	1390.80004882813
1872.06204845094	1396.69995117188
1874.39990834258	1393.09997558594
1876.73707507612	1392.40002441406
1879.07354898269	1390.90002441406
1881.40933039328	1402.80004882813
1883.74441963861	1393.5
1886.07881704925	1399.09997558594
1888.41252295551	1398.5
1890.74553768751	1393.30004882813
1893.07786157519	1390.59997558594
1895.40949494822	1381.69995117188
1897.74043813615	1407.30004882813
1900.07069146823	1394.90002441406
1902.40025527357	1384.69995117188
1904.72912988106	1389
1907.05731561938	1390.80004882813
1909.38481281699	1392.90002441406
1911.71162180217	1392.5
1914.037742903	1414
1916.36317644734	1400.69995117188
1918.68792276284	1392.59997558594
1921.01198217697	1396
1923.33535501699	1400.30004882813
1925.65804160996	1409.80004882813
1927.98004228273	1400
1930.30135736196	1384.30004882813
1932.6219871741	1391.09997558594
1934.94193204543	1403.40002441406
1937.26119230198	1404.69995117188
1939.57976826962	1391.5
1941.89766027402	1403.09997558594
1944.21486864062	1398.80004882813
1946.53139369472	1385.40002441406
1948.84723576137	1393.40002441406
1951.16239516543	1408.5
1953.47687223159	1392.5
1955.79066728434	1397.40002441406
1958.10378064794	1396.09997558594
1960.4162126465	1395
1962.7279636039	1395.90002441406
1965.03903384385	1395.19995117188
1967.34942368987	1401.19995117188
1969.65913346524	1403.40002441406
1971.96816349311	1397.19995117188
1974.2765140964	1385.59997558594
1976.58418559784	1396.30004882813
1978.89117831997	1399
1981.19749258516	1390.90002441406
1983.50312871555	1403.69995117188
1985.80808703313	1386.59997558594
1988.11236785967	1398.59997558594
1990.41597151676	1392
1992.71889832581	1394.30004882813
1995.02114860801	1401
1997.3227226844	1394.69995117188
1999.62362087581	1393.09997558594
2001.92384350288	1391.19995117188
2004.22339088608	1404
2006.52226334567	1398
2008.82046120173	1396.80004882813
2011.11798477417	1403.69995117188
2013.41483438269	1394.59997558594
2015.71101034681	1395.69995117188
2018.00651298588	1395.5
2020.30134261905	1387.59997558594
2022.59549956528	1414.09997558594
2024.88898414337	1402.80004882813
2027.1817966719	1405.40002441406
2029.4739374693	1398.40002441406
2031.76540685379	1388
2034.05620514342	1398.40002441406
2036.34633265607	1398.5
2038.6357897094	1392.40002441406
2040.92457662092	1386.5
2043.21269370795	1391.30004882813
2045.50014128763	1393.40002441406
2047.78691967691	1389.59997558594
2050.07302919256	1398.90002441406
2052.35847015118	1396.09997558594
2054.64324286919	1390.09997558594
2056.9273476628	1384.59997558594
2059.21078484808	1396.30004882813
2061.4935547409	1398
2063.77565765696	1384
2066.05709391176	1391.80004882813
2068.33786382065	1383.09997558594
2070.61796769879	1387.19995117188
2072.89740586116	1385.40002441406
2075.17617862255	1373.5
2077.45428629759	1390.59997558594
2079.73172920075	1390.30004882813
2082.00850764627	1385.69995117188
2084.28462194827	1394
2086.56007242065	1395.40002441406
2088.83485937717	1391.09997558594
2091.10898313139	1407.19995117188
2093.3824439967	1392.80004882813
2095.65524228632	1401.5
2097.92737831328	1381.19995117188
2100.19885239047	1397.09997558594
2102.46966483057	1389.90002441406
2104.7398159461	1390.19995117188
2107.00930604941	1387.40002441406
2109.27813545267	1389.5
2111.54630446787	1384.69995117188
2113.81381340685	1396.69995117188
2116.08066258126	1396
2118.34685230257	1385.40002441406
2120.61238288211	1409.59997558594
2122.87725463099	1402.30004882813
2125.1414678602	1394.19995117188
2127.40502288052	1395.59997558594
2129.66792000257	1399
2131.93015953682	1397.80004882813
2134.19174179353	1399.69995117188
2136.45266708282	1387.40002441406
2138.71293571463	1411.09997558594
2140.97254799873	1396.30004882813
2143.23150424473	1406
2145.48980476205	1396.19995117188
2147.74744985996	1403.80004882813
2150.00443984754	1406.30004882813
2152.26077503373	1403.5
2154.51645572728	1392.59997558594
2156.77148223677	1409.90002441406
2159.02585487064	1422.40002441406
2161.27957393713	1403.19995117188
2163.53263974432	1423.30004882813
2165.78505260012	1408.19995117188
2168.0368128123	1400.69995117188
2170.28792068844	1405.80004882813
2172.53837653595	1398.90002441406
2174.78818066207	1387.30004882813
2177.03733337389	1399.59997558594
2179.28583497833	1389.59997558594
2181.53368578214	1398.59997558594
2183.78088609192	1392.40002441406
2186.02743621406	1382
2188.27333645484	1385.80004882813
2190.51858712033	1399
2192.76318851646	1396.5
2195.00714094901	1379.40002441406
2197.25044472354	1385.80004882813
2199.49310014551	1381.90002441406
2201.73510752018	1391.40002441406
2203.97646715265	1381
2206.21717934786	1386
2208.45724441058	1385.19995117188
2210.69666264543	1384.59997558594
2212.93543435686	1385.09997558594
2215.17355984914	1382.69995117188
2217.41103942642	1377.90002441406
2219.64787339264	1391.59997558594
2221.8840620516	1387
2224.11960570695	1377.09997558594
2226.35450466215	1381.59997558594
2228.58875922051	1388
2230.82236968518	1387.30004882813
2233.05533635916	1384.59997558594
2235.28765954527	1372.30004882813
2237.51933954617	1377.5
2239.75037666437	1385.80004882813
2241.98077120221	1389.69995117188
2244.21052346188	1379.5
2246.4396337454	1388.30004882813
2248.66810235461	1382.09997558594
2250.89592959125	1385.19995117188
2253.12311575681	1375.19995117188
2255.34966115272	1403.90002441406
2257.57556608017	1375.59997558594
2259.80083084023	1395.40002441406
2262.02545573381	1379.59997558594
2264.24944106163	1386.30004882813
2266.47278712429	1386.19995117188
2268.69549422221	1376.19995117188
2270.91756265564	1386.19995117188
2273.1389927247	1387.59997558594
2275.35978472934	1393.90002441406
2277.57993896933	1393.80004882813
2279.79945574431	1387.59997558594
2282.01833535375	1387
2284.23657809696	1382.30004882813
2286.45418427309	1384.40002441406
2288.67115418114	1388.80004882813
2290.88748811995	1392.5
2293.10318638819	1390.80004882813
2295.3182492844	1386.40002441406
2297.53267710693	1405
2299.746470154	1397.69995117188
2301.95962872364	1399.30004882813
2304.17215311376	1404.40002441406
2306.3840436221	1400
2308.59530054621	1400.19995117188
2310.80592418354	1404.19995117188
2313.01591483134	1407.69995117188
2315.22527278673	1410.90002441406
2317.43399834666	1406.69995117188
2319.64209180791	1394.19995117188
2321.84955346713	1399.30004882813
2324.05638362079	1399.59997558594
2326.26258256524	1396.09997558594
2328.46815059664	1397.5
2330.67308801098	1394.40002441406
2332.87739510415	1392.19995117188
2335.08107217184	1388.90002441406
2337.2841195096	1381
2339.48653741281	1380.5
2341.68832617672	1389.40002441406
2343.8894860964	1392.30004882813
2346.09001746678	1385.19995117188
2348.28992058261	1384.5
2350.48919573852	1389.80004882813
2352.68784322898	1394.40002441406
2354.88586334826	1396.69995117188
2357.08325639055	1389.59997558594
2359.2800226498	1385.30004882813
2361.47616241988	1388.19995117188
2363.67167599445	1393.19995117188
2365.86656366706	1374.09997558594
2368.06082573107	1372
2370.2544624797	1380.90002441406
2372.44747420603	1381.59997558594
2374.63986120295	1388
2376.83162376322	1374.30004882813
2379.02276217945	1384.09997558594
2381.21327674408	1376.90002441406
2383.4031677494	1379.19995117188
2385.59243548756	1374
2387.78108025053	1376.09997558594
2389.96910233014	1367.09997558594
2392.15650201809	1368.5
2394.34327960587	1381.09997558594
2396.52943538486	1375.5
2398.71496964628	1360.19995117188
2400.89988268118	1373
2403.08417478048	1372.5
2405.26784623491	1371.80004882813
2407.45089733509	1366.09997558594
2409.63332837146	1372.59997558594
2411.81513963429	1382.90002441406
2413.99633141375	1374
2416.1769039998	1365.40002441406
2418.35685768227	1365.09997558594
2420.53619275084	1373.09997558594
2422.71490949505	1367.90002441406
2424.89300820425	1379.80004882813
2427.07048916765	1378.5
2429.24735267433	1375
2431.42359901319	1364.80004882813
2433.59922847297	1369
2435.7742413423	1389
2437.94863790961	1367.59997558594
2440.12241846321	1367.69995117188
2442.29558329121	1375.59997558594
2444.46813268162	1366.19995117188
2446.64006692228	1374
2448.81138630086	1366
2450.98209110489	1375.80004882813
2453.15218162174	1386.90002441406
2455.32165813864	1379.40002441406
2457.49052094265	1379.19995117188
2459.65877032069	1383.30004882813
2461.8264065595	1369.30004882813
2463.99342994572	1381.40002441406
2466.15984076579	1396.69995117188
2468.325639306	1372.59997558594
2470.49082585251	1383.5
2472.65540069131	1389.59997558594
2474.81936410824	1388.69995117188
2476.98271638899	1386.80004882813
2479.14545781909	1374.30004882813
2481.30758868392	1365.90002441406
2483.4691092687	1378.90002441406
2485.63001985852	1381.40002441406
2487.79032073829	1375.09997558594
2489.95001219277	1375.19995117188
2492.10909450659	1371.59997558594
2494.26756796419	1377.69995117188
2496.42543284989	1379.19995117188
2498.58268944783	1369.59997558594
2500.73933804202	1370.80004882813
2502.8953789163	1372.5
2505.05081235436	1362.19995117188
2507.20563863974	1376.5
2509.35985805582	1379.80004882813
2511.51347088583	1386.19995117188
2513.66647741285	1394.09997558594
2515.81887791981	1379.5
2517.97067268946	1379.80004882813
2520.12186200443	1373.59997558594
2522.27244614716	1388.59997558594
2524.42242539999	1370.80004882813
2526.57180004504	1381.69995117188
2528.72057036433	1379.59997558594
2530.8687366397	1381.90002441406
2533.01629915284	1381.30004882813
2535.16325818527	1368
2537.30961401839	1365.80004882813
2539.45536693343	1379.30004882813
2541.60051721145	1368
2543.74506513338	1371.69995117188
2545.88901097997	1380.69995117188
2548.03235503185	1368.90002441406
2550.17509756946	1368.09997558594
2552.31723887311	1355.5
2554.45877922293	1366.90002441406
2556.59971889893	1359.40002441406
2558.74005818094	1365.80004882813
2560.87979734864	1361.09997558594
2563.01893668155	1357.69995117188
2565.15747645906	1350.90002441406
2567.29541696037	1363.69995117188
2569.43275846454	1358.40002441406
2571.56950125049	1354.59997558594
2573.70564559696	1356
2575.84119178254	1345.69995117188
2577.97614008569	1354.30004882813
2580.11049078468	1359.69995117188
2582.24424415764	1357.80004882813
2584.37740048255	1368
2586.50996003722	1365.80004882813
2588.64192309931	1358.5
2590.77328994634	1355.19995117188
2592.90406085564	1354.40002441406
2595.03423610442	1364.30004882813
2597.16381596971	1362.19995117188
2599.29280072839	1359.30004882813
2601.42119065719	1361.40002441406
2603.54898603267	1359.90002441406
2605.67618713125	1348.09997558594
2607.80279422919	1367.5
2609.92880760257	1359.40002441406
2612.05422752735	1366.09997558594
2614.17905427932	1360.5
2616.30328813408	1365.90002441406
2618.42692936713	1357.40002441406
2620.54997825377	1362.30004882813
2622.67243506915	1357.19995117188
2624.79430008828	1358.5
2626.915573586	1358.80004882813
2629.03625583699	1371.5
2631.15634711579	1368.30004882813
2633.27584769675	1367.5
2635.39475785408	1375.40002441406
2637.51307786185	1369.59997558594
2639.63080799394	1366.59997558594
2641.74794852409	1380.09997558594
2643.86449972589	1369.5
2645.98046187273	1376
2648.0958352379	1377.5
2650.21062009449	1374
2652.32481671544	1377.69995117188
2654.43842537353	1385.69995117188
2656.5514463414	1396.59997558594
2658.66387989151	1397.09997558594
2660.77572629616	1397
2662.88698582751	1403.80004882813
2664.99765875753	1395.59997558594
2667.10774535806	1392.59997558594
2669.21724590076	1404.40002441406
2671.32616065714	1403.5
2673.43448989857	1404.90002441406
2675.5422338962	1400.19995117188
2677.64939292108	1396.69995117188
2679.75596724408	1383.30004882813
2681.86195713589	1375.90002441406
2683.96736286707	1369.59997558594
2686.07218470799	1371.30004882813
2688.17642292889	1363.30004882813
2690.28007779982	1359.09997558594
2692.38314959069	1360.40002441406
2694.48563857123	1357
2696.58754501103	1354.40002441406
2698.6888691795	1358.69995117188
2700.78961134588	1354.69995117188
2702.8897717793	1359.80004882813
2704.98935074864	1353.5
2707.08834852271	1357.09997558594
2709.18676537009	1347
2711.28460155925	1358.69995117188
2713.38185735843	1355.40002441406
2715.47853303577	1355.30004882813
2717.57462885924	1348.59997558594
2719.67014509659	1351
2721.76508201548	1343.40002441406
2723.85943988337	1360.30004882813
2725.95321896754	1342.30004882813
2728.04641953515	1360.90002441406
2730.13904185316	1357.80004882813
2732.23108618837	1346.90002441406
2734.32255280744	1343.40002441406
2736.41344197683	1348.69995117188
2738.50375396288	1339.09997558594
2740.5934890317	1349.5
2742.68264744932	1343.09997558594
2744.77122948153	1347.40002441406
2746.85923539398	1341.5
2748.94666545217	1342.30004882813
2751.03351992142	1339.80004882813
2753.11979906688	1338.5
2755.20550315355	1341.59997558594
2757.29063244624	1332.19995117188
2759.37518720963	1341.40002441406
2761.45916770819	1337.90002441406
2763.54257420625	1330.69995117188
2765.62540696797	1334.19995117188
2767.70766625733	1322.80004882813
2769.78935233816	1331.90002441406
2771.87046547413	1341
2773.95100592869	1341.59997558594
2776.03097396519	1351.59997558594
2778.11036984677	1341.30004882813
2780.18919383641	1343
2782.26744619693	1334.30004882813
2784.34512719097	1334.80004882813
2786.42223708102	1355.30004882813
2788.49877612937	1342.5
2790.57474459816	1337
2792.65014274937	1340.09997558594
2794.7249708448	1337.69995117188
2796.79922914607	1343.80004882813
2798.87291791465	1341.59997558594
2800.94603741181	1343.5
2803.01858789869	1333.09997558594
2805.09056963623	1334.30004882813
2807.1619828852	1340.40002441406
2809.23282790621	1331.5
2811.30310495971	1339.09997558594
2813.37281430593	1334.5
2815.441956205	1343.09997558594
2817.51053091682	1339.09997558594
2819.57853870114	1337.59997558594
2821.64597981753	1338.19995117188
2823.7128545254	1344.80004882813
2825.77916308399	1345.90002441406
2827.84490575233	1344.40002441406
2829.91008278933	1333.40002441406
2831.97469445369	1338.69995117188
2834.03874100395	1337.09997558594
2836.10222269847	1342.19995117188
2838.16513979544	1344.80004882813
2840.22749255288	1345.5
2842.28928122863	1343.80004882813
2844.35050608034	1334.30004882813
2846.41116736553	1332.80004882813
2848.47126534149	1338.69995117188
2850.53080026537	1344.69995117188
2852.58977239414	1352
2854.64818198459	1352.80004882813
2856.70602929332	1332.69995117188
2858.76331457678	1342
2860.82003809123	1346.09997558594
2862.87620009274	1335.59997558594
2864.93180083723	1350.80004882813
2866.98684058043	1355.5
2869.04131957789	1347.40002441406
2871.09523808497	1341.59997558594
2873.14859635689	1356.5
2875.20139464866	1356.19995117188
2877.2536332151	1344.30004882813
2879.30531231091	1344.80004882813
2881.35643219054	1349.09997558594
2883.40699310831	1351.5
2885.45699531834	1346.90002441406
2887.50643907457	1348.30004882813
2889.55532463077	1344.40002441406
2891.60365224053	1357.59997558594
2893.65142215724	1346.59997558594
2895.69863463414	1346.30004882813
2897.74528992426	1345.80004882813
2899.79138828046	1347.40002441406
2901.83692995544	1329.59997558594
2903.88191520168	1350.40002441406
2905.92634427151	1342.69995117188
2907.97021741706	1357.19995117188
2910.01353489027	1349.69995117188
2912.05629694294	1355.5
2914.09850382663	1340.69995117188
2916.14015579276	1350.30004882813
2918.18125309254	1353.5
2920.22179597702	1354.09997558594
2922.26178469705	1358.59997558594
2924.30121950329	1357.40002441406
2926.34010064624	1369.5
2928.37842837619	1341.40002441406
2930.41620294326	1354.90002441406
2932.45342459737	1354.59997558594
2934.49009358828	1360.59997558594
2936.52621016555	1359.80004882813
2938.56177457854	1356.80004882813
2940.59678707645	1355.69995117188
2942.63124790827	1364.59997558594
2944.66515732282	1339.30004882813
2946.69851556873	1357.69995117188
2948.73132289443	1351.59997558594
2950.76357954817	1348.40002441406
2952.79528577803	1339.59997558594
2954.82644183188	1344.69995117188
2956.85704795741	1344.19995117188
2958.8871044021	1346.19995117188
2960.91661141328	1332.40002441406
2962.94556923807	1345.90002441406
2964.97397812339	1346.80004882813
2967.00183831598	1339.69995117188
2969.0291500624	1353.59997558594
2971.05591360902	1342.59997558594
2973.08212920199	1341.5
2975.1077970873	1345.19995117188
2977.13291751074	1336
2979.1574907179	1354.30004882813
2981.18151695419	1337
2983.20499646482	1344.5
2985.2279294948	1329.19995117188
2987.25031628898	1327.19995117188
2989.27215709199	1343.09997558594
2991.29345214825	1336.09997558594
2993.31420170204	1345.5
2995.33440599738	1334.80004882813
2997.35406527816	1339
2999.37317978802	1330.40002441406
3001.39174977045	1341.40002441406
3003.40977546872	1336.59997558594
3005.42725712591	1331.5
3007.44419498491	1331.5
3009.4605892884	1328.19995117188
3011.47644027889	1330.09997558594
3013.49174819865	1333.5
3015.5065132898	1333.90002441406
3017.52073579424	1329.90002441406
3019.53441595366	1338.80004882813
3021.54755400959	1335.59997558594
3023.56015020332	1336.80004882813
3025.57220477598	1343.19995117188
3027.58371796846	1340.30004882813
3029.5946900215	1338.19995117188
3031.6051211756	1338.5
3033.61501167107	1339.40002441406
3035.62436174803	1325
3037.6331716464	1326.5
3039.64144160588	1335.59997558594
3041.649171866	1341.30004882813
3043.65636266607	1332.40002441406
3045.6630142452	1323.30004882813
3047.66912684229	1322.80004882813
3049.67470069605	1322.30004882813
3051.679736045	1331.59997558594
3053.68423312742	1308.59997558594
3055.68819218143	1322.90002441406
3057.6916134449	1326.90002441406
3059.69449715556	1326.30004882813
3061.69684355086	1322.90002441406
3063.6986528681	1314.90002441406
3065.69992534437	1313.40002441406
3067.70066121653	1316.69995117188
3069.70086072126	1307.80004882813
3071.700524095	1312.19995117188
3073.69965157405	1304.09997558594
3075.69824339442	1319.19995117188
3077.69629979197	1316.80004882813
3079.69382100235	1316.80004882813
3081.69080726098	1308.09997558594
3083.68725880307	1314.59997558594
3085.68317586366	1312.5
3087.67855867755	1312.30004882813
3089.67340747933	1321.09997558594
3091.6677225034	1312.40002441406
3093.66150398392	1312.40002441406
3095.6547521549	1313.09997558594
3097.64746725006	1306
3099.63964950297	1314.40002441406
3101.63129914698	1314
3103.6224164152	1312.5
3105.61300154056	1316.90002441406
3107.60305475576	1311.30004882813
3109.59257629331	1314.90002441406
3111.58156638547	1301.30004882813
3113.57002526432	1311.80004882813
3115.55795316172	1307.59997558594
3117.54535030932	1310.09997558594
3119.53221693853	1316.30004882813
3121.51855328057	1312.40002441406
3123.50435956646	1314.09997558594
3125.48963602698	1313.80004882813
3127.4743828927	1312.09997558594
3129.45860039397	1310.90002441406
3131.44228876093	1302.80004882813
3133.42544822353	1318.5
3135.40807901145	1314.59997558594
3137.39018135418	1314.30004882813
3139.37175548102	1313.30004882813
3141.35280162101	1310.90002441406
3143.33332000299	1316.90002441406
3145.31331085559	1308.80004882813
3147.2927744072	1312.59997558594
3149.27171088602	1310.09997558594
3151.25012052	1306.19995117188
3153.22800353689	1313.40002441406
3155.20536016422	1303.90002441406
3157.18219062929	1302.80004882813
3159.15849515918	1313.19995117188
3161.13427398075	1298.19995117188
3163.10952732066	1308.30004882813
3165.08425540532	1316.90002441406
3167.05845846092	1311.40002441406
3169.03213671344	1306.90002441406
3171.00529038863	1308.5
3172.97791971203	1306.80004882813
3174.95002490893	1312
3176.92160620443	1308.90002441406
3178.89266382337	1310.90002441406
3180.8631979904	1310.5
3182.83320892991	1310.5
3184.80269686609	1312.19995117188
3186.77166202289	1299.40002441406
3188.74010462406	1303.5
3190.70802489307	1298.90002441406
3192.67542305323	1313.59997558594
3194.64229932757	1310.59997558594
3196.60865393892	1317.09997558594
3198.57448710987	1299.59997558594
3200.53979906279	1311
3202.50459001981	1307.69995117188
3204.46886020284	1305.30004882813
3206.43260983356	1312.30004882813
3208.39583913341	1300.80004882813
3210.35854832362	1311.90002441406
3212.32073762517	1294.69995117188
3214.28240725881	1299.90002441406
3216.24355744508	1317.30004882813
3218.20418840426	1296.5
3220.16430035642	1305.69995117188
3222.12389352137	1326.19995117188
3224.08296811873	1315.69995117188
3226.04152436784	1313.90002441406
3227.99956248784	1306.40002441406
3229.95708269762	1311.30004882813
3231.91408521584	1300.69995117188
3233.87057026092	1313.19995117188
3235.82653805105	1304.80004882813
3237.78198880419	1304.19995117188
3239.73692273806	1310.09997558594
3241.69134007013	1308.90002441406
3243.64524101764	1302
3245.59862579761	1311.40002441406
3247.55149462681	1310.69995117188
3249.50384772176	1310.09997558594
3251.45568529877	1308.19995117188
3253.40700757387	1302.09997558594
3255.35781476288	1314.90002441406
3257.3081070814	1307.30004882813
3259.25788474473	1305.90002441406
3261.20714796799	1313.69995117188
3263.15589696602	1304.40002441406
3265.10413195345	1306.90002441406
3267.05185314463	1304
3268.9990607537	1298.40002441406
3270.94575499455	1305.30004882813
3272.89193608081	1311
3274.8376042259	1305.30004882813
3276.78275964296	1310.09997558594
3278.72740254492	1305.5
3280.67153314443	1308.40002441406
3282.61515165393	1311.40002441406
3284.55825828559	1299.90002441406
3286.50085325135	1303.59997558594
3288.44293676289	1304.30004882813
3290.38450903165	1303.40002441406
3292.32557026883	1302.30004882813
3294.26612068537	1308.90002441406
3296.20616049198	1310.59997558594
3298.14568989911	1307
3300.08470911695	1305.19995117188
3302.02321835546	1309.80004882813
3303.96121782435	1303.40002441406
3305.89870773306	1297.59997558594
3307.83568829081	1309.09997558594
3309.77215970655	1291.30004882813
3311.70812218898	1313.30004882813
3313.64357594655	1307.5
3315.57852118747	1304.09997558594
3317.51295811968	1312
3319.44688695087	1306.19995117188
3321.38030788849	1300.40002441406
3323.31322113973	1303.19995117188
3325.24562691152	1307.5
3327.17752541055	1314.90002441406
3329.10891684322	1301.30004882813
3331.03980141573	1301
3332.97017933399	1310.30004882813
3334.90005080364	1292.40002441406
3336.82941603011	1306
3338.75827521852	1305.30004882813
3340.68662857377	1302.80004882813
3342.6144763005	1301.30004882813
3344.54181860308	1295.19995117188
3346.46865568561	1303.5
3348.39498775195	1297.69995117188
3350.32081500571	1307.80004882813
3352.24613765022	1297.40002441406
3354.17095588855	1299.5
3356.09526992352	1306.80004882813
3358.01907995769	1300
3359.94238619334	1308.40002441406
3361.86518883251	1300.59997558594
3363.78748807697	1297.80004882813
3365.70928412823	1297.40002441406
3367.63057718752	1309
3369.55136745582	1309.90002441406
3371.47165513386	1315
3373.39144042208	1300.5
3375.31072352066	1300.59997558594
3377.22950462953	1288.5
3379.14778394834	1307.80004882813
3381.06556167648	1300.90002441406
3382.98283801308	1310
3384.89961315697	1293
3386.81588730676	1304.30004882813
3388.73166066076	1298.90002441406
3390.64693341702	1294.59997558594
3392.56170577332	1302.5
3394.47597792716	1308.30004882813
3396.38975007581	1294.59997558594
3398.30302241623	1301.09997558594
3400.21579514512	1293.69995117188
3402.1280684589	1297.59997558594
3404.03984255374	1305.90002441406
3405.95111762553	1302.40002441406
3407.86189386987	1309.59997558594
3409.77217148212	1293.59997558594
3411.68195065733	1290.5
3413.5912315903	1293.90002441406
3415.50001447556	1294.09997558594
3417.40829950735	1297.80004882813
3419.31608687963	1295.40002441406
3421.22337678611	1298.19995117188
3423.1301694202	1297.80004882813
3425.03646497504	1294.80004882813
3426.9422636435	1288.09997558594
3428.84756561816	1304.80004882813
3430.75237109135	1302.69995117188
3432.65668025508	1294.80004882813
3434.56049330112	1285.5
3436.46381042093	1293.59997558594
3438.36663180571	1304.5
3440.26895764638	1292.19995117188
3442.17078813357	1288.59997558594
3444.07212345762	1289
3445.97296380863	1295.19995117188
3447.87330937636	1290.59997558594
3449.77316035033	1295.19995117188
3451.67251691977	1308
3453.57137927361	1290.80004882813
3455.46974760052	1291.5
3457.36762208886	1287.5
3459.26500292671	1298.09997558594
3461.16189030191	1285.19995117188
3463.05828440194	1289.19995117188
3464.95418541406	1286.40002441406
3466.84959352519	1297.09997558594
3468.74450892201	1286.80004882813
3470.63893179088	1291.90002441406
3472.53286231788	1295.90002441406
3474.42630068881	1292.09997558594
3476.31924708918	1300.19995117188
3478.2117017042	1307.19995117188
3480.1036647188	1290.69995117188
3481.99513631761	1289.90002441406
3483.88611668498	1282.40002441406
3485.77660600498	1288.5
3487.66660446135	1277.80004882813
3489.55611223758	1286.59997558594
3491.44512951683	1288.5
3493.333656482	1283
3495.22169331568	1286.09997558594
3497.10924020016	1297.90002441406
3498.99629731746	1290.19995117188
3500.88286484927	1290.90002441406
3502.76894297702	1287.40002441406
3504.65453188182	1287.5
3506.53963174449	1284.19995117188
3508.42424274555	1284.59997558594
3510.30836506524	1286.80004882813
3512.19199888349	1292.30004882813
3514.07514437992	1286.90002441406
3515.95780173387	1280.69995117188
3517.83997112437	1281.59997558594
3519.72165273016	1283.40002441406
3521.60284672967	1283.5
3523.48355330104	1283.5
3525.36377262208	1291.30004882813
3527.24350487035	1283.80004882813
3529.12275022306	1288.19995117188
3531.00150885715	1281.40002441406
3532.87978094923	1275.40002441406
3534.75756667562	1280.19995117188
3536.63486621235	1282.5
3538.51167973512	1285.69995117188
3540.38800741934	1274
3542.26384944011	1267.19995117188
3544.13920597223	1271
3546.01407719018	1276.19995117188
3547.88846326815	1266.90002441406
3549.76236438002	1281.5
3551.63578069934	1279.30004882813
3553.50871239938	1280.30004882813
3555.38115965309	1272
3557.25312263311	1274.19995117188
3559.12460151177	1279.40002441406
3560.99559646109	1275
3562.86610765279	1272.19995117188
3564.73613525825	1267.59997558594
3566.60567944857	1268.09997558594
3568.47474039453	1277.90002441406
3570.34331826658	1269.90002441406
3572.21141323487	1272.69995117188
3574.07902546925	1279
3575.94615513922	1272.09997558594
3577.81280241401	1265.80004882813
3579.67896746249	1271.40002441406
3581.54465045325	1273.30004882813
3583.40985155455	1275.30004882813
3585.27457093432	1271
3587.1388087602	1278.30004882813
3589.00256519949	1276.30004882813
3590.86584041919	1279
3592.72863458597	1271.5
3594.59094786618	1277.30004882813
3596.45278042585	1275.90002441406
3598.31413243069	1266.59997558594
3600.17500404611	1273.09997558594
3602.03539543717	1267.80004882813
3603.89530676861	1272.19995117188
3605.75473820488	1273.19995117188
3607.61368991007	1269.5
3609.47216204797	1274.59997558594
3611.33015478203	1274.69995117188
3613.18766827539	1272.5
3615.04470269087	1272.69995117188
3616.90125819094	1276
3618.75733493776	1271.30004882813
3620.61293309318	1272.80004882813
3622.46805281869	1266.69995117188
3624.32269427547	1274.59997558594
3626.17685762439	1270.59997558594
3628.03054302596	1274.30004882813
3629.88375064038	1273.59997558594
3631.73648062751	1264
3633.5887331469	1275
3635.44050835775	1270.69995117188
3637.29180641893	1270
3639.14262748899	1263.90002441406
3640.99297172614	1263.40002441406
3642.84283928828	1271.30004882813
3644.69223033294	1268.59997558594
3646.54114501734	1260.30004882813
3648.38958349836	1268.19995117188
3650.23754593256	1264.5
3652.08503247614	1264.19995117188
3653.93204328497	1269.90002441406
3655.77857851462	1258.90002441406
3657.62463832028	1264.90002441406
3659.47022285682	1256.90002441406
3661.31533227877	1273.40002441406
3663.15996674033	1261.59997558594
3665.00412639535	1264.90002441406
3666.84781139736	1268.69995117188
3668.69102189953	1260.19995117188
3670.5337580547	1260.69995117188
3672.37602001537	1258.80004882813
3674.21780793368	1267.90002441406
3676.05912196148	1271.69995117188
3677.89996225021	1268.19995117188
3679.74032895103	1265.09997558594
3681.58022221471	1261.40002441406
3683.41964219171	1261.80004882813
3685.25858903211	1256.30004882813
3687.0970628857	1249.90002441406
3688.93506390186	1259.30004882813
3690.77259222968	1264.5
3692.60964801787	1263.5
3694.44623141481	1257.19995117188
3696.28234256853	1264.5
3698.11798162669	1264.40002441406
3699.95314873665	1257.90002441406
3701.78784404537	1257.80004882813
3703.62206769951	1256.40002441406
3705.45581984533	1260.40002441406
3707.28910062877	1254.69995117188
3709.12191019542	1255.80004882813
3710.95424869052	1256.80004882813
3712.78611625894	1254.30004882813
3714.6175130452	1263.40002441406
3716.44843919349	1259
3718.27889484764	1259.19995117188
3720.1088801511	1253.40002441406
3721.93839524699	1252.09997558594
3723.76744027808	1251.59997558594
3725.59601538677	1247.80004882813
3727.4241207151	1254.90002441406
