40.2973356941271	1125.5
43.2236257608418	1127
46.1488808466109	1127.80004882813
49.0731017336173	1124.59997558594
51.9962892025666	1128.40002441406
54.9184440327569	1128.19995117188
57.8395670020446	1128.09997558594
60.7596588868509	1127.80004882813
63.6787204621708	1129.5
66.5967525015794	1130.09997558594
69.5137557772381	1129.59997558594
72.4297310598838	1133.80004882813
75.3446791188512	1135.59997558594
78.2586007220466	1137.59997558594
81.1714966360015	1139.69995117188
84.0833676258266	1146.69995117188
86.994214455242	1148.30004882813
89.9040378865662	1151.19995117188
92.8128386807427	1158
95.7206175973133	1168.5
98.6273753944444	1170.80004882813
101.533112828928	1171.80004882813
104.437830656161	1174.40002441406
107.34152963018	1175.59997558594
110.244210503676	1177.69995117188
113.145874027931	1168.30004882813
116.046520952895	1174.69995117188
118.946152027154	1173
121.844767997933	1171.69995117188
124.74236961111	1174.19995117188
127.638957611212	1170.5
130.534532741422	1180.09997558594
133.429095743606	1173.40002441406
136.322647358252	1176.40002441406
139.215188324544	1177.69995117188
142.106719380311	1176.5
144.997241262089	1177.5
147.886754705057	1174.5
150.775260443096	1176.40002441406
153.662759208748	1175.80004882813
156.549251733282	1175.69995117188
159.434738746612	1170.90002441406
162.319220977376	1173.30004882813
165.20269915289	1172
168.085173999178	1172.40002441406
170.966646240977	1176
173.847116601709	1175
176.726585803528	1178.19995117188
179.605054567295	1171.59997558594
182.48252361259	1176.40002441406
185.358993657701	1175.19995117188
188.234465419645	1176
191.108939614183	1174
193.982416955795	1171.19995117188
196.854898157687	1174.80004882813
199.726383931801	1176.19995117188
202.596874988835	1178.30004882813
205.466372038225	1165.5
208.334875788145	1176.69995117188
211.202386945534	1176.5
214.068906216069	1176.09997558594
216.934434304194	1171.90002441406
219.798971913111	1179.09997558594
222.662519744776	1177.30004882813
225.525078499925	1176.40002441406
228.386648878069	1177.59997558594
231.247231577465	1172.69995117188
234.106827295172	1178.90002441406
236.965436727012	1172.69995117188
239.823060567597	1174.5
242.679699510337	1173.09997558594
245.535354247396	1177.59997558594
248.390025469775	1173.5
251.243713867223	1175.69995117188
254.096420128327	1179.69995117188
256.948144940459	1177.40002441406
259.798888989788	1180.19995117188
262.648652961315	1178.80004882813
265.49743753883	1171.90002441406
268.345243404939	1181.19995117188
271.192071241073	1178.90002441406
274.037921727485	1176.40002441406
276.882795543246	1177.5
279.72669336624	1174.19995117188
282.569615873213	1177.5
285.411563739724	1171.5
288.252537640165	1173.40002441406
291.092538247763	1181.40002441406
293.931566234616	1185.09997558594
296.769622271633	1179.90002441406
299.606707028594	1174.59997558594
302.442821174104	1178.90002441406
305.277965375652	1181.19995117188
308.112140299574	1178.40002441406
310.945346611062	1180.69995117188
313.777584974167	1183.40002441406
316.608856051813	1177.09997558594
319.439160505797	1176.5
322.268498996783	1180.40002441406
325.096872184303	1176.80004882813
327.924280726782	1182.40002441406
330.750725281521	1181.09997558594
333.576206504693	1180
336.400725051388	1176.69995117188
339.224281575542	1178.80004882813
342.046876730026	1183.40002441406
344.868511166586	1179.80004882813
347.689185535872	1184.5
350.508900487421	1183
353.327656669699	1184.19995117188
356.145454730079	1181.80004882813
358.962295314817	1179.69995117188
361.778179069105	1178.30004882813
364.593106637051	1184.59997558594
367.407078661675	1184.90002441406
370.220095784913	1178.5
373.032158647655	1179.5
375.843267889676	1182.90002441406
378.653424149715	1185.40002441406
381.462628065436	1182.30004882813
384.270880273432	1182.5
387.078181409254	1181.40002441406
389.884532107358	1182.80004882813
392.689933001188	1179.5
395.494384723112	1181.09997558594
398.29788790445	1185
401.100443175488	1188.19995117188
403.902051165437	1182.19995117188
406.702712502518	1183.90002441406
409.502427813866	1189.40002441406
412.301197725607	1188.09997558594
415.099022862823	1182.5
417.89590384957	1180.59997558594
420.691841308876	1186.19995117188
423.486835862752	1185.40002441406
426.280888132173	1186.30004882813
429.073998737112	1184.5
431.866168296507	1180.30004882813
434.657397428298	1192.09997558594
437.447686749412	1190.80004882813
440.237036875762	1183.40002441406
443.025448422257	1188.40002441406
445.812922002813	1187.5
448.599458230326	1187.09997558594
451.38505771672	1185.09997558594
454.169721072909	1186.30004882813
456.953448908819	1185.90002441406
459.736241833384	1185
462.518100454555	1184.09997558594
465.2990253793	1177.59997558594
468.079017213605	1186.30004882813
470.858076562476	1184.40002441406
473.636204029939	1188.09997558594
476.41340021906	1180.69995117188
479.189665731938	1188
481.965001169667	1184.09997558594
484.739407132419	1184.30004882813
487.512884219391	1189
490.285433028796	1185.5
493.057054157921	1190.40002441406
495.827748203087	1192.30004882813
498.597515759658	1186.30004882813
501.366357422061	1187.59997558594
504.134273783759	1191
506.901265437278	1185.5
509.66733297421	1185.09997558594
512.432476985198	1188.5
515.196698059945	1188.5
517.959996787225	1188
520.722373754895	1190
523.483829549856	1190.69995117188
526.24436475811	1190.90002441406
529.003979964696	1191.40002441406
531.762675753779	1190.30004882813
534.520452708569	1185.40002441406
537.277311411375	1190.19995117188
540.03325244359	1191.90002441406
542.788276385682	1187.40002441406
545.54238381725	1190
548.295575316938	1186.69995117188
551.047851462516	1189.19995117188
553.799212830831	1188.5
556.549659997851	1188.19995117188
559.299193538643	1189.09997558594
562.047814027381	1191.30004882813
564.795522037318	1188.19995117188
567.542318140861	1189.5
570.288202909507	1189.09997558594
573.033176913873	1185.59997558594
575.7772407237	1183.19995117188
578.520394907829	1190.5
581.26264003424	1191.59997558594
584.003976670046	1188.69995117188
586.744405381469	1188.90002441406
589.483926733869	1188.30004882813
592.222541291746	1187.30004882813
594.96024961872	1190.19995117188
597.697052277563	1194.40002441406
600.432949830166	1189.5
603.167942837587	1189.69995117188
605.902031860012	1187.59997558594
608.635217456783	1193.19995117188
611.367500186378	1192
614.098880606429	1189.90002441406
616.82935927374	1192.5
619.558936744248	1195.40002441406
622.287613573072	1193.30004882813
625.015390314457	1192.80004882813
627.742267521848	1193
630.468245747829	1185.5
633.193325544166	1192.30004882813
635.917507461792	1195.69995117188
638.640792050804	1194.69995117188
641.36317986048	1196.19995117188
644.084671439281	1191.5
646.805267334845	1196.80004882813
649.524968093967	1195.09997558594
652.24377426266	1189.40002441406
654.961686386106	1192.19995117188
657.678705008678	1191.90002441406
660.394830673939	1195
663.110063924628	1191.69995117188
665.824405302728	1187.30004882813
668.537855349351	1196.09997558594
671.250414604863	1191
673.962083608812	1196.5
676.672862899949	1195.59997558594
679.382753016218	1194.90002441406
682.091754494801	1196.19995117188
684.799867872061	1195.59997558594
687.507093683595	1197.09997558594
690.213432464198	1205
692.918884747899	1193.5
695.623451067937	1192.5
698.327131956755	1190.80004882813
701.029927946065	1197.09997558594
703.731839566754	1199.5
706.43286734896	1193.69995117188
709.133011822067	1196.09997558594
711.832273514658	1199.40002441406
714.53065295457	1191.19995117188
717.228150668879	1195.09997558594
719.924767183889	1192.30004882813
722.620503025148	1194.30004882813
725.315358717446	1195.90002441406
728.009334784827	1199.69995117188
730.702431750559	1199.59997558594
733.394650137188	1197.5
736.085990466498	1194.59997558594
738.776453259519	1193.59997558594
741.466039036542	1195.90002441406
744.154748317125	1192.5
746.842581620074	1198.40002441406
749.529539463458	1195.59997558594
752.215622364608	1193
754.900830840131	1194
757.585165405892	1202.09997558594
760.26862657703	1197
762.951214867957	1200.5
765.632930792356	1197.69995117188
768.313774863181	1201.69995117188
770.993747592673	1196.69995117188
773.672849492359	1197.09997558594
776.351081073017	1200.5
779.028442844757	1192.80004882813
781.704935316928	1202.09997558594
784.380558998208	1197.90002441406
787.055314396528	1198.30004882813
789.729202019141	1188.5
792.402222372581	1196.69995117188
795.074375962669	1198.19995117188
797.745663294537	1196.80004882813
800.416084872622	1203
803.085641200652	1198.19995117188
805.754332781664	1195.90002441406
808.422160117986	1201.40002441406
811.089123711292	1202.59997558594
813.75522406252	1203
816.420461671951	1193.09997558594
819.084837039164	1198.90002441406
821.748350663067	1198.5
824.411003041866	1201.5
827.072794673116	1204
829.733726053668	1196.69995117188
832.39379767971	1199.80004882813
835.05301004674	1193.69995117188
837.711363649601	1194.09997558594
840.368858982457	1199.69995117188
843.025496538805	1204.30004882813
845.681276811467	1197.69995117188
848.336200292618	1207.90002441406
850.99026747375	1207.09997558594
853.643478845713	1199.30004882813
856.29583489868	1200.59997558594
858.947336122176	1202.90002441406
861.59798300506	1202.19995117188
864.247776035556	1204.09997558594
866.896715701222	1205.5
869.544802488959	1204.80004882813
872.192036885046	1201.69995117188
874.838419375087	1210.30004882813
877.483950444054	1206.19995117188
880.128630576285	1203
882.772460255461	1208.59997558594
885.415439964628	1207.69995117188
888.057570186211	1201.09997558594
890.698851401966	1203.40002441406
893.339284093045	1209.19995117188
895.978868739961	1204.30004882813
898.617605822596	1205.30004882813
901.255495820196	1202.90002441406
903.892539211396	1204.19995117188
906.528736474184	1205.90002441406
909.164088085949	1197.59997558594
911.798594523442	1210.19995117188
914.432256262804	1205.09997558594
917.065073779549	1203.90002441406
919.697047548589	1200.80004882813
922.328178044212	1203.5
924.9584657401	1207.69995117188
927.587911109317	1209.80004882813
930.216514624317	1204.59997558594
932.844276756963	1208.5
935.471197978488	1202.19995117188
938.097278759538	1207.59997558594
940.722519570163	1199
943.346920879798	1207.59997558594
945.97048315729	1208.40002441406
948.593206870885	1213.40002441406
951.215092488219	1197
953.836140476366	1209.09997558594
956.456351301787	1206.90002441406
959.07572543037	1208.19995117188
961.694263327369	1205.09997558594
964.311965457521	1202.19995117188
966.928832284933	1209.19995117188
969.544864273135	1206.59997558594
972.160061885076	1206.90002441406
974.774425583129	1208.40002441406
977.387955829099	1209.90002441406
980.000653084196	1204.40002441406
982.612517809061	1203.19995117188
985.223550463768	1211.80004882813
987.833751507819	1207.09997558594
990.443121400135	1205.90002441406
993.051660599081	1210.19995117188
995.659369562449	1211.19995117188
998.266248747469	1213.19995117188
1000.87229861081	1212.5
1003.47751960857	1211.09997558594
1006.0819121963	1216.59997558594
1008.68547682897	1219.30004882813
1011.28821396104	1210.59997558594
1013.89012404635	1216.80004882813
1016.49120753824	1206.09997558594
1019.09146488947	1207.59997558594
1021.69089655226	1208.80004882813
1024.28950297827	1217.80004882813
1026.88728461863	1210.90002441406
1029.48424192392	1205.5
1032.08037534416	1210.09997558594
1034.67568532886	1207.09997558594
1037.27017232694	1211
1039.86383678682	1208.59997558594
1042.45667915637	1207.40002441406
1045.04869988293	1211.19995117188
1047.6398994133	1210
1050.23027819374	1207.69995117188
1052.81983666998	1215.80004882813
1055.40857528724	1213.90002441406
1057.99649449018	1218.19995117188
1060.58359472296	1204.30004882813
1063.1698764292	1206.80004882813
1065.755340052	1214.59997558594
1068.33998603393	1204.69995117188
1070.92381481706	1213.90002441406
1073.50682684291	1214.40002441406
1076.08902255251	1208.59997558594
1078.67040238637	1211.09997558594
1081.25096678445	1209.59997558594
1083.83071618624	1212.69995117188
1086.4096510307	1214.5
1088.98777175629	1211.90002441406
1091.56507880094	1205.80004882813
1094.14157260208	1209.5
1096.71725359664	1208.69995117188
1099.29212222106	1215.59997558594
1101.86617891125	1208.09997558594
1104.43942410262	1207.80004882813
1107.01185823011	1208.5
1109.58348172812	1208.5
1112.15429503057	1211
1114.7242985709	1216.69995117188
1117.29349278203	1206.80004882813
1119.86187809642	1213.5
1122.42945494599	1219.09997558594
1124.99622376222	1210.80004882813
1127.56218497606	1212.69995117188
1130.12733901801	1213.19995117188
1132.69168631804	1216.19995117188
1135.25522730568	1213
1137.81796240995	1219.30004882813
1140.37989205941	1212.09997558594
1142.9410166821	1220.80004882813
1145.50133670561	1219.80004882813
1148.06085255708	1223.40002441406
1150.61956466311	1216.80004882813
1153.17747344987	1230.09997558594
1155.73457934305	1239.80004882813
1158.29088276786	1241.5
1160.84638414903	1243.80004882813
1163.40108391085	1228.5
1165.95498247711	1233.59997558594
1168.50808027116	1220.80004882813
1171.06037771587	1217.30004882813
1173.61187523364	1212.80004882813
1176.16257324643	1215.69995117188
1178.71247217573	1221.30004882813
1181.26157244255	1211.19995117188
1183.80987446746	1211.5
1186.35737867059	1220.5
1188.90408547157	1217.30004882813
1191.44999528961	1213.69995117188
1193.99510854347	1221.40002441406
1196.53942565142	1216.90002441406
1199.08294703133	1220.19995117188
1201.62567310057	1218.09997558594
1204.16760427611	1218.30004882813
1206.70874097445	1220.5
1209.24908361163	1223.40002441406
1211.78863260327	1211.30004882813
1214.32738836454	1215
1216.86535131017	1215.40002441406
1219.40252185445	1211.90002441406
1221.93890041121	1221.5
1224.47448739389	1214.90002441406
1227.00928321544	1213.40002441406
1229.54328828842	1221.80004882813
1232.07650302491	1216.5
1234.60892783662	1211.19995117188
1237.14056313477	1219.30004882813
1239.67140933017	1213.30004882813
1242.2014668332	1215.59997558594
1244.73073605384	1217.5
1247.25921740159	1215.09997558594
1249.78691128558	1220.19995117188
1252.31381811448	1218.90002441406
1254.83993829655	1216.40002441406
1257.36527223962	1225
1259.88982035112	1225.09997558594
1262.41358303803	1218.30004882813
1264.93656070696	1221
1267.45875376405	1212.69995117188
1269.98016261505	1219
1272.50078766531	1223.69995117188
1275.02062931974	1221.30004882813
1277.53968798285	1228.09997558594
1280.05796405875	1228.19995117188
1282.57545795112	1218
1285.09217006325	1219.09997558594
1287.60810079802	1212.69995117188
1290.12325055788	1224.30004882813
1292.63761974492	1217.19995117188
1295.15120876079	1222.5
1297.66401800676	1223
1300.17604788367	1216.40002441406
1302.687298792	1219.90002441406
1305.19777113181	1217.09997558594
1307.70746530274	1219.90002441406
1310.21638170408	1216.59997558594
1312.7245207347	1225.30004882813
1315.23188279307	1219
1317.73846827728	1228.90002441406
1320.24427758502	1216.09997558594
1322.74931111359	1218.59997558594
1325.25356925991	1223.69995117188
1327.75705242051	1228
1330.25976099151	1220.40002441406
1332.76169536868	1230
1335.26285594737	1223.19995117188
1337.76324312256	1224.40002441406
1340.26285728887	1224.69995117188
1342.76169884052	1221.5
1345.25976817132	1225.69995117188
1347.75706567474	1223.30004882813
1350.25359174387	1228.09997558594
1352.74934677141	1222.40002441406
1355.24433114968	1228.30004882813
1357.73854527062	1219
1360.23198952583	1224.90002441406
1362.7246643065	1216.59997558594
1365.21657000347	1216.90002441406
1367.7077070072	1220.19995117188
1370.19807570777	1228.5
1372.68767649492	1219
1375.176509758	1223.30004882813
1377.66457588599	1220.90002441406
1380.15187526753	1222.19995117188
1382.63840829087	1227.5
1385.1241753439	1220.69995117188
1387.60917681417	1224.40002441406
1390.09341308884	1225.19995117188
1392.57688455474	1220.80004882813
1395.05959159829	1220
1397.54153460562	1223.19995117188
1400.02271396243	1221.90002441406
1402.50313005414	1227
1404.98278326576	1222
1407.46167398196	1229.59997558594
1409.93980258707	1216.59997558594
1412.41716946504	1224.90002441406
1414.89377499951	1223.09997558594
1417.36961957373	1228.69995117188
1419.84470357062	1229.69995117188
1422.31902737275	1225.30004882813
1424.79259136235	1222.19995117188
1427.26539592129	1225.59997558594
1429.73744143111	1226.69995117188
1432.20872827299	1232.59997558594
1434.67925682777	1229
1437.14902747597	1226.69995117188
1439.61804059773	1231.5
1442.0862965729	1226.59997558594
1444.55379578093	1229.90002441406
1447.02053860099	1224.40002441406
1449.48652541188	1229.69995117188
1451.95175659206	1226.69995117188
1454.41623251969	1224.09997558594
1456.87995357255	1230.5
1459.34292012811	1223.69995117188
1461.80513256351	1222.80004882813
1464.26659125557	1232.19995117188
1466.72729658073	1233.19995117188
1469.18724891517	1226.30004882813
1471.64644863469	1220.90002441406
1474.10489611478	1235
1476.5625917306	1228.59997558594
1479.01953585699	1234.59997558594
1481.47572886844	1230
1483.93117113917	1229.59997558594
1486.38586304302	1238.90002441406
1488.83980495354	1231.09997558594
1491.29299724395	1229.69995117188
1493.74544028715	1233.59997558594
1496.19713445573	1226
1498.64808012193	1238.5
1501.09827765772	1229.30004882813
1503.54772743471	1242.09997558594
1505.99642982421	1238.5
1508.44438519723	1245.30004882813
1510.89159392446	1256.80004882813
1513.33805637625	1258.09997558594
1515.78377292266	1264.09997558594
1518.22874393346	1268.30004882813
1520.67296977806	1265.5
1523.11645082559	1256.5
1525.55918744488	1256.69995117188
1528.00118000444	1242.90002441406
1530.44242887245	1238.09997558594
1532.88293441684	1237.90002441406
1535.32269700517	1236.30004882813
1537.76171700475	1230.40002441406
1540.19999478255	1228.80004882813
1542.63753070526	1232.80004882813
1545.07432513925	1233.19995117188
1547.5103784506	1230.40002441406
1549.94569100509	1231.90002441406
1552.38026316819	1220.5
1554.8140953051	1226.40002441406
1557.24718778067	1227.90002441406
1559.67954095952	1225.59997558594
1562.11115520592	1228
1564.54203088386	1231.09997558594
1566.97216835704	1229.80004882813
1569.40156798888	1231.5
1571.83023014248	1226.19995117188
1574.25815518067	1234.09997558594
1576.68534346597	1234.5
1579.11179536062	1227.90002441406
1581.53751122658	1235.19995117188
1583.9624914255	1232
1586.38673631876	1221.19995117188
1588.81024626745	1233.69995117188
1591.23302163235	1234.90002441406
1593.655062774	1225
1596.07637005262	1226.09997558594
1598.49694382815	1232
1600.91678446025	1233.5
1603.33589230831	1227.5
1605.75426773142	1232.80004882813
1608.1719110884	1231.5
1610.58882273779	1237.59997558594
1613.00500303784	1232.59997558594
1615.42045234654	1231.59997558594
1617.83517102158	1236.90002441406
1620.24915942039	1238
1622.66241790012	1232.69995117188
1625.07494681764	1225.59997558594
1627.48674652954	1240.90002441406
1629.89781739216	1237
1632.30815976152	1236
1634.71777399343	1232.69995117188
1637.12666044338	1233.09997558594
1639.53481946661	1232.80004882813
1641.94225141808	1233.40002441406
1644.34895665248	1233.80004882813
1646.75493552424	1231.40002441406
1649.16018838752	1232.69995117188
1651.56471559621	1230.30004882813
1653.96851750392	1232.30004882813
1656.37159446403	1231.19995117188
1658.7739468296	1234.69995117188
1661.17557495349	1232.19995117188
1663.57647918824	1239.59997558594
1665.97665988617	1234
1668.37611739929	1236.69995117188
1670.77485207939	1242.80004882813
1673.17286427799	1233.90002441406
1675.57015434633	1233.59997558594
1677.96672263542	1233.90002441406
1680.36256949598	1231.80004882813
1682.7576952785	1236.69995117188
1685.15210033318	1234.09997558594
1687.54578501	1241.40002441406
1689.93874965866	1237.30004882813
1692.33099462861	1231.09997558594
1694.72252026904	1233
1697.11332692889	1226.80004882813
1699.50341495686	1231.59997558594
1701.89278470137	1229.59997558594
1704.28143651061	1229.59997558594
1706.66937073251	1229.09997558594
1709.05658771473	1228.30004882813
1711.44308780473	1233.40002441406
1713.82887134968	1231.90002441406
1716.21393869648	1234
1718.59829019185	1231.30004882813
1720.98192618221	1234
1723.36484701374	1241.30004882813
1725.74705303238	1233.90002441406
1728.12854458384	1238
1730.50932201356	1228.80004882813
1732.88938566673	1230.40002441406
1735.26873588834	1236
1737.64737302307	1237.19995117188
1740.02529741544	1230.69995117188
1742.40250940964	1235.30004882813
1744.77900934969	1234.19995117188
1747.15479757933	1232.80004882813
1749.52987444206	1226.80004882813
1751.90424028116	1238
1754.27789543967	1229.19995117188
1756.65084026037	1237.5
1759.02307508582	1232.09997558594
1761.39460025833	1235.90002441406
1763.76541612	1235.30004882813
1766.13552301265	1228.80004882813
1768.50492127791	1239.19995117188
1770.87361125714	1226.69995117188
1773.2415932915	1237.69995117188
1775.60886772188	1231
1777.97543488896	1230.40002441406
1780.34129513318	1236.40002441406
1782.70644879475	1235.90002441406
1785.07089621365	1228.5
1787.43463772964	1233.09997558594
1789.7976736822	1227.5
1792.16000441066	1232.5
1794.52163025405	1229.30004882813
1796.88255155121	1237.80004882813
1799.24276864074	1232.19995117188
1801.60228186102	1227.90002441406
1803.96109155019	1241.40002441406
1806.31919804618	1236.09997558594
1808.67660168668	1236.90002441406
1811.03330280916	1235.5
1813.38930175088	1240.19995117188
1815.74459884884	1241.59997558594
1818.09919443984	1236.09997558594
1820.45308886047	1233.59997558594
1822.80628244708	1230.90002441406
1825.1587755358	1233.69995117188
1827.51056846254	1244.19995117188
1829.86166156297	1236.69995117188
1832.21205517258	1239.5
1834.56174962661	1238.5
1836.91074526009	1235.59997558594
1839.25904240783	1236.80004882813
1841.60664140443	1232.40002441406
1843.95354258425	1239.80004882813
1846.29974628146	1246.40002441406
1848.64525282998	1236.19995117188
1850.99006256356	1235.90002441406
1853.3341758157	1236.80004882813
1855.67759291968	1236.90002441406
1858.02031420858	1231.40002441406
1860.36234001528	1235.09997558594
1862.70367067241	1235.80004882813
1865.04430651244	1237.30004882813
1867.38424786755	1235.5
1869.72349506978	1239
1872.06204845094	1240.40002441406
1874.39990834258	1234.59997558594
1876.73707507612	1238.90002441406
1879.07354898269	1234.30004882813
1881.40933039328	1242.30004882813
1883.74441963861	1234.5
1886.07881704925	1233.30004882813
1888.41252295551	1244
1890.74553768751	1237.19995117188
1893.07786157519	1240.5
1895.40949494822	1235.59997558594
1897.74043813615	1239
1900.07069146823	1241.19995117188
1902.40025527357	1241.30004882813
1904.72912988106	1226.59997558594
1907.05731561938	1235.59997558594
1909.38481281699	1238.69995117188
1911.71162180217	1241.30004882813
1914.037742903	1237.90002441406
1916.36317644734	1241.40002441406
1918.68792276284	1238.5
1921.01198217697	1234.5
1923.33535501699	1237.40002441406
1925.65804160996	1240.90002441406
1927.98004228273	1235.69995117188
1930.30135736196	1240
1932.6219871741	1236
1934.94193204543	1241.80004882813
1937.26119230198	1238.59997558594
1939.57976826962	1244.69995117188
1941.89766027402	1233
1944.21486864062	1237.69995117188
1946.53139369472	1238.40002441406
1948.84723576137	1236.30004882813
1951.16239516543	1235.40002441406
1953.47687223159	1239.09997558594
1955.79066728434	1236.30004882813
1958.10378064794	1240.59997558594
1960.4162126465	1237.59997558594
1962.7279636039	1233.59997558594
1965.03903384385	1239.80004882813
1967.34942368987	1240.09997558594
1969.65913346524	1236.59997558594
1971.96816349311	1237.90002441406
1974.2765140964	1240
1976.58418559784	1237.5
1978.89117831997	1237
1981.19749258516	1239.30004882813
1983.50312871555	1247.59997558594
1985.80808703313	1241.80004882813
1988.11236785967	1245.40002441406
1990.41597151676	1250.19995117188
1992.71889832581	1245.80004882813
1995.02114860801	1237.90002441406
1997.3227226844	1239
1999.62362087581	1231
2001.92384350288	1240.40002441406
2004.22339088608	1245.19995117188
2006.52226334567	1238.59997558594
2008.82046120173	1239.40002441406
2011.11798477417	1238.19995117188
2013.41483438269	1240.59997558594
2015.71101034681	1246.09997558594
2018.00651298588	1249.90002441406
2020.30134261905	1244.40002441406
2022.59549956528	1242.90002441406
2024.88898414337	1238
2027.1817966719	1242.5
2029.4739374693	1238.59997558594
2031.76540685379	1245
2034.05620514342	1236.69995117188
2036.34633265607	1242.5
2038.6357897094	1237.09997558594
2040.92457662092	1242.19995117188
2043.21269370795	1239.5
2045.50014128763	1233.09997558594
2047.78691967691	1238.30004882813
2050.07302919256	1236.40002441406
2052.35847015118	1237.30004882813
2054.64324286919	1234.80004882813
2056.9273476628	1242.09997558594
2059.21078484808	1238.59997558594
2061.4935547409	1238.5
2063.77565765696	1238.59997558594
2066.05709391176	1243.40002441406
2068.33786382065	1241.5
2070.61796769879	1237.80004882813
2072.89740586116	1251.19995117188
2075.17617862255	1236.69995117188
2077.45428629759	1243.90002441406
2079.73172920075	1244.59997558594
2082.00850764627	1237.69995117188
2084.28462194827	1238.09997558594
2086.56007242065	1239.09997558594
2088.83485937717	1242.80004882813
2091.10898313139	1241
2093.3824439967	1241.80004882813
2095.65524228632	1235.5
2097.92737831328	1243.90002441406
2100.19885239047	1235.80004882813
2102.46966483057	1235.09997558594
2104.7398159461	1243
2107.00930604941	1241.19995117188
2109.27813545267	1236.30004882813
2111.54630446787	1233
2113.81381340685	1247.80004882813
2116.08066258126	1237.80004882813
2118.34685230257	1235.09997558594
2120.61238288211	1237.59997558594
2122.87725463099	1242.80004882813
2125.1414678602	1251.19995117188
2127.40502288052	1250.69995117188
2129.66792000257	1244.59997558594
2131.93015953682	1248.19995117188
2134.19174179353	1236.90002441406
2136.45266708282	1244.40002441406
2138.71293571463	1244.90002441406
2140.97254799873	1239.40002441406
2143.23150424473	1247.30004882813
2145.48980476205	1244.69995117188
2147.74744985996	1245.59997558594
2150.00443984754	1248.5
2152.26077503373	1235.59997558594
2154.51645572728	1241.90002441406
2156.77148223677	1246.90002441406
2159.02585487064	1247.80004882813
2161.27957393713	1249.30004882813
2163.53263974432	1236.40002441406
2165.78505260012	1238.19995117188
2168.0368128123	1239.90002441406
2170.28792068844	1247.59997558594
2172.53837653595	1235.59997558594
2174.78818066207	1243.80004882813
2177.03733337389	1243.69995117188
2179.28583497833	1239.59997558594
2181.53368578214	1249.90002441406
2183.78088609192	1240.30004882813
2186.02743621406	1244.09997558594
2188.27333645484	1235
2190.51858712033	1238.09997558594
2192.76318851646	1244.80004882813
2195.00714094901	1240.40002441406
2197.25044472354	1240.59997558594
2199.49310014551	1246
2201.73510752018	1238.80004882813
2203.97646715265	1236.09997558594
2206.21717934786	1246.90002441406
2208.45724441058	1235.5
2210.69666264543	1242.30004882813
2212.93543435686	1244.40002441406
2215.17355984914	1237.59997558594
2217.41103942642	1236.69995117188
2219.64787339264	1241.09997558594
2221.8840620516	1240.40002441406
2224.11960570695	1234.09997558594
2226.35450466215	1240.19995117188
2228.58875922051	1239.09997558594
2230.82236968518	1242.09997558594
2233.05533635916	1242.5
2235.28765954527	1241.19995117188
2237.51933954617	1246.40002441406
2239.75037666437	1255.69995117188
2241.98077120221	1249
2244.21052346188	1240
2246.4396337454	1240.59997558594
2248.66810235461	1244.90002441406
2250.89592959125	1245.30004882813
2253.12311575681	1240
2255.34966115272	1248.5
2257.57556608017	1235.30004882813
2259.80083084023	1240.19995117188
2262.02545573381	1247.09997558594
2264.24944106163	1238.30004882813
2266.47278712429	1243.69995117188
2268.69549422221	1241.09997558594
2270.91756265564	1248.30004882813
2273.1389927247	1245.40002441406
2275.35978472934	1244.59997558594
2277.57993896933	1243.80004882813
2279.79945574431	1248.5
2282.01833535375	1238.69995117188
2284.23657809696	1244.19995117188
2286.45418427309	1243
2288.67115418114	1240.09997558594
2290.88748811995	1249.09997558594
2293.10318638819	1239.80004882813
2295.3182492844	1245.90002441406
2297.53267710693	1240.19995117188
2299.746470154	1244.30004882813
2301.95962872364	1242.59997558594
2304.17215311376	1250.30004882813
2306.3840436221	1251.19995117188
2308.59530054621	1243.09997558594
2310.80592418354	1238.80004882813
2313.01591483134	1245.80004882813
2315.22527278673	1244.59997558594
2317.43399834666	1245.59997558594
2319.64209180791	1249
2321.84955346713	1241.59997558594
2324.05638362079	1237.69995117188
2326.26258256524	1245.5
2328.46815059664	1256.09997558594
2330.67308801098	1244.90002441406
2332.87739510415	1237
2335.08107217184	1241.5
2337.2841195096	1247.30004882813
2339.48653741281	1244.80004882813
2341.68832617672	1247.19995117188
2343.8894860964	1247.30004882813
2346.09001746678	1248.59997558594
2348.28992058261	1238.40002441406
2350.48919573852	1236
2352.68784322898	1240.19995117188
2354.88586334826	1244.19995117188
2357.08325639055	1249.69995117188
2359.2800226498	1243.30004882813
2361.47616241988	1245.80004882813
2363.67167599445	1251.80004882813
2365.86656366706	1239.09997558594
2368.06082573107	1245.30004882813
2370.2544624797	1255
2372.44747420603	1241.19995117188
2374.63986120295	1240.09997558594
2376.83162376322	1241.90002441406
2379.02276217945	1241.5
2381.21327674408	1245.90002441406
2383.4031677494	1241.09997558594
2385.59243548756	1248.40002441406
2387.78108025053	1241.19995117188
2389.96910233014	1241.69995117188
2392.15650201809	1235.59997558594
2394.34327960587	1241.30004882813
2396.52943538486	1248.90002441406
2398.71496964628	1242.80004882813
2400.89988268118	1234.5
2403.08417478048	1252.09997558594
2405.26784623491	1237.30004882813
2407.45089733509	1241.69995117188
2409.63332837146	1241.30004882813
2411.81513963429	1241.69995117188
2413.99633141375	1240.80004882813
2416.1769039998	1245
2418.35685768227	1245.19995117188
2420.53619275084	1243.59997558594
2422.71490949505	1235
2424.89300820425	1239.80004882813
2427.07048916765	1238.40002441406
2429.24735267433	1247.69995117188
2431.42359901319	1244.5
2433.59922847297	1239.5
2435.7742413423	1236
2437.94863790961	1238.80004882813
2440.12241846321	1248.30004882813
2442.29558329121	1247.69995117188
2444.46813268162	1237.09997558594
2446.64006692228	1234.80004882813
2448.81138630086	1240
2450.98209110489	1242.90002441406
2453.15218162174	1242.30004882813
2455.32165813864	1236.90002441406
2457.49052094265	1246.19995117188
2459.65877032069	1248.30004882813
2461.8264065595	1254.5
2463.99342994572	1237.40002441406
2466.15984076579	1244.69995117188
2468.325639306	1249.80004882813
2470.49082585251	1250
2472.65540069131	1238.40002441406
2474.81936410824	1243.19995117188
2476.98271638899	1244.30004882813
2479.14545781909	1246.30004882813
2481.30758868392	1241.90002441406
2483.4691092687	1242.09997558594
2485.63001985852	1247
2487.79032073829	1249
2489.95001219277	1247.59997558594
2492.10909450659	1244.5
2494.26756796419	1245
2496.42543284989	1244.30004882813
2498.58268944783	1233.09997558594
2500.73933804202	1252
2502.8953789163	1251.09997558594
2505.05081235436	1242.80004882813
2507.20563863974	1254.59997558594
2509.35985805582	1240.69995117188
2511.51347088583	1249.90002441406
2513.66647741285	1249.09997558594
2515.81887791981	1237.19995117188
2517.97067268946	1241.09997558594
2520.12186200443	1242.30004882813
2522.27244614716	1244.59997558594
2524.42242539999	1241
2526.57180004504	1242.5
2528.72057036433	1242.30004882813
2530.8687366397	1243
2533.01629915284	1238.30004882813
2535.16325818527	1241.19995117188
2537.30961401839	1245.5
2539.45536693343	1246.5
2541.60051721145	1248.90002441406
2543.74506513338	1245
2545.88901097997	1241.40002441406
2548.03235503185	1245
2550.17509756946	1242.80004882813
2552.31723887311	1245.69995117188
2554.45877922293	1248.5
2556.59971889893	1233.40002441406
2558.74005818094	1232.5
2560.87979734864	1239.19995117188
2563.01893668155	1247.80004882813
2565.15747645906	1241.40002441406
2567.29541696037	1251
2569.43275846454	1245.69995117188
2571.56950125049	1241.5
2573.70564559696	1241.09997558594
2575.84119178254	1241.90002441406
2577.97614008569	1239.59997558594
2580.11049078468	1246
2582.24424415764	1245.80004882813
2584.37740048255	1241.09997558594
2586.50996003722	1238
2588.64192309931	1235.09997558594
2590.77328994634	1236.40002441406
2592.90406085564	1243.19995117188
2595.03423610442	1241.80004882813
2597.16381596971	1243.80004882813
2599.29280072839	1245.40002441406
2601.42119065719	1243.09997558594
2603.54898603267	1243.69995117188
2605.67618713125	1249.5
2607.80279422919	1246.30004882813
2609.92880760257	1243.40002441406
2612.05422752735	1242
2614.17905427932	1242.40002441406
2616.30328813408	1238.09997558594
2618.42692936713	1241.80004882813
2620.54997825377	1243.5
2622.67243506915	1243.19995117188
2624.79430008828	1243.90002441406
2626.915573586	1251.59997558594
2629.03625583699	1241
2631.15634711579	1252.69995117188
2633.27584769675	1241
2635.39475785408	1237.59997558594
2637.51307786185	1249.30004882813
2639.63080799394	1245.69995117188
2641.74794852409	1240.69995117188
2643.86449972589	1246.90002441406
2645.98046187273	1245.90002441406
2648.0958352379	1245.19995117188
2650.21062009449	1249.69995117188
2652.32481671544	1239.90002441406
2654.43842537353	1246.90002441406
2656.5514463414	1246.59997558594
2658.66387989151	1250.09997558594
2660.77572629616	1241.19995117188
2662.88698582751	1250.69995117188
2664.99765875753	1254.19995117188
2667.10774535806	1249.69995117188
2669.21724590076	1247.80004882813
2671.32616065714	1255
2673.43448989857	1247.19995117188
2675.5422338962	1247.40002441406
2677.64939292108	1245.19995117188
2679.75596724408	1236.69995117188
2681.86195713589	1245.09997558594
2683.96736286707	1244.90002441406
2686.07218470799	1247.90002441406
2688.17642292889	1229.69995117188
2690.28007779982	1239.59997558594
2692.38314959069	1244.40002441406
2694.48563857123	1244.30004882813
2696.58754501103	1242.80004882813
2698.6888691795	1238.69995117188
2700.78961134588	1241.40002441406
2702.8897717793	1239.80004882813
2704.98935074864	1246.09997558594
2707.08834852271	1251.59997558594
2709.18676537009	1246.30004882813
2711.28460155925	1244.09997558594
2713.38185735843	1241.59997558594
2715.47853303577	1237.69995117188
2717.57462885924	1240.30004882813
2719.67014509659	1245.40002441406
2721.76508201548	1245.40002441406
2723.85943988337	1244.30004882813
2725.95321896754	1234.30004882813
2728.04641953515	1239.80004882813
2730.13904185316	1247.69995117188
2732.23108618837	1243.09997558594
2734.32255280744	1237
2736.41344197683	1234.59997558594
2738.50375396288	1244.90002441406
2740.5934890317	1236.80004882813
2742.68264744932	1247.59997558594
2744.77122948153	1238.5
2746.85923539398	1239.90002441406
2748.94666545217	1240.30004882813
2751.03351992142	1240.19995117188
2753.11979906688	1242.69995117188
2755.20550315355	1248.09997558594
2757.29063244624	1240.90002441406
2759.37518720963	1234.5
2761.45916770819	1243.59997558594
2763.54257420625	1248.40002441406
2765.62540696797	1248.80004882813
2767.70766625733	1236.30004882813
2769.78935233816	1234.90002441406
2771.87046547413	1246.30004882813
2773.95100592869	1244.59997558594
2776.03097396519	1240.40002441406
2778.11036984677	1238.40002441406
2780.18919383641	1242.80004882813
2782.26744619693	1244.90002441406
2784.34512719097	1237.30004882813
2786.42223708102	1244.09997558594
2788.49877612937	1240.90002441406
2790.57474459816	1239.59997558594
2792.65014274937	1245.19995117188
2794.7249708448	1236.69995117188
2796.79922914607	1241.09997558594
2798.87291791465	1235.40002441406
2800.94603741181	1236.69995117188
2803.01858789869	1239.40002441406
2805.09056963623	1240.30004882813
2807.1619828852	1242
2809.23282790621	1238
2811.30310495971	1235
2813.37281430593	1241.30004882813
2815.441956205	1236.5
2817.51053091682	1239.40002441406
2819.57853870114	1231.19995117188
2821.64597981753	1245.90002441406
2823.7128545254	1245.19995117188
2825.77916308399	1244.30004882813
2827.84490575233	1244.80004882813
2829.91008278933	1243.59997558594
2831.97469445369	1241.5
2834.03874100395	1241.69995117188
2836.10222269847	1238.09997558594
2838.16513979544	1233.90002441406
2840.22749255288	1243.69995117188
2842.28928122863	1245.69995117188
2844.35050608034	1243.19995117188
2846.41116736553	1247.40002441406
2848.47126534149	1244
2850.53080026537	1249.90002441406
2852.58977239414	1241.59997558594
2854.64818198459	1235.90002441406
2856.70602929332	1238.59997558594
2858.76331457678	1240.19995117188
2860.82003809123	1245.5
2862.87620009274	1253.09997558594
2864.93180083723	1247.09997558594
2866.98684058043	1244.69995117188
2869.04131957789	1235
2871.09523808497	1239.80004882813
2873.14859635689	1244.69995117188
2875.20139464866	1238.80004882813
2877.2536332151	1241.90002441406
2879.30531231091	1244.09997558594
2881.35643219054	1244.30004882813
2883.40699310831	1237.59997558594
2885.45699531834	1246.69995117188
2887.50643907457	1248.69995117188
2889.55532463077	1241
2891.60365224053	1246.5
2893.65142215724	1241.40002441406
2895.69863463414	1246.80004882813
2897.74528992426	1244.09997558594
2899.79138828046	1246.69995117188
2901.83692995544	1245.80004882813
2903.88191520168	1244.80004882813
2905.92634427151	1236.19995117188
2907.97021741706	1240.5
2910.01353489027	1249.19995117188
2912.05629694294	1241.40002441406
2914.09850382663	1243.19995117188
2916.14015579276	1243.09997558594
2918.18125309254	1239
2920.22179597702	1239.30004882813
2922.26178469705	1248.40002441406
2924.30121950329	1245.90002441406
2926.34010064624	1239
2928.37842837619	1248.59997558594
2930.41620294326	1250.09997558594
2932.45342459737	1248.5
2934.49009358828	1248.40002441406
2936.52621016555	1243.30004882813
2938.56177457854	1248.69995117188
2940.59678707645	1240.30004882813
2942.63124790827	1242.5
2944.66515732282	1246.59997558594
2946.69851556873	1244.90002441406
2948.73132289443	1240.90002441406
2950.76357954817	1239.59997558594
2952.79528577803	1244.59997558594
2954.82644183188	1252.19995117188
2956.85704795741	1245.90002441406
2958.8871044021	1239.59997558594
2960.91661141328	1243.80004882813
2962.94556923807	1242.5
2964.97397812339	1243.30004882813
2967.00183831598	1235.59997558594
2969.0291500624	1238
2971.05591360902	1240.59997558594
2973.08212920199	1245.80004882813
2975.1077970873	1240.69995117188
2977.13291751074	1241.30004882813
2979.1574907179	1245.40002441406
2981.18151695419	1245.5
2983.20499646482	1240.59997558594
2985.2279294948	1240.80004882813
2987.25031628898	1234.90002441406
2989.27215709199	1241.19995117188
2991.29345214825	1235.30004882813
2993.31420170204	1240.30004882813
2995.33440599738	1243.40002441406
2997.35406527816	1240.90002441406
2999.37317978802	1243.09997558594
3001.39174977045	1243.59997558594
3003.40977546872	1250.19995117188
3005.42725712591	1240.19995117188
3007.44419498491	1234.5
3009.4605892884	1252.19995117188
3011.47644027889	1242.80004882813
3013.49174819865	1232.40002441406
3015.5065132898	1241.69995117188
3017.52073579424	1247.19995117188
3019.53441595366	1235.59997558594
3021.54755400959	1246
3023.56015020332	1245.90002441406
3025.57220477598	1239.19995117188
3027.58371796846	1246.80004882813
3029.5946900215	1240.30004882813
3031.6051211756	1245.40002441406
3033.61501167107	1241.69995117188
3035.62436174803	1249.19995117188
3037.6331716464	1240.40002441406
3039.64144160588	1229.80004882813
3041.649171866	1242.19995117188
3043.65636266607	1237.09997558594
3045.6630142452	1251.80004882813
3047.66912684229	1233.40002441406
3049.67470069605	1243.30004882813
3051.679736045	1243.19995117188
3053.68423312742	1234.40002441406
3055.68819218143	1240.40002441406
3057.6916134449	1244.90002441406
3059.69449715556	1241.09997558594
3061.69684355086	1248.90002441406
3063.6986528681	1239.09997558594
3065.69992534437	1235.19995117188
3067.70066121653	1237.80004882813
3069.70086072126	1240.80004882813
3071.700524095	1242
3073.69965157405	1245.40002441406
3075.69824339442	1242.90002441406
3077.69629979197	1243
3079.69382100235	1241.09997558594
3081.69080726098	1241.69995117188
3083.68725880307	1243.5
3085.68317586366	1249.90002441406
3087.67855867755	1232.5
3089.67340747933	1236.59997558594
3091.6677225034	1239.5
3093.66150398392	1234.30004882813
3095.6547521549	1242.80004882813
3097.64746725006	1243.80004882813
3099.63964950297	1239.40002441406
3101.63129914698	1240.40002441406
3103.6224164152	1236.90002441406
3105.61300154056	1244.30004882813
3107.60305475576	1234.90002441406
3109.59257629331	1241.09997558594
3111.58156638547	1236.19995117188
3113.57002526432	1237.30004882813
3115.55795316172	1237.19995117188
3117.54535030932	1243.90002441406
3119.53221693853	1243.90002441406
3121.51855328057	1238.40002441406
3123.50435956646	1238.5
3125.48963602698	1240
3127.4743828927	1244.40002441406
3129.45860039397	1246.80004882813
3131.44228876093	1241.90002441406
3133.42544822353	1245.5
3135.40807901145	1244.30004882813
3137.39018135418	1241.59997558594
3139.37175548102	1238.59997558594
3141.35280162101	1248.09997558594
3143.33332000299	1248.90002441406
3145.31331085559	1247
3147.2927744072	1243.19995117188
3149.27171088602	1243.90002441406
3151.25012052	1248.09997558594
3153.22800353689	1244.5
3155.20536016422	1243
3157.18219062929	1244.09997558594
3159.15849515918	1240.59997558594
3161.13427398075	1246.90002441406
3163.10952732066	1245.90002441406
3165.08425540532	1247
3167.05845846092	1243.19995117188
3169.03213671344	1242.40002441406
3171.00529038863	1248.09997558594
3172.97791971203	1242.09997558594
3174.95002490893	1244.30004882813
3176.92160620443	1242.69995117188
3178.89266382337	1247
3180.8631979904	1241.19995117188
3182.83320892991	1246.5
3184.80269686609	1249.19995117188
3186.77166202289	1237.59997558594
3188.74010462406	1249.59997558594
3190.70802489307	1243.09997558594
3192.67542305323	1248.59997558594
3194.64229932757	1248.30004882813
3196.60865393892	1249.80004882813
3198.57448710987	1250.59997558594
3200.53979906279	1244.69995117188
3202.50459001981	1240.40002441406
3204.46886020284	1237.30004882813
3206.43260983356	1241.80004882813
3208.39583913341	1248.19995117188
3210.35854832362	1246
3212.32073762517	1240.09997558594
3214.28240725881	1243.5
3216.24355744508	1245.09997558594
3218.20418840426	1250.69995117188
3220.16430035642	1243.59997558594
3222.12389352137	1238.40002441406
3224.08296811873	1242.19995117188
3226.04152436784	1246.90002441406
3227.99956248784	1247.30004882813
3229.95708269762	1247
3231.91408521584	1249.90002441406
3233.87057026092	1246.40002441406
3235.82653805105	1245.90002441406
3237.78198880419	1242.69995117188
3239.73692273806	1244.80004882813
3241.69134007013	1252.30004882813
3243.64524101764	1240.69995117188
3245.59862579761	1248.59997558594
3247.55149462681	1247.19995117188
3249.50384772176	1246.90002441406
3251.45568529877	1239.19995117188
3253.40700757387	1250.30004882813
3255.35781476288	1248.09997558594
3257.3081070814	1244.5
3259.25788474473	1250.59997558594
3261.20714796799	1249.5
3263.15589696602	1249.09997558594
3265.10413195345	1242.40002441406
3267.05185314463	1246.40002441406
3268.9990607537	1252.09997558594
3270.94575499455	1253.09997558594
3272.89193608081	1238.30004882813
3274.8376042259	1253.40002441406
3276.78275964296	1240.19995117188
3278.72740254492	1246
3280.67153314443	1253.09997558594
3282.61515165393	1244.90002441406
3284.55825828559	1249.59997558594
3286.50085325135	1241.69995117188
3288.44293676289	1244.5
3290.38450903165	1245.90002441406
3292.32557026883	1240.40002441406
3294.26612068537	1249.90002441406
3296.20616049198	1247.09997558594
3298.14568989911	1239.90002441406
3300.08470911695	1238
3302.02321835546	1245.40002441406
3303.96121782435	1241.69995117188
3305.89870773306	1247.19995117188
3307.83568829081	1242.59997558594
3309.77215970655	1233.80004882813
3311.70812218898	1239.40002441406
3313.64357594655	1245.69995117188
3315.57852118747	1249.19995117188
3317.51295811968	1244.80004882813
3319.44688695087	1250.19995117188
3321.38030788849	1242.19995117188
3323.31322113973	1239.69995117188
3325.24562691152	1241.09997558594
3327.17752541055	1245.30004882813
3329.10891684322	1245
3331.03980141573	1240.40002441406
3332.97017933399	1242.40002441406
3334.90005080364	1238.09997558594
3336.82941603011	1243
3338.75827521852	1245.5
3340.68662857377	1248.59997558594
3342.6144763005	1242.40002441406
3344.54181860308	1245.30004882813
3346.46865568561	1252
3348.39498775195	1246.19995117188
3350.32081500571	1246.5
3352.24613765022	1251.5
3354.17095588855	1240.5
3356.09526992352	1238.30004882813
3358.01907995769	1241.5
3359.94238619334	1253.80004882813
3361.86518883251	1244.69995117188
3363.78748807697	1252.69995117188
3365.70928412823	1241.30004882813
3367.63057718752	1241.30004882813
3369.55136745582	1252.09997558594
3371.47165513386	1248.30004882813
3373.39144042208	1248
3375.31072352066	1245.19995117188
3377.22950462953	1246.80004882813
3379.14778394834	1242.59997558594
3381.06556167648	1240.09997558594
3382.98283801308	1245.40002441406
3384.89961315697	1241.90002441406
3386.81588730676	1243.80004882813
3388.73166066076	1245.80004882813
3390.64693341702	1252.59997558594
3392.56170577332	1232.80004882813
3394.47597792716	1249.59997558594
3396.38975007581	1242.30004882813
3398.30302241623	1241.19995117188
3400.21579514512	1249.69995117188
3402.1280684589	1248.09997558594
3404.03984255374	1242.90002441406
3405.95111762553	1248.90002441406
3407.86189386987	1241.90002441406
3409.77217148212	1244.19995117188
3411.68195065733	1247.90002441406
3413.5912315903	1239.5
3415.50001447556	1244.69995117188
3417.40829950735	1245.5
3419.31608687963	1240.30004882813
3421.22337678611	1244.90002441406
3423.1301694202	1246.90002441406
3425.03646497504	1234.40002441406
3426.9422636435	1246.69995117188
3428.84756561816	1245.09997558594
3430.75237109135	1242.09997558594
3432.65668025508	1246.80004882813
3434.56049330112	1248.19995117188
3436.46381042093	1243.19995117188
3438.36663180571	1245.80004882813
3440.26895764638	1249.90002441406
3442.17078813357	1242.40002441406
3444.07212345762	1242.59997558594
3445.97296380863	1244.40002441406
3447.87330937636	1243.69995117188
3449.77316035033	1239.69995117188
3451.67251691977	1247.69995117188
3453.57137927361	1251.69995117188
3455.46974760052	1245.90002441406
3457.36762208886	1246.90002441406
3459.26500292671	1247.30004882813
3461.16189030191	1234.59997558594
3463.05828440194	1242.09997558594
3464.95418541406	1243.5
3466.84959352519	1242.69995117188
3468.74450892201	1242.19995117188
3470.63893179088	1242
3472.53286231788	1243.59997558594
3474.42630068881	1244.59997558594
3476.31924708918	1242.40002441406
3478.2117017042	1246.80004882813
3480.1036647188	1247.19995117188
3481.99513631761	1244.40002441406
3483.88611668498	1248.90002441406
3485.77660600498	1242.69995117188
3487.66660446135	1223.80004882813
3489.55611223758	1243.90002441406
3491.44512951683	1243.69995117188
3493.333656482	1241.30004882813
3495.22169331568	1235.69995117188
3497.10924020016	1235.09997558594
3498.99629731746	1245
3500.88286484927	1241.90002441406
3502.76894297702	1235.30004882813
3504.65453188182	1235.19995117188
3506.53963174449	1241.09997558594
3508.42424274555	1238.09997558594
3510.30836506524	1238.09997558594
3512.19199888349	1243.69995117188
3514.07514437992	1242.80004882813
3515.95780173387	1234.40002441406
3517.83997112437	1242.69995117188
3519.72165273016	1234.90002441406
3521.60284672967	1232.69995117188
3523.48355330104	1233
3525.36377262208	1240.69995117188
3527.24350487035	1244.80004882813
3529.12275022306	1238.80004882813
3531.00150885715	1238.09997558594
3532.87978094923	1241.59997558594
3534.75756667562	1239.90002441406
3536.63486621235	1231
3538.51167973512	1243.5
3540.38800741934	1237.09997558594
3542.26384944011	1232.80004882813
3544.13920597223	1239.5
3546.01407719018	1237.30004882813
3547.88846326815	1230.80004882813
3549.76236438002	1234.40002441406
3551.63578069934	1233.30004882813
3553.50871239938	1235
3555.38115965309	1235.30004882813
3557.25312263311	1239.40002441406
3559.12460151177	1227
3560.99559646109	1223.5
3562.86610765279	1232.5
3564.73613525825	1227.30004882813
3566.60567944857	1223.90002441406
3568.47474039453	1232
3570.34331826658	1233.80004882813
3572.21141323487	1231
3574.07902546925	1225.80004882813
3575.94615513922	1235.19995117188
3577.81280241401	1231.30004882813
3579.67896746249	1234.19995117188
3581.54465045325	1235.59997558594
3583.40985155455	1232.80004882813
3585.27457093432	1236.5
3587.1388087602	1230.19995117188
3589.00256519949	1240.19995117188
3590.86584041919	1241.40002441406
3592.72863458597	1231.90002441406
3594.59094786618	1236.90002441406
3596.45278042585	1236.19995117188
3598.31413243069	1236.69995117188
3600.17500404611	1238.5
3602.03539543717	1231.90002441406
3603.89530676861	1236.30004882813
3605.75473820488	1231.30004882813
3607.61368991007	1237.09997558594
3609.47216204797	1233.59997558594
3611.33015478203	1228.80004882813
3613.18766827539	1237.69995117188
3615.04470269087	1242.80004882813
3616.90125819094	1230.80004882813
3618.75733493776	1231.59997558594
3620.61293309318	1241.59997558594
3622.46805281869	1234.90002441406
3624.32269427547	1230.5
3626.17685762439	1234
3628.03054302596	1235.09997558594
3629.88375064038	1236
3631.73648062751	1225.80004882813
3633.5887331469	1228.59997558594
3635.44050835775	1230.80004882813
3637.29180641893	1233.80004882813
3639.14262748899	1228.09997558594
3640.99297172614	1233.30004882813
3642.84283928828	1238.59997558594
3644.69223033294	1234.80004882813
3646.54114501734	1232
3648.38958349836	1225.90002441406
3650.23754593256	1233.69995117188
3652.08503247614	1226.19995117188
3653.93204328497	1228.80004882813
3655.77857851462	1232
3657.62463832028	1229.80004882813
3659.47022285682	1237.40002441406
3661.31533227877	1228.09997558594
3663.15996674033	1223.09997558594
3665.00412639535	1229.40002441406
3666.84781139736	1225.40002441406
3668.69102189953	1229.40002441406
3670.5337580547	1225.59997558594
3672.37602001537	1227.30004882813
3674.21780793368	1232.09997558594
3676.05912196148	1220.09997558594
3677.89996225021	1235.40002441406
3679.74032895103	1233.30004882813
3681.58022221471	1232.30004882813
3683.41964219171	1232.59997558594
3685.25858903211	1234.09997558594
3687.0970628857	1221.09997558594
3688.93506390186	1237.69995117188
3690.77259222968	1233.69995117188
3692.60964801787	1222.80004882813
3694.44623141481	1235.90002441406
3696.28234256853	1230.69995117188
3698.11798162669	1231.40002441406
3699.95314873665	1234
3701.78784404537	1230.5
3703.62206769951	1227.69995117188
3705.45581984533	1226.90002441406
3707.28910062877	1224.09997558594
3709.12191019542	1233.90002441406
3710.95424869052	1225.30004882813
3712.78611625894	1223.69995117188
3714.6175130452	1226.09997558594
3716.44843919349	1221.40002441406
3718.27889484764	1235.40002441406
3720.1088801511	1226.5
3721.93839524699	1234.5
3723.76744027808	1227.90002441406
3725.59601538677	1232.40002441406
3727.4241207151	1233.5
