40.2973356941271	1125.19995117188
43.2236257608418	1130.59997558594
46.1488808466109	1131.09997558594
49.0731017336173	1132
51.9962892025666	1132.80004882813
54.9184440327569	1134.09997558594
57.8395670020446	1135.80004882813
60.7596588868509	1140.19995117188
63.6787204621708	1146.19995117188
66.5967525015794	1144.30004882813
69.5137557772381	1152.40002441406
72.4297310598838	1157.5
75.3446791188512	1169.40002441406
78.2586007220466	1172.80004882813
81.1714966360015	1195.09997558594
84.0833676258266	1211.90002441406
86.994214455242	1232.59997558594
89.9040378865662	1267
92.8128386807427	1276.90002441406
95.7206175973133	1305.30004882813
98.6273753944444	1324.19995117188
101.533112828928	1347.69995117188
104.437830656161	1344.59997558594
107.34152963018	1347
110.244210503676	1343.30004882813
113.145874027931	1340
116.046520952895	1339.19995117188
118.946152027154	1343.09997558594
121.844767997933	1343.5
124.74236961111	1342.80004882813
127.638957611212	1345.09997558594
130.534532741422	1336.80004882813
133.429095743606	1342.69995117188
136.322647358252	1355.5
139.215188324544	1356.80004882813
142.106719380311	1358.09997558594
144.997241262089	1352.90002441406
147.886754705057	1362.5
150.775260443096	1352.90002441406
153.662759208748	1362.80004882813
156.549251733282	1354.90002441406
159.434738746612	1365.80004882813
162.319220977376	1352.5
165.20269915289	1352.69995117188
168.085173999178	1358.69995117188
170.966646240977	1355.5
173.847116601709	1346.69995117188
176.726585803528	1364.5
179.605054567295	1360.40002441406
182.48252361259	1345.69995117188
185.358993657701	1341.59997558594
188.234465419645	1359.90002441406
191.108939614183	1359.59997558594
193.982416955795	1352.09997558594
196.854898157687	1361.69995117188
199.726383931801	1349.40002441406
202.596874988835	1365.19995117188
205.466372038225	1355.19995117188
208.334875788145	1361.40002441406
211.202386945534	1365.30004882813
214.068906216069	1368.59997558594
216.934434304194	1363.80004882813
219.798971913111	1375.09997558594
222.662519744776	1353.09997558594
225.525078499925	1365.80004882813
228.386648878069	1377.80004882813
231.247231577465	1367
234.106827295172	1362
236.965436727012	1368.19995117188
239.823060567597	1355.90002441406
242.679699510337	1354
245.535354247396	1354.5
248.390025469775	1359.80004882813
251.243713867223	1359.69995117188
254.096420128327	1357
256.948144940459	1356
259.798888989788	1362.80004882813
262.648652961315	1355.90002441406
265.49743753883	1364.59997558594
268.345243404939	1349.19995117188
271.192071241073	1366.80004882813
274.037921727485	1371.19995117188
276.882795543246	1358.90002441406
279.72669336624	1366.5
282.569615873213	1365.30004882813
285.411563739724	1384.90002441406
288.252537640165	1374.90002441406
291.092538247763	1373.69995117188
293.931566234616	1378.69995117188
296.769622271633	1371.80004882813
299.606707028594	1366.90002441406
302.442821174104	1376.80004882813
305.277965375652	1375.69995117188
308.112140299574	1368.69995117188
310.945346611062	1377.5
313.777584974167	1373.80004882813
316.608856051813	1377.90002441406
319.439160505797	1379
322.268498996783	1362.59997558594
325.096872184303	1370.69995117188
327.924280726782	1369.69995117188
330.750725281521	1390.59997558594
333.576206504693	1375.59997558594
336.400725051388	1391.30004882813
339.224281575542	1372.69995117188
342.046876730026	1376
344.868511166586	1382.69995117188
347.689185535872	1372.40002441406
350.508900487421	1376.59997558594
353.327656669699	1370.5
356.145454730079	1368.19995117188
358.962295314817	1369.09997558594
361.778179069105	1363.59997558594
364.593106637051	1388.69995117188
367.407078661675	1377.5
370.220095784913	1385.30004882813
373.032158647655	1365.69995117188
375.843267889676	1389.59997558594
378.653424149715	1385
381.462628065436	1373.09997558594
384.270880273432	1378.09997558594
387.078181409254	1380.59997558594
389.884532107358	1399.19995117188
392.689933001188	1387.40002441406
395.494384723112	1401
398.29788790445	1387.19995117188
401.100443175488	1385.59997558594
403.902051165437	1391.19995117188
406.702712502518	1379.80004882813
409.502427813866	1387.40002441406
412.301197725607	1383.30004882813
415.099022862823	1391.19995117188
417.89590384957	1392.19995117188
420.691841308876	1387.09997558594
423.486835862752	1383.90002441406
426.280888132173	1374.19995117188
429.073998737112	1391
431.866168296507	1387
434.657397428298	1388.90002441406
437.447686749412	1394
440.237036875762	1386.80004882813
443.025448422257	1378.19995117188
445.812922002813	1389.19995117188
448.599458230326	1394.09997558594
451.38505771672	1380.59997558594
454.169721072909	1390.30004882813
456.953448908819	1395.80004882813
459.736241833384	1391.40002441406
462.518100454555	1388.69995117188
465.2990253793	1383.80004882813
468.079017213605	1390.69995117188
470.858076562476	1400.90002441406
473.636204029939	1385.69995117188
476.41340021906	1380
479.189665731938	1389.09997558594
481.965001169667	1388.19995117188
484.739407132419	1390.59997558594
487.512884219391	1400
490.285433028796	1402.59997558594
493.057054157921	1382.80004882813
495.827748203087	1387.69995117188
498.597515759658	1396.30004882813
501.366357422061	1397.59997558594
504.134273783759	1403
506.901265437278	1407.09997558594
509.66733297421	1394.59997558594
512.432476985198	1390.90002441406
515.196698059945	1401.19995117188
517.959996787225	1390.40002441406
520.722373754895	1392.59997558594
523.483829549856	1404.69995117188
526.24436475811	1385.69995117188
529.003979964696	1409.09997558594
531.762675753779	1396.80004882813
534.520452708569	1394.59997558594
537.277311411375	1394.69995117188
540.03325244359	1385.09997558594
542.788276385682	1392.5
545.54238381725	1397.5
548.295575316938	1394.19995117188
551.047851462516	1398.09997558594
553.799212830831	1393.59997558594
556.549659997851	1397.80004882813
559.299193538643	1405.69995117188
562.047814027381	1391.90002441406
564.795522037318	1396.69995117188
567.542318140861	1400.40002441406
570.288202909507	1398.90002441406
573.033176913873	1398.80004882813
575.7772407237	1397.09997558594
578.520394907829	1392.59997558594
581.26264003424	1391.09997558594
584.003976670046	1392.90002441406
586.744405381469	1402
589.483926733869	1394.5
592.222541291746	1397.80004882813
594.96024961872	1409.40002441406
597.697052277563	1407.19995117188
600.432949830166	1402.30004882813
603.167942837587	1399.19995117188
605.902031860012	1406.30004882813
608.635217456783	1397.5
611.367500186378	1410.5
614.098880606429	1406.90002441406
616.82935927374	1403.59997558594
619.558936744248	1395.40002441406
622.287613573072	1399.09997558594
625.015390314457	1401.80004882813
627.742267521848	1398.40002441406
630.468245747829	1398.90002441406
633.193325544166	1405
635.917507461792	1399.69995117188
638.640792050804	1408.90002441406
641.36317986048	1404.90002441406
644.084671439281	1405
646.805267334845	1389.19995117188
649.524968093967	1403.09997558594
652.24377426266	1402.30004882813
654.961686386106	1398.80004882813
657.678705008678	1400
660.394830673939	1410.19995117188
663.110063924628	1389.90002441406
665.824405302728	1400
668.537855349351	1412
671.250414604863	1400.59997558594
673.962083608812	1410.19995117188
676.672862899949	1391.09997558594
679.382753016218	1406
682.091754494801	1413.09997558594
684.799867872061	1407.69995117188
687.507093683595	1423
690.213432464198	1403.59997558594
692.918884747899	1400.90002441406
695.623451067937	1412
698.327131956755	1398.59997558594
701.029927946065	1410.80004882813
703.731839566754	1398.5
706.43286734896	1412.80004882813
709.133011822067	1407.69995117188
711.832273514658	1411.30004882813
714.53065295457	1405.69995117188
717.228150668879	1404.30004882813
719.924767183889	1412
722.620503025148	1418
725.315358717446	1420.59997558594
728.009334784827	1408
730.702431750559	1413.40002441406
733.394650137188	1405.80004882813
736.085990466498	1407.80004882813
738.776453259519	1417.09997558594
741.466039036542	1413.90002441406
744.154748317125	1402
746.842581620074	1416.09997558594
749.529539463458	1413.90002441406
752.215622364608	1419.5
754.900830840131	1398.30004882813
757.585165405892	1415.69995117188
760.26862657703	1412.69995117188
762.951214867957	1407
765.632930792356	1422.5
768.313774863181	1407.30004882813
770.993747592673	1403.5
773.672849492359	1413.69995117188
776.351081073017	1397.80004882813
779.028442844757	1416.69995117188
781.704935316928	1411
784.380558998208	1419.19995117188
787.055314396528	1403.59997558594
789.729202019141	1413.19995117188
792.402222372581	1417
795.074375962669	1412.09997558594
797.745663294537	1411.80004882813
800.416084872622	1430.09997558594
803.085641200652	1429.09997558594
805.754332781664	1419
808.422160117986	1414.09997558594
811.089123711292	1411.19995117188
813.75522406252	1420.40002441406
816.420461671951	1415.5
819.084837039164	1414.30004882813
821.748350663067	1417.19995117188
824.411003041866	1418.59997558594
827.072794673116	1414.40002441406
829.733726053668	1416.59997558594
832.39379767971	1417.69995117188
835.05301004674	1427.80004882813
837.711363649601	1426.90002441406
840.368858982457	1417.5
843.025496538805	1422.30004882813
845.681276811467	1413.09997558594
848.336200292618	1435.5
850.99026747375	1420.19995117188
853.643478845713	1421.90002441406
856.29583489868	1428.19995117188
858.947336122176	1429
861.59798300506	1443
864.247776035556	1450.80004882813
866.896715701222	1430.59997558594
869.544802488959	1437.59997558594
872.192036885046	1443.09997558594
874.838419375087	1446.30004882813
877.483950444054	1434
880.128630576285	1429.30004882813
882.772460255461	1427.90002441406
885.415439964628	1446.09997558594
888.057570186211	1441.80004882813
890.698851401966	1443.80004882813
893.339284093045	1444.90002441406
895.978868739961	1436.19995117188
898.617605822596	1436.5
901.255495820196	1425
903.892539211396	1433
906.528736474184	1433.59997558594
909.164088085949	1428.90002441406
911.798594523442	1434.19995117188
914.432256262804	1433.59997558594
917.065073779549	1419.5
919.697047548589	1419.90002441406
922.328178044212	1444.19995117188
924.9584657401	1434.80004882813
927.587911109317	1434.09997558594
930.216514624317	1445.09997558594
932.844276756963	1443.90002441406
935.471197978488	1428.90002441406
938.097278759538	1436.80004882813
940.722519570163	1441.5
943.346920879798	1449.19995117188
945.97048315729	1457.09997558594
948.593206870885	1459.30004882813
951.215092488219	1465.5
953.836140476366	1460.90002441406
956.456351301787	1476.09997558594
959.07572543037	1488.59997558594
961.694263327369	1470.5
964.311965457521	1469
966.928832284933	1492.5
969.544864273135	1469.80004882813
972.160061885076	1472.69995117188
974.774425583129	1473.09997558594
977.387955829099	1484.69995117188
980.000653084196	1463.19995117188
982.612517809061	1467.59997558594
985.223550463768	1475.19995117188
987.833751507819	1475.80004882813
990.443121400135	1480.80004882813
993.051660599081	1477.09997558594
995.659369562449	1487.09997558594
998.266248747469	1498.59997558594
1000.87229861081	1538.30004882813
1003.47751960857	1558.5
1006.0819121963	1581.59997558594
1008.68547682897	1567.40002441406
1011.28821396104	1551.09997558594
1013.89012404635	1524.80004882813
1016.49120753824	1491.40002441406
1019.09146488947	1494.40002441406
1021.69089655226	1495.59997558594
1024.28950297827	1470.90002441406
1026.88728461863	1496.09997558594
1029.48424192392	1474.30004882813
1032.08037534416	1483.30004882813
1034.67568532886	1472.5
1037.27017232694	1476.59997558594
1039.86383678682	1472.80004882813
1042.45667915637	1469
1045.04869988293	1464.69995117188
1047.6398994133	1474
1050.23027819374	1471.19995117188
1052.81983666998	1471.59997558594
1055.40857528724	1469.90002441406
1057.99649449018	1481.40002441406
1060.58359472296	1472.19995117188
1063.1698764292	1471.09997558594
1065.755340052	1477.90002441406
1068.33998603393	1481.19995117188
1070.92381481706	1466.90002441406
1073.50682684291	1467.5
1076.08902255251	1480.5
1078.67040238637	1476.5
1081.25096678445	1479.80004882813
1083.83071618624	1479.59997558594
1086.4096510307	1475.30004882813
1088.98777175629	1464.59997558594
1091.56507880094	1473.80004882813
1094.14157260208	1463.90002441406
1096.71725359664	1479.19995117188
1099.29212222106	1472
1101.86617891125	1477.80004882813
1104.43942410262	1473.19995117188
1107.01185823011	1475.30004882813
1109.58348172812	1472.30004882813
1112.15429503057	1477.80004882813
1114.7242985709	1471.40002441406
1117.29349278203	1497.80004882813
1119.86187809642	1500.5
1122.42945494599	1483.19995117188
1124.99622376222	1502
1127.56218497606	1510.59997558594
1130.12733901801	1516.09997558594
1132.69168631804	1521.5
1135.25522730568	1523.09997558594
1137.81796240995	1534.19995117188
1140.37989205941	1553.69995117188
1142.9410166821	1574.30004882813
1145.50133670561	1602.90002441406
1148.06085255708	1649.5
1150.61956466311	1697.59997558594
1153.17747344987	1786.59997558594
1155.73457934305	1821.19995117188
1158.29088276786	1883.30004882813
1160.84638414903	1838.40002441406
1163.40108391085	1765.59997558594
1165.95498247711	1683.69995117188
1168.50808027116	1615.90002441406
1171.06037771587	1570.59997558594
1173.61187523364	1561.19995117188
1176.16257324643	1539.30004882813
1178.71247217573	1537.59997558594
1181.26157244255	1545.19995117188
1183.80987446746	1537
1186.35737867059	1542.90002441406
1188.90408547157	1561.19995117188
1191.44999528961	1564.19995117188
1193.99510854347	1579.30004882813
1196.53942565142	1571.09997558594
1199.08294703133	1546.19995117188
1201.62567310057	1546.19995117188
1204.16760427611	1538
1206.70874097445	1523.40002441406
1209.24908361163	1522.90002441406
1211.78863260327	1525.30004882813
1214.32738836454	1517.19995117188
1216.86535131017	1522
1219.40252185445	1500
1221.93890041121	1499.59997558594
1224.47448739389	1500.5
1227.00928321544	1508.69995117188
1229.54328828842	1494
1232.07650302491	1504.5
1234.60892783662	1494.40002441406
1237.14056313477	1507.40002441406
1239.67140933017	1505.5
1242.2014668332	1494.90002441406
1244.73073605384	1521.40002441406
1247.25921740159	1498.69995117188
1249.78691128558	1499.40002441406
1252.31381811448	1515.30004882813
1254.83993829655	1531.90002441406
1257.36527223962	1536.80004882813
1259.88982035112	1520.5
1262.41358303803	1520
1264.93656070696	1537.59997558594
1267.45875376405	1538
1269.98016261505	1558.80004882813
1272.50078766531	1537.5
1275.02062931974	1551.90002441406
1277.53968798285	1569.30004882813
1280.05796405875	1559.19995117188
1282.57545795112	1531.59997558594
1285.09217006325	1537.59997558594
1287.60810079802	1530.19995117188
1290.12325055788	1524.5
1292.63761974492	1522.19995117188
1295.15120876079	1535.19995117188
1297.66401800676	1531.90002441406
1300.17604788367	1537.09997558594
1302.687298792	1532
1305.19777113181	1526.90002441406
1307.70746530274	1536.59997558594
1310.21638170408	1533.09997558594
1312.7245207347	1535.69995117188
1315.23188279307	1527.19995117188
1317.73846827728	1514.90002441406
1320.24427758502	1533.69995117188
1322.74931111359	1528.19995117188
1325.25356925991	1516.59997558594
1327.75705242051	1518
1330.25976099151	1518.09997558594
1332.76169536868	1519.80004882813
1335.26285594737	1510.5
1337.76324312256	1501.59997558594
1340.26285728887	1523.19995117188
1342.76169884052	1522.5
1345.25976817132	1524
1347.75706567474	1519.59997558594
1350.25359174387	1506
1352.74934677141	1513.09997558594
1355.24433114968	1527
1357.73854527062	1522.69995117188
1360.23198952583	1513.59997558594
1362.7246643065	1527.30004882813
1365.21657000347	1524.09997558594
1367.7077070072	1510.5
1370.19807570777	1499.40002441406
1372.68767649492	1514.69995117188
1375.176509758	1513.40002441406
1377.66457588599	1527.09997558594
1380.15187526753	1516.59997558594
1382.63840829087	1512.69995117188
1385.1241753439	1532.40002441406
1387.60917681417	1535.59997558594
1390.09341308884	1518.40002441406
1392.57688455474	1545.30004882813
1395.05959159829	1524
1397.54153460562	1530.19995117188
1400.02271396243	1521.5
1402.50313005414	1527.80004882813
1404.98278326576	1533.5
1407.46167398196	1520.90002441406
1409.93980258707	1514.30004882813
1412.41716946504	1521.09997558594
1414.89377499951	1522.59997558594
1417.36961957373	1526.40002441406
1419.84470357062	1535.59997558594
1422.31902737275	1553.09997558594
1424.79259136235	1529.09997558594
1427.26539592129	1545.30004882813
1429.73744143111	1534.09997558594
1432.20872827299	1558
1434.67925682777	1551.59997558594
1437.14902747597	1555.80004882813
1439.61804059773	1556.30004882813
1442.0862965729	1570
1444.55379578093	1573.40002441406
1447.02053860099	1582.5
1449.48652541188	1569.69995117188
1451.95175659206	1577.80004882813
1454.41623251969	1583.69995117188
1456.87995357255	1578.69995117188
1459.34292012811	1562.59997558594
1461.80513256351	1564.90002441406
1464.26659125557	1554.5
1466.72729658073	1550.09997558594
1469.18724891517	1552.30004882813
1471.64644863469	1562.80004882813
1474.10489611478	1569.19995117188
1476.5625917306	1561.69995117188
1479.01953585699	1559.30004882813
1481.47572886844	1566.90002441406
1483.93117113917	1556.90002441406
1486.38586304302	1566.19995117188
1488.83980495354	1575.69995117188
1491.29299724395	1580.40002441406
1493.74544028715	1596.40002441406
1496.19713445573	1613
1498.64808012193	1624.40002441406
1501.09827765772	1652.59997558594
1503.54772743471	1690.30004882813
1505.99642982421	1748
1508.44438519723	1786.69995117188
1510.89159392446	1855.69995117188
1513.33805637625	1908.09997558594
1515.78377292266	2002.80004882813
1518.22874393346	2024.5
1520.67296977806	2028.19995117188
1523.11645082559	1998.69995117188
1525.55918744488	1912.30004882813
1528.00118000444	1823.5
1530.44242887245	1747
1532.88293441684	1667.59997558594
1535.32269700517	1632.90002441406
1537.76171700475	1625.5
1540.19999478255	1597.59997558594
1542.63753070526	1576.69995117188
1545.07432513925	1571.19995117188
1547.5103784506	1565
1549.94569100509	1566.59997558594
1552.38026316819	1558
1554.8140953051	1558
1557.24718778067	1564.59997558594
1559.67954095952	1547.40002441406
1562.11115520592	1548.5
1564.54203088386	1547.40002441406
1566.97216835704	1564.80004882813
1569.40156798888	1573.69995117188
1571.83023014248	1542.30004882813
1574.25815518067	1571.59997558594
1576.68534346597	1562.40002441406
1579.11179536062	1567.30004882813
1581.53751122658	1563.69995117188
1583.9624914255	1550.59997558594
1586.38673631876	1552.30004882813
1588.81024626745	1547.59997558594
1591.23302163235	1542
1593.655062774	1563.90002441406
1596.07637005262	1558.09997558594
1598.49694382815	1543.59997558594
1600.91678446025	1547.80004882813
1603.33589230831	1545
1605.75426773142	1543.90002441406
1608.1719110884	1539.69995117188
1610.58882273779	1547.59997558594
1613.00500303784	1553.19995117188
1615.42045234654	1534.90002441406
1617.83517102158	1546.19995117188
1620.24915942039	1541.09997558594
1622.66241790012	1542.80004882813
1625.07494681764	1559.59997558594
1627.48674652954	1559.30004882813
1629.89781739216	1560
1632.30815976152	1558
1634.71777399343	1567.40002441406
1637.12666044338	1555.09997558594
1639.53481946661	1543.40002441406
1641.94225141808	1558.40002441406
1644.34895665248	1562
1646.75493552424	1554.59997558594
1649.16018838752	1562.09997558594
1651.56471559621	1561
1653.96851750392	1584.69995117188
1656.37159446403	1574.40002441406
1658.7739468296	1589.59997558594
1661.17557495349	1590.19995117188
1663.57647918824	1581.40002441406
1665.97665988617	1583.90002441406
1668.37611739929	1556.40002441406
1670.77485207939	1546.90002441406
1673.17286427799	1533.19995117188
1675.57015434633	1553.09997558594
1677.96672263542	1555.5
1680.36256949598	1531.69995117188
1682.7576952785	1547.30004882813
1685.15210033318	1547.80004882813
1687.54578501	1534.40002441406
1689.93874965866	1539.40002441406
1692.33099462861	1542.59997558594
1694.72252026904	1544.90002441406
1697.11332692889	1537.09997558594
1699.50341495686	1551.19995117188
1701.89278470137	1529.90002441406
1704.28143651061	1539.5
1706.66937073251	1527.19995117188
1709.05658771473	1539.80004882813
1711.44308780473	1547.40002441406
1713.82887134968	1535.09997558594
1716.21393869648	1546.90002441406
1718.59829019185	1549.69995117188
1720.98192618221	1540.40002441406
1723.36484701374	1550.5
1725.74705303238	1536.5
1728.12854458384	1542.59997558594
1730.50932201356	1545.5
1732.88938566673	1555.09997558594
1735.26873588834	1522.90002441406
1737.64737302307	1537.09997558594
1740.02529741544	1543.59997558594
1742.40250940964	1528.19995117188
1744.77900934969	1564.59997558594
1747.15479757933	1539.30004882813
1749.52987444206	1550.80004882813
1751.90424028116	1566.69995117188
1754.27789543967	1548.30004882813
1756.65084026037	1548.19995117188
1759.02307508582	1540.69995117188
1761.39460025833	1544.80004882813
1763.76541612	1540.19995117188
1766.13552301265	1542
1768.50492127791	1552.40002441406
1770.87361125714	1542.19995117188
1773.2415932915	1535.69995117188
1775.60886772188	1537.80004882813
1777.97543488896	1545
1780.34129513318	1529.90002441406
1782.70644879475	1531.40002441406
1785.07089621365	1534.09997558594
1787.43463772964	1536.19995117188
1789.7976736822	1547.5
1792.16000441066	1529.80004882813
1794.52163025405	1525.40002441406
1796.88255155121	1548.30004882813
1799.24276864074	1530.69995117188
1801.60228186102	1548.80004882813
1803.96109155019	1537.40002441406
1806.31919804618	1528.09997558594
1808.67660168668	1532.19995117188
1811.03330280916	1539.19995117188
1813.38930175088	1545.59997558594
1815.74459884884	1531.30004882813
1818.09919443984	1544.59997558594
1820.45308886047	1537.30004882813
1822.80628244708	1542.40002441406
1825.1587755358	1529.5
1827.51056846254	1529.90002441406
1829.86166156297	1544.30004882813
1832.21205517258	1545.19995117188
1834.56174962661	1550
1836.91074526009	1538.5
1839.25904240783	1532.09997558594
1841.60664140443	1538.80004882813
1843.95354258425	1550.90002441406
1846.29974628146	1546.69995117188
1848.64525282998	1547.19995117188
1850.99006256356	1534.69995117188
1853.3341758157	1535.69995117188
1855.67759291968	1532.5
1858.02031420858	1543.30004882813
1860.36234001528	1541.30004882813
1862.70367067241	1554.80004882813
1865.04430651244	1523
1867.38424786755	1536.09997558594
1869.72349506978	1541.30004882813
1872.06204845094	1534.90002441406
1874.39990834258	1545
1876.73707507612	1540.19995117188
1879.07354898269	1540.19995117188
1881.40933039328	1542.09997558594
1883.74441963861	1536.69995117188
1886.07881704925	1533.59997558594
1888.41252295551	1525.59997558594
1890.74553768751	1538.09997558594
1893.07786157519	1521
1895.40949494822	1538.59997558594
1897.74043813615	1540
1900.07069146823	1528.80004882813
1902.40025527357	1524.69995117188
1904.72912988106	1530
1907.05731561938	1557
1909.38481281699	1528.40002441406
1911.71162180217	1532.59997558594
1914.037742903	1522.90002441406
1916.36317644734	1543.19995117188
1918.68792276284	1533.90002441406
1921.01198217697	1526.69995117188
1923.33535501699	1540.90002441406
1925.65804160996	1542.90002441406
1927.98004228273	1532.19995117188
1930.30135736196	1533.80004882813
1932.6219871741	1532
1934.94193204543	1531.09997558594
1937.26119230198	1531.30004882813
1939.57976826962	1529.59997558594
1941.89766027402	1532.09997558594
1944.21486864062	1541.90002441406
1946.53139369472	1531.59997558594
1948.84723576137	1516.69995117188
1951.16239516543	1529.69995117188
1953.47687223159	1532
1955.79066728434	1530
1958.10378064794	1534.19995117188
1960.4162126465	1545
1962.7279636039	1546
1965.03903384385	1533.5
1967.34942368987	1519.90002441406
1969.65913346524	1541.30004882813
1971.96816349311	1549.09997558594
1974.2765140964	1527.09997558594
1976.58418559784	1535
1978.89117831997	1527.69995117188
1981.19749258516	1517.5
1983.50312871555	1524.5
1985.80808703313	1542.40002441406
1988.11236785967	1538.5
1990.41597151676	1519.09997558594
1992.71889832581	1548.59997558594
1995.02114860801	1543.09997558594
1997.3227226844	1537.90002441406
1999.62362087581	1522.30004882813
2001.92384350288	1529.69995117188
2004.22339088608	1537.40002441406
2006.52226334567	1520.09997558594
2008.82046120173	1532.19995117188
2011.11798477417	1524.5
2013.41483438269	1536.19995117188
2015.71101034681	1545.19995117188
2018.00651298588	1525.19995117188
2020.30134261905	1539.40002441406
2022.59549956528	1545.40002441406
2024.88898414337	1535.30004882813
2027.1817966719	1521.5
2029.4739374693	1544.19995117188
2031.76540685379	1536.40002441406
2034.05620514342	1529.30004882813
2036.34633265607	1523.90002441406
2038.6357897094	1529.5
2040.92457662092	1537.59997558594
2043.21269370795	1543.40002441406
2045.50014128763	1523.40002441406
2047.78691967691	1522.40002441406
2050.07302919256	1520
2052.35847015118	1520.09997558594
2054.64324286919	1523.19995117188
2056.9273476628	1525.80004882813
2059.21078484808	1517.09997558594
2061.4935547409	1523.59997558594
2063.77565765696	1527.30004882813
2066.05709391176	1524.19995117188
2068.33786382065	1518.09997558594
2070.61796769879	1518.59997558594
2072.89740586116	1522.59997558594
2075.17617862255	1545.90002441406
2077.45428629759	1506.59997558594
2079.73172920075	1527.19995117188
2082.00850764627	1518.90002441406
2084.28462194827	1523.30004882813
2086.56007242065	1521.19995117188
2088.83485937717	1531.90002441406
2091.10898313139	1525.30004882813
2093.3824439967	1531.80004882813
2095.65524228632	1530.09997558594
2097.92737831328	1538.19995117188
2100.19885239047	1511.09997558594
2102.46966483057	1529.40002441406
2104.7398159461	1526.5
2107.00930604941	1534.19995117188
2109.27813545267	1514.40002441406
2111.54630446787	1532
2113.81381340685	1540.90002441406
2116.08066258126	1522.69995117188
2118.34685230257	1523
2120.61238288211	1517.30004882813
2122.87725463099	1529.69995117188
2125.1414678602	1544.90002441406
2127.40502288052	1539.09997558594
2129.66792000257	1519.5
2131.93015953682	1526.09997558594
2134.19174179353	1528.30004882813
2136.45266708282	1525.40002441406
2138.71293571463	1538.19995117188
2140.97254799873	1533.30004882813
2143.23150424473	1530.19995117188
2145.48980476205	1535
2147.74744985996	1543.09997558594
2150.00443984754	1527.09997558594
2152.26077503373	1534.30004882813
2154.51645572728	1539
2156.77148223677	1541.69995117188
2159.02585487064	1547
2161.27957393713	1558
2163.53263974432	1554.5
2165.78505260012	1534.80004882813
2168.0368128123	1543.40002441406
2170.28792068844	1527.80004882813
2172.53837653595	1542.90002441406
2174.78818066207	1530.40002441406
2177.03733337389	1528.80004882813
2179.28583497833	1528.30004882813
2181.53368578214	1520.30004882813
2183.78088609192	1507.80004882813
2186.02743621406	1544
2188.27333645484	1523.5
2190.51858712033	1525.5
2192.76318851646	1505.5
2195.00714094901	1504.90002441406
2197.25044472354	1517.59997558594
2199.49310014551	1521.30004882813
2201.73510752018	1523
2203.97646715265	1514.80004882813
2206.21717934786	1512.59997558594
2208.45724441058	1520.59997558594
2210.69666264543	1505.40002441406
2212.93543435686	1516.40002441406
2215.17355984914	1506.5
2217.41103942642	1499.30004882813
2219.64787339264	1519.40002441406
2221.8840620516	1501.59997558594
2224.11960570695	1496.59997558594
2226.35450466215	1493.69995117188
2228.58875922051	1519.09997558594
2230.82236968518	1517.19995117188
2233.05533635916	1504.80004882813
2235.28765954527	1502.59997558594
2237.51933954617	1491.5
2239.75037666437	1525.19995117188
2241.98077120221	1513.59997558594
2244.21052346188	1519.69995117188
2246.4396337454	1513.30004882813
2248.66810235461	1514.40002441406
2250.89592959125	1516.80004882813
2253.12311575681	1506.69995117188
2255.34966115272	1506.40002441406
2257.57556608017	1517.69995117188
2259.80083084023	1508.80004882813
2262.02545573381	1520.80004882813
2264.24944106163	1502.69995117188
2266.47278712429	1511.90002441406
2268.69549422221	1508
2270.91756265564	1507.90002441406
2273.1389927247	1517.59997558594
2275.35978472934	1508.30004882813
2277.57993896933	1513.09997558594
2279.79945574431	1522.59997558594
2282.01833535375	1521.80004882813
2284.23657809696	1526.80004882813
2286.45418427309	1521.90002441406
2288.67115418114	1534.90002441406
2290.88748811995	1518.09997558594
2293.10318638819	1522.5
2295.3182492844	1523
2297.53267710693	1520.90002441406
2299.746470154	1519.80004882813
2301.95962872364	1522.5
2304.17215311376	1522.59997558594
2306.3840436221	1530.69995117188
2308.59530054621	1532.09997558594
2310.80592418354	1518.69995117188
2313.01591483134	1544
2315.22527278673	1537.40002441406
2317.43399834666	1542.30004882813
2319.64209180791	1523.19995117188
2321.84955346713	1525
2324.05638362079	1524.59997558594
2326.26258256524	1523.90002441406
2328.46815059664	1521.19995117188
2330.67308801098	1522.69995117188
2332.87739510415	1524.30004882813
2335.08107217184	1517.5
2337.2841195096	1512.69995117188
2339.48653741281	1521.59997558594
2341.68832617672	1515.69995117188
2343.8894860964	1522.40002441406
2346.09001746678	1522
2348.28992058261	1505.90002441406
2350.48919573852	1512.90002441406
2352.68784322898	1518.30004882813
2354.88586334826	1497
2357.08325639055	1514.69995117188
2359.2800226498	1509.40002441406
2361.47616241988	1510.59997558594
2363.67167599445	1517.40002441406
2365.86656366706	1513.69995117188
2368.06082573107	1515.69995117188
2370.2544624797	1494.09997558594
2372.44747420603	1515.69995117188
2374.63986120295	1502.09997558594
2376.83162376322	1494.19995117188
2379.02276217945	1503.09997558594
2381.21327674408	1507.69995117188
2383.4031677494	1501.5
2385.59243548756	1494.80004882813
2387.78108025053	1499.19995117188
2389.96910233014	1497.90002441406
2392.15650201809	1503.90002441406
2394.34327960587	1491.5
2396.52943538486	1478.90002441406
2398.71496964628	1497.59997558594
2400.89988268118	1482.30004882813
2403.08417478048	1514
2405.26784623491	1490.90002441406
2407.45089733509	1496.69995117188
2409.63332837146	1485.69995117188
2411.81513963429	1492.5
2413.99633141375	1501.69995117188
2416.1769039998	1501.59997558594
2418.35685768227	1491
2420.53619275084	1489.80004882813
2422.71490949505	1495.80004882813
2424.89300820425	1490.69995117188
2427.07048916765	1488.90002441406
2429.24735267433	1491.69995117188
2431.42359901319	1492.69995117188
2433.59922847297	1489.59997558594
2435.7742413423	1489.5
2437.94863790961	1491.30004882813
2440.12241846321	1489.5
2442.29558329121	1491.30004882813
2444.46813268162	1507.69995117188
2446.64006692228	1488.5
2448.81138630086	1494.90002441406
2450.98209110489	1489.90002441406
2453.15218162174	1493.90002441406
2455.32165813864	1478.80004882813
2457.49052094265	1490.19995117188
2459.65877032069	1507.90002441406
2461.8264065595	1488.40002441406
2463.99342994572	1484.09997558594
2466.15984076579	1484.80004882813
2468.325639306	1480.30004882813
2470.49082585251	1501.80004882813
2472.65540069131	1485.90002441406
2474.81936410824	1501.30004882813
2476.98271638899	1501
2479.14545781909	1506.5
2481.30758868392	1490.59997558594
2483.4691092687	1500.30004882813
2485.63001985852	1499.19995117188
2487.79032073829	1513.59997558594
2489.95001219277	1492
2492.10909450659	1495.19995117188
2494.26756796419	1492
2496.42543284989	1494.30004882813
2498.58268944783	1502.59997558594
2500.73933804202	1485
2502.8953789163	1487.69995117188
2505.05081235436	1488.90002441406
2507.20563863974	1500.5
2509.35985805582	1500.5
2511.51347088583	1502.30004882813
2513.66647741285	1492.19995117188
2515.81887791981	1498.69995117188
2517.97067268946	1496
2520.12186200443	1505.90002441406
2522.27244614716	1500.59997558594
2524.42242539999	1506.5
2526.57180004504	1481.90002441406
2528.72057036433	1489.30004882813
2530.8687366397	1495.69995117188
2533.01629915284	1482.80004882813
2535.16325818527	1500.59997558594
2537.30961401839	1494.80004882813
2539.45536693343	1496.30004882813
2541.60051721145	1484.30004882813
2543.74506513338	1474.59997558594
2545.88901097997	1480
2548.03235503185	1480.69995117188
2550.17509756946	1477.40002441406
2552.31723887311	1471.30004882813
2554.45877922293	1478.80004882813
2556.59971889893	1469.09997558594
2558.74005818094	1475.09997558594
2560.87979734864	1472.59997558594
2563.01893668155	1469.09997558594
2565.15747645906	1471.90002441406
2567.29541696037	1474.90002441406
2569.43275846454	1461.09997558594
2571.56950125049	1472.09997558594
2573.70564559696	1469.59997558594
2575.84119178254	1477
2577.97614008569	1483.40002441406
2580.11049078468	1472.40002441406
2582.24424415764	1481.90002441406
2584.37740048255	1468.09997558594
2586.50996003722	1467.90002441406
2588.64192309931	1467.40002441406
2590.77328994634	1470
2592.90406085564	1472.5
2595.03423610442	1471.80004882813
2597.16381596971	1470.40002441406
2599.29280072839	1484.19995117188
2601.42119065719	1470
2603.54898603267	1485
2605.67618713125	1483.30004882813
2607.80279422919	1483.09997558594
2609.92880760257	1480.69995117188
2612.05422752735	1473.80004882813
2614.17905427932	1491.09997558594
2616.30328813408	1479
2618.42692936713	1478.69995117188
2620.54997825377	1477.59997558594
2622.67243506915	1479.19995117188
2624.79430008828	1480.59997558594
2626.915573586	1473.40002441406
2629.03625583699	1477.69995117188
2631.15634711579	1482.30004882813
2633.27584769675	1485
2635.39475785408	1486.09997558594
2637.51307786185	1480.90002441406
2639.63080799394	1503.90002441406
2641.74794852409	1487.69995117188
2643.86449972589	1489.40002441406
2645.98046187273	1502.80004882813
2648.0958352379	1490.09997558594
2650.21062009449	1509.90002441406
2652.32481671544	1507.80004882813
2654.43842537353	1515.09997558594
2656.5514463414	1511.80004882813
2658.66387989151	1510.80004882813
2660.77572629616	1517.40002441406
2662.88698582751	1519.19995117188
2664.99765875753	1531.5
2667.10774535806	1535.40002441406
2669.21724590076	1543.59997558594
2671.32616065714	1542.80004882813
2673.43448989857	1512.5
2675.5422338962	1527.80004882813
2677.64939292108	1504.19995117188
2679.75596724408	1504.09997558594
2681.86195713589	1495.09997558594
2683.96736286707	1496.69995117188
2686.07218470799	1497.5
2688.17642292889	1485.80004882813
2690.28007779982	1474.80004882813
2692.38314959069	1484.40002441406
2694.48563857123	1474.40002441406
2696.58754501103	1479.59997558594
2698.6888691795	1477
2700.78961134588	1474.30004882813
2702.8897717793	1480
2704.98935074864	1471.69995117188
2707.08834852271	1486.59997558594
2709.18676537009	1491.30004882813
2711.28460155925	1476.30004882813
2713.38185735843	1483.5
2715.47853303577	1477.69995117188
2717.57462885924	1465.80004882813
2719.67014509659	1465.30004882813
2721.76508201548	1464.19995117188
2723.85943988337	1469.40002441406
2725.95321896754	1470.59997558594
2728.04641953515	1469.59997558594
2730.13904185316	1462.09997558594
2732.23108618837	1463.59997558594
2734.32255280744	1447.69995117188
2736.41344197683	1463.5
2738.50375396288	1460.09997558594
2740.5934890317	1459
2742.68264744932	1448.59997558594
2744.77122948153	1461
2746.85923539398	1456.40002441406
2748.94666545217	1446.19995117188
2751.03351992142	1441.90002441406
2753.11979906688	1453.5
2755.20550315355	1455.80004882813
2757.29063244624	1453.09997558594
2759.37518720963	1440.5
2761.45916770819	1440.59997558594
2763.54257420625	1443.40002441406
2765.62540696797	1463.19995117188
2767.70766625733	1451.09997558594
2769.78935233816	1445.30004882813
2771.87046547413	1456.80004882813
2773.95100592869	1447.80004882813
2776.03097396519	1448.30004882813
2778.11036984677	1453
2780.18919383641	1447.80004882813
2782.26744619693	1455.19995117188
2784.34512719097	1445.19995117188
2786.42223708102	1446
2788.49877612937	1451.19995117188
2790.57474459816	1466
2792.65014274937	1449.5
2794.7249708448	1442.09997558594
2796.79922914607	1454
2798.87291791465	1447.30004882813
2800.94603741181	1442.5
2803.01858789869	1445.30004882813
2805.09056963623	1452.09997558594
2807.1619828852	1436.5
2809.23282790621	1444.09997558594
2811.30310495971	1444.59997558594
2813.37281430593	1444.59997558594
2815.441956205	1438.09997558594
2817.51053091682	1453.40002441406
2819.57853870114	1449.80004882813
2821.64597981753	1453.80004882813
2823.7128545254	1447.40002441406
2825.77916308399	1447.30004882813
2827.84490575233	1454.19995117188
2829.91008278933	1451.40002441406
2831.97469445369	1457
2834.03874100395	1470.09997558594
2836.10222269847	1462.19995117188
2838.16513979544	1462.5
2840.22749255288	1489.19995117188
2842.28928122863	1499.09997558594
2844.35050608034	1502
2846.41116736553	1530.30004882813
2848.47126534149	1528.19995117188
2850.53080026537	1553.40002441406
2852.58977239414	1525.5
2854.64818198459	1551.19995117188
2856.70602929332	1537.90002441406
2858.76331457678	1528.59997558594
2860.82003809123	1525.5
2862.87620009274	1522.90002441406
2864.93180083723	1525.19995117188
2866.98684058043	1515.5
2869.04131957789	1523.69995117188
2871.09523808497	1500.30004882813
2873.14859635689	1524.5
2875.20139464866	1521
2877.2536332151	1521.80004882813
2879.30531231091	1555.90002441406
2881.35643219054	1537.90002441406
2883.40699310831	1541.30004882813
2885.45699531834	1530.5
2887.50643907457	1554.09997558594
2889.55532463077	1551.19995117188
2891.60365224053	1542.69995117188
2893.65142215724	1558.30004882813
2895.69863463414	1544.80004882813
2897.74528992426	1549.59997558594
2899.79138828046	1543.09997558594
2901.83692995544	1548.90002441406
2903.88191520168	1536.40002441406
2905.92634427151	1546.69995117188
2907.97021741706	1524.69995117188
2910.01353489027	1528.09997558594
2912.05629694294	1546.09997558594
2914.09850382663	1519.30004882813
2916.14015579276	1542.90002441406
2918.18125309254	1536.5
2920.22179597702	1538.19995117188
2922.26178469705	1543.40002441406
2924.30121950329	1528.40002441406
2926.34010064624	1538.19995117188
2928.37842837619	1535.69995117188
2930.41620294326	1549.90002441406
2932.45342459737	1543
2934.49009358828	1535.5
2936.52621016555	1530.19995117188
2938.56177457854	1528
2940.59678707645	1515.40002441406
2942.63124790827	1512.69995117188
2944.66515732282	1499.80004882813
2946.69851556873	1504
2948.73132289443	1486.30004882813
2950.76357954817	1505.09997558594
2952.79528577803	1490.59997558594
2954.82644183188	1495.5
2956.85704795741	1486.09997558594
2958.8871044021	1482.80004882813
2960.91661141328	1481.19995117188
2962.94556923807	1467.59997558594
2964.97397812339	1480.19995117188
2967.00183831598	1467
2969.0291500624	1477.59997558594
2971.05591360902	1467.5
2973.08212920199	1465.40002441406
2975.1077970873	1464.09997558594
2977.13291751074	1460.80004882813
2979.1574907179	1458
2981.18151695419	1457.80004882813
2983.20499646482	1439.30004882813
2985.2279294948	1452.69995117188
2987.25031628898	1451.40002441406
2989.27215709199	1458.30004882813
2991.29345214825	1438.30004882813
2993.31420170204	1442
2995.33440599738	1444.09997558594
2997.35406527816	1459.69995117188
2999.37317978802	1447.5
3001.39174977045	1464
3003.40977546872	1450.40002441406
3005.42725712591	1464.19995117188
3007.44419498491	1450.59997558594
3009.4605892884	1474.30004882813
3011.47644027889	1467.09997558594
3013.49174819865	1467.40002441406
3015.5065132898	1471.40002441406
3017.52073579424	1477.30004882813
3019.53441595366	1470.90002441406
3021.54755400959	1452.40002441406
3023.56015020332	1461.59997558594
3025.57220477598	1456.80004882813
3027.58371796846	1457.69995117188
3029.5946900215	1443.69995117188
3031.6051211756	1440.19995117188
3033.61501167107	1438.09997558594
3035.62436174803	1433.69995117188
3037.6331716464	1445
3039.64144160588	1449.69995117188
3041.649171866	1427.09997558594
3043.65636266607	1433.80004882813
3045.6630142452	1434.09997558594
3047.66912684229	1416
3049.67470069605	1437.30004882813
3051.679736045	1433.5
3053.68423312742	1412.5
3055.68819218143	1419.80004882813
3057.6916134449	1419.40002441406
3059.69449715556	1406.09997558594
3061.69684355086	1422.69995117188
3063.6986528681	1430
3065.69992534437	1416.80004882813
3067.70066121653	1417.19995117188
3069.70086072126	1416.40002441406
3071.700524095	1401.80004882813
3073.69965157405	1412.80004882813
3075.69824339442	1422.30004882813
3077.69629979197	1397.09997558594
3079.69382100235	1409.90002441406
3081.69080726098	1391.90002441406
3083.68725880307	1408.40002441406
3085.68317586366	1396.90002441406
3087.67855867755	1418.80004882813
3089.67340747933	1406.40002441406
3091.6677225034	1395.5
3093.66150398392	1415.90002441406
3095.6547521549	1400.09997558594
3097.64746725006	1407.5
3099.63964950297	1400.59997558594
3101.63129914698	1408.59997558594
3103.6224164152	1406.5
3105.61300154056	1414
3107.60305475576	1420.69995117188
3109.59257629331	1415.19995117188
3111.58156638547	1390.19995117188
3113.57002526432	1398.30004882813
3115.55795316172	1406.80004882813
3117.54535030932	1393.5
3119.53221693853	1406.69995117188
3121.51855328057	1400.5
3123.50435956646	1409.09997558594
3125.48963602698	1405.90002441406
3127.4743828927	1415.30004882813
3129.45860039397	1399.09997558594
3131.44228876093	1387.09997558594
3133.42544822353	1404.5
3135.40807901145	1401.90002441406
3137.39018135418	1405.5
3139.37175548102	1401.09997558594
3141.35280162101	1403.30004882813
3143.33332000299	1408.09997558594
3145.31331085559	1411.90002441406
3147.2927744072	1391.5
3149.27171088602	1402.5
3151.25012052	1398.59997558594
3153.22800353689	1385.69995117188
3155.20536016422	1391.30004882813
3157.18219062929	1400.5
3159.15849515918	1400.80004882813
3161.13427398075	1388.59997558594
3163.10952732066	1392.80004882813
3165.08425540532	1383.80004882813
3167.05845846092	1402.59997558594
3169.03213671344	1404.80004882813
3171.00529038863	1388.30004882813
3172.97791971203	1403.09997558594
3174.95002490893	1394
3176.92160620443	1406.90002441406
3178.89266382337	1394.30004882813
3180.8631979904	1406
3182.83320892991	1401.40002441406
3184.80269686609	1400.19995117188
3186.77166202289	1399.19995117188
3188.74010462406	1397.30004882813
3190.70802489307	1391
3192.67542305323	1396.19995117188
3194.64229932757	1390.69995117188
3196.60865393892	1394
3198.57448710987	1390.90002441406
3200.53979906279	1387.19995117188
3202.50459001981	1383.69995117188
3204.46886020284	1384
3206.43260983356	1397.40002441406
3208.39583913341	1392.80004882813
3210.35854832362	1396.19995117188
3212.32073762517	1399.09997558594
3214.28240725881	1392.59997558594
3216.24355744508	1401.19995117188
3218.20418840426	1395.09997558594
3220.16430035642	1396.30004882813
3222.12389352137	1394.30004882813
3224.08296811873	1387.5
3226.04152436784	1395.30004882813
3227.99956248784	1394.80004882813
3229.95708269762	1389.30004882813
3231.91408521584	1397.19995117188
3233.87057026092	1391.5
3235.82653805105	1392.09997558594
3237.78198880419	1399
3239.73692273806	1404
3241.69134007013	1390.69995117188
3243.64524101764	1384
3245.59862579761	1390
3247.55149462681	1400.5
3249.50384772176	1395.90002441406
3251.45568529877	1397.30004882813
3253.40700757387	1392.59997558594
3255.35781476288	1376.90002441406
3257.3081070814	1393.59997558594
3259.25788474473	1400.30004882813
3261.20714796799	1396.69995117188
3263.15589696602	1391.09997558594
3265.10413195345	1403.19995117188
3267.05185314463	1410
3268.9990607537	1389.5
3270.94575499455	1402.59997558594
3272.89193608081	1396.19995117188
3274.8376042259	1381.40002441406
3276.78275964296	1392.80004882813
3278.72740254492	1393.90002441406
3280.67153314443	1387
3282.61515165393	1394.19995117188
3284.55825828559	1399.90002441406
3286.50085325135	1391.90002441406
3288.44293676289	1394.30004882813
3290.38450903165	1383.80004882813
3292.32557026883	1393.90002441406
3294.26612068537	1380.30004882813
3296.20616049198	1386.69995117188
3298.14568989911	1389.59997558594
3300.08470911695	1386.09997558594
3302.02321835546	1379.59997558594
3303.96121782435	1382.09997558594
3305.89870773306	1383
3307.83568829081	1382.69995117188
3309.77215970655	1372.80004882813
3311.70812218898	1385.69995117188
3313.64357594655	1380.69995117188
3315.57852118747	1375.5
3317.51295811968	1382.5
3319.44688695087	1381.09997558594
3321.38030788849	1382
3323.31322113973	1375.90002441406
3325.24562691152	1383.59997558594
3327.17752541055	1382.40002441406
3329.10891684322	1378.19995117188
3331.03980141573	1387.69995117188
3332.97017933399	1376.90002441406
3334.90005080364	1384.80004882813
3336.82941603011	1385.59997558594
3338.75827521852	1384.09997558594
3340.68662857377	1377.30004882813
3342.6144763005	1382.09997558594
3344.54181860308	1386.5
3346.46865568561	1384.09997558594
3348.39498775195	1384
3350.32081500571	1383.19995117188
3352.24613765022	1373.5
3354.17095588855	1375.5
3356.09526992352	1378.90002441406
3358.01907995769	1376.69995117188
3359.94238619334	1390.90002441406
3361.86518883251	1376.40002441406
3363.78748807697	1367.80004882813
3365.70928412823	1382.80004882813
3367.63057718752	1381.59997558594
3369.55136745582	1381
3371.47165513386	1375.90002441406
3373.39144042208	1377.19995117188
3375.31072352066	1373.19995117188
3377.22950462953	1382
3379.14778394834	1377.80004882813
3381.06556167648	1375.80004882813
3382.98283801308	1378.59997558594
3384.89961315697	1381.59997558594
3386.81588730676	1385.40002441406
3388.73166066076	1367.40002441406
3390.64693341702	1372.80004882813
3392.56170577332	1379.09997558594
3394.47597792716	1368.90002441406
3396.38975007581	1369.40002441406
3398.30302241623	1387.80004882813
3400.21579514512	1370.69995117188
3402.1280684589	1370.80004882813
3404.03984255374	1366.69995117188
3405.95111762553	1371
3407.86189386987	1369.30004882813
3409.77217148212	1362.19995117188
3411.68195065733	1365.59997558594
3413.5912315903	1369.5
3415.50001447556	1379.09997558594
3417.40829950735	1367.90002441406
3419.31608687963	1370.5
3421.22337678611	1383
3423.1301694202	1378.5
3425.03646497504	1361.40002441406
3426.9422636435	1379.80004882813
3428.84756561816	1356.90002441406
3430.75237109135	1357.30004882813
3432.65668025508	1365.59997558594
3434.56049330112	1381.59997558594
3436.46381042093	1370.19995117188
3438.36663180571	1371.09997558594
3440.26895764638	1363.5
3442.17078813357	1360.30004882813
3444.07212345762	1363.30004882813
3445.97296380863	1365.69995117188
3447.87330937636	1362.5
3449.77316035033	1368
3451.67251691977	1373.90002441406
3453.57137927361	1368.09997558594
3455.46974760052	1368.19995117188
3457.36762208886	1367.5
3459.26500292671	1362.40002441406
3461.16189030191	1369.5
3463.05828440194	1369.59997558594
3464.95418541406	1369.09997558594
3466.84959352519	1360.30004882813
3468.74450892201	1366.5
3470.63893179088	1373.69995117188
3472.53286231788	1356.40002441406
3474.42630068881	1358.69995117188
3476.31924708918	1365.40002441406
3478.2117017042	1365.30004882813
3480.1036647188	1351.5
3481.99513631761	1370.09997558594
3483.88611668498	1370.09997558594
3485.77660600498	1361.80004882813
3487.66660446135	1363.90002441406
3489.55611223758	1364.40002441406
3491.44512951683	1370.80004882813
3493.333656482	1365.90002441406
3495.22169331568	1362.5
3497.10924020016	1359.90002441406
3498.99629731746	1367.69995117188
3500.88286484927	1361
3502.76894297702	1341.80004882813
3504.65453188182	1358
3506.53963174449	1360.30004882813
3508.42424274555	1364.09997558594
3510.30836506524	1354.19995117188
3512.19199888349	1352.69995117188
3514.07514437992	1344.30004882813
3515.95780173387	1358.40002441406
3517.83997112437	1344.40002441406
3519.72165273016	1352.69995117188
3521.60284672967	1351.90002441406
3523.48355330104	1357.69995117188
3525.36377262208	1355.40002441406
3527.24350487035	1351.69995117188
3529.12275022306	1342.90002441406
3531.00150885715	1354.30004882813
3532.87978094923	1336.59997558594
3534.75756667562	1342.80004882813
3536.63486621235	1329.5
3538.51167973512	1346.59997558594
3540.38800741934	1348.30004882813
3542.26384944011	1351.30004882813
3544.13920597223	1345.90002441406
3546.01407719018	1349
3547.88846326815	1346.40002441406
3549.76236438002	1342.5
3551.63578069934	1333.80004882813
3553.50871239938	1339.09997558594
3555.38115965309	1347.80004882813
3557.25312263311	1337.19995117188
3559.12460151177	1335.40002441406
3560.99559646109	1339.30004882813
3562.86610765279	1340.80004882813
3564.73613525825	1329.80004882813
3566.60567944857	1342.69995117188
3568.47474039453	1330.90002441406
3570.34331826658	1339.19995117188
3572.21141323487	1337.59997558594
3574.07902546925	1340.09997558594
3575.94615513922	1344.09997558594
3577.81280241401	1340.59997558594
3579.67896746249	1346.80004882813
3581.54465045325	1330.80004882813
3583.40985155455	1349.40002441406
3585.27457093432	1336.80004882813
3587.1388087602	1337.90002441406
3589.00256519949	1334.90002441406
3590.86584041919	1335.69995117188
3592.72863458597	1337
3594.59094786618	1342.80004882813
3596.45278042585	1344.90002441406
3598.31413243069	1352
3600.17500404611	1325.5
3602.03539543717	1335.80004882813
3603.89530676861	1345.59997558594
3605.75473820488	1334
3607.61368991007	1331.69995117188
3609.47216204797	1346.09997558594
3611.33015478203	1346.40002441406
3613.18766827539	1339.80004882813
3615.04470269087	1334.69995117188
3616.90125819094	1339.09997558594
3618.75733493776	1338.5
3620.61293309318	1343.90002441406
3622.46805281869	1342
3624.32269427547	1338.59997558594
3626.17685762439	1345.19995117188
3628.03054302596	1343.09997558594
3629.88375064038	1335.30004882813
3631.73648062751	1322.59997558594
3633.5887331469	1329.40002441406
3635.44050835775	1320.69995117188
3637.29180641893	1339.5
3639.14262748899	1330.80004882813
3640.99297172614	1341.5
3642.84283928828	1340.5
3644.69223033294	1329.5
3646.54114501734	1327.90002441406
3648.38958349836	1336.40002441406
3650.23754593256	1331.30004882813
3652.08503247614	1338
3653.93204328497	1325.59997558594
3655.77857851462	1323.59997558594
3657.62463832028	1342.09997558594
3659.47022285682	1312.90002441406
3661.31533227877	1333.40002441406
3663.15996674033	1332
3665.00412639535	1333.5
3666.84781139736	1329.30004882813
3668.69102189953	1324.59997558594
3670.5337580547	1333.19995117188
3672.37602001537	1329.80004882813
3674.21780793368	1334.69995117188
3676.05912196148	1330.90002441406
3677.89996225021	1323.40002441406
3679.74032895103	1328.5
3681.58022221471	1322.09997558594
3683.41964219171	1331.09997558594
3685.25858903211	1327.80004882813
3687.0970628857	1322.90002441406
3688.93506390186	1318
3690.77259222968	1323.40002441406
3692.60964801787	1323.09997558594
3694.44623141481	1327.80004882813
3696.28234256853	1333.19995117188
3698.11798162669	1328.80004882813
3699.95314873665	1324.19995117188
3701.78784404537	1323
3703.62206769951	1322.59997558594
3705.45581984533	1319.90002441406
3707.28910062877	1326.30004882813
3709.12191019542	1317.19995117188
3710.95424869052	1314.80004882813
3712.78611625894	1318
3714.6175130452	1317.09997558594
3716.44843919349	1327.40002441406
3718.27889484764	1332.5
3720.1088801511	1318.40002441406
3721.93839524699	1310.40002441406
3723.76744027808	1329.40002441406
3725.59601538677	1311.90002441406
3727.4241207151	1324.19995117188
