40.2973356941271	1126.19995117188
43.2236257608418	1128.09997558594
46.1488808466109	1128.59997558594
49.0731017336173	1127.80004882813
51.9962892025666	1128.30004882813
54.9184440327569	1129.30004882813
57.8395670020446	1129.09997558594
60.7596588868509	1128.69995117188
63.6787204621708	1130.69995117188
66.5967525015794	1128.19995117188
69.5137557772381	1132.69995117188
72.4297310598838	1132.5
75.3446791188512	1134
78.2586007220466	1137.40002441406
81.1714966360015	1144.5
84.0833676258266	1147.40002441406
86.994214455242	1154.69995117188
89.9040378865662	1160
92.8128386807427	1161.19995117188
95.7206175973133	1168.40002441406
98.6273753944444	1168.19995117188
101.533112828928	1171.80004882813
104.437830656161	1167.5
107.34152963018	1168.5
110.244210503676	1170.5
113.145874027931	1166.69995117188
116.046520952895	1167
118.946152027154	1168.69995117188
121.844767997933	1165.90002441406
124.74236961111	1160.40002441406
127.638957611212	1161.90002441406
130.534532741422	1167.5
133.429095743606	1163.80004882813
136.322647358252	1158
139.215188324544	1164.30004882813
142.106719380311	1164.30004882813
144.997241262089	1163.19995117188
147.886754705057	1163.69995117188
150.775260443096	1162
153.662759208748	1162.09997558594
156.549251733282	1161.5
159.434738746612	1162.59997558594
162.319220977376	1160.80004882813
165.20269915289	1157.59997558594
168.085173999178	1155.09997558594
170.966646240977	1158.5
173.847116601709	1156.80004882813
176.726585803528	1158.19995117188
179.605054567295	1155.09997558594
182.48252361259	1158.30004882813
185.358993657701	1154
188.234465419645	1154.5
191.108939614183	1153.09997558594
193.982416955795	1154.19995117188
196.854898157687	1153.80004882813
199.726383931801	1160.09997558594
202.596874988835	1155.40002441406
205.466372038225	1161.90002441406
208.334875788145	1155.30004882813
211.202386945534	1155.80004882813
214.068906216069	1155.59997558594
216.934434304194	1155.5
219.798971913111	1155
222.662519744776	1154.69995117188
225.525078499925	1156.19995117188
228.386648878069	1156.90002441406
231.247231577465	1156.19995117188
234.106827295172	1154.80004882813
236.965436727012	1154.40002441406
239.823060567597	1152.40002441406
242.679699510337	1157.30004882813
245.535354247396	1151.80004882813
248.390025469775	1153.30004882813
251.243713867223	1153.5
254.096420128327	1156.59997558594
256.948144940459	1153.90002441406
259.798888989788	1154.90002441406
262.648652961315	1152.5
265.49743753883	1154.09997558594
268.345243404939	1152.90002441406
271.192071241073	1151.80004882813
274.037921727485	1152.80004882813
276.882795543246	1151.90002441406
279.72669336624	1152.80004882813
282.569615873213	1150.5
285.411563739724	1149.69995117188
288.252537640165	1152.80004882813
291.092538247763	1151.30004882813
293.931566234616	1154.19995117188
296.769622271633	1151.30004882813
299.606707028594	1151.80004882813
302.442821174104	1159.40002441406
305.277965375652	1152.59997558594
308.112140299574	1151.5
310.945346611062	1151.5
313.777584974167	1152.40002441406
316.608856051813	1150.30004882813
319.439160505797	1154.69995117188
322.268498996783	1150
325.096872184303	1153.40002441406
327.924280726782	1155.09997558594
330.750725281521	1153.80004882813
333.576206504693	1153.19995117188
336.400725051388	1148
339.224281575542	1152.30004882813
342.046876730026	1152.09997558594
344.868511166586	1154.59997558594
347.689185535872	1150
350.508900487421	1153.30004882813
353.327656669699	1150.69995117188
356.145454730079	1152.80004882813
358.962295314817	1149.59997558594
361.778179069105	1150.69995117188
364.593106637051	1150.19995117188
367.407078661675	1153.80004882813
370.220095784913	1153.40002441406
373.032158647655	1154.19995117188
375.843267889676	1146.40002441406
378.653424149715	1151.09997558594
381.462628065436	1154
384.270880273432	1153.80004882813
387.078181409254	1149.80004882813
389.884532107358	1150.80004882813
392.689933001188	1151.90002441406
395.494384723112	1150.69995117188
398.29788790445	1148.09997558594
401.100443175488	1155.09997558594
403.902051165437	1154.30004882813
406.702712502518	1152.90002441406
409.502427813866	1153.40002441406
412.301197725607	1153.69995117188
415.099022862823	1150.80004882813
417.89590384957	1150.59997558594
420.691841308876	1152.09997558594
423.486835862752	1153.80004882813
426.280888132173	1152.19995117188
429.073998737112	1157
431.866168296507	1149.30004882813
434.657397428298	1150.80004882813
437.447686749412	1153.30004882813
440.237036875762	1156.69995117188
443.025448422257	1149.90002441406
445.812922002813	1157.09997558594
448.599458230326	1156
451.38505771672	1150.59997558594
454.169721072909	1154.59997558594
456.953448908819	1153.59997558594
459.736241833384	1149.19995117188
462.518100454555	1157.59997558594
465.2990253793	1155.59997558594
468.079017213605	1152.30004882813
470.858076562476	1152.69995117188
473.636204029939	1152.80004882813
476.41340021906	1156.19995117188
479.189665731938	1152
481.965001169667	1153.69995117188
484.739407132419	1152.80004882813
487.512884219391	1151
490.285433028796	1151.5
493.057054157921	1153
495.827748203087	1152.5
498.597515759658	1152.69995117188
501.366357422061	1156.69995117188
504.134273783759	1158.09997558594
506.901265437278	1151.19995117188
509.66733297421	1148.69995117188
512.432476985198	1154.69995117188
515.196698059945	1154.59997558594
517.959996787225	1152.19995117188
520.722373754895	1150.90002441406
523.483829549856	1155.19995117188
526.24436475811	1153.30004882813
529.003979964696	1151
531.762675753779	1154.69995117188
534.520452708569	1158.90002441406
537.277311411375	1153.30004882813
540.03325244359	1156.59997558594
542.788276385682	1149.69995117188
545.54238381725	1153.30004882813
548.295575316938	1154.40002441406
551.047851462516	1154.90002441406
553.799212830831	1156.69995117188
556.549659997851	1157.90002441406
559.299193538643	1155.19995117188
562.047814027381	1154.69995117188
564.795522037318	1152.90002441406
567.542318140861	1154.09997558594
570.288202909507	1156.90002441406
573.033176913873	1152.80004882813
575.7772407237	1154.09997558594
578.520394907829	1157.30004882813
581.26264003424	1158.30004882813
584.003976670046	1152.59997558594
586.744405381469	1155.09997558594
589.483926733869	1152
592.222541291746	1153.69995117188
594.96024961872	1154.80004882813
597.697052277563	1160.69995117188
600.432949830166	1153.09997558594
603.167942837587	1151.69995117188
605.902031860012	1159.80004882813
608.635217456783	1155.69995117188
611.367500186378	1156.09997558594
614.098880606429	1155.59997558594
616.82935927374	1157.30004882813
619.558936744248	1154.19995117188
622.287613573072	1153
625.015390314457	1159.09997558594
627.742267521848	1154.69995117188
630.468245747829	1158.69995117188
633.193325544166	1153.30004882813
635.917507461792	1156
638.640792050804	1155
641.36317986048	1153.90002441406
644.084671439281	1159.09997558594
646.805267334845	1156.59997558594
649.524968093967	1158.30004882813
652.24377426266	1151.69995117188
654.961686386106	1158.40002441406
657.678705008678	1155.19995117188
660.394830673939	1153.80004882813
663.110063924628	1156
665.824405302728	1153.5
668.537855349351	1154.90002441406
671.250414604863	1155.40002441406
673.962083608812	1158.69995117188
676.672862899949	1156.59997558594
679.382753016218	1156.40002441406
682.091754494801	1154.59997558594
684.799867872061	1164.09997558594
687.507093683595	1156.80004882813
690.213432464198	1160.40002441406
692.918884747899	1157.19995117188
695.623451067937	1157.09997558594
698.327131956755	1154.59997558594
701.029927946065	1157.80004882813
703.731839566754	1155
706.43286734896	1156.90002441406
709.133011822067	1152
711.832273514658	1154.90002441406
714.53065295457	1157.69995117188
717.228150668879	1150.80004882813
719.924767183889	1157.40002441406
722.620503025148	1149.80004882813
725.315358717446	1152.19995117188
728.009334784827	1157.30004882813
730.702431750559	1160
733.394650137188	1156.5
736.085990466498	1159.19995117188
738.776453259519	1155.19995117188
741.466039036542	1153.5
744.154748317125	1159
746.842581620074	1154.90002441406
749.529539463458	1154.90002441406
752.215622364608	1157.09997558594
754.900830840131	1153
757.585165405892	1155.40002441406
760.26862657703	1160.80004882813
762.951214867957	1160.59997558594
765.632930792356	1153.5
768.313774863181	1159.19995117188
770.993747592673	1156.5
773.672849492359	1155.30004882813
776.351081073017	1160.40002441406
779.028442844757	1155.19995117188
781.704935316928	1157.19995117188
784.380558998208	1155.30004882813
787.055314396528	1154
789.729202019141	1155
792.402222372581	1158.59997558594
795.074375962669	1161
797.745663294537	1156.40002441406
800.416084872622	1159.5
803.085641200652	1156.5
805.754332781664	1157.80004882813
808.422160117986	1159.90002441406
811.089123711292	1158.30004882813
813.75522406252	1157.69995117188
816.420461671951	1154.5
819.084837039164	1160.09997558594
821.748350663067	1156.40002441406
824.411003041866	1155.5
827.072794673116	1157.40002441406
829.733726053668	1158.80004882813
832.39379767971	1162
835.05301004674	1160.80004882813
837.711363649601	1159.09997558594
840.368858982457	1156.09997558594
843.025496538805	1155.69995117188
845.681276811467	1159.19995117188
848.336200292618	1159.40002441406
850.99026747375	1157.19995117188
853.643478845713	1165.30004882813
856.29583489868	1156
858.947336122176	1160.19995117188
861.59798300506	1159.5
864.247776035556	1165.19995117188
866.896715701222	1158.5
869.544802488959	1162.59997558594
872.192036885046	1161.40002441406
874.838419375087	1158.59997558594
877.483950444054	1161.09997558594
880.128630576285	1161.30004882813
882.772460255461	1157.5
885.415439964628	1152.19995117188
888.057570186211	1159
890.698851401966	1161.90002441406
893.339284093045	1159
895.978868739961	1162.09997558594
898.617605822596	1161.30004882813
901.255495820196	1159.5
903.892539211396	1158.80004882813
906.528736474184	1160.09997558594
909.164088085949	1154.40002441406
911.798594523442	1158.19995117188
914.432256262804	1158
917.065073779549	1159.19995117188
919.697047548589	1163.90002441406
922.328178044212	1157.30004882813
924.9584657401	1163.5
927.587911109317	1160.69995117188
930.216514624317	1163.90002441406
932.844276756963	1160.5
935.471197978488	1160.30004882813
938.097278759538	1160.59997558594
940.722519570163	1157.59997558594
943.346920879798	1165.5
945.97048315729	1159.80004882813
948.593206870885	1159.59997558594
951.215092488219	1160.30004882813
953.836140476366	1161.09997558594
956.456351301787	1158.40002441406
959.07572543037	1161.69995117188
961.694263327369	1162.90002441406
964.311965457521	1158.59997558594
966.928832284933	1157.40002441406
969.544864273135	1164.19995117188
972.160061885076	1160.90002441406
974.774425583129	1158.80004882813
977.387955829099	1165.69995117188
980.000653084196	1160.09997558594
982.612517809061	1162.40002441406
985.223550463768	1157.40002441406
987.833751507819	1162
990.443121400135	1163.40002441406
993.051660599081	1162.59997558594
995.659369562449	1155.09997558594
998.266248747469	1158.90002441406
1000.87229861081	1161.59997558594
1003.47751960857	1164.5
1006.0819121963	1162.40002441406
1008.68547682897	1164.30004882813
1011.28821396104	1161.59997558594
1013.89012404635	1164.5
1016.49120753824	1160
1019.09146488947	1163.5
1021.69089655226	1163.80004882813
1024.28950297827	1161.90002441406
1026.88728461863	1162.40002441406
1029.48424192392	1158.30004882813
1032.08037534416	1166.09997558594
1034.67568532886	1159.59997558594
1037.27017232694	1166.19995117188
1039.86383678682	1164
1042.45667915637	1167.40002441406
1045.04869988293	1161
1047.6398994133	1166.30004882813
1050.23027819374	1163.5
1052.81983666998	1165.40002441406
1055.40857528724	1164.69995117188
1057.99649449018	1158.09997558594
1060.58359472296	1166.19995117188
1063.1698764292	1164.59997558594
1065.755340052	1164.40002441406
1068.33998603393	1166.90002441406
1070.92381481706	1164
1073.50682684291	1164.69995117188
1076.08902255251	1161
1078.67040238637	1157.30004882813
1081.25096678445	1163.69995117188
1083.83071618624	1161.69995117188
1086.4096510307	1162.5
1088.98777175629	1162
1091.56507880094	1163
1094.14157260208	1162.30004882813
1096.71725359664	1157.59997558594
1099.29212222106	1160.80004882813
1101.86617891125	1162.69995117188
1104.43942410262	1160.30004882813
1107.01185823011	1168.09997558594
1109.58348172812	1164.80004882813
1112.15429503057	1163.59997558594
1114.7242985709	1158.40002441406
1117.29349278203	1158.59997558594
1119.86187809642	1163.90002441406
1122.42945494599	1164
1124.99622376222	1159.59997558594
1127.56218497606	1161.40002441406
1130.12733901801	1162
1132.69168631804	1160.69995117188
1135.25522730568	1160.80004882813
1137.81796240995	1161.80004882813
1140.37989205941	1159
1142.9410166821	1161.09997558594
1145.50133670561	1160.5
1148.06085255708	1165.80004882813
1150.61956466311	1165.40002441406
1153.17747344987	1161.40002441406
1155.73457934305	1163.30004882813
1158.29088276786	1163.80004882813
1160.84638414903	1158.5
1163.40108391085	1161.59997558594
1165.95498247711	1162.80004882813
1168.50808027116	1164.69995117188
1171.06037771587	1162.80004882813
1173.61187523364	1160.09997558594
1176.16257324643	1157.09997558594
1178.71247217573	1166.09997558594
1181.26157244255	1158.5
1183.80987446746	1162.59997558594
1186.35737867059	1163.40002441406
1188.90408547157	1159.90002441406
1191.44999528961	1165.09997558594
1193.99510854347	1153.59997558594
1196.53942565142	1166.40002441406
1199.08294703133	1158.90002441406
1201.62567310057	1166.80004882813
1204.16760427611	1161.5
1206.70874097445	1165.69995117188
1209.24908361163	1166.5
1211.78863260327	1164.69995117188
1214.32738836454	1161.5
1216.86535131017	1160.90002441406
1219.40252185445	1167.59997558594
1221.93890041121	1161.59997558594
1224.47448739389	1163.59997558594
1227.00928321544	1161.30004882813
1229.54328828842	1161.5
1232.07650302491	1163.69995117188
1234.60892783662	1168.90002441406
1237.14056313477	1165
1239.67140933017	1164.09997558594
1242.2014668332	1162.69995117188
1244.73073605384	1166
1247.25921740159	1169.69995117188
1249.78691128558	1165.90002441406
1252.31381811448	1165.19995117188
1254.83993829655	1168.80004882813
1257.36527223962	1165.90002441406
1259.88982035112	1161.19995117188
1262.41358303803	1164.59997558594
1264.93656070696	1160.40002441406
1267.45875376405	1166.59997558594
1269.98016261505	1163.90002441406
1272.50078766531	1166.80004882813
1275.02062931974	1168.40002441406
1277.53968798285	1164.40002441406
1280.05796405875	1162.19995117188
1282.57545795112	1162.40002441406
1285.09217006325	1169
1287.60810079802	1164
1290.12325055788	1162
1292.63761974492	1168.30004882813
1295.15120876079	1163.69995117188
1297.66401800676	1163.5
1300.17604788367	1160.69995117188
1302.687298792	1166.90002441406
1305.19777113181	1169.30004882813
1307.70746530274	1168.5
1310.21638170408	1168.30004882813
1312.7245207347	1166.80004882813
1315.23188279307	1160.90002441406
1317.73846827728	1169.5
1320.24427758502	1163.19995117188
1322.74931111359	1167.09997558594
1325.25356925991	1169.30004882813
1327.75705242051	1165.5
1330.25976099151	1164.80004882813
1332.76169536868	1167.30004882813
1335.26285594737	1169.40002441406
1337.76324312256	1166.5
1340.26285728887	1165.90002441406
1342.76169884052	1162.09997558594
1345.25976817132	1169.5
1347.75706567474	1164.19995117188
1350.25359174387	1175.09997558594
1352.74934677141	1168.40002441406
1355.24433114968	1169.80004882813
1357.73854527062	1163.5
1360.23198952583	1168.40002441406
1362.7246643065	1169.19995117188
1365.21657000347	1163.5
1367.7077070072	1165.80004882813
1370.19807570777	1160.30004882813
1372.68767649492	1165
1375.176509758	1167.30004882813
1377.66457588599	1166.80004882813
1380.15187526753	1161.80004882813
1382.63840829087	1167.59997558594
1385.1241753439	1164.69995117188
1387.60917681417	1163.90002441406
1390.09341308884	1163.69995117188
1392.57688455474	1169.19995117188
1395.05959159829	1166.69995117188
1397.54153460562	1166.90002441406
1400.02271396243	1167.80004882813
1402.50313005414	1164.80004882813
1404.98278326576	1170.5
1407.46167398196	1169.69995117188
1409.93980258707	1170.69995117188
1412.41716946504	1169.59997558594
1414.89377499951	1163.69995117188
1417.36961957373	1167.19995117188
1419.84470357062	1164
1422.31902737275	1166.09997558594
1424.79259136235	1165.5
1427.26539592129	1168
1429.73744143111	1162.90002441406
1432.20872827299	1171.59997558594
1434.67925682777	1170.90002441406
1437.14902747597	1173.30004882813
1439.61804059773	1168.69995117188
1442.0862965729	1169.69995117188
1444.55379578093	1171.69995117188
1447.02053860099	1173
1449.48652541188	1165.5
1451.95175659206	1170.19995117188
1454.41623251969	1174.40002441406
1456.87995357255	1170.80004882813
1459.34292012811	1166.69995117188
1461.80513256351	1169.19995117188
1464.26659125557	1163.80004882813
1466.72729658073	1166.90002441406
1469.18724891517	1168.19995117188
1471.64644863469	1166.19995117188
1474.10489611478	1167
1476.5625917306	1165
1479.01953585699	1165.40002441406
1481.47572886844	1167.90002441406
1483.93117113917	1166.19995117188
1486.38586304302	1165.59997558594
1488.83980495354	1168.69995117188
1491.29299724395	1165.69995117188
1493.74544028715	1165.40002441406
1496.19713445573	1169.5
1498.64808012193	1168.59997558594
1501.09827765772	1161.40002441406
1503.54772743471	1161.59997558594
1505.99642982421	1163.80004882813
1508.44438519723	1166.5
1510.89159392446	1162.30004882813
1513.33805637625	1172.30004882813
1515.78377292266	1165.90002441406
1518.22874393346	1164.19995117188
1520.67296977806	1166.80004882813
1523.11645082559	1169.30004882813
1525.55918744488	1164
1528.00118000444	1167.09997558594
1530.44242887245	1163.80004882813
1532.88293441684	1164.90002441406
1535.32269700517	1165.59997558594
1537.76171700475	1163.80004882813
1540.19999478255	1171.40002441406
1542.63753070526	1164.59997558594
1545.07432513925	1165.5
1547.5103784506	1166.5
1549.94569100509	1168.09997558594
1552.38026316819	1167.30004882813
1554.8140953051	1168.80004882813
1557.24718778067	1169.40002441406
1559.67954095952	1165.69995117188
1562.11115520592	1172.09997558594
1564.54203088386	1171.5
1566.97216835704	1169.5
1569.40156798888	1167.30004882813
1571.83023014248	1165.80004882813
1574.25815518067	1168.40002441406
1576.68534346597	1169.19995117188
1579.11179536062	1167.90002441406
1581.53751122658	1166.30004882813
1583.9624914255	1173.19995117188
1586.38673631876	1169.09997558594
1588.81024626745	1167.5
1591.23302163235	1167.80004882813
1593.655062774	1169.30004882813
1596.07637005262	1165.80004882813
1598.49694382815	1172.19995117188
1600.91678446025	1165.90002441406
1603.33589230831	1163.69995117188
1605.75426773142	1168
1608.1719110884	1168.59997558594
1610.58882273779	1165.80004882813
1613.00500303784	1175.19995117188
1615.42045234654	1173
1617.83517102158	1163.09997558594
1620.24915942039	1170.19995117188
1622.66241790012	1172.09997558594
1625.07494681764	1169.09997558594
1627.48674652954	1173.69995117188
1629.89781739216	1167.40002441406
1632.30815976152	1169.30004882813
1634.71777399343	1170.80004882813
1637.12666044338	1172
1639.53481946661	1167
1641.94225141808	1176.09997558594
1644.34895665248	1174.09997558594
1646.75493552424	1168.80004882813
1649.16018838752	1173.09997558594
1651.56471559621	1173.19995117188
1653.96851750392	1170.40002441406
1656.37159446403	1172.80004882813
1658.7739468296	1169.80004882813
1661.17557495349	1174.09997558594
1663.57647918824	1173.90002441406
1665.97665988617	1173.59997558594
1668.37611739929	1169.69995117188
1670.77485207939	1173.09997558594
1673.17286427799	1175.5
1675.57015434633	1172.19995117188
1677.96672263542	1170
1680.36256949598	1172.59997558594
1682.7576952785	1171.69995117188
1685.15210033318	1166.90002441406
1687.54578501	1170.69995117188
1689.93874965866	1167.09997558594
1692.33099462861	1164.59997558594
1694.72252026904	1168.5
1697.11332692889	1167.19995117188
1699.50341495686	1168.19995117188
1701.89278470137	1168.59997558594
1704.28143651061	1173
1706.66937073251	1172.19995117188
1709.05658771473	1164.40002441406
1711.44308780473	1170.19995117188
1713.82887134968	1169.69995117188
1716.21393869648	1168.40002441406
1718.59829019185	1164.5
1720.98192618221	1168.80004882813
1723.36484701374	1172.80004882813
1725.74705303238	1167.80004882813
1728.12854458384	1166.69995117188
1730.50932201356	1167.59997558594
1732.88938566673	1166.80004882813
1735.26873588834	1165.19995117188
1737.64737302307	1170.40002441406
1740.02529741544	1169.5
1742.40250940964	1168.90002441406
1744.77900934969	1167.80004882813
1747.15479757933	1168.40002441406
1749.52987444206	1164.69995117188
1751.90424028116	1166
1754.27789543967	1166
1756.65084026037	1167.5
1759.02307508582	1167.59997558594
1761.39460025833	1168
1763.76541612	1165
1766.13552301265	1170.40002441406
1768.50492127791	1170.30004882813
1770.87361125714	1170.90002441406
1773.2415932915	1166.30004882813
1775.60886772188	1167.69995117188
1777.97543488896	1164.30004882813
1780.34129513318	1169.59997558594
1782.70644879475	1165.90002441406
1785.07089621365	1165.5
1787.43463772964	1172.40002441406
1789.7976736822	1165.5
1792.16000441066	1171.59997558594
1794.52163025405	1165.5
1796.88255155121	1170
1799.24276864074	1169.09997558594
1801.60228186102	1167.90002441406
1803.96109155019	1168.19995117188
1806.31919804618	1174.59997558594
1808.67660168668	1170
1811.03330280916	1171.19995117188
1813.38930175088	1170.80004882813
1815.74459884884	1165.59997558594
1818.09919443984	1171.80004882813
1820.45308886047	1171
1822.80628244708	1165
1825.1587755358	1166
1827.51056846254	1168.19995117188
1829.86166156297	1167.90002441406
1832.21205517258	1170.40002441406
1834.56174962661	1170
1836.91074526009	1169
1839.25904240783	1166.5
1841.60664140443	1168.30004882813
1843.95354258425	1169.59997558594
1846.29974628146	1168.59997558594
1848.64525282998	1168.09997558594
1850.99006256356	1166.59997558594
1853.3341758157	1170.59997558594
1855.67759291968	1169.69995117188
1858.02031420858	1169.5
1860.36234001528	1172.30004882813
1862.70367067241	1169.59997558594
1865.04430651244	1166.69995117188
1867.38424786755	1168.69995117188
1869.72349506978	1168.40002441406
1872.06204845094	1173.5
1874.39990834258	1167.80004882813
1876.73707507612	1169.5
1879.07354898269	1173.19995117188
1881.40933039328	1167.59997558594
1883.74441963861	1170.80004882813
1886.07881704925	1173.69995117188
1888.41252295551	1170.90002441406
1890.74553768751	1168.30004882813
1893.07786157519	1165.40002441406
1895.40949494822	1176
1897.74043813615	1171.5
1900.07069146823	1169.40002441406
1902.40025527357	1175
1904.72912988106	1170.30004882813
1907.05731561938	1172
1909.38481281699	1173.40002441406
1911.71162180217	1165.30004882813
1914.037742903	1166.30004882813
1916.36317644734	1171.80004882813
1918.68792276284	1169.80004882813
1921.01198217697	1170.59997558594
1923.33535501699	1167
1925.65804160996	1168
1927.98004228273	1169.59997558594
1930.30135736196	1170.69995117188
1932.6219871741	1174.40002441406
1934.94193204543	1170.59997558594
1937.26119230198	1172
1939.57976826962	1165.40002441406
1941.89766027402	1174.90002441406
1944.21486864062	1172.40002441406
1946.53139369472	1170.40002441406
1948.84723576137	1172.40002441406
1951.16239516543	1170.80004882813
1953.47687223159	1169
1955.79066728434	1167
1958.10378064794	1170.69995117188
1960.4162126465	1173
1962.7279636039	1169.40002441406
1965.03903384385	1174.30004882813
1967.34942368987	1170
1969.65913346524	1170.19995117188
1971.96816349311	1169.19995117188
1974.2765140964	1171.59997558594
1976.58418559784	1171
1978.89117831997	1170.09997558594
1981.19749258516	1171.40002441406
1983.50312871555	1170.40002441406
1985.80808703313	1167.80004882813
1988.11236785967	1174.09997558594
1990.41597151676	1172.90002441406
1992.71889832581	1173.30004882813
1995.02114860801	1174.69995117188
1997.3227226844	1169.5
1999.62362087581	1171
2001.92384350288	1168.19995117188
2004.22339088608	1167.69995117188
2006.52226334567	1174.5
2008.82046120173	1170.40002441406
2011.11798477417	1174.19995117188
2013.41483438269	1170.90002441406
2015.71101034681	1172.80004882813
2018.00651298588	1169.09997558594
2020.30134261905	1175.5
2022.59549956528	1169.19995117188
2024.88898414337	1168.19995117188
2027.1817966719	1170.80004882813
2029.4739374693	1174.59997558594
2031.76540685379	1170
2034.05620514342	1169.09997558594
2036.34633265607	1172.80004882813
2038.6357897094	1169
2040.92457662092	1168.09997558594
2043.21269370795	1170
2045.50014128763	1170.30004882813
2047.78691967691	1169.30004882813
2050.07302919256	1177
2052.35847015118	1173.90002441406
2054.64324286919	1174.40002441406
2056.9273476628	1172.19995117188
2059.21078484808	1172.19995117188
2061.4935547409	1171.80004882813
2063.77565765696	1176.80004882813
2066.05709391176	1167.5
2068.33786382065	1177.80004882813
2070.61796769879	1173.80004882813
2072.89740586116	1167.59997558594
2075.17617862255	1168.30004882813
2077.45428629759	1175
2079.73172920075	1175.09997558594
2082.00850764627	1172.09997558594
2084.28462194827	1167.30004882813
2086.56007242065	1167.40002441406
2088.83485937717	1172.30004882813
2091.10898313139	1171.09997558594
2093.3824439967	1169.5
2095.65524228632	1176.09997558594
2097.92737831328	1170.59997558594
2100.19885239047	1172.09997558594
2102.46966483057	1176.59997558594
2104.7398159461	1171.30004882813
2107.00930604941	1170.09997558594
2109.27813545267	1174.59997558594
2111.54630446787	1172
2113.81381340685	1171.09997558594
2116.08066258126	1173.30004882813
2118.34685230257	1174.69995117188
2120.61238288211	1168
2122.87725463099	1169.59997558594
2125.1414678602	1170.69995117188
2127.40502288052	1171.80004882813
2129.66792000257	1171
2131.93015953682	1170.40002441406
2134.19174179353	1169.19995117188
2136.45266708282	1170.69995117188
2138.71293571463	1168
2140.97254799873	1173.5
2143.23150424473	1171.59997558594
2145.48980476205	1170
2147.74744985996	1173
2150.00443984754	1167.90002441406
2152.26077503373	1175.09997558594
2154.51645572728	1175.40002441406
2156.77148223677	1173.69995117188
2159.02585487064	1174.19995117188
2161.27957393713	1171.80004882813
2163.53263974432	1170.09997558594
2165.78505260012	1170.09997558594
2168.0368128123	1174.90002441406
2170.28792068844	1168.90002441406
2172.53837653595	1174.09997558594
2174.78818066207	1171
2177.03733337389	1169.5
2179.28583497833	1175.19995117188
2181.53368578214	1177.19995117188
2183.78088609192	1174.59997558594
2186.02743621406	1173.80004882813
2188.27333645484	1169.59997558594
2190.51858712033	1173.19995117188
2192.76318851646	1175.69995117188
2195.00714094901	1169.69995117188
2197.25044472354	1175.40002441406
2199.49310014551	1171.09997558594
2201.73510752018	1169.59997558594
2203.97646715265	1171.69995117188
2206.21717934786	1170.59997558594
2208.45724441058	1165.90002441406
2210.69666264543	1171.59997558594
2212.93543435686	1170.90002441406
2215.17355984914	1170.80004882813
2217.41103942642	1174.80004882813
2219.64787339264	1169.5
2221.8840620516	1179.40002441406
2224.11960570695	1174.19995117188
2226.35450466215	1166.19995117188
2228.58875922051	1171.19995117188
2230.82236968518	1174.19995117188
2233.05533635916	1173.80004882813
2235.28765954527	1171.59997558594
2237.51933954617	1170.90002441406
2239.75037666437	1171.09997558594
2241.98077120221	1175.19995117188
2244.21052346188	1176
2246.4396337454	1168.19995117188
2248.66810235461	1175.5
2250.89592959125	1175.19995117188
2253.12311575681	1173.5
2255.34966115272	1172.5
2257.57556608017	1172.09997558594
2259.80083084023	1171
2262.02545573381	1173.90002441406
2264.24944106163	1174.09997558594
2266.47278712429	1173.69995117188
2268.69549422221	1172.40002441406
2270.91756265564	1175.19995117188
2273.1389927247	1170.69995117188
2275.35978472934	1174.30004882813
2277.57993896933	1174.09997558594
2279.79945574431	1172.69995117188
2282.01833535375	1177.5
2284.23657809696	1171.09997558594
2286.45418427309	1166.09997558594
2288.67115418114	1170.59997558594
2290.88748811995	1170.59997558594
2293.10318638819	1175.40002441406
2295.3182492844	1171.09997558594
2297.53267710693	1174
2299.746470154	1175
2301.95962872364	1170.30004882813
2304.17215311376	1172.19995117188
2306.3840436221	1174.90002441406
2308.59530054621	1169.30004882813
2310.80592418354	1167.90002441406
2313.01591483134	1173.69995117188
2315.22527278673	1174.5
2317.43399834666	1170.40002441406
2319.64209180791	1168.19995117188
2321.84955346713	1171.69995117188
2324.05638362079	1177.09997558594
2326.26258256524	1176.09997558594
2328.46815059664	1179.19995117188
2330.67308801098	1181.40002441406
2332.87739510415	1177.40002441406
2335.08107217184	1173.5
2337.2841195096	1171.40002441406
2339.48653741281	1176
2341.68832617672	1168.80004882813
2343.8894860964	1171.90002441406
2346.09001746678	1169.90002441406
2348.28992058261	1173
2350.48919573852	1180.19995117188
2352.68784322898	1173.19995117188
2354.88586334826	1169.40002441406
2357.08325639055	1171.30004882813
2359.2800226498	1174
2361.47616241988	1170.19995117188
2363.67167599445	1173.5
2365.86656366706	1172.30004882813
2368.06082573107	1176.59997558594
2370.2544624797	1173.30004882813
2372.44747420603	1172.09997558594
2374.63986120295	1168.80004882813
2376.83162376322	1175.5
2379.02276217945	1168.59997558594
2381.21327674408	1178.19995117188
2383.4031677494	1176.69995117188
2385.59243548756	1172.19995117188
2387.78108025053	1172.19995117188
2389.96910233014	1173.40002441406
2392.15650201809	1170.19995117188
2394.34327960587	1172.90002441406
2396.52943538486	1174
2398.71496964628	1174.90002441406
2400.89988268118	1169.90002441406
2403.08417478048	1170.09997558594
2405.26784623491	1173.30004882813
2407.45089733509	1176.69995117188
2409.63332837146	1170.69995117188
2411.81513963429	1171.30004882813
2413.99633141375	1171.80004882813
2416.1769039998	1176.90002441406
2418.35685768227	1175.5
2420.53619275084	1176.90002441406
2422.71490949505	1175.19995117188
2424.89300820425	1177.80004882813
2427.07048916765	1172.80004882813
2429.24735267433	1170.09997558594
2431.42359901319	1175.09997558594
2433.59922847297	1175.09997558594
2435.7742413423	1174.59997558594
2437.94863790961	1168.30004882813
2440.12241846321	1167.30004882813
2442.29558329121	1170.09997558594
2444.46813268162	1173.80004882813
2446.64006692228	1172.59997558594
2448.81138630086	1174.19995117188
2450.98209110489	1172.69995117188
2453.15218162174	1177.19995117188
2455.32165813864	1177.59997558594
2457.49052094265	1171.59997558594
2459.65877032069	1167.5
2461.8264065595	1176.90002441406
2463.99342994572	1172.40002441406
2466.15984076579	1172.30004882813
2468.325639306	1173.09997558594
2470.49082585251	1175.69995117188
2472.65540069131	1175
2474.81936410824	1174.80004882813
2476.98271638899	1175.30004882813
2479.14545781909	1174.90002441406
2481.30758868392	1174.09997558594
2483.4691092687	1172.90002441406
2485.63001985852	1176.19995117188
2487.79032073829	1173.5
2489.95001219277	1169.59997558594
2492.10909450659	1172.09997558594
2494.26756796419	1176.09997558594
2496.42543284989	1174.40002441406
2498.58268944783	1172.19995117188
2500.73933804202	1177.5
2502.8953789163	1174.90002441406
2505.05081235436	1180.09997558594
2507.20563863974	1175.59997558594
2509.35985805582	1173.19995117188
2511.51347088583	1175.90002441406
2513.66647741285	1171.80004882813
2515.81887791981	1170.5
2517.97067268946	1174.30004882813
2520.12186200443	1171.30004882813
2522.27244614716	1165.90002441406
2524.42242539999	1171.80004882813
2526.57180004504	1174.30004882813
2528.72057036433	1167.30004882813
2530.8687366397	1176.90002441406
2533.01629915284	1174.69995117188
2535.16325818527	1172.80004882813
2537.30961401839	1165.80004882813
2539.45536693343	1176.30004882813
2541.60051721145	1174.09997558594
2543.74506513338	1172.69995117188
2545.88901097997	1175
2548.03235503185	1175.80004882813
2550.17509756946	1170.09997558594
2552.31723887311	1178.30004882813
2554.45877922293	1174
2556.59971889893	1174.5
2558.74005818094	1175
2560.87979734864	1173.80004882813
2563.01893668155	1178.09997558594
2565.15747645906	1173.80004882813
2567.29541696037	1174.59997558594
2569.43275846454	1168.5
2571.56950125049	1176.90002441406
2573.70564559696	1169.69995117188
2575.84119178254	1172.5
2577.97614008569	1173.19995117188
2580.11049078468	1173.5
2582.24424415764	1175.59997558594
2584.37740048255	1172.19995117188
2586.50996003722	1172.59997558594
2588.64192309931	1176
2590.77328994634	1172.5
2592.90406085564	1173.69995117188
2595.03423610442	1177.40002441406
2597.16381596971	1168.90002441406
2599.29280072839	1168.69995117188
2601.42119065719	1167.30004882813
2603.54898603267	1169.90002441406
2605.67618713125	1172.90002441406
2607.80279422919	1172.80004882813
2609.92880760257	1171.80004882813
2612.05422752735	1171.09997558594
2614.17905427932	1173.09997558594
2616.30328813408	1171.5
2618.42692936713	1171.59997558594
2620.54997825377	1168.09997558594
2622.67243506915	1174.80004882813
2624.79430008828	1178.09997558594
2626.915573586	1177
2629.03625583699	1176.69995117188
2631.15634711579	1176.19995117188
2633.27584769675	1175.19995117188
2635.39475785408	1180.90002441406
2637.51307786185	1169.19995117188
2639.63080799394	1176
2641.74794852409	1174.30004882813
2643.86449972589	1174.30004882813
2645.98046187273	1171.80004882813
2648.0958352379	1170.30004882813
2650.21062009449	1175.09997558594
2652.32481671544	1180.40002441406
2654.43842537353	1171.80004882813
2656.5514463414	1177.59997558594
2658.66387989151	1171.19995117188
2660.77572629616	1169.40002441406
2662.88698582751	1173.5
2664.99765875753	1176.09997558594
2667.10774535806	1173.5
2669.21724590076	1166.59997558594
2671.32616065714	1168.40002441406
2673.43448989857	1175.09997558594
2675.5422338962	1177.59997558594
2677.64939292108	1171.09997558594
2679.75596724408	1178.19995117188
2681.86195713589	1174.69995117188
2683.96736286707	1172.59997558594
2686.07218470799	1179.30004882813
2688.17642292889	1177.69995117188
2690.28007779982	1173.5
2692.38314959069	1171.80004882813
2694.48563857123	1177.09997558594
2696.58754501103	1172.59997558594
2698.6888691795	1180.69995117188
2700.78961134588	1174.30004882813
2702.8897717793	1174.90002441406
2704.98935074864	1170.59997558594
2707.08834852271	1174.90002441406
2709.18676537009	1170.5
2711.28460155925	1173.90002441406
2713.38185735843	1176.59997558594
2715.47853303577	1173.80004882813
2717.57462885924	1174.59997558594
2719.67014509659	1173.09997558594
2721.76508201548	1178.09997558594
2723.85943988337	1172
2725.95321896754	1175.09997558594
2728.04641953515	1170.59997558594
2730.13904185316	1175.90002441406
2732.23108618837	1171.80004882813
2734.32255280744	1181.80004882813
2736.41344197683	1173.40002441406
2738.50375396288	1171.09997558594
2740.5934890317	1175
2742.68264744932	1173
2744.77122948153	1178.40002441406
2746.85923539398	1176.90002441406
2748.94666545217	1168.90002441406
2751.03351992142	1171
2753.11979906688	1176.09997558594
2755.20550315355	1176
2757.29063244624	1177
2759.37518720963	1168.69995117188
2761.45916770819	1167.80004882813
2763.54257420625	1172.09997558594
2765.62540696797	1176.90002441406
2767.70766625733	1169.5
2769.78935233816	1174
2771.87046547413	1166.90002441406
2773.95100592869	1177.80004882813
2776.03097396519	1167.59997558594
2778.11036984677	1170.5
2780.18919383641	1177.69995117188
2782.26744619693	1173.80004882813
2784.34512719097	1172.09997558594
2786.42223708102	1169.5
2788.49877612937	1177.30004882813
2790.57474459816	1173.19995117188
2792.65014274937	1169
2794.7249708448	1175.90002441406
2796.79922914607	1176.90002441406
2798.87291791465	1171.30004882813
2800.94603741181	1170
2803.01858789869	1173
2805.09056963623	1174.90002441406
2807.1619828852	1177
2809.23282790621	1170.09997558594
2811.30310495971	1175.30004882813
2813.37281430593	1173.19995117188
2815.441956205	1171
2817.51053091682	1179.19995117188
2819.57853870114	1174.09997558594
2821.64597981753	1182.69995117188
2823.7128545254	1173.80004882813
2825.77916308399	1173.09997558594
2827.84490575233	1171.40002441406
2829.91008278933	1175.30004882813
2831.97469445369	1176
2834.03874100395	1175.5
2836.10222269847	1174.5
2838.16513979544	1174
2840.22749255288	1176
2842.28928122863	1177.69995117188
2844.35050608034	1171.19995117188
2846.41116736553	1178.30004882813
2848.47126534149	1177.59997558594
2850.53080026537	1171.80004882813
2852.58977239414	1181.40002441406
2854.64818198459	1179.90002441406
2856.70602929332	1185.19995117188
2858.76331457678	1182
2860.82003809123	1181.09997558594
2862.87620009274	1183.19995117188
2864.93180083723	1181.69995117188
2866.98684058043	1182.19995117188
2869.04131957789	1192.30004882813
2871.09523808497	1188.40002441406
2873.14859635689	1187.90002441406
2875.20139464866	1190
2877.2536332151	1188
2879.30531231091	1190
2881.35643219054	1187
2883.40699310831	1184.5
2885.45699531834	1187.90002441406
2887.50643907457	1191.19995117188
2889.55532463077	1187.80004882813
2891.60365224053	1187
2893.65142215724	1187.80004882813
2895.69863463414	1191.80004882813
2897.74528992426	1190.69995117188
2899.79138828046	1183.09997558594
2901.83692995544	1197.30004882813
2903.88191520168	1191
2905.92634427151	1185.09997558594
2907.97021741706	1187.5
2910.01353489027	1192.40002441406
2912.05629694294	1191.30004882813
2914.09850382663	1190
2916.14015579276	1189.69995117188
2918.18125309254	1196.5
2920.22179597702	1204.30004882813
2922.26178469705	1197.19995117188
2924.30121950329	1199.30004882813
2926.34010064624	1200.19995117188
2928.37842837619	1200.09997558594
2930.41620294326	1195.90002441406
2932.45342459737	1201.40002441406
2934.49009358828	1200
2936.52621016555	1207.30004882813
2938.56177457854	1200.80004882813
2940.59678707645	1203.69995117188
2942.63124790827	1202.59997558594
2944.66515732282	1197.09997558594
2946.69851556873	1198
2948.73132289443	1199.40002441406
2950.76357954817	1194
2952.79528577803	1192.80004882813
2954.82644183188	1189.69995117188
2956.85704795741	1192.69995117188
2958.8871044021	1191.40002441406
2960.91661141328	1191
2962.94556923807	1193.40002441406
2964.97397812339	1189.69995117188
2967.00183831598	1193.80004882813
2969.0291500624	1190.80004882813
2971.05591360902	1187.30004882813
2973.08212920199	1193.30004882813
2975.1077970873	1188.30004882813
2977.13291751074	1193.69995117188
2979.1574907179	1186.59997558594
2981.18151695419	1185.80004882813
2983.20499646482	1190.09997558594
2985.2279294948	1189.19995117188
2987.25031628898	1185.19995117188
2989.27215709199	1192.40002441406
2991.29345214825	1188.09997558594
2993.31420170204	1187.40002441406
2995.33440599738	1183.69995117188
2997.35406527816	1186.90002441406
2999.37317978802	1190
3001.39174977045	1187.19995117188
3003.40977546872	1189.40002441406
3005.42725712591	1178.30004882813
3007.44419498491	1180.80004882813
3009.4605892884	1184.69995117188
3011.47644027889	1182.80004882813
3013.49174819865	1182.80004882813
3015.5065132898	1184.40002441406
3017.52073579424	1182.59997558594
3019.53441595366	1181.59997558594
3021.54755400959	1185
3023.56015020332	1175.69995117188
3025.57220477598	1182.59997558594
3027.58371796846	1185.09997558594
3029.5946900215	1180.69995117188
3031.6051211756	1179.5
3033.61501167107	1177.30004882813
3035.62436174803	1184.80004882813
3037.6331716464	1184.69995117188
3039.64144160588	1178.80004882813
3041.649171866	1182.5
3043.65636266607	1181.09997558594
3045.6630142452	1176.30004882813
3047.66912684229	1181.30004882813
3049.67470069605	1184.40002441406
3051.679736045	1180.80004882813
3053.68423312742	1185.30004882813
3055.68819218143	1185.80004882813
3057.6916134449	1182.5
3059.69449715556	1183.80004882813
3061.69684355086	1184.69995117188
3063.6986528681	1181.40002441406
3065.69992534437	1180.59997558594
3067.70066121653	1186.80004882813
3069.70086072126	1188.69995117188
3071.700524095	1186.59997558594
3073.69965157405	1185
3075.69824339442	1180.59997558594
3077.69629979197	1183.30004882813
3079.69382100235	1188.19995117188
3081.69080726098	1181.59997558594
3083.68725880307	1175.69995117188
3085.68317586366	1181.30004882813
3087.67855867755	1181.40002441406
3089.67340747933	1177.09997558594
3091.6677225034	1185.69995117188
3093.66150398392	1182.69995117188
3095.6547521549	1184.09997558594
3097.64746725006	1183
3099.63964950297	1187.59997558594
3101.63129914698	1183.69995117188
3103.6224164152	1181.5
3105.61300154056	1185
3107.60305475576	1186.19995117188
3109.59257629331	1181.90002441406
3111.58156638547	1187.59997558594
3113.57002526432	1181.90002441406
3115.55795316172	1184.69995117188
3117.54535030932	1184.5
3119.53221693853	1189
3121.51855328057	1190.40002441406
3123.50435956646	1184
3125.48963602698	1188.09997558594
3127.4743828927	1188.59997558594
3129.45860039397	1188.90002441406
3131.44228876093	1188.59997558594
3133.42544822353	1190.19995117188
3135.40807901145	1181.80004882813
3137.39018135418	1190.80004882813
3139.37175548102	1186.59997558594
3141.35280162101	1188.80004882813
3143.33332000299	1195
3145.31331085559	1198
3147.2927744072	1193.59997558594
3149.27171088602	1193.59997558594
3151.25012052	1193
3153.22800353689	1194.80004882813
3155.20536016422	1194.59997558594
3157.18219062929	1195.19995117188
3159.15849515918	1191.19995117188
3161.13427398075	1194.30004882813
3163.10952732066	1191
3165.08425540532	1194.80004882813
3167.05845846092	1190.59997558594
3169.03213671344	1196.90002441406
3171.00529038863	1195.80004882813
3172.97791971203	1202
3174.95002490893	1192.30004882813
3176.92160620443	1192.90002441406
3178.89266382337	1196.40002441406
3180.8631979904	1190.5
3182.83320892991	1195.59997558594
3184.80269686609	1199.69995117188
3186.77166202289	1195.59997558594
3188.74010462406	1204.09997558594
3190.70802489307	1198.19995117188
3192.67542305323	1197
3194.64229932757	1195.80004882813
3196.60865393892	1203.30004882813
3198.57448710987	1200.09997558594
3200.53979906279	1193.80004882813
3202.50459001981	1198.40002441406
3204.46886020284	1198.40002441406
3206.43260983356	1196.59997558594
3208.39583913341	1197.30004882813
3210.35854832362	1201.09997558594
3212.32073762517	1198
3214.28240725881	1202.80004882813
3216.24355744508	1203.5
3218.20418840426	1192.90002441406
3220.16430035642	1201.40002441406
3222.12389352137	1199.30004882813
3224.08296811873	1200.09997558594
3226.04152436784	1195.59997558594
3227.99956248784	1199.19995117188
3229.95708269762	1210.90002441406
3231.91408521584	1204.59997558594
3233.87057026092	1203.5
3235.82653805105	1202.69995117188
3237.78198880419	1203
3239.73692273806	1202.19995117188
3241.69134007013	1202.19995117188
3243.64524101764	1201.59997558594
3245.59862579761	1203.30004882813
3247.55149462681	1198.5
3249.50384772176	1211.59997558594
3251.45568529877	1202.30004882813
3253.40700757387	1201.19995117188
3255.35781476288	1206.30004882813
3257.3081070814	1205.5
3259.25788474473	1200.90002441406
3261.20714796799	1199.59997558594
3263.15589696602	1204.5
3265.10413195345	1208.19995117188
3267.05185314463	1206.59997558594
3268.9990607537	1199.09997558594
3270.94575499455	1203.09997558594
3272.89193608081	1200.59997558594
3274.8376042259	1207.59997558594
3276.78275964296	1203.19995117188
3278.72740254492	1200.69995117188
3280.67153314443	1204.09997558594
3282.61515165393	1202.59997558594
3284.55825828559	1205.40002441406
3286.50085325135	1202.5
3288.44293676289	1205.90002441406
3290.38450903165	1198.90002441406
3292.32557026883	1204.80004882813
3294.26612068537	1212.19995117188
3296.20616049198	1203.80004882813
3298.14568989911	1208.19995117188
3300.08470911695	1205.09997558594
3302.02321835546	1206.69995117188
3303.96121782435	1207.40002441406
3305.89870773306	1201.59997558594
3307.83568829081	1203.90002441406
3309.77215970655	1205.80004882813
3311.70812218898	1205.40002441406
3313.64357594655	1194.80004882813
3315.57852118747	1208.09997558594
3317.51295811968	1212.69995117188
3319.44688695087	1204.09997558594
3321.38030788849	1206
3323.31322113973	1209.59997558594
3325.24562691152	1202.59997558594
3327.17752541055	1201.80004882813
3329.10891684322	1206.19995117188
3331.03980141573	1199.69995117188
3332.97017933399	1205.90002441406
3334.90005080364	1203.09997558594
3336.82941603011	1208.5
3338.75827521852	1203
3340.68662857377	1205.90002441406
3342.6144763005	1206
3344.54181860308	1202.69995117188
3346.46865568561	1206
3348.39498775195	1198.40002441406
3350.32081500571	1216.30004882813
3352.24613765022	1207.5
3354.17095588855	1206.59997558594
3356.09526992352	1213.80004882813
3358.01907995769	1207.80004882813
3359.94238619334	1205.69995117188
3361.86518883251	1207.19995117188
3363.78748807697	1207.30004882813
3365.70928412823	1215.59997558594
3367.63057718752	1202.40002441406
3369.55136745582	1202.5
3371.47165513386	1200.19995117188
3373.39144042208	1207.80004882813
3375.31072352066	1207.40002441406
3377.22950462953	1204.69995117188
3379.14778394834	1204.19995117188
3381.06556167648	1205
3382.98283801308	1210.59997558594
3384.89961315697	1208.69995117188
3386.81588730676	1212.5
3388.73166066076	1206.40002441406
3390.64693341702	1206.90002441406
3392.56170577332	1202.80004882813
3394.47597792716	1208.09997558594
3396.38975007581	1211
3398.30302241623	1206.90002441406
3400.21579514512	1205.90002441406
3402.1280684589	1202
3404.03984255374	1207.19995117188
3405.95111762553	1207.59997558594
3407.86189386987	1208
3409.77217148212	1207.5
3411.68195065733	1212.80004882813
3413.5912315903	1211.5
3415.50001447556	1207.80004882813
3417.40829950735	1214.59997558594
3419.31608687963	1207.80004882813
3421.22337678611	1207.5
3423.1301694202	1207.69995117188
3425.03646497504	1208.09997558594
3426.9422636435	1206.40002441406
3428.84756561816	1207.09997558594
3430.75237109135	1212.09997558594
3432.65668025508	1206.59997558594
3434.56049330112	1211.90002441406
3436.46381042093	1206.5
3438.36663180571	1207.30004882813
3440.26895764638	1209.30004882813
3442.17078813357	1204.69995117188
3444.07212345762	1200.59997558594
3445.97296380863	1211.40002441406
3447.87330937636	1213.30004882813
3449.77316035033	1211
3451.67251691977	1206.30004882813
3453.57137927361	1196.40002441406
3455.46974760052	1204.30004882813
3457.36762208886	1211.5
3459.26500292671	1202.19995117188
3461.16189030191	1205.40002441406
3463.05828440194	1202.19995117188
3464.95418541406	1207.09997558594
3466.84959352519	1200.30004882813
3468.74450892201	1201.5
3470.63893179088	1200.40002441406
3472.53286231788	1208.09997558594
3474.42630068881	1202.5
3476.31924708918	1204.69995117188
3478.2117017042	1202.59997558594
3480.1036647188	1205.80004882813
3481.99513631761	1202.40002441406
3483.88611668498	1206.40002441406
3485.77660600498	1207.59997558594
3487.66660446135	1209.09997558594
3489.55611223758	1200.59997558594
3491.44512951683	1196.5
3493.333656482	1199.69995117188
3495.22169331568	1205.09997558594
3497.10924020016	1202.19995117188
3498.99629731746	1196.40002441406
3500.88286484927	1200.80004882813
3502.76894297702	1203
3504.65453188182	1196.5
3506.53963174449	1198.90002441406
3508.42424274555	1194.59997558594
3510.30836506524	1203.19995117188
3512.19199888349	1201
3514.07514437992	1188.5
3515.95780173387	1201.40002441406
3517.83997112437	1201.5
3519.72165273016	1191.40002441406
3521.60284672967	1196.80004882813
3523.48355330104	1199.19995117188
3525.36377262208	1198.19995117188
3527.24350487035	1198.69995117188
3529.12275022306	1196.59997558594
3531.00150885715	1197.69995117188
3532.87978094923	1187.09997558594
3534.75756667562	1194.5
3536.63486621235	1190.90002441406
3538.51167973512	1190.40002441406
3540.38800741934	1195.19995117188
3542.26384944011	1192.80004882813
3544.13920597223	1190.69995117188
3546.01407719018	1183.59997558594
3547.88846326815	1189.80004882813
3549.76236438002	1189.09997558594
3551.63578069934	1191.40002441406
3553.50871239938	1195.09997558594
3555.38115965309	1186
3557.25312263311	1187
3559.12460151177	1185.5
3560.99559646109	1185.09997558594
3562.86610765279	1191.09997558594
3564.73613525825	1194.80004882813
3566.60567944857	1191.5
3568.47474039453	1186.69995117188
3570.34331826658	1190.30004882813
3572.21141323487	1193.59997558594
3574.07902546925	1183.80004882813
3575.94615513922	1188.40002441406
3577.81280241401	1190.19995117188
3579.67896746249	1186.40002441406
3581.54465045325	1183.5
3583.40985155455	1192.69995117188
3585.27457093432	1189.90002441406
3587.1388087602	1190.19995117188
3589.00256519949	1186.19995117188
3590.86584041919	1192.90002441406
3592.72863458597	1188
3594.59094786618	1188.59997558594
3596.45278042585	1193.69995117188
3598.31413243069	1183
3600.17500404611	1186.09997558594
3602.03539543717	1183.69995117188
3603.89530676861	1184
3605.75473820488	1183.30004882813
3607.61368991007	1190.5
3609.47216204797	1185.30004882813
3611.33015478203	1181.69995117188
3613.18766827539	1187.69995117188
3615.04470269087	1179.59997558594
3616.90125819094	1182
3618.75733493776	1185.40002441406
3620.61293309318	1183.19995117188
3622.46805281869	1185.5
3624.32269427547	1181.59997558594
3626.17685762439	1187.19995117188
3628.03054302596	1185.59997558594
3629.88375064038	1179.09997558594
3631.73648062751	1176.69995117188
3633.5887331469	1183.69995117188
3635.44050835775	1181.69995117188
3637.29180641893	1185.80004882813
3639.14262748899	1179.69995117188
3640.99297172614	1179
3642.84283928828	1181.30004882813
3644.69223033294	1186.30004882813
3646.54114501734	1183.59997558594
3648.38958349836	1181.5
3650.23754593256	1179.59997558594
3652.08503247614	1177.90002441406
3653.93204328497	1184.80004882813
3655.77857851462	1183.90002441406
3657.62463832028	1178.09997558594
3659.47022285682	1182.30004882813
3661.31533227877	1176.40002441406
3663.15996674033	1175.5
3665.00412639535	1175.80004882813
3666.84781139736	1179.30004882813
3668.69102189953	1170.59997558594
3670.5337580547	1174.90002441406
3672.37602001537	1176.09997558594
3674.21780793368	1179.19995117188
3676.05912196148	1180
3677.89996225021	1175.30004882813
3679.74032895103	1177.59997558594
3681.58022221471	1176.09997558594
3683.41964219171	1172.09997558594
3685.25858903211	1175.19995117188
3687.0970628857	1178.69995117188
3688.93506390186	1169.69995117188
3690.77259222968	1176.69995117188
3692.60964801787	1173.59997558594
3694.44623141481	1176.90002441406
3696.28234256853	1173.09997558594
3698.11798162669	1173
3699.95314873665	1174.69995117188
3701.78784404537	1176.40002441406
3703.62206769951	1175.30004882813
3705.45581984533	1174.30004882813
3707.28910062877	1177.40002441406
3709.12191019542	1174.59997558594
3710.95424869052	1175.69995117188
3712.78611625894	1173.40002441406
3714.6175130452	1173.19995117188
3716.44843919349	1173.09997558594
3718.27889484764	1174.19995117188
3720.1088801511	1171.80004882813
3721.93839524699	1169
3723.76744027808	1176.59997558594
3725.59601538677	1174.5
3727.4241207151	1170.90002441406
