40.2973356941271	1126.90002441406
43.2236257608418	1125.30004882813
46.1488808466109	1126.09997558594
49.0731017336173	1128
51.9962892025666	1126.09997558594
54.9184440327569	1125.90002441406
57.8395670020446	1130.30004882813
60.7596588868509	1126.69995117188
63.6787204621708	1129.90002441406
66.5967525015794	1129.59997558594
69.5137557772381	1130.19995117188
72.4297310598838	1134.40002441406
75.3446791188512	1134.59997558594
78.2586007220466	1135.40002441406
81.1714966360015	1139.09997558594
84.0833676258266	1142.09997558594
86.994214455242	1148.69995117188
89.9040378865662	1149.59997558594
92.8128386807427	1156.69995117188
95.7206175973133	1159.30004882813
98.6273753944444	1161.30004882813
101.533112828928	1159.90002441406
104.437830656161	1162.19995117188
107.34152963018	1156.69995117188
110.244210503676	1159.59997558594
113.145874027931	1159
116.046520952895	1158
118.946152027154	1160.19995117188
121.844767997933	1156.90002441406
124.74236961111	1157.90002441406
127.638957611212	1156
130.534532741422	1155.19995117188
133.429095743606	1157.09997558594
136.322647358252	1153.90002441406
139.215188324544	1156.90002441406
142.106719380311	1153.19995117188
144.997241262089	1154.40002441406
147.886754705057	1157.09997558594
150.775260443096	1154
153.662759208748	1156.90002441406
156.549251733282	1151.59997558594
159.434738746612	1149
162.319220977376	1153.5
165.20269915289	1153.19995117188
168.085173999178	1151.09997558594
170.966646240977	1151.40002441406
173.847116601709	1155.19995117188
176.726585803528	1151.09997558594
179.605054567295	1151.90002441406
182.48252361259	1150.59997558594
185.358993657701	1154.59997558594
188.234465419645	1151.69995117188
191.108939614183	1148.69995117188
193.982416955795	1151.5
196.854898157687	1147.09997558594
199.726383931801	1149.80004882813
202.596874988835	1148.40002441406
205.466372038225	1151.5
208.334875788145	1146.09997558594
211.202386945534	1151.19995117188
214.068906216069	1148.30004882813
216.934434304194	1149.30004882813
219.798971913111	1148.5
222.662519744776	1149.09997558594
225.525078499925	1149.69995117188
228.386648878069	1144
231.247231577465	1149.19995117188
234.106827295172	1148.09997558594
236.965436727012	1150.59997558594
239.823060567597	1149.19995117188
242.679699510337	1149
245.535354247396	1151.09997558594
248.390025469775	1148.59997558594
251.243713867223	1144.59997558594
254.096420128327	1148.90002441406
256.948144940459	1150.69995117188
259.798888989788	1148.80004882813
262.648652961315	1147.09997558594
265.49743753883	1145
268.345243404939	1144
271.192071241073	1148.19995117188
274.037921727485	1145.5
276.882795543246	1148.30004882813
279.72669336624	1145.90002441406
282.569615873213	1146.80004882813
285.411563739724	1149.80004882813
288.252537640165	1150.30004882813
291.092538247763	1145.59997558594
293.931566234616	1145.30004882813
296.769622271633	1146.80004882813
299.606707028594	1144.59997558594
302.442821174104	1147.40002441406
305.277965375652	1149.69995117188
308.112140299574	1144.69995117188
310.945346611062	1146.40002441406
313.777584974167	1148.5
316.608856051813	1151
319.439160505797	1149.19995117188
322.268498996783	1143.5
325.096872184303	1147.30004882813
327.924280726782	1148.30004882813
330.750725281521	1147.80004882813
333.576206504693	1148.90002441406
336.400725051388	1149.5
339.224281575542	1150.19995117188
342.046876730026	1148.59997558594
344.868511166586	1147
347.689185535872	1147.19995117188
350.508900487421	1146.80004882813
353.327656669699	1148.69995117188
356.145454730079	1145.80004882813
358.962295314817	1145.30004882813
361.778179069105	1145.5
364.593106637051	1149.69995117188
367.407078661675	1148.09997558594
370.220095784913	1144.90002441406
373.032158647655	1146.30004882813
375.843267889676	1145.40002441406
378.653424149715	1152.90002441406
381.462628065436	1146.30004882813
384.270880273432	1144.69995117188
387.078181409254	1146.80004882813
389.884532107358	1147.5
392.689933001188	1143.90002441406
395.494384723112	1146.80004882813
398.29788790445	1147
401.100443175488	1151.90002441406
403.902051165437	1147.09997558594
406.702712502518	1150.59997558594
409.502427813866	1148.40002441406
412.301197725607	1149.19995117188
415.099022862823	1147.30004882813
417.89590384957	1147.30004882813
420.691841308876	1148.5
423.486835862752	1147.80004882813
426.280888132173	1146.90002441406
429.073998737112	1142.09997558594
431.866168296507	1148
434.657397428298	1146.30004882813
437.447686749412	1151.09997558594
440.237036875762	1145
443.025448422257	1146.80004882813
445.812922002813	1151.59997558594
448.599458230326	1145.69995117188
451.38505771672	1151.09997558594
454.169721072909	1150.80004882813
456.953448908819	1146.40002441406
459.736241833384	1148.5
462.518100454555	1147
465.2990253793	1151
468.079017213605	1148.09997558594
470.858076562476	1147.90002441406
473.636204029939	1152
476.41340021906	1150.59997558594
479.189665731938	1147.30004882813
481.965001169667	1146.59997558594
484.739407132419	1144.59997558594
487.512884219391	1146.69995117188
490.285433028796	1144.40002441406
493.057054157921	1146.90002441406
495.827748203087	1151.59997558594
498.597515759658	1151
501.366357422061	1145.30004882813
504.134273783759	1152.30004882813
506.901265437278	1152.5
509.66733297421	1143
512.432476985198	1150.30004882813
515.196698059945	1150.69995117188
517.959996787225	1148.5
520.722373754895	1145.90002441406
523.483829549856	1150.09997558594
526.24436475811	1151
529.003979964696	1149.90002441406
531.762675753779	1147.90002441406
534.520452708569	1154.30004882813
537.277311411375	1152.59997558594
540.03325244359	1147.59997558594
542.788276385682	1148.19995117188
545.54238381725	1149.40002441406
548.295575316938	1151.30004882813
551.047851462516	1152.40002441406
553.799212830831	1151.69995117188
556.549659997851	1147.90002441406
559.299193538643	1154.5
562.047814027381	1152
564.795522037318	1147.09997558594
567.542318140861	1149.40002441406
570.288202909507	1147.69995117188
573.033176913873	1150
575.7772407237	1149.69995117188
578.520394907829	1147.59997558594
581.26264003424	1148.09997558594
584.003976670046	1148.59997558594
586.744405381469	1150.5
589.483926733869	1147.80004882813
592.222541291746	1145.80004882813
594.96024961872	1146.40002441406
597.697052277563	1153.80004882813
600.432949830166	1145.5
603.167942837587	1150.19995117188
605.902031860012	1149.30004882813
608.635217456783	1149.30004882813
611.367500186378	1149.40002441406
614.098880606429	1151.80004882813
616.82935927374	1153.59997558594
619.558936744248	1152.90002441406
622.287613573072	1154.09997558594
625.015390314457	1148.59997558594
627.742267521848	1151
630.468245747829	1151.30004882813
633.193325544166	1148.69995117188
635.917507461792	1151.90002441406
638.640792050804	1151.59997558594
641.36317986048	1148.59997558594
644.084671439281	1145.59997558594
646.805267334845	1149.90002441406
649.524968093967	1152.59997558594
652.24377426266	1151.80004882813
654.961686386106	1149.80004882813
657.678705008678	1150.90002441406
660.394830673939	1150.90002441406
663.110063924628	1150.30004882813
665.824405302728	1150.5
668.537855349351	1152.80004882813
671.250414604863	1151.19995117188
673.962083608812	1150.90002441406
676.672862899949	1147.69995117188
679.382753016218	1149.09997558594
682.091754494801	1151.5
684.799867872061	1151.80004882813
687.507093683595	1151.19995117188
690.213432464198	1150.80004882813
692.918884747899	1149.5
695.623451067937	1148.5
698.327131956755	1149.69995117188
701.029927946065	1155.59997558594
703.731839566754	1156
706.43286734896	1152.90002441406
709.133011822067	1152.40002441406
711.832273514658	1150.80004882813
714.53065295457	1153.5
717.228150668879	1150
719.924767183889	1146.69995117188
722.620503025148	1151.19995117188
725.315358717446	1150.40002441406
728.009334784827	1154.80004882813
730.702431750559	1152.80004882813
733.394650137188	1149
736.085990466498	1149
738.776453259519	1149.90002441406
741.466039036542	1153.90002441406
744.154748317125	1151.09997558594
746.842581620074	1152
749.529539463458	1148.5
752.215622364608	1153.59997558594
754.900830840131	1152.40002441406
757.585165405892	1155.19995117188
760.26862657703	1151.59997558594
762.951214867957	1152
765.632930792356	1149.19995117188
768.313774863181	1151.69995117188
770.993747592673	1150.59997558594
773.672849492359	1146.40002441406
776.351081073017	1151.59997558594
779.028442844757	1151.19995117188
781.704935316928	1149.59997558594
784.380558998208	1154
787.055314396528	1153.40002441406
789.729202019141	1151.69995117188
792.402222372581	1153.40002441406
795.074375962669	1151.69995117188
797.745663294537	1152.40002441406
800.416084872622	1149.5
803.085641200652	1147.69995117188
805.754332781664	1148.40002441406
808.422160117986	1151.80004882813
811.089123711292	1152.90002441406
813.75522406252	1151
816.420461671951	1154.19995117188
819.084837039164	1150.80004882813
821.748350663067	1150.40002441406
824.411003041866	1154.5
827.072794673116	1149.59997558594
829.733726053668	1149.5
832.39379767971	1153.30004882813
835.05301004674	1152.80004882813
837.711363649601	1154.59997558594
840.368858982457	1152.90002441406
843.025496538805	1151.09997558594
845.681276811467	1148.90002441406
848.336200292618	1152.30004882813
850.99026747375	1152.59997558594
853.643478845713	1151.59997558594
856.29583489868	1152.59997558594
858.947336122176	1153.09997558594
861.59798300506	1152.09997558594
864.247776035556	1152.30004882813
866.896715701222	1150.69995117188
869.544802488959	1151.80004882813
872.192036885046	1151.40002441406
874.838419375087	1152.40002441406
877.483950444054	1157.09997558594
880.128630576285	1153.40002441406
882.772460255461	1150
885.415439964628	1154.19995117188
888.057570186211	1155.30004882813
890.698851401966	1151.40002441406
893.339284093045	1151.19995117188
895.978868739961	1152.80004882813
898.617605822596	1155.59997558594
901.255495820196	1155.59997558594
903.892539211396	1155.09997558594
906.528736474184	1151.69995117188
909.164088085949	1151.09997558594
911.798594523442	1154.59997558594
914.432256262804	1149.59997558594
917.065073779549	1154
919.697047548589	1153.19995117188
922.328178044212	1152.59997558594
924.9584657401	1153.69995117188
927.587911109317	1155.69995117188
930.216514624317	1153.40002441406
932.844276756963	1151.19995117188
935.471197978488	1157.09997558594
938.097278759538	1153.19995117188
940.722519570163	1157.80004882813
943.346920879798	1154.30004882813
945.97048315729	1151.40002441406
948.593206870885	1158.30004882813
951.215092488219	1158.40002441406
953.836140476366	1154.90002441406
956.456351301787	1155.69995117188
959.07572543037	1151.69995117188
961.694263327369	1154.40002441406
964.311965457521	1154.80004882813
966.928832284933	1151
969.544864273135	1153.80004882813
972.160061885076	1152.30004882813
974.774425583129	1156.19995117188
977.387955829099	1155.80004882813
980.000653084196	1155.5
982.612517809061	1154.80004882813
985.223550463768	1151.59997558594
987.833751507819	1157.80004882813
990.443121400135	1153.69995117188
993.051660599081	1154.30004882813
995.659369562449	1151.90002441406
998.266248747469	1155.40002441406
1000.87229861081	1157.40002441406
1003.47751960857	1157.59997558594
1006.0819121963	1150.80004882813
1008.68547682897	1148.30004882813
1011.28821396104	1160.80004882813
1013.89012404635	1154.80004882813
1016.49120753824	1156.40002441406
1019.09146488947	1157.30004882813
1021.69089655226	1155.09997558594
1024.28950297827	1158.5
1026.88728461863	1150.19995117188
1029.48424192392	1160.69995117188
1032.08037534416	1155.69995117188
1034.67568532886	1156.30004882813
1037.27017232694	1158.30004882813
1039.86383678682	1157.19995117188
1042.45667915637	1156.69995117188
1045.04869988293	1155
1047.6398994133	1150.80004882813
1050.23027819374	1155.59997558594
1052.81983666998	1155
1055.40857528724	1157.80004882813
1057.99649449018	1151.40002441406
1060.58359472296	1151.69995117188
1063.1698764292	1153.80004882813
1065.755340052	1156
1068.33998603393	1156.90002441406
1070.92381481706	1156.59997558594
1073.50682684291	1155.80004882813
1076.08902255251	1157
1078.67040238637	1157.80004882813
1081.25096678445	1157.19995117188
1083.83071618624	1157.59997558594
1086.4096510307	1157.30004882813
1088.98777175629	1159.90002441406
1091.56507880094	1158.5
1094.14157260208	1153.90002441406
1096.71725359664	1156.69995117188
1099.29212222106	1153.69995117188
1101.86617891125	1156.40002441406
1104.43942410262	1155.69995117188
1107.01185823011	1155
1109.58348172812	1153.90002441406
1112.15429503057	1155.40002441406
1114.7242985709	1153.30004882813
1117.29349278203	1155.09997558594
1119.86187809642	1154.19995117188
1122.42945494599	1151.09997558594
1124.99622376222	1157.19995117188
1127.56218497606	1155.90002441406
1130.12733901801	1155.59997558594
1132.69168631804	1159.19995117188
1135.25522730568	1153
1137.81796240995	1160.09997558594
1140.37989205941	1155.59997558594
1142.9410166821	1154.69995117188
1145.50133670561	1156.19995117188
1148.06085255708	1153.09997558594
1150.61956466311	1153.30004882813
1153.17747344987	1157.19995117188
1155.73457934305	1154.40002441406
1158.29088276786	1151.80004882813
1160.84638414903	1158.09997558594
1163.40108391085	1158
1165.95498247711	1159.90002441406
1168.50808027116	1154.80004882813
1171.06037771587	1153.90002441406
1173.61187523364	1155.19995117188
1176.16257324643	1154.19995117188
1178.71247217573	1155.80004882813
1181.26157244255	1153.5
1183.80987446746	1155.69995117188
1186.35737867059	1157.09997558594
1188.90408547157	1152.80004882813
1191.44999528961	1152
1193.99510854347	1158
1196.53942565142	1159.59997558594
1199.08294703133	1155
1201.62567310057	1159.09997558594
1204.16760427611	1158.69995117188
1206.70874097445	1153.69995117188
1209.24908361163	1157.5
1211.78863260327	1162.40002441406
1214.32738836454	1154.30004882813
1216.86535131017	1158.30004882813
1219.40252185445	1157.90002441406
1221.93890041121	1154.19995117188
1224.47448739389	1151.5
1227.00928321544	1159.5
1229.54328828842	1156.90002441406
1232.07650302491	1159.19995117188
1234.60892783662	1158.30004882813
1237.14056313477	1157.59997558594
1239.67140933017	1156.09997558594
1242.2014668332	1157.90002441406
1244.73073605384	1157.69995117188
1247.25921740159	1156.09997558594
1249.78691128558	1155.69995117188
1252.31381811448	1157.90002441406
1254.83993829655	1155.69995117188
1257.36527223962	1155.69995117188
1259.88982035112	1159.80004882813
1262.41358303803	1159.09997558594
1264.93656070696	1166
1267.45875376405	1158.69995117188
1269.98016261505	1155.59997558594
1272.50078766531	1157.59997558594
1275.02062931974	1162.09997558594
1277.53968798285	1159
1280.05796405875	1157.69995117188
1282.57545795112	1163
1285.09217006325	1160
1287.60810079802	1154.30004882813
1290.12325055788	1156.69995117188
1292.63761974492	1158.40002441406
1295.15120876079	1156.30004882813
1297.66401800676	1158.90002441406
1300.17604788367	1159.90002441406
1302.687298792	1158.59997558594
1305.19777113181	1156.30004882813
1307.70746530274	1156.59997558594
1310.21638170408	1159.30004882813
1312.7245207347	1158.80004882813
1315.23188279307	1160.5
1317.73846827728	1157.40002441406
1320.24427758502	1160.90002441406
1322.74931111359	1158.69995117188
1325.25356925991	1158.19995117188
1327.75705242051	1157.09997558594
1330.25976099151	1159
1332.76169536868	1158.69995117188
1335.26285594737	1159.19995117188
1337.76324312256	1157.80004882813
1340.26285728887	1154
1342.76169884052	1159.69995117188
1345.25976817132	1157.80004882813
1347.75706567474	1156.19995117188
1350.25359174387	1157.80004882813
1352.74934677141	1157.09997558594
1355.24433114968	1159
1357.73854527062	1159.69995117188
1360.23198952583	1157
1362.7246643065	1160.40002441406
1365.21657000347	1159.80004882813
1367.7077070072	1160
1370.19807570777	1152.09997558594
1372.68767649492	1157
1375.176509758	1156.80004882813
1377.66457588599	1158.09997558594
1380.15187526753	1161.69995117188
1382.63840829087	1156.5
1385.1241753439	1159.09997558594
1387.60917681417	1161.30004882813
1390.09341308884	1156.09997558594
1392.57688455474	1156.80004882813
1395.05959159829	1161.09997558594
1397.54153460562	1161.69995117188
1400.02271396243	1158.80004882813
1402.50313005414	1160.69995117188
1404.98278326576	1155.09997558594
1407.46167398196	1158.69995117188
1409.93980258707	1162.19995117188
1412.41716946504	1157.5
1414.89377499951	1165.30004882813
1417.36961957373	1157.09997558594
1419.84470357062	1160.90002441406
1422.31902737275	1154.69995117188
1424.79259136235	1160.40002441406
1427.26539592129	1161.30004882813
1429.73744143111	1161
1432.20872827299	1158.80004882813
1434.67925682777	1161.40002441406
1437.14902747597	1159.69995117188
1439.61804059773	1159.90002441406
1442.0862965729	1163.59997558594
1444.55379578093	1165.09997558594
1447.02053860099	1159.5
1449.48652541188	1157.30004882813
1451.95175659206	1161.19995117188
1454.41623251969	1164
1456.87995357255	1162.30004882813
1459.34292012811	1164.19995117188
1461.80513256351	1159.5
1464.26659125557	1162.59997558594
1466.72729658073	1157.40002441406
1469.18724891517	1162.19995117188
1471.64644863469	1161.5
1474.10489611478	1158.19995117188
1476.5625917306	1155.59997558594
1479.01953585699	1157.19995117188
1481.47572886844	1159.40002441406
1483.93117113917	1156.59997558594
1486.38586304302	1163.59997558594
1488.83980495354	1158.80004882813
1491.29299724395	1164.09997558594
1493.74544028715	1156.30004882813
1496.19713445573	1159.19995117188
1498.64808012193	1158.09997558594
1501.09827765772	1159.69995117188
1503.54772743471	1155
1505.99642982421	1157.69995117188
1508.44438519723	1160.69995117188
1510.89159392446	1159.69995117188
1513.33805637625	1158
1515.78377292266	1159.19995117188
1518.22874393346	1160.40002441406
1520.67296977806	1159.69995117188
1523.11645082559	1159.69995117188
1525.55918744488	1160.09997558594
1528.00118000444	1162.19995117188
1530.44242887245	1157.80004882813
1532.88293441684	1159.19995117188
1535.32269700517	1161
1537.76171700475	1163.19995117188
1540.19999478255	1159.09997558594
1542.63753070526	1158.80004882813
1545.07432513925	1155.80004882813
1547.5103784506	1164.90002441406
1549.94569100509	1159.59997558594
1552.38026316819	1160.80004882813
1554.8140953051	1159.19995117188
1557.24718778067	1162.19995117188
1559.67954095952	1163.80004882813
1562.11115520592	1158.09997558594
1564.54203088386	1162.69995117188
1566.97216835704	1158
1569.40156798888	1161.69995117188
1571.83023014248	1163.30004882813
1574.25815518067	1161.5
1576.68534346597	1154.80004882813
1579.11179536062	1158.69995117188
1581.53751122658	1157.19995117188
1583.9624914255	1160
1586.38673631876	1167.09997558594
1588.81024626745	1162.80004882813
1591.23302163235	1157.59997558594
1593.655062774	1156.69995117188
1596.07637005262	1158.09997558594
1598.49694382815	1162.30004882813
1600.91678446025	1166.30004882813
1603.33589230831	1160.90002441406
1605.75426773142	1163.69995117188
1608.1719110884	1160.59997558594
1610.58882273779	1159.09997558594
1613.00500303784	1159.5
1615.42045234654	1162.90002441406
1617.83517102158	1162.19995117188
1620.24915942039	1167.69995117188
1622.66241790012	1160.5
1625.07494681764	1158.5
1627.48674652954	1162.40002441406
1629.89781739216	1161.30004882813
1632.30815976152	1157.59997558594
1634.71777399343	1159.5
1637.12666044338	1161.80004882813
1639.53481946661	1161.40002441406
1641.94225141808	1163.30004882813
1644.34895665248	1164.59997558594
1646.75493552424	1161.5
1649.16018838752	1165.90002441406
1651.56471559621	1160.40002441406
1653.96851750392	1166.09997558594
1656.37159446403	1162.09997558594
1658.7739468296	1161.30004882813
1661.17557495349	1169.59997558594
1663.57647918824	1165.09997558594
1665.97665988617	1164.90002441406
1668.37611739929	1157.69995117188
1670.77485207939	1165.19995117188
1673.17286427799	1166
1675.57015434633	1161.80004882813
1677.96672263542	1164.80004882813
1680.36256949598	1161.5
1682.7576952785	1163
1685.15210033318	1163.19995117188
1687.54578501	1164.80004882813
1689.93874965866	1159.30004882813
1692.33099462861	1165.19995117188
1694.72252026904	1155.80004882813
1697.11332692889	1162.19995117188
1699.50341495686	1162.09997558594
1701.89278470137	1161.19995117188
1704.28143651061	1157.40002441406
1706.66937073251	1159.5
1709.05658771473	1157.69995117188
1711.44308780473	1162.80004882813
1713.82887134968	1162.69995117188
1716.21393869648	1162.80004882813
1718.59829019185	1156.5
1720.98192618221	1164.09997558594
1723.36484701374	1157.59997558594
1725.74705303238	1163.69995117188
1728.12854458384	1163.30004882813
1730.50932201356	1157
1732.88938566673	1164.90002441406
1735.26873588834	1161.90002441406
1737.64737302307	1156.40002441406
1740.02529741544	1165.09997558594
1742.40250940964	1155.80004882813
1744.77900934969	1162.19995117188
1747.15479757933	1158.19995117188
1749.52987444206	1163.90002441406
1751.90424028116	1158
1754.27789543967	1164.59997558594
1756.65084026037	1161.40002441406
1759.02307508582	1162.90002441406
1761.39460025833	1161.40002441406
1763.76541612	1159.90002441406
1766.13552301265	1165
1768.50492127791	1161.69995117188
1770.87361125714	1160.69995117188
1773.2415932915	1161.69995117188
1775.60886772188	1156.40002441406
1777.97543488896	1161.59997558594
1780.34129513318	1162.5
1782.70644879475	1157.80004882813
1785.07089621365	1162.40002441406
1787.43463772964	1164.5
1789.7976736822	1166.5
1792.16000441066	1163.59997558594
1794.52163025405	1163.5
1796.88255155121	1163.80004882813
1799.24276864074	1158.59997558594
1801.60228186102	1158.90002441406
1803.96109155019	1158.09997558594
1806.31919804618	1162.80004882813
1808.67660168668	1164.09997558594
1811.03330280916	1162.30004882813
1813.38930175088	1166.40002441406
1815.74459884884	1162.59997558594
1818.09919443984	1161.59997558594
1820.45308886047	1161.30004882813
1822.80628244708	1164
1825.1587755358	1161.90002441406
1827.51056846254	1158.80004882813
1829.86166156297	1161.30004882813
1832.21205517258	1163.59997558594
1834.56174962661	1157.30004882813
1836.91074526009	1159
1839.25904240783	1159.40002441406
1841.60664140443	1160.59997558594
1843.95354258425	1160.40002441406
1846.29974628146	1164
1848.64525282998	1160.5
1850.99006256356	1158.80004882813
1853.3341758157	1164.09997558594
1855.67759291968	1161
1858.02031420858	1159.59997558594
1860.36234001528	1159.40002441406
1862.70367067241	1160.5
1865.04430651244	1161.09997558594
1867.38424786755	1169
1869.72349506978	1165
1872.06204845094	1162.5
1874.39990834258	1159.69995117188
1876.73707507612	1166.40002441406
1879.07354898269	1161.59997558594
1881.40933039328	1169
1883.74441963861	1160
1886.07881704925	1163.19995117188
1888.41252295551	1161.09997558594
1890.74553768751	1158.09997558594
1893.07786157519	1164.40002441406
1895.40949494822	1164.40002441406
1897.74043813615	1166
1900.07069146823	1160.59997558594
1902.40025527357	1162.90002441406
1904.72912988106	1161.09997558594
1907.05731561938	1165
1909.38481281699	1166.40002441406
1911.71162180217	1168.40002441406
1914.037742903	1161.80004882813
1916.36317644734	1160.69995117188
1918.68792276284	1161.69995117188
1921.01198217697	1168.90002441406
1923.33535501699	1164
1925.65804160996	1162.80004882813
1927.98004228273	1159.5
1930.30135736196	1160.19995117188
1932.6219871741	1164.40002441406
1934.94193204543	1164.69995117188
1937.26119230198	1163.5
1939.57976826962	1167
1941.89766027402	1163.5
1944.21486864062	1162.09997558594
1946.53139369472	1161.19995117188
1948.84723576137	1163.19995117188
1951.16239516543	1163.40002441406
1953.47687223159	1162.5
1955.79066728434	1162.19995117188
1958.10378064794	1165.30004882813
1960.4162126465	1162.09997558594
1962.7279636039	1159.69995117188
1965.03903384385	1161.69995117188
1967.34942368987	1162.19995117188
1969.65913346524	1164.80004882813
1971.96816349311	1167
1974.2765140964	1158.19995117188
1976.58418559784	1167
1978.89117831997	1163.40002441406
1981.19749258516	1164.69995117188
1983.50312871555	1162.5
1985.80808703313	1165.69995117188
1988.11236785967	1160.40002441406
1990.41597151676	1164.5
1992.71889832581	1158.30004882813
1995.02114860801	1165.80004882813
1997.3227226844	1168.69995117188
1999.62362087581	1163.69995117188
2001.92384350288	1167.59997558594
2004.22339088608	1162.59997558594
2006.52226334567	1157.80004882813
2008.82046120173	1160.59997558594
2011.11798477417	1163.09997558594
2013.41483438269	1163.09997558594
2015.71101034681	1169.5
2018.00651298588	1164.30004882813
2020.30134261905	1160.59997558594
2022.59549956528	1164.19995117188
2024.88898414337	1164.69995117188
2027.1817966719	1164.59997558594
2029.4739374693	1168.69995117188
2031.76540685379	1164.5
2034.05620514342	1164.40002441406
2036.34633265607	1164.40002441406
2038.6357897094	1169.5
2040.92457662092	1163.09997558594
2043.21269370795	1162
2045.50014128763	1163.69995117188
2047.78691967691	1164.30004882813
2050.07302919256	1163.09997558594
2052.35847015118	1163.59997558594
2054.64324286919	1159.59997558594
2056.9273476628	1163.69995117188
2059.21078484808	1162.5
2061.4935547409	1164.90002441406
2063.77565765696	1165.69995117188
2066.05709391176	1161.30004882813
2068.33786382065	1167.59997558594
2070.61796769879	1168.09997558594
2072.89740586116	1162.09997558594
2075.17617862255	1166.19995117188
2077.45428629759	1165.90002441406
2079.73172920075	1165.59997558594
2082.00850764627	1163
2084.28462194827	1162.19995117188
2086.56007242065	1165.59997558594
2088.83485937717	1164.09997558594
2091.10898313139	1161.90002441406
2093.3824439967	1168.69995117188
2095.65524228632	1162.80004882813
2097.92737831328	1166.80004882813
2100.19885239047	1162.09997558594
2102.46966483057	1165.40002441406
2104.7398159461	1167.40002441406
2107.00930604941	1166.59997558594
2109.27813545267	1165.40002441406
2111.54630446787	1169
2113.81381340685	1160.69995117188
2116.08066258126	1164.80004882813
2118.34685230257	1167.90002441406
2120.61238288211	1169
2122.87725463099	1168.30004882813
2125.1414678602	1165.80004882813
2127.40502288052	1168.90002441406
2129.66792000257	1169.40002441406
2131.93015953682	1169.09997558594
2134.19174179353	1164.90002441406
2136.45266708282	1162.09997558594
2138.71293571463	1164
2140.97254799873	1165.59997558594
2143.23150424473	1162.59997558594
2145.48980476205	1166.59997558594
2147.74744985996	1166.80004882813
2150.00443984754	1161.80004882813
2152.26077503373	1162.19995117188
2154.51645572728	1165
2156.77148223677	1163.69995117188
2159.02585487064	1166.5
2161.27957393713	1163.80004882813
2163.53263974432	1166.80004882813
2165.78505260012	1166.09997558594
2168.0368128123	1167.09997558594
2170.28792068844	1165
2172.53837653595	1166.80004882813
2174.78818066207	1166
2177.03733337389	1164.69995117188
2179.28583497833	1169.80004882813
2181.53368578214	1163.40002441406
2183.78088609192	1162.5
2186.02743621406	1162.80004882813
2188.27333645484	1163.30004882813
2190.51858712033	1166.90002441406
2192.76318851646	1163.90002441406
2195.00714094901	1166.19995117188
2197.25044472354	1162.19995117188
2199.49310014551	1164.69995117188
2201.73510752018	1165.59997558594
2203.97646715265	1171
2206.21717934786	1161.5
2208.45724441058	1160.59997558594
2210.69666264543	1161.80004882813
2212.93543435686	1168
2215.17355984914	1165.40002441406
2217.41103942642	1167.90002441406
2219.64787339264	1168
2221.8840620516	1164.30004882813
2224.11960570695	1165.40002441406
2226.35450466215	1162.19995117188
2228.58875922051	1168.40002441406
2230.82236968518	1168.80004882813
2233.05533635916	1167
2235.28765954527	1164.80004882813
2237.51933954617	1161.5
2239.75037666437	1165.30004882813
2241.98077120221	1164
2244.21052346188	1161
2246.4396337454	1164
2248.66810235461	1166.30004882813
2250.89592959125	1165.69995117188
2253.12311575681	1164.5
2255.34966115272	1163.30004882813
2257.57556608017	1168.19995117188
2259.80083084023	1163.09997558594
2262.02545573381	1158.90002441406
2264.24944106163	1160.40002441406
2266.47278712429	1166.40002441406
2268.69549422221	1171.80004882813
2270.91756265564	1170.40002441406
2273.1389927247	1168.19995117188
2275.35978472934	1167.59997558594
2277.57993896933	1159.90002441406
2279.79945574431	1170
2282.01833535375	1162.30004882813
2284.23657809696	1163.80004882813
2286.45418427309	1168.40002441406
2288.67115418114	1166.90002441406
2290.88748811995	1161.30004882813
2293.10318638819	1163.30004882813
2295.3182492844	1163.40002441406
2297.53267710693	1167.80004882813
2299.746470154	1168.90002441406
2301.95962872364	1167.59997558594
2304.17215311376	1171.40002441406
2306.3840436221	1166.90002441406
2308.59530054621	1160.80004882813
2310.80592418354	1166.80004882813
2313.01591483134	1166.69995117188
2315.22527278673	1166.80004882813
2317.43399834666	1166.5
2319.64209180791	1165.19995117188
2321.84955346713	1164.59997558594
2324.05638362079	1165.19995117188
2326.26258256524	1169.19995117188
2328.46815059664	1174.80004882813
2330.67308801098	1166.40002441406
2332.87739510415	1169.30004882813
2335.08107217184	1169.90002441406
2337.2841195096	1168.59997558594
2339.48653741281	1164.90002441406
2341.68832617672	1168.30004882813
2343.8894860964	1164.30004882813
2346.09001746678	1167.09997558594
2348.28992058261	1169.80004882813
2350.48919573852	1162.80004882813
2352.68784322898	1167.09997558594
2354.88586334826	1165.5
2357.08325639055	1166.5
2359.2800226498	1161.5
2361.47616241988	1169.5
2363.67167599445	1169.09997558594
2365.86656366706	1164.90002441406
2368.06082573107	1162.80004882813
2370.2544624797	1165.09997558594
2372.44747420603	1167.5
2374.63986120295	1167.19995117188
2376.83162376322	1164.09997558594
2379.02276217945	1166.80004882813
2381.21327674408	1168.30004882813
2383.4031677494	1165.5
2385.59243548756	1164.5
2387.78108025053	1167.5
2389.96910233014	1162.5
2392.15650201809	1169.30004882813
2394.34327960587	1163.69995117188
2396.52943538486	1168.40002441406
2398.71496964628	1165.59997558594
2400.89988268118	1167.30004882813
2403.08417478048	1165.69995117188
2405.26784623491	1163.09997558594
2407.45089733509	1163.59997558594
2409.63332837146	1168.59997558594
2411.81513963429	1162.5
2413.99633141375	1167.09997558594
2416.1769039998	1160.59997558594
2418.35685768227	1168.90002441406
2420.53619275084	1161.69995117188
2422.71490949505	1158
2424.89300820425	1165.30004882813
2427.07048916765	1166.30004882813
2429.24735267433	1168
2431.42359901319	1164.09997558594
2433.59922847297	1167.69995117188
2435.7742413423	1164.19995117188
2437.94863790961	1164.90002441406
2440.12241846321	1162.80004882813
2442.29558329121	1164.80004882813
2444.46813268162	1162.69995117188
2446.64006692228	1165.59997558594
2448.81138630086	1166.80004882813
2450.98209110489	1168.09997558594
2453.15218162174	1164.69995117188
2455.32165813864	1167.09997558594
2457.49052094265	1167.69995117188
2459.65877032069	1167.19995117188
2461.8264065595	1165.40002441406
2463.99342994572	1163.90002441406
2466.15984076579	1163.80004882813
2468.325639306	1162.69995117188
2470.49082585251	1167.40002441406
2472.65540069131	1161.30004882813
2474.81936410824	1164.19995117188
2476.98271638899	1165.09997558594
2479.14545781909	1167
2481.30758868392	1165.5
2483.4691092687	1163.90002441406
2485.63001985852	1170
2487.79032073829	1167
2489.95001219277	1168
2492.10909450659	1170.09997558594
2494.26756796419	1166.5
2496.42543284989	1171.5
2498.58268944783	1172.19995117188
2500.73933804202	1170.59997558594
2502.8953789163	1166.40002441406
2505.05081235436	1163
2507.20563863974	1163.80004882813
2509.35985805582	1169.90002441406
2511.51347088583	1165.19995117188
2513.66647741285	1164.19995117188
2515.81887791981	1162.90002441406
2517.97067268946	1167.19995117188
2520.12186200443	1167.30004882813
2522.27244614716	1168.80004882813
2524.42242539999	1164
2526.57180004504	1169.90002441406
2528.72057036433	1168.19995117188
2530.8687366397	1167.30004882813
2533.01629915284	1163.09997558594
2535.16325818527	1162.30004882813
2537.30961401839	1171.09997558594
2539.45536693343	1165.80004882813
2541.60051721145	1164.5
2543.74506513338	1165.59997558594
2545.88901097997	1169.19995117188
2548.03235503185	1168.30004882813
2550.17509756946	1168.90002441406
2552.31723887311	1166.09997558594
2554.45877922293	1166.40002441406
2556.59971889893	1165.80004882813
2558.74005818094	1163.80004882813
2560.87979734864	1170.80004882813
2563.01893668155	1166.09997558594
2565.15747645906	1162.09997558594
2567.29541696037	1166.19995117188
2569.43275846454	1162.5
2571.56950125049	1168.5
2573.70564559696	1162
2575.84119178254	1168.80004882813
2577.97614008569	1164.80004882813
2580.11049078468	1163.40002441406
2582.24424415764	1166.40002441406
2584.37740048255	1162.69995117188
2586.50996003722	1170.09997558594
2588.64192309931	1164.30004882813
2590.77328994634	1164.30004882813
2592.90406085564	1168.80004882813
2595.03423610442	1164.80004882813
2597.16381596971	1166
2599.29280072839	1164.19995117188
2601.42119065719	1169
2603.54898603267	1166.40002441406
2605.67618713125	1169.59997558594
2607.80279422919	1162.80004882813
2609.92880760257	1169.90002441406
2612.05422752735	1167.69995117188
2614.17905427932	1167.40002441406
2616.30328813408	1169.59997558594
2618.42692936713	1170.59997558594
2620.54997825377	1172.09997558594
2622.67243506915	1162.09997558594
2624.79430008828	1167
2626.915573586	1163.5
2629.03625583699	1167.90002441406
2631.15634711579	1165.59997558594
2633.27584769675	1163.69995117188
2635.39475785408	1163.90002441406
2637.51307786185	1165
2639.63080799394	1170.80004882813
2641.74794852409	1166
2643.86449972589	1168.90002441406
2645.98046187273	1164.59997558594
2648.0958352379	1165
2650.21062009449	1161.09997558594
2652.32481671544	1165.40002441406
2654.43842537353	1164.09997558594
2656.5514463414	1165.90002441406
2658.66387989151	1168.80004882813
2660.77572629616	1165
2662.88698582751	1172.09997558594
2664.99765875753	1161.09997558594
2667.10774535806	1170.69995117188
2669.21724590076	1167.40002441406
2671.32616065714	1168.90002441406
2673.43448989857	1169.69995117188
2675.5422338962	1171.90002441406
2677.64939292108	1164.69995117188
2679.75596724408	1163.90002441406
2681.86195713589	1166.59997558594
2683.96736286707	1166.40002441406
2686.07218470799	1169.09997558594
2688.17642292889	1165.80004882813
2690.28007779982	1163.69995117188
2692.38314959069	1167.69995117188
2694.48563857123	1160.80004882813
2696.58754501103	1171
2698.6888691795	1165.80004882813
2700.78961134588	1166.80004882813
2702.8897717793	1166.69995117188
2704.98935074864	1162.80004882813
2707.08834852271	1167.80004882813
2709.18676537009	1170
2711.28460155925	1167.80004882813
2713.38185735843	1167.09997558594
2715.47853303577	1166
2717.57462885924	1167.90002441406
2719.67014509659	1168.09997558594
2721.76508201548	1162.30004882813
2723.85943988337	1169.09997558594
2725.95321896754	1167.80004882813
2728.04641953515	1168.90002441406
2730.13904185316	1167
2732.23108618837	1171.80004882813
2734.32255280744	1168.19995117188
2736.41344197683	1168.69995117188
2738.50375396288	1167.19995117188
2740.5934890317	1164.69995117188
2742.68264744932	1162.09997558594
2744.77122948153	1175.69995117188
2746.85923539398	1164.59997558594
2748.94666545217	1163.09997558594
2751.03351992142	1167.59997558594
2753.11979906688	1164.30004882813
2755.20550315355	1166.30004882813
2757.29063244624	1167.40002441406
2759.37518720963	1168.19995117188
2761.45916770819	1166.19995117188
2763.54257420625	1168.5
2765.62540696797	1168.09997558594
2767.70766625733	1165.19995117188
2769.78935233816	1168
2771.87046547413	1167.59997558594
2773.95100592869	1169.09997558594
2776.03097396519	1166
2778.11036984677	1164.19995117188
2780.18919383641	1162.09997558594
2782.26744619693	1172.90002441406
2784.34512719097	1169.19995117188
2786.42223708102	1163.5
2788.49877612937	1172.19995117188
2790.57474459816	1167.19995117188
2792.65014274937	1167.40002441406
2794.7249708448	1161.59997558594
2796.79922914607	1161.69995117188
2798.87291791465	1169.90002441406
2800.94603741181	1167.69995117188
2803.01858789869	1165.5
2805.09056963623	1160.90002441406
2807.1619828852	1167.30004882813
2809.23282790621	1167.19995117188
2811.30310495971	1167.30004882813
2813.37281430593	1164.80004882813
2815.441956205	1165.80004882813
2817.51053091682	1163.59997558594
2819.57853870114	1167.59997558594
2821.64597981753	1169.80004882813
2823.7128545254	1163.69995117188
2825.77916308399	1162.09997558594
2827.84490575233	1167.19995117188
2829.91008278933	1170.30004882813
2831.97469445369	1166.40002441406
2834.03874100395	1164.69995117188
2836.10222269847	1172.80004882813
2838.16513979544	1166.5
2840.22749255288	1169.80004882813
2842.28928122863	1167.90002441406
2844.35050608034	1172.19995117188
2846.41116736553	1167.59997558594
2848.47126534149	1168.59997558594
2850.53080026537	1162.40002441406
2852.58977239414	1173.30004882813
2854.64818198459	1168.69995117188
2856.70602929332	1175.80004882813
2858.76331457678	1170.59997558594
2860.82003809123	1171.59997558594
2862.87620009274	1170.5
2864.93180083723	1171.69995117188
2866.98684058043	1172.09997558594
2869.04131957789	1174
2871.09523808497	1172
2873.14859635689	1176.5
2875.20139464866	1179.59997558594
2877.2536332151	1174.90002441406
2879.30531231091	1177.90002441406
2881.35643219054	1174.80004882813
2883.40699310831	1173.69995117188
2885.45699531834	1170.69995117188
2887.50643907457	1178.19995117188
2889.55532463077	1176.5
2891.60365224053	1174.5
2893.65142215724	1177.69995117188
2895.69863463414	1176.30004882813
2897.74528992426	1173
2899.79138828046	1176.80004882813
2901.83692995544	1175
2903.88191520168	1180.80004882813
2905.92634427151	1173.59997558594
2907.97021741706	1173
2910.01353489027	1184.90002441406
2912.05629694294	1180.19995117188
2914.09850382663	1183
2916.14015579276	1176.30004882813
2918.18125309254	1182.69995117188
2920.22179597702	1179.09997558594
2922.26178469705	1182.5
2924.30121950329	1185.80004882813
2926.34010064624	1186.09997558594
2928.37842837619	1183.5
2930.41620294326	1187
2932.45342459737	1191.80004882813
2934.49009358828	1186
2936.52621016555	1184.69995117188
2938.56177457854	1179.59997558594
2940.59678707645	1179.40002441406
2942.63124790827	1181.40002441406
2944.66515732282	1183.90002441406
2946.69851556873	1184.59997558594
2948.73132289443	1179.80004882813
2950.76357954817	1178.90002441406
2952.79528577803	1181.19995117188
2954.82644183188	1182.69995117188
2956.85704795741	1177.30004882813
2958.8871044021	1177.09997558594
2960.91661141328	1177.40002441406
2962.94556923807	1184.5
2964.97397812339	1176.59997558594
2967.00183831598	1177.5
2969.0291500624	1174.30004882813
2971.05591360902	1180.69995117188
2973.08212920199	1181
2975.1077970873	1179
2977.13291751074	1173.80004882813
2979.1574907179	1175.40002441406
2981.18151695419	1179.69995117188
2983.20499646482	1174.09997558594
2985.2279294948	1174
2987.25031628898	1178.40002441406
2989.27215709199	1171.19995117188
2991.29345214825	1174.19995117188
2993.31420170204	1172.5
2995.33440599738	1175.5
2997.35406527816	1177.80004882813
2999.37317978802	1174.69995117188
3001.39174977045	1172.80004882813
3003.40977546872	1171.40002441406
3005.42725712591	1172.80004882813
3007.44419498491	1171.80004882813
3009.4605892884	1173.69995117188
3011.47644027889	1170.40002441406
3013.49174819865	1169
3015.5065132898	1174.30004882813
3017.52073579424	1166.09997558594
3019.53441595366	1171.30004882813
3021.54755400959	1178.69995117188
3023.56015020332	1171.69995117188
3025.57220477598	1166.80004882813
3027.58371796846	1171.19995117188
3029.5946900215	1170.59997558594
3031.6051211756	1172.40002441406
3033.61501167107	1172.59997558594
3035.62436174803	1175.90002441406
3037.6331716464	1164.19995117188
3039.64144160588	1175
3041.649171866	1165.80004882813
3043.65636266607	1173.5
3045.6630142452	1170.19995117188
3047.66912684229	1172.80004882813
3049.67470069605	1172.19995117188
3051.679736045	1175.90002441406
3053.68423312742	1172.19995117188
3055.68819218143	1172.5
3057.6916134449	1171
3059.69449715556	1172.69995117188
3061.69684355086	1173.5
3063.6986528681	1173.59997558594
3065.69992534437	1176.69995117188
3067.70066121653	1169.30004882813
3069.70086072126	1173.80004882813
3071.700524095	1170.80004882813
3073.69965157405	1167
3075.69824339442	1172
3077.69629979197	1174
3079.69382100235	1173
3081.69080726098	1175.90002441406
3083.68725880307	1168.40002441406
3085.68317586366	1170.80004882813
3087.67855867755	1174.69995117188
3089.67340747933	1173.90002441406
3091.6677225034	1171.59997558594
3093.66150398392	1177.30004882813
3095.6547521549	1180.19995117188
3097.64746725006	1172.59997558594
3099.63964950297	1172.5
3101.63129914698	1175
3103.6224164152	1172.09997558594
3105.61300154056	1177.80004882813
3107.60305475576	1175.40002441406
3109.59257629331	1180.59997558594
3111.58156638547	1178.5
3113.57002526432	1172.19995117188
3115.55795316172	1175.80004882813
3117.54535030932	1174.19995117188
3119.53221693853	1174.90002441406
3121.51855328057	1180.5
3123.50435956646	1174.40002441406
3125.48963602698	1172.09997558594
3127.4743828927	1177.5
3129.45860039397	1177.19995117188
3131.44228876093	1175.40002441406
3133.42544822353	1182.90002441406
3135.40807901145	1179.80004882813
3137.39018135418	1180.80004882813
3139.37175548102	1173.09997558594
3141.35280162101	1176.5
3143.33332000299	1180.80004882813
3145.31331085559	1182
3147.2927744072	1177.40002441406
3149.27171088602	1185.5
3151.25012052	1178.19995117188
3153.22800353689	1180.5
3155.20536016422	1182.19995117188
3157.18219062929	1177.80004882813
3159.15849515918	1178.5
3161.13427398075	1182.09997558594
3163.10952732066	1176.5
3165.08425540532	1178.09997558594
3167.05845846092	1179.80004882813
3169.03213671344	1183.80004882813
3171.00529038863	1185.40002441406
3172.97791971203	1179.19995117188
3174.95002490893	1182
3176.92160620443	1181.80004882813
3178.89266382337	1183.59997558594
3180.8631979904	1184.59997558594
3182.83320892991	1182.40002441406
3184.80269686609	1182.40002441406
3186.77166202289	1184.19995117188
3188.74010462406	1183.19995117188
3190.70802489307	1188.59997558594
3192.67542305323	1186.09997558594
3194.64229932757	1183.19995117188
3196.60865393892	1183.69995117188
3198.57448710987	1187.5
3200.53979906279	1186
3202.50459001981	1188.19995117188
3204.46886020284	1184.30004882813
3206.43260983356	1186.19995117188
3208.39583913341	1184.69995117188
3210.35854832362	1184.30004882813
3212.32073762517	1182.30004882813
3214.28240725881	1186.30004882813
3216.24355744508	1182.59997558594
3218.20418840426	1188.09997558594
3220.16430035642	1187
3222.12389352137	1187.19995117188
3224.08296811873	1183.19995117188
3226.04152436784	1186.80004882813
3227.99956248784	1190.90002441406
3229.95708269762	1195.19995117188
3231.91408521584	1193.19995117188
3233.87057026092	1192.30004882813
3235.82653805105	1186.09997558594
3237.78198880419	1187.19995117188
3239.73692273806	1187.30004882813
3241.69134007013	1189.5
3243.64524101764	1187.30004882813
3245.59862579761	1189.5
3247.55149462681	1190.40002441406
3249.50384772176	1187.19995117188
3251.45568529877	1189.09997558594
3253.40700757387	1187.09997558594
3255.35781476288	1193.69995117188
3257.3081070814	1189.40002441406
3259.25788474473	1194.30004882813
3261.20714796799	1190.59997558594
3263.15589696602	1194
3265.10413195345	1189.30004882813
3267.05185314463	1189.19995117188
3268.9990607537	1189
3270.94575499455	1189.30004882813
3272.89193608081	1190.09997558594
3274.8376042259	1190.90002441406
3276.78275964296	1188.90002441406
3278.72740254492	1191.30004882813
3280.67153314443	1197
3282.61515165393	1195.59997558594
3284.55825828559	1189.59997558594
3286.50085325135	1190.80004882813
3288.44293676289	1188.90002441406
3290.38450903165	1194.69995117188
3292.32557026883	1183.59997558594
3294.26612068537	1187
3296.20616049198	1186.90002441406
3298.14568989911	1193.69995117188
3300.08470911695	1192.19995117188
3302.02321835546	1190
3303.96121782435	1187.5
3305.89870773306	1188
3307.83568829081	1187.40002441406
3309.77215970655	1186.80004882813
3311.70812218898	1188.40002441406
3313.64357594655	1189.5
3315.57852118747	1186.90002441406
3317.51295811968	1188.40002441406
3319.44688695087	1192.30004882813
3321.38030788849	1192.09997558594
3323.31322113973	1189.69995117188
3325.24562691152	1194
3327.17752541055	1196
3329.10891684322	1189
3331.03980141573	1184.69995117188
3332.97017933399	1187
3334.90005080364	1192.19995117188
3336.82941603011	1195.80004882813
3338.75827521852	1192.80004882813
3340.68662857377	1192.09997558594
3342.6144763005	1190.5
3344.54181860308	1192.30004882813
3346.46865568561	1188.09997558594
3348.39498775195	1189.40002441406
3350.32081500571	1194.40002441406
3352.24613765022	1196.19995117188
3354.17095588855	1192.09997558594
3356.09526992352	1194.30004882813
3358.01907995769	1187.19995117188
3359.94238619334	1191.80004882813
3361.86518883251	1196.40002441406
3363.78748807697	1188.69995117188
3365.70928412823	1189.69995117188
3367.63057718752	1191.80004882813
3369.55136745582	1197.19995117188
3371.47165513386	1186.80004882813
3373.39144042208	1190.30004882813
3375.31072352066	1193.19995117188
3377.22950462953	1188.59997558594
3379.14778394834	1192.90002441406
3381.06556167648	1190
3382.98283801308	1193.90002441406
3384.89961315697	1193.69995117188
3386.81588730676	1188.90002441406
3388.73166066076	1193
3390.64693341702	1191.5
3392.56170577332	1193.80004882813
3394.47597792716	1198.5
3396.38975007581	1196.30004882813
3398.30302241623	1197.69995117188
3400.21579514512	1196.19995117188
3402.1280684589	1193.59997558594
3404.03984255374	1192.30004882813
3405.95111762553	1194.59997558594
3407.86189386987	1190.19995117188
3409.77217148212	1197
3411.68195065733	1193.59997558594
3413.5912315903	1196.09997558594
3415.50001447556	1190.5
3417.40829950735	1193.09997558594
3419.31608687963	1186.90002441406
3421.22337678611	1196.30004882813
3423.1301694202	1194.59997558594
3425.03646497504	1193.80004882813
3426.9422636435	1185.59997558594
3428.84756561816	1191.30004882813
3430.75237109135	1193.40002441406
3432.65668025508	1189.30004882813
3434.56049330112	1197.19995117188
3436.46381042093	1191.5
3438.36663180571	1187.19995117188
3440.26895764638	1196.19995117188
3442.17078813357	1193.09997558594
3444.07212345762	1195
3445.97296380863	1190.5
3447.87330937636	1191.90002441406
3449.77316035033	1189.59997558594
3451.67251691977	1194.90002441406
3453.57137927361	1193.09997558594
3455.46974760052	1192.80004882813
3457.36762208886	1190
3459.26500292671	1190.59997558594
3461.16189030191	1192.19995117188
3463.05828440194	1192
3464.95418541406	1190.30004882813
3466.84959352519	1192.19995117188
3468.74450892201	1191.5
3470.63893179088	1187.59997558594
3472.53286231788	1191.80004882813
3474.42630068881	1192
3476.31924708918	1185
3478.2117017042	1190.19995117188
3480.1036647188	1190.30004882813
3481.99513631761	1192.59997558594
3483.88611668498	1188.09997558594
3485.77660600498	1193.80004882813
3487.66660446135	1186.90002441406
3489.55611223758	1187.5
3491.44512951683	1185.40002441406
3493.333656482	1186.40002441406
3495.22169331568	1188
3497.10924020016	1190.40002441406
3498.99629731746	1190.59997558594
3500.88286484927	1187.09997558594
3502.76894297702	1183.59997558594
3504.65453188182	1183
3506.53963174449	1189.30004882813
3508.42424274555	1188.90002441406
3510.30836506524	1187.90002441406
3512.19199888349	1182.09997558594
3514.07514437992	1189
3515.95780173387	1184.59997558594
3517.83997112437	1185
3519.72165273016	1187.09997558594
3521.60284672967	1184.40002441406
3523.48355330104	1184.5
3525.36377262208	1183.5
3527.24350487035	1179.69995117188
3529.12275022306	1180.40002441406
3531.00150885715	1185.40002441406
3532.87978094923	1188.30004882813
3534.75756667562	1182.5
3536.63486621235	1184
3538.51167973512	1182.40002441406
3540.38800741934	1182.09997558594
3542.26384944011	1182
3544.13920597223	1185.59997558594
3546.01407719018	1182.90002441406
3547.88846326815	1182.80004882813
3549.76236438002	1181.19995117188
3551.63578069934	1183.40002441406
3553.50871239938	1179.40002441406
3555.38115965309	1179.40002441406
3557.25312263311	1176.59997558594
3559.12460151177	1180.40002441406
3560.99559646109	1180.80004882813
3562.86610765279	1176.59997558594
3564.73613525825	1175.19995117188
3566.60567944857	1181.09997558594
3568.47474039453	1176.19995117188
3570.34331826658	1174.90002441406
3572.21141323487	1176.40002441406
3574.07902546925	1174.80004882813
3575.94615513922	1175
3577.81280241401	1179
3579.67896746249	1178.69995117188
3581.54465045325	1176.80004882813
3583.40985155455	1177.09997558594
3585.27457093432	1181.5
3587.1388087602	1176.09997558594
3589.00256519949	1180.19995117188
3590.86584041919	1173.69995117188
3592.72863458597	1177.59997558594
3594.59094786618	1177.19995117188
3596.45278042585	1177
3598.31413243069	1176.59997558594
3600.17500404611	1172.30004882813
3602.03539543717	1177
3603.89530676861	1175
3605.75473820488	1172.90002441406
3607.61368991007	1178.19995117188
3609.47216204797	1168.30004882813
3611.33015478203	1174.90002441406
3613.18766827539	1175.09997558594
3615.04470269087	1174.30004882813
3616.90125819094	1173
3618.75733493776	1175.40002441406
3620.61293309318	1176.09997558594
3622.46805281869	1172.90002441406
3624.32269427547	1173.5
3626.17685762439	1169.59997558594
3628.03054302596	1168.5
3629.88375064038	1169.5
3631.73648062751	1172.80004882813
3633.5887331469	1171.69995117188
3635.44050835775	1175
3637.29180641893	1169.5
3639.14262748899	1174.69995117188
3640.99297172614	1168.40002441406
3642.84283928828	1173.80004882813
3644.69223033294	1171.09997558594
3646.54114501734	1167.30004882813
3648.38958349836	1173.40002441406
3650.23754593256	1171.59997558594
3652.08503247614	1171.19995117188
3653.93204328497	1171.30004882813
3655.77857851462	1165.80004882813
3657.62463832028	1170.5
3659.47022285682	1167.59997558594
3661.31533227877	1167.09997558594
3663.15996674033	1170
3665.00412639535	1169.5
3666.84781139736	1174.30004882813
3668.69102189953	1169.80004882813
3670.5337580547	1171.19995117188
3672.37602001537	1170
3674.21780793368	1166.40002441406
3676.05912196148	1166.30004882813
3677.89996225021	1170.5
3679.74032895103	1163
3681.58022221471	1165.40002441406
3683.41964219171	1168.09997558594
3685.25858903211	1169.69995117188
3687.0970628857	1162.80004882813
3688.93506390186	1165.59997558594
3690.77259222968	1165.80004882813
3692.60964801787	1164.90002441406
3694.44623141481	1169.40002441406
3696.28234256853	1165.40002441406
3698.11798162669	1170
3699.95314873665	1165.80004882813
3701.78784404537	1164.5
3703.62206769951	1167.19995117188
3705.45581984533	1165.40002441406
3707.28910062877	1168
3709.12191019542	1166.69995117188
3710.95424869052	1166.5
3712.78611625894	1163
3714.6175130452	1163.5
3716.44843919349	1161.90002441406
3718.27889484764	1169.30004882813
3720.1088801511	1165.69995117188
3721.93839524699	1172
3723.76744027808	1165.19995117188
3725.59601538677	1167.09997558594
3727.4241207151	1166.90002441406
