40.2973356941271	1128.19995117188
43.2236257608418	1130.19995117188
46.1488808466109	1133.5
49.0731017336173	1133.30004882813
51.9962892025666	1135.69995117188
54.9184440327569	1133.5
57.8395670020446	1136.30004882813
60.7596588868509	1140.19995117188
63.6787204621708	1140.19995117188
66.5967525015794	1143.5
69.5137557772381	1145.19995117188
72.4297310598838	1150
75.3446791188512	1158.19995117188
78.2586007220466	1163.09997558594
81.1714966360015	1169
84.0833676258266	1176.59997558594
86.994214455242	1185
89.9040378865662	1190.09997558594
92.8128386807427	1199.40002441406
95.7206175973133	1200.90002441406
98.6273753944444	1208.80004882813
101.533112828928	1208.40002441406
104.437830656161	1212.90002441406
107.34152963018	1210.59997558594
110.244210503676	1202.69995117188
113.145874027931	1198.30004882813
116.046520952895	1197.80004882813
118.946152027154	1192.5
121.844767997933	1196
124.74236961111	1188.5
127.638957611212	1186.69995117188
130.534532741422	1190.40002441406
133.429095743606	1187.80004882813
136.322647358252	1188.09997558594
139.215188324544	1188.59997558594
142.106719380311	1186.09997558594
144.997241262089	1183
147.886754705057	1177.69995117188
150.775260443096	1189.69995117188
153.662759208748	1185.40002441406
156.549251733282	1181.19995117188
159.434738746612	1178.5
162.319220977376	1176.90002441406
165.20269915289	1179.19995117188
168.085173999178	1178.90002441406
170.966646240977	1177.90002441406
173.847116601709	1174.40002441406
176.726585803528	1174.5
179.605054567295	1173.59997558594
182.48252361259	1169.30004882813
185.358993657701	1173.5
188.234465419645	1176.30004882813
191.108939614183	1165.90002441406
193.982416955795	1169.40002441406
196.854898157687	1171.30004882813
199.726383931801	1171.80004882813
202.596874988835	1176.90002441406
205.466372038225	1171.30004882813
208.334875788145	1175.80004882813
211.202386945534	1169.59997558594
214.068906216069	1174
216.934434304194	1176.30004882813
219.798971913111	1168.90002441406
222.662519744776	1172
225.525078499925	1174.59997558594
228.386648878069	1175.19995117188
231.247231577465	1172.90002441406
234.106827295172	1166.30004882813
236.965436727012	1169
239.823060567597	1174.80004882813
242.679699510337	1172.19995117188
245.535354247396	1167.40002441406
248.390025469775	1164.80004882813
251.243713867223	1164.59997558594
254.096420128327	1163.69995117188
256.948144940459	1166.30004882813
259.798888989788	1163.30004882813
262.648652961315	1164.40002441406
265.49743753883	1161.5
268.345243404939	1162.69995117188
271.192071241073	1164.19995117188
274.037921727485	1164
276.882795543246	1157.09997558594
279.72669336624	1158
282.569615873213	1162
285.411563739724	1162.69995117188
288.252537640165	1161.90002441406
291.092538247763	1159.5
293.931566234616	1164.90002441406
296.769622271633	1165.59997558594
299.606707028594	1162.69995117188
302.442821174104	1164
305.277965375652	1159.90002441406
308.112140299574	1160.69995117188
310.945346611062	1162.30004882813
313.777584974167	1161.90002441406
316.608856051813	1157
319.439160505797	1158.59997558594
322.268498996783	1160.09997558594
325.096872184303	1161.69995117188
327.924280726782	1157.69995117188
330.750725281521	1156.59997558594
333.576206504693	1155.5
336.400725051388	1161.59997558594
339.224281575542	1161.59997558594
342.046876730026	1157.80004882813
344.868511166586	1158.30004882813
347.689185535872	1157.59997558594
350.508900487421	1158.59997558594
353.327656669699	1158.30004882813
356.145454730079	1155.90002441406
358.962295314817	1158.69995117188
361.778179069105	1157.69995117188
364.593106637051	1155.59997558594
367.407078661675	1156.80004882813
370.220095784913	1154.90002441406
373.032158647655	1155.90002441406
375.843267889676	1158.30004882813
378.653424149715	1155.59997558594
381.462628065436	1156
384.270880273432	1155.90002441406
387.078181409254	1162.19995117188
389.884532107358	1157.40002441406
392.689933001188	1160.09997558594
395.494384723112	1155.90002441406
398.29788790445	1152.80004882813
401.100443175488	1154.19995117188
403.902051165437	1156.30004882813
406.702712502518	1152.59997558594
409.502427813866	1161.59997558594
412.301197725607	1157.80004882813
415.099022862823	1159.09997558594
417.89590384957	1153.90002441406
420.691841308876	1158.09997558594
423.486835862752	1157
426.280888132173	1159.69995117188
429.073998737112	1161.69995117188
431.866168296507	1157.09997558594
434.657397428298	1158.59997558594
437.447686749412	1159.80004882813
440.237036875762	1158.69995117188
443.025448422257	1156.5
445.812922002813	1156.30004882813
448.599458230326	1157.40002441406
451.38505771672	1159.5
454.169721072909	1155.40002441406
456.953448908819	1158.80004882813
459.736241833384	1155.59997558594
462.518100454555	1152.09997558594
465.2990253793	1157.59997558594
468.079017213605	1153.40002441406
470.858076562476	1157.80004882813
473.636204029939	1158.80004882813
476.41340021906	1161.09997558594
479.189665731938	1156.80004882813
481.965001169667	1159.40002441406
484.739407132419	1158.90002441406
487.512884219391	1153.80004882813
490.285433028796	1149.80004882813
493.057054157921	1157.40002441406
495.827748203087	1155.40002441406
498.597515759658	1160.19995117188
501.366357422061	1158.90002441406
504.134273783759	1157.59997558594
506.901265437278	1157.30004882813
509.66733297421	1161.40002441406
512.432476985198	1155.59997558594
515.196698059945	1157.40002441406
517.959996787225	1156.40002441406
520.722373754895	1159.09997558594
523.483829549856	1161.80004882813
526.24436475811	1160
529.003979964696	1160.30004882813
531.762675753779	1162.40002441406
534.520452708569	1158.80004882813
537.277311411375	1161.30004882813
540.03325244359	1159.19995117188
542.788276385682	1159.90002441406
545.54238381725	1154.90002441406
548.295575316938	1154.90002441406
551.047851462516	1152.69995117188
553.799212830831	1156.19995117188
556.549659997851	1159.69995117188
559.299193538643	1154
562.047814027381	1157.80004882813
564.795522037318	1156.5
567.542318140861	1158.80004882813
570.288202909507	1158.19995117188
573.033176913873	1158.90002441406
575.7772407237	1152.19995117188
578.520394907829	1152.30004882813
581.26264003424	1158.09997558594
584.003976670046	1154
586.744405381469	1154
589.483926733869	1160.59997558594
592.222541291746	1159.5
594.96024961872	1156.69995117188
597.697052277563	1160.19995117188
600.432949830166	1152.80004882813
603.167942837587	1157.30004882813
605.902031860012	1161.30004882813
608.635217456783	1158
611.367500186378	1160.09997558594
614.098880606429	1156.59997558594
616.82935927374	1157.30004882813
619.558936744248	1155.69995117188
622.287613573072	1155.30004882813
625.015390314457	1158.30004882813
627.742267521848	1160
630.468245747829	1159.5
633.193325544166	1157.5
635.917507461792	1158.19995117188
638.640792050804	1151.59997558594
641.36317986048	1153.30004882813
644.084671439281	1156.59997558594
646.805267334845	1157.40002441406
649.524968093967	1159.19995117188
652.24377426266	1157.5
654.961686386106	1155.80004882813
657.678705008678	1155.09997558594
660.394830673939	1159
663.110063924628	1157.90002441406
665.824405302728	1157.5
668.537855349351	1154
671.250414604863	1158.5
673.962083608812	1159.5
676.672862899949	1158
679.382753016218	1158
682.091754494801	1157.69995117188
684.799867872061	1160.09997558594
687.507093683595	1157
690.213432464198	1155.5
692.918884747899	1158
695.623451067937	1159.59997558594
698.327131956755	1162.30004882813
701.029927946065	1158.19995117188
703.731839566754	1155.30004882813
706.43286734896	1164.09997558594
709.133011822067	1163.09997558594
711.832273514658	1161.69995117188
714.53065295457	1161.69995117188
717.228150668879	1162.40002441406
719.924767183889	1162
722.620503025148	1159.19995117188
725.315358717446	1163.19995117188
728.009334784827	1163.40002441406
730.702431750559	1157
733.394650137188	1166.59997558594
736.085990466498	1156.5
738.776453259519	1158.69995117188
741.466039036542	1164
744.154748317125	1159.09997558594
746.842581620074	1158.19995117188
749.529539463458	1161.59997558594
752.215622364608	1160.30004882813
754.900830840131	1164.90002441406
757.585165405892	1166.30004882813
760.26862657703	1162.59997558594
762.951214867957	1161
765.632930792356	1164.59997558594
768.313774863181	1160.59997558594
770.993747592673	1161
773.672849492359	1159.09997558594
776.351081073017	1164
779.028442844757	1159.09997558594
781.704935316928	1164
784.380558998208	1159.80004882813
787.055314396528	1163.80004882813
789.729202019141	1159.69995117188
792.402222372581	1161.5
795.074375962669	1166.09997558594
797.745663294537	1159.40002441406
800.416084872622	1162.90002441406
803.085641200652	1166
805.754332781664	1165.30004882813
808.422160117986	1173.5
811.089123711292	1165.19995117188
813.75522406252	1168
816.420461671951	1160
819.084837039164	1165.90002441406
821.748350663067	1165.69995117188
824.411003041866	1167.09997558594
827.072794673116	1166.09997558594
829.733726053668	1164.5
832.39379767971	1172
835.05301004674	1169.30004882813
837.711363649601	1171.5
840.368858982457	1170
843.025496538805	1166.80004882813
845.681276811467	1177.40002441406
848.336200292618	1172.69995117188
850.99026747375	1168.80004882813
853.643478845713	1173.90002441406
856.29583489868	1177.09997558594
858.947336122176	1177.69995117188
861.59798300506	1177.90002441406
864.247776035556	1174.30004882813
866.896715701222	1174.30004882813
869.544802488959	1179.90002441406
872.192036885046	1174
874.838419375087	1174.40002441406
877.483950444054	1179.59997558594
880.128630576285	1179.40002441406
882.772460255461	1179.69995117188
885.415439964628	1174.30004882813
888.057570186211	1178
890.698851401966	1174.5
893.339284093045	1175.59997558594
895.978868739961	1171.69995117188
898.617605822596	1171.69995117188
901.255495820196	1169.19995117188
903.892539211396	1172.19995117188
906.528736474184	1171
909.164088085949	1175.19995117188
911.798594523442	1172.69995117188
914.432256262804	1170.09997558594
917.065073779549	1171.5
919.697047548589	1173.40002441406
922.328178044212	1173.09997558594
924.9584657401	1172.19995117188
927.587911109317	1170
930.216514624317	1174.09997558594
932.844276756963	1170.59997558594
935.471197978488	1171.19995117188
938.097278759538	1169.90002441406
940.722519570163	1174.40002441406
943.346920879798	1167.59997558594
945.97048315729	1168
948.593206870885	1168.40002441406
951.215092488219	1176.40002441406
953.836140476366	1176.5
956.456351301787	1171.90002441406
959.07572543037	1173.69995117188
961.694263327369	1170.80004882813
964.311965457521	1173.59997558594
966.928832284933	1175.30004882813
969.544864273135	1175.69995117188
972.160061885076	1170.90002441406
974.774425583129	1172.5
977.387955829099	1174.69995117188
980.000653084196	1172.30004882813
982.612517809061	1169.59997558594
985.223550463768	1171.90002441406
987.833751507819	1170
990.443121400135	1168.69995117188
993.051660599081	1168.30004882813
995.659369562449	1172.19995117188
998.266248747469	1170.90002441406
1000.87229861081	1176.90002441406
1003.47751960857	1174.30004882813
1006.0819121963	1174.69995117188
1008.68547682897	1172.59997558594
1011.28821396104	1171.80004882813
1013.89012404635	1172.5
1016.49120753824	1174.09997558594
1019.09146488947	1174.59997558594
1021.69089655226	1172.80004882813
1024.28950297827	1174.30004882813
1026.88728461863	1175.80004882813
1029.48424192392	1175.80004882813
1032.08037534416	1178.90002441406
1034.67568532886	1173
1037.27017232694	1180.09997558594
1039.86383678682	1172.5
1042.45667915637	1173
1045.04869988293	1174.40002441406
1047.6398994133	1174.5
1050.23027819374	1176.80004882813
1052.81983666998	1178.19995117188
1055.40857528724	1183.19995117188
1057.99649449018	1184
1060.58359472296	1183.09997558594
1063.1698764292	1187.40002441406
1065.755340052	1188.90002441406
1068.33998603393	1183.19995117188
1070.92381481706	1190.30004882813
1073.50682684291	1189.80004882813
1076.08902255251	1191.40002441406
1078.67040238637	1184.19995117188
1081.25096678445	1187.80004882813
1083.83071618624	1189.80004882813
1086.4096510307	1190.09997558594
1088.98777175629	1185.5
1091.56507880094	1185
1094.14157260208	1184.19995117188
1096.71725359664	1179.09997558594
1099.29212222106	1180.30004882813
1101.86617891125	1176.80004882813
1104.43942410262	1173.40002441406
1107.01185823011	1177.69995117188
1109.58348172812	1172.5
1112.15429503057	1175.90002441406
1114.7242985709	1176.19995117188
1117.29349278203	1170.40002441406
1119.86187809642	1174.90002441406
1122.42945494599	1175
1124.99622376222	1179.40002441406
1127.56218497606	1172.59997558594
1130.12733901801	1169.59997558594
1132.69168631804	1173.09997558594
1135.25522730568	1171.19995117188
1137.81796240995	1168.80004882813
1140.37989205941	1169.90002441406
1142.9410166821	1164.09997558594
1145.50133670561	1171.80004882813
1148.06085255708	1171.80004882813
1150.61956466311	1164.80004882813
1153.17747344987	1171.80004882813
1155.73457934305	1167.80004882813
1158.29088276786	1162.19995117188
1160.84638414903	1162.30004882813
1163.40108391085	1173.19995117188
1165.95498247711	1166.5
1168.50808027116	1174.09997558594
1171.06037771587	1168.80004882813
1173.61187523364	1167.40002441406
1176.16257324643	1171.5
1178.71247217573	1172.19995117188
1181.26157244255	1173.19995117188
1183.80987446746	1170.19995117188
1186.35737867059	1170
1188.90408547157	1165.69995117188
1191.44999528961	1172.59997558594
1193.99510854347	1169.80004882813
1196.53942565142	1166.40002441406
1199.08294703133	1175.59997558594
1201.62567310057	1166.30004882813
1204.16760427611	1174
1206.70874097445	1172.19995117188
1209.24908361163	1170.40002441406
1211.78863260327	1172.59997558594
1214.32738836454	1167.59997558594
1216.86535131017	1171.69995117188
1219.40252185445	1173.59997558594
1221.93890041121	1173.09997558594
1224.47448739389	1169.40002441406
1227.00928321544	1173.09997558594
1229.54328828842	1177.09997558594
1232.07650302491	1170.30004882813
1234.60892783662	1173.90002441406
1237.14056313477	1175.30004882813
1239.67140933017	1180.59997558594
1242.2014668332	1182
1244.73073605384	1176.30004882813
1247.25921740159	1179.59997558594
1249.78691128558	1180.69995117188
1252.31381811448	1184
1254.83993829655	1187.59997558594
1257.36527223962	1192
1259.88982035112	1185.59997558594
1262.41358303803	1191.09997558594
1264.93656070696	1192.09997558594
1267.45875376405	1193.40002441406
1269.98016261505	1192.09997558594
1272.50078766531	1193.80004882813
1275.02062931974	1191.80004882813
1277.53968798285	1186.40002441406
1280.05796405875	1189.09997558594
1282.57545795112	1192.90002441406
1285.09217006325	1190
1287.60810079802	1194.09997558594
1290.12325055788	1200.30004882813
1292.63761974492	1204.5
1295.15120876079	1208.40002441406
1297.66401800676	1214.69995117188
1300.17604788367	1214.5
1302.687298792	1219.80004882813
1305.19777113181	1225
1307.70746530274	1204.90002441406
1310.21638170408	1194.80004882813
1312.7245207347	1197.09997558594
1315.23188279307	1196.69995117188
1317.73846827728	1188.30004882813
1320.24427758502	1188.19995117188
1322.74931111359	1188.5
1325.25356925991	1187.40002441406
1327.75705242051	1186.30004882813
1330.25976099151	1179.5
1332.76169536868	1178.69995117188
1335.26285594737	1174.69995117188
1337.76324312256	1183.90002441406
1340.26285728887	1175.69995117188
1342.76169884052	1181.30004882813
1345.25976817132	1177.59997558594
1347.75706567474	1166.30004882813
1350.25359174387	1181.19995117188
1352.74934677141	1172.5
1355.24433114968	1168.69995117188
1357.73854527062	1174.69995117188
1360.23198952583	1175.19995117188
1362.7246643065	1174.59997558594
1365.21657000347	1174.30004882813
1367.7077070072	1173.69995117188
1370.19807570777	1170.5
1372.68767649492	1173.90002441406
1375.176509758	1176
1377.66457588599	1170.69995117188
1380.15187526753	1170.19995117188
1382.63840829087	1172.19995117188
1385.1241753439	1171
1387.60917681417	1172.40002441406
1390.09341308884	1170.59997558594
1392.57688455474	1166.30004882813
1395.05959159829	1174.40002441406
1397.54153460562	1171.40002441406
1400.02271396243	1173.90002441406
1402.50313005414	1173.19995117188
1404.98278326576	1175.09997558594
1407.46167398196	1181.90002441406
1409.93980258707	1172.40002441406
1412.41716946504	1178.19995117188
1414.89377499951	1178.19995117188
1417.36961957373	1176.59997558594
1419.84470357062	1179.69995117188
1422.31902737275	1183.09997558594
1424.79259136235	1192.90002441406
1427.26539592129	1198
1429.73744143111	1207.5
1432.20872827299	1235
1434.67925682777	1241.30004882813
1437.14902747597	1244.30004882813
1439.61804059773	1247.90002441406
1442.0862965729	1240.30004882813
1444.55379578093	1245.90002441406
1447.02053860099	1237.90002441406
1449.48652541188	1229.30004882813
1451.95175659206	1228.59997558594
1454.41623251969	1220.19995117188
1456.87995357255	1224.19995117188
1459.34292012811	1220.5
1461.80513256351	1214.5
1464.26659125557	1206.09997558594
1466.72729658073	1199.90002441406
1469.18724891517	1192.30004882813
1471.64644863469	1191.30004882813
1474.10489611478	1189.5
1476.5625917306	1179.69995117188
1479.01953585699	1184.59997558594
1481.47572886844	1177.5
1483.93117113917	1173.19995117188
1486.38586304302	1178.19995117188
1488.83980495354	1173.19995117188
1491.29299724395	1172.69995117188
1493.74544028715	1173.09997558594
1496.19713445573	1169.69995117188
1498.64808012193	1175.40002441406
1501.09827765772	1174.09997558594
1503.54772743471	1174.30004882813
1505.99642982421	1170.80004882813
1508.44438519723	1169.40002441406
1510.89159392446	1173.40002441406
1513.33805637625	1171.40002441406
1515.78377292266	1169.90002441406
1518.22874393346	1169.90002441406
1520.67296977806	1169.09997558594
1523.11645082559	1171.80004882813
1525.55918744488	1170.40002441406
1528.00118000444	1173.69995117188
1530.44242887245	1167.80004882813
1532.88293441684	1171.80004882813
1535.32269700517	1174.69995117188
1537.76171700475	1164.80004882813
1540.19999478255	1170
1542.63753070526	1170.69995117188
1545.07432513925	1167.40002441406
1547.5103784506	1168
1549.94569100509	1170.80004882813
1552.38026316819	1171.40002441406
1554.8140953051	1169.90002441406
1557.24718778067	1172.80004882813
1559.67954095952	1172.90002441406
1562.11115520592	1167.69995117188
1564.54203088386	1174.30004882813
1566.97216835704	1169.30004882813
1569.40156798888	1173.80004882813
1571.83023014248	1172
1574.25815518067	1173.5
1576.68534346597	1173.5
1579.11179536062	1175.5
1581.53751122658	1174.09997558594
1583.9624914255	1179.09997558594
1586.38673631876	1177.59997558594
1588.81024626745	1177
1591.23302163235	1172.69995117188
1593.655062774	1175.69995117188
1596.07637005262	1172.69995117188
1598.49694382815	1176.40002441406
1600.91678446025	1172.30004882813
1603.33589230831	1175.69995117188
1605.75426773142	1177.59997558594
1608.1719110884	1172.09997558594
1610.58882273779	1168.40002441406
1613.00500303784	1171.5
1615.42045234654	1170.19995117188
1617.83517102158	1173.69995117188
1620.24915942039	1171.90002441406
1622.66241790012	1176.30004882813
1625.07494681764	1174
1627.48674652954	1179.59997558594
1629.89781739216	1175.59997558594
1632.30815976152	1174.5
1634.71777399343	1179.5
1637.12666044338	1174.80004882813
1639.53481946661	1181.80004882813
1641.94225141808	1190.30004882813
1644.34895665248	1190.09997558594
1646.75493552424	1194.69995117188
1649.16018838752	1207.30004882813
1651.56471559621	1213.30004882813
1653.96851750392	1223.90002441406
1656.37159446403	1219.80004882813
1658.7739468296	1215.5
1661.17557495349	1203.09997558594
1663.57647918824	1200.40002441406
1665.97665988617	1193
1668.37611739929	1187.59997558594
1670.77485207939	1183.90002441406
1673.17286427799	1179.19995117188
1675.57015434633	1178.09997558594
1677.96672263542	1171.69995117188
1680.36256949598	1174.30004882813
1682.7576952785	1176.09997558594
1685.15210033318	1166.90002441406
1687.54578501	1172.80004882813
1689.93874965866	1173.30004882813
1692.33099462861	1170
1694.72252026904	1170.19995117188
1697.11332692889	1171.5
1699.50341495686	1168
1701.89278470137	1170.90002441406
1704.28143651061	1170.69995117188
1706.66937073251	1167.30004882813
1709.05658771473	1165.59997558594
1711.44308780473	1170.30004882813
1713.82887134968	1161.09997558594
1716.21393869648	1173.40002441406
1718.59829019185	1165.40002441406
1720.98192618221	1170.80004882813
1723.36484701374	1175.40002441406
1725.74705303238	1169.19995117188
1728.12854458384	1175.19995117188
1730.50932201356	1175.09997558594
1732.88938566673	1173.80004882813
1735.26873588834	1176.09997558594
1737.64737302307	1176.19995117188
1740.02529741544	1177.19995117188
1742.40250940964	1171.30004882813
1744.77900934969	1174.90002441406
1747.15479757933	1174.09997558594
1749.52987444206	1168.59997558594
1751.90424028116	1168.90002441406
1754.27789543967	1168.90002441406
1756.65084026037	1166.59997558594
1759.02307508582	1170.40002441406
1761.39460025833	1170.69995117188
1763.76541612	1170.80004882813
1766.13552301265	1163.30004882813
1768.50492127791	1173.09997558594
1770.87361125714	1170.80004882813
1773.2415932915	1166.80004882813
1775.60886772188	1169.40002441406
1777.97543488896	1173.19995117188
1780.34129513318	1170.30004882813
1782.70644879475	1172.30004882813
1785.07089621365	1166
1787.43463772964	1168.19995117188
1789.7976736822	1168.5
1792.16000441066	1170.19995117188
1794.52163025405	1169.09997558594
1796.88255155121	1170.30004882813
1799.24276864074	1170.19995117188
1801.60228186102	1163.40002441406
1803.96109155019	1167.19995117188
1806.31919804618	1169.5
1808.67660168668	1170.90002441406
1811.03330280916	1164.19995117188
1813.38930175088	1161
1815.74459884884	1167.5
1818.09919443984	1173.09997558594
1820.45308886047	1169.40002441406
1822.80628244708	1170.40002441406
1825.1587755358	1168.90002441406
1827.51056846254	1168.40002441406
1829.86166156297	1171.80004882813
1832.21205517258	1170.59997558594
1834.56174962661	1174
1836.91074526009	1169.59997558594
1839.25904240783	1169.40002441406
1841.60664140443	1165.19995117188
1843.95354258425	1165.90002441406
1846.29974628146	1166.59997558594
1848.64525282998	1170.59997558594
1850.99006256356	1168.80004882813
1853.3341758157	1166.40002441406
1855.67759291968	1169.09997558594
1858.02031420858	1164.69995117188
1860.36234001528	1167.09997558594
1862.70367067241	1169
1865.04430651244	1171.40002441406
1867.38424786755	1169.40002441406
1869.72349506978	1169.69995117188
1872.06204845094	1170.19995117188
1874.39990834258	1170.69995117188
1876.73707507612	1169.90002441406
1879.07354898269	1174.5
1881.40933039328	1167.09997558594
1883.74441963861	1167.19995117188
1886.07881704925	1165.90002441406
1888.41252295551	1163
1890.74553768751	1169.30004882813
1893.07786157519	1172
1895.40949494822	1166.5
1897.74043813615	1173.69995117188
1900.07069146823	1170.69995117188
1902.40025527357	1170
1904.72912988106	1168
1907.05731561938	1168.19995117188
1909.38481281699	1174.09997558594
1911.71162180217	1173
1914.037742903	1176.5
1916.36317644734	1175
1918.68792276284	1169.80004882813
1921.01198217697	1165.69995117188
1923.33535501699	1170.59997558594
1925.65804160996	1170.90002441406
1927.98004228273	1174
1930.30135736196	1167.69995117188
1932.6219871741	1168.59997558594
1934.94193204543	1172.69995117188
1937.26119230198	1172.09997558594
1939.57976826962	1167.5
1941.89766027402	1172.80004882813
1944.21486864062	1169.09997558594
1946.53139369472	1169.40002441406
1948.84723576137	1170.80004882813
1951.16239516543	1171.19995117188
1953.47687223159	1170.09997558594
1955.79066728434	1173
1958.10378064794	1171.09997558594
1960.4162126465	1171.09997558594
1962.7279636039	1167.69995117188
1965.03903384385	1172.69995117188
1967.34942368987	1169.40002441406
1969.65913346524	1174.19995117188
1971.96816349311	1170
1974.2765140964	1171.5
1976.58418559784	1163.40002441406
1978.89117831997	1168.69995117188
1981.19749258516	1178.5
1983.50312871555	1170.69995117188
1985.80808703313	1173.19995117188
1988.11236785967	1171.90002441406
1990.41597151676	1171.90002441406
1992.71889832581	1168.90002441406
1995.02114860801	1170.40002441406
1997.3227226844	1171.80004882813
1999.62362087581	1171.40002441406
2001.92384350288	1168.30004882813
2004.22339088608	1176.59997558594
2006.52226334567	1166.69995117188
2008.82046120173	1171.19995117188
2011.11798477417	1167.90002441406
2013.41483438269	1172.5
2015.71101034681	1169.69995117188
2018.00651298588	1169.59997558594
2020.30134261905	1175.80004882813
2022.59549956528	1173.5
2024.88898414337	1172.80004882813
2027.1817966719	1169.59997558594
2029.4739374693	1178.30004882813
2031.76540685379	1170.80004882813
2034.05620514342	1167.90002441406
2036.34633265607	1169.59997558594
2038.6357897094	1170.80004882813
2040.92457662092	1170.19995117188
2043.21269370795	1170.30004882813
2045.50014128763	1169.40002441406
2047.78691967691	1169.80004882813
2050.07302919256	1173.09997558594
2052.35847015118	1170.30004882813
2054.64324286919	1168.90002441406
2056.9273476628	1164
2059.21078484808	1173.59997558594
2061.4935547409	1174.59997558594
2063.77565765696	1175.19995117188
2066.05709391176	1168.09997558594
2068.33786382065	1170.90002441406
2070.61796769879	1173.59997558594
2072.89740586116	1172.19995117188
2075.17617862255	1173.69995117188
2077.45428629759	1177.69995117188
2079.73172920075	1176.5
2082.00850764627	1177.69995117188
2084.28462194827	1172
2086.56007242065	1173.90002441406
2088.83485937717	1169.59997558594
2091.10898313139	1169.30004882813
2093.3824439967	1169.30004882813
2095.65524228632	1177.09997558594
2097.92737831328	1171.80004882813
2100.19885239047	1177.5
2102.46966483057	1174.69995117188
2104.7398159461	1170.80004882813
2107.00930604941	1171.59997558594
2109.27813545267	1173
2111.54630446787	1174.90002441406
2113.81381340685	1170.40002441406
2116.08066258126	1173.90002441406
2118.34685230257	1174.69995117188
2120.61238288211	1171.90002441406
2122.87725463099	1178.69995117188
2125.1414678602	1174.40002441406
2127.40502288052	1175.30004882813
2129.66792000257	1172.40002441406
2131.93015953682	1172.40002441406
2134.19174179353	1171.30004882813
2136.45266708282	1174.90002441406
2138.71293571463	1176.30004882813
2140.97254799873	1169.40002441406
2143.23150424473	1175.30004882813
2145.48980476205	1173.69995117188
2147.74744985996	1179.40002441406
2150.00443984754	1170.69995117188
2152.26077503373	1179.5
2154.51645572728	1175.40002441406
2156.77148223677	1175
2159.02585487064	1177
2161.27957393713	1177.19995117188
2163.53263974432	1172.09997558594
2165.78505260012	1172.40002441406
2168.0368128123	1174.59997558594
2170.28792068844	1179.09997558594
2172.53837653595	1172.90002441406
2174.78818066207	1176.19995117188
2177.03733337389	1170
2179.28583497833	1173.59997558594
2181.53368578214	1173
2183.78088609192	1172.69995117188
2186.02743621406	1172.59997558594
2188.27333645484	1175
2190.51858712033	1175.30004882813
2192.76318851646	1170.69995117188
2195.00714094901	1170.59997558594
2197.25044472354	1173.09997558594
2199.49310014551	1173.09997558594
2201.73510752018	1175.09997558594
2203.97646715265	1173.59997558594
2206.21717934786	1174.90002441406
2208.45724441058	1179.69995117188
2210.69666264543	1171.80004882813
2212.93543435686	1174.5
2215.17355984914	1177.5
2217.41103942642	1171.59997558594
2219.64787339264	1177.19995117188
2221.8840620516	1174.69995117188
2224.11960570695	1171.5
2226.35450466215	1173
2228.58875922051	1175.40002441406
2230.82236968518	1178.5
2233.05533635916	1169.40002441406
2235.28765954527	1172
2237.51933954617	1177.5
2239.75037666437	1173.69995117188
2241.98077120221	1173.09997558594
2244.21052346188	1170.80004882813
2246.4396337454	1174.80004882813
2248.66810235461	1176.90002441406
2250.89592959125	1177.90002441406
2253.12311575681	1172.5
2255.34966115272	1175.59997558594
2257.57556608017	1175.09997558594
2259.80083084023	1176
2262.02545573381	1169
2264.24944106163	1176
2266.47278712429	1172.30004882813
2268.69549422221	1176.40002441406
2270.91756265564	1173.59997558594
2273.1389927247	1174.5
2275.35978472934	1169.59997558594
2277.57993896933	1173
2279.79945574431	1174.5
2282.01833535375	1168.40002441406
2284.23657809696	1171
2286.45418427309	1176.5
2288.67115418114	1173.90002441406
2290.88748811995	1172.59997558594
2293.10318638819	1176.5
2295.3182492844	1176
2297.53267710693	1172.5
2299.746470154	1173.59997558594
2301.95962872364	1169.69995117188
2304.17215311376	1177.69995117188
2306.3840436221	1172.09997558594
2308.59530054621	1176.40002441406
2310.80592418354	1170.69995117188
2313.01591483134	1175.09997558594
2315.22527278673	1171.5
2317.43399834666	1172
2319.64209180791	1174.69995117188
2321.84955346713	1172.19995117188
2324.05638362079	1177.59997558594
2326.26258256524	1177.90002441406
2328.46815059664	1180.30004882813
2330.67308801098	1179.80004882813
2332.87739510415	1176.80004882813
2335.08107217184	1173.30004882813
2337.2841195096	1176.40002441406
2339.48653741281	1177
2341.68832617672	1174.30004882813
2343.8894860964	1176.69995117188
2346.09001746678	1172.59997558594
2348.28992058261	1176.40002441406
2350.48919573852	1176.5
2352.68784322898	1174.19995117188
2354.88586334826	1174.09997558594
2357.08325639055	1170.19995117188
2359.2800226498	1169.80004882813
2361.47616241988	1172.69995117188
2363.67167599445	1176.30004882813
2365.86656366706	1176.30004882813
2368.06082573107	1177.09997558594
2370.2544624797	1172
2372.44747420603	1172.19995117188
2374.63986120295	1176.09997558594
2376.83162376322	1178.90002441406
2379.02276217945	1173
2381.21327674408	1174.30004882813
2383.4031677494	1173.40002441406
2385.59243548756	1170.19995117188
2387.78108025053	1172.90002441406
2389.96910233014	1176.5
2392.15650201809	1171.80004882813
2394.34327960587	1175.90002441406
2396.52943538486	1175.30004882813
2398.71496964628	1174.40002441406
2400.89988268118	1174.09997558594
2403.08417478048	1174
2405.26784623491	1175.40002441406
2407.45089733509	1173.90002441406
2409.63332837146	1176.69995117188
2411.81513963429	1174.5
2413.99633141375	1174.19995117188
2416.1769039998	1171
2418.35685768227	1180.09997558594
2420.53619275084	1174
2422.71490949505	1170.30004882813
2424.89300820425	1174.30004882813
2427.07048916765	1171.90002441406
2429.24735267433	1173.69995117188
2431.42359901319	1177.90002441406
2433.59922847297	1174.30004882813
2435.7742413423	1176.19995117188
2437.94863790961	1175.5
2440.12241846321	1178.80004882813
2442.29558329121	1175.69995117188
2444.46813268162	1177.90002441406
2446.64006692228	1175.40002441406
2448.81138630086	1176.59997558594
2450.98209110489	1172.80004882813
2453.15218162174	1178.5
2455.32165813864	1173.19995117188
2457.49052094265	1173
2459.65877032069	1176.80004882813
2461.8264065595	1175.09997558594
2463.99342994572	1172.59997558594
2466.15984076579	1170.30004882813
2468.325639306	1175.80004882813
2470.49082585251	1178.19995117188
2472.65540069131	1175
2474.81936410824	1176.40002441406
2476.98271638899	1173.40002441406
2479.14545781909	1174.40002441406
2481.30758868392	1175.59997558594
2483.4691092687	1174.59997558594
2485.63001985852	1180.80004882813
2487.79032073829	1176.5
2489.95001219277	1173.5
2492.10909450659	1178.30004882813
2494.26756796419	1181.80004882813
2496.42543284989	1170.80004882813
2498.58268944783	1177.19995117188
2500.73933804202	1174.90002441406
2502.8953789163	1174.59997558594
2505.05081235436	1170.59997558594
2507.20563863974	1177
2509.35985805582	1177.30004882813
2511.51347088583	1175.80004882813
2513.66647741285	1177.5
2515.81887791981	1175.09997558594
2517.97067268946	1179.5
2520.12186200443	1178.90002441406
2522.27244614716	1177.09997558594
2524.42242539999	1169.59997558594
2526.57180004504	1174.40002441406
2528.72057036433	1175.5
2530.8687366397	1175.40002441406
2533.01629915284	1173.80004882813
2535.16325818527	1173.90002441406
2537.30961401839	1173.30004882813
2539.45536693343	1178.09997558594
2541.60051721145	1180.19995117188
2543.74506513338	1175.30004882813
2545.88901097997	1185.09997558594
2548.03235503185	1173.30004882813
2550.17509756946	1172.09997558594
2552.31723887311	1179.5
2554.45877922293	1173.69995117188
2556.59971889893	1175.30004882813
2558.74005818094	1174.19995117188
2560.87979734864	1176.09997558594
2563.01893668155	1174.69995117188
2565.15747645906	1179.80004882813
2567.29541696037	1176.30004882813
2569.43275846454	1170
2571.56950125049	1180.59997558594
2573.70564559696	1179.09997558594
2575.84119178254	1183
2577.97614008569	1176.5
2580.11049078468	1179.19995117188
2582.24424415764	1178.5
2584.37740048255	1177.40002441406
2586.50996003722	1177.30004882813
2588.64192309931	1176.69995117188
2590.77328994634	1181.80004882813
2592.90406085564	1178
2595.03423610442	1183.59997558594
2597.16381596971	1179.40002441406
2599.29280072839	1175.59997558594
2601.42119065719	1177.59997558594
2603.54898603267	1174.5
2605.67618713125	1182.59997558594
2607.80279422919	1182.5
2609.92880760257	1183.59997558594
2612.05422752735	1186.09997558594
2614.17905427932	1180.59997558594
2616.30328813408	1185.59997558594
2618.42692936713	1176.90002441406
2620.54997825377	1180.80004882813
2622.67243506915	1184.09997558594
2624.79430008828	1184.19995117188
2626.915573586	1180.80004882813
2629.03625583699	1183.59997558594
2631.15634711579	1181.09997558594
2633.27584769675	1182.19995117188
2635.39475785408	1183.19995117188
2637.51307786185	1180
2639.63080799394	1180.40002441406
2641.74794852409	1188.19995117188
2643.86449972589	1184.40002441406
2645.98046187273	1187.5
2648.0958352379	1184.80004882813
2650.21062009449	1189.09997558594
2652.32481671544	1186.90002441406
2654.43842537353	1182.30004882813
2656.5514463414	1183.5
2658.66387989151	1185
2660.77572629616	1186.30004882813
2662.88698582751	1185.40002441406
2664.99765875753	1180.80004882813
2667.10774535806	1191.40002441406
2669.21724590076	1187.19995117188
2671.32616065714	1189.19995117188
2673.43448989857	1189.30004882813
2675.5422338962	1187.09997558594
2677.64939292108	1184.59997558594
2679.75596724408	1186.90002441406
2681.86195713589	1182.40002441406
2683.96736286707	1183.90002441406
2686.07218470799	1184.80004882813
2688.17642292889	1188.90002441406
2690.28007779982	1188
2692.38314959069	1192.80004882813
2694.48563857123	1195.69995117188
2696.58754501103	1198
2698.6888691795	1202.5
2700.78961134588	1194.40002441406
2702.8897717793	1195.5
2704.98935074864	1191.59997558594
2707.08834852271	1195
2709.18676537009	1199.30004882813
2711.28460155925	1193.19995117188
2713.38185735843	1198
2715.47853303577	1196.80004882813
2717.57462885924	1203.69995117188
2719.67014509659	1205.30004882813
2721.76508201548	1202.40002441406
2723.85943988337	1206.90002441406
2725.95321896754	1195.19995117188
2728.04641953515	1196.19995117188
2730.13904185316	1198.40002441406
2732.23108618837	1200.69995117188
2734.32255280744	1196.80004882813
2736.41344197683	1197.90002441406
2738.50375396288	1189.40002441406
2740.5934890317	1192.80004882813
2742.68264744932	1191.5
2744.77122948153	1192.09997558594
2746.85923539398	1189.09997558594
2748.94666545217	1181.40002441406
2751.03351992142	1189.59997558594
2753.11979906688	1186
2755.20550315355	1193.19995117188
2757.29063244624	1186.59997558594
2759.37518720963	1187.80004882813
2761.45916770819	1187.30004882813
2763.54257420625	1190
2765.62540696797	1180.40002441406
2767.70766625733	1182.19995117188
2769.78935233816	1181.5
2771.87046547413	1181.90002441406
2773.95100592869	1183.80004882813
2776.03097396519	1188.59997558594
2778.11036984677	1186.5
2780.18919383641	1182.30004882813
2782.26744619693	1185.19995117188
2784.34512719097	1188.80004882813
2786.42223708102	1188.30004882813
2788.49877612937	1185.09997558594
2790.57474459816	1184.80004882813
2792.65014274937	1188.80004882813
2794.7249708448	1189.09997558594
2796.79922914607	1186.69995117188
2798.87291791465	1188.5
2800.94603741181	1194.5
2803.01858789869	1186
2805.09056963623	1194.19995117188
2807.1619828852	1193.80004882813
2809.23282790621	1190.5
2811.30310495971	1191.30004882813
2813.37281430593	1197.09997558594
2815.441956205	1189.40002441406
2817.51053091682	1197.59997558594
2819.57853870114	1207.19995117188
2821.64597981753	1201.59997558594
2823.7128545254	1208.90002441406
2825.77916308399	1213.09997558594
2827.84490575233	1216.80004882813
2829.91008278933	1219.40002441406
2831.97469445369	1226.90002441406
2834.03874100395	1245.5
2836.10222269847	1259.5
2838.16513979544	1276.5
2840.22749255288	1303.69995117188
2842.28928122863	1358.59997558594
2844.35050608034	1416.30004882813
2846.41116736553	1470.5
2848.47126534149	1541.90002441406
2850.53080026537	1545.59997558594
2852.58977239414	1541.5
2854.64818198459	1543.19995117188
2856.70602929332	1512.40002441406
2858.76331457678	1486.19995117188
2860.82003809123	1458.40002441406
2862.87620009274	1462.09997558594
2864.93180083723	1443.09997558594
2866.98684058043	1444.5
2869.04131957789	1458.59997558594
2871.09523808497	1446.40002441406
2873.14859635689	1462.80004882813
2875.20139464866	1469.69995117188
2877.2536332151	1458.19995117188
2879.30531231091	1483.30004882813
2881.35643219054	1507.09997558594
2883.40699310831	1498
2885.45699531834	1501.19995117188
2887.50643907457	1522.69995117188
2889.55532463077	1528.5
2891.60365224053	1527.09997558594
2893.65142215724	1526.59997558594
2895.69863463414	1539.5
2897.74528992426	1535.40002441406
2899.79138828046	1534.80004882813
2901.83692995544	1534.80004882813
2903.88191520168	1523.19995117188
2905.92634427151	1517.59997558594
2907.97021741706	1509.19995117188
2910.01353489027	1498.09997558594
2912.05629694294	1499.09997558594
2914.09850382663	1498.30004882813
2916.14015579276	1489.5
2918.18125309254	1488.69995117188
2920.22179597702	1479.40002441406
2922.26178469705	1491.19995117188
2924.30121950329	1480.09997558594
2926.34010064624	1496
2928.37842837619	1493.80004882813
2930.41620294326	1480.69995117188
2932.45342459737	1471
2934.49009358828	1451.30004882813
2936.52621016555	1463.90002441406
2938.56177457854	1448.80004882813
2940.59678707645	1430.59997558594
2942.63124790827	1402.19995117188
2944.66515732282	1375.40002441406
2946.69851556873	1344.59997558594
2948.73132289443	1327
2950.76357954817	1325.40002441406
2952.79528577803	1321.09997558594
2954.82644183188	1303
2956.85704795741	1304.30004882813
2958.8871044021	1304.19995117188
2960.91661141328	1293
2962.94556923807	1292.69995117188
2964.97397812339	1280.40002441406
2967.00183831598	1276.40002441406
2969.0291500624	1273.40002441406
2971.05591360902	1260
2973.08212920199	1261.30004882813
2975.1077970873	1243.19995117188
2977.13291751074	1243.80004882813
2979.1574907179	1240.90002441406
2981.18151695419	1246.90002441406
2983.20499646482	1231.80004882813
2985.2279294948	1231.59997558594
2987.25031628898	1229.69995117188
2989.27215709199	1225.90002441406
2991.29345214825	1230.19995117188
2993.31420170204	1231.5
2995.33440599738	1229.40002441406
2997.35406527816	1235.40002441406
2999.37317978802	1241
3001.39174977045	1238.80004882813
3003.40977546872	1244.09997558594
3005.42725712591	1248.40002441406
3007.44419498491	1239.59997558594
3009.4605892884	1243.5
3011.47644027889	1237.5
3013.49174819865	1233.30004882813
3015.5065132898	1219.30004882813
3017.52073579424	1223.09997558594
3019.53441595366	1217.69995117188
3021.54755400959	1215.5
3023.56015020332	1199.19995117188
3025.57220477598	1204.59997558594
3027.58371796846	1199.69995117188
3029.5946900215	1203.09997558594
3031.6051211756	1200.90002441406
3033.61501167107	1200.90002441406
3035.62436174803	1192.69995117188
3037.6331716464	1193.59997558594
3039.64144160588	1195.30004882813
3041.649171866	1196.90002441406
3043.65636266607	1199.19995117188
3045.6630142452	1195
3047.66912684229	1196.30004882813
3049.67470069605	1196.09997558594
3051.679736045	1195.69995117188
3053.68423312742	1197.80004882813
3055.68819218143	1195.09997558594
3057.6916134449	1192.09997558594
3059.69449715556	1196.69995117188
3061.69684355086	1195.09997558594
3063.6986528681	1200.69995117188
3065.69992534437	1197
3067.70066121653	1192.59997558594
3069.70086072126	1196.80004882813
3071.700524095	1189.19995117188
3073.69965157405	1194.80004882813
3075.69824339442	1192.90002441406
3077.69629979197	1200.69995117188
3079.69382100235	1192.19995117188
3081.69080726098	1192.69995117188
3083.68725880307	1192.09997558594
3085.68317586366	1190.19995117188
3087.67855867755	1195.59997558594
3089.67340747933	1195.90002441406
3091.6677225034	1195.69995117188
3093.66150398392	1197.59997558594
3095.6547521549	1193.69995117188
3097.64746725006	1193.59997558594
3099.63964950297	1193.40002441406
3101.63129914698	1202.30004882813
3103.6224164152	1194.30004882813
3105.61300154056	1198.09997558594
3107.60305475576	1194.69995117188
3109.59257629331	1195.80004882813
3111.58156638547	1202.30004882813
3113.57002526432	1196
3115.55795316172	1203.40002441406
3117.54535030932	1196.69995117188
3119.53221693853	1193.19995117188
3121.51855328057	1202
3123.50435956646	1206.80004882813
3125.48963602698	1197.40002441406
3127.4743828927	1194.80004882813
3129.45860039397	1204.19995117188
3131.44228876093	1204.30004882813
3133.42544822353	1205.69995117188
3135.40807901145	1205.40002441406
3137.39018135418	1207.69995117188
3139.37175548102	1205.80004882813
3141.35280162101	1203.90002441406
3143.33332000299	1206.5
3145.31331085559	1208.40002441406
3147.2927744072	1202
3149.27171088602	1205.19995117188
3151.25012052	1206.80004882813
3153.22800353689	1204.5
3155.20536016422	1210.40002441406
3157.18219062929	1209.5
3159.15849515918	1212.69995117188
3161.13427398075	1207
3163.10952732066	1211.5
3165.08425540532	1211.90002441406
3167.05845846092	1213.09997558594
3169.03213671344	1214.30004882813
3171.00529038863	1208.5
3172.97791971203	1213.80004882813
3174.95002490893	1209.90002441406
3176.92160620443	1209.30004882813
3178.89266382337	1205.90002441406
3180.8631979904	1213.09997558594
3182.83320892991	1212.09997558594
3184.80269686609	1213.80004882813
3186.77166202289	1210.69995117188
3188.74010462406	1207.30004882813
3190.70802489307	1212.40002441406
3192.67542305323	1212.40002441406
3194.64229932757	1216.19995117188
3196.60865393892	1216.69995117188
3198.57448710987	1217.40002441406
3200.53979906279	1209.59997558594
3202.50459001981	1210.90002441406
3204.46886020284	1220.19995117188
3206.43260983356	1212.09997558594
3208.39583913341	1213.80004882813
3210.35854832362	1218.19995117188
3212.32073762517	1217
3214.28240725881	1218.90002441406
3216.24355744508	1221.09997558594
3218.20418840426	1215.30004882813
3220.16430035642	1224.80004882813
3222.12389352137	1217.59997558594
3224.08296811873	1219.30004882813
3226.04152436784	1220.69995117188
3227.99956248784	1223.30004882813
3229.95708269762	1215.30004882813
3231.91408521584	1216.59997558594
3233.87057026092	1223.30004882813
3235.82653805105	1220.59997558594
3237.78198880419	1217.59997558594
3239.73692273806	1229.59997558594
3241.69134007013	1220.69995117188
3243.64524101764	1216.69995117188
3245.59862579761	1219.69995117188
3247.55149462681	1215
3249.50384772176	1221.09997558594
3251.45568529877	1224.59997558594
3253.40700757387	1233.19995117188
3255.35781476288	1216.19995117188
3257.3081070814	1216.30004882813
3259.25788474473	1219.90002441406
3261.20714796799	1221.5
3263.15589696602	1222.90002441406
3265.10413195345	1227.69995117188
3267.05185314463	1223.90002441406
3268.9990607537	1219.90002441406
3270.94575499455	1229.80004882813
3272.89193608081	1228.80004882813
3274.8376042259	1224.09997558594
3276.78275964296	1224.80004882813
3278.72740254492	1226.69995117188
3280.67153314443	1228.09997558594
3282.61515165393	1223.80004882813
3284.55825828559	1222.5
3286.50085325135	1224.5
3288.44293676289	1224.59997558594
3290.38450903165	1218.19995117188
3292.32557026883	1225.80004882813
3294.26612068537	1231.30004882813
3296.20616049198	1224.5
3298.14568989911	1219
3300.08470911695	1218.90002441406
3302.02321835546	1222.90002441406
3303.96121782435	1217
3305.89870773306	1228.19995117188
3307.83568829081	1218.5
3309.77215970655	1219
3311.70812218898	1223
3313.64357594655	1222.80004882813
3315.57852118747	1216
3317.51295811968	1224.69995117188
3319.44688695087	1230.30004882813
3321.38030788849	1219.30004882813
3323.31322113973	1223.09997558594
3325.24562691152	1223.59997558594
3327.17752541055	1223.90002441406
3329.10891684322	1218.69995117188
3331.03980141573	1223.19995117188
3332.97017933399	1223.09997558594
3334.90005080364	1225.59997558594
3336.82941603011	1232.30004882813
3338.75827521852	1225.90002441406
3340.68662857377	1224.59997558594
3342.6144763005	1223.80004882813
3344.54181860308	1231.59997558594
3346.46865568561	1230.30004882813
3348.39498775195	1226.59997558594
3350.32081500571	1231
3352.24613765022	1219.5
3354.17095588855	1228.30004882813
3356.09526992352	1230.59997558594
3358.01907995769	1225.80004882813
3359.94238619334	1221.30004882813
3361.86518883251	1225.90002441406
3363.78748807697	1224.59997558594
3365.70928412823	1224.90002441406
3367.63057718752	1229.90002441406
3369.55136745582	1235.5
3371.47165513386	1227
3373.39144042208	1218.19995117188
3375.31072352066	1228.69995117188
3377.22950462953	1226.5
3379.14778394834	1224
3381.06556167648	1221.5
3382.98283801308	1228.09997558594
3384.89961315697	1223.59997558594
3386.81588730676	1231.69995117188
3388.73166066076	1238.90002441406
3390.64693341702	1228.40002441406
3392.56170577332	1231
3394.47597792716	1229.69995117188
3396.38975007581	1226.30004882813
3398.30302241623	1226.80004882813
3400.21579514512	1227.30004882813
3402.1280684589	1235.30004882813
3404.03984255374	1229.90002441406
3405.95111762553	1235
3407.86189386987	1225
3409.77217148212	1228.59997558594
3411.68195065733	1237.5
3413.5912315903	1227
3415.50001447556	1227.69995117188
3417.40829950735	1230.59997558594
3419.31608687963	1227.69995117188
3421.22337678611	1222.30004882813
3423.1301694202	1231.19995117188
3425.03646497504	1226.59997558594
3426.9422636435	1226.5
3428.84756561816	1226.90002441406
3430.75237109135	1227.80004882813
3432.65668025508	1229.40002441406
3434.56049330112	1226.90002441406
3436.46381042093	1223
3438.36663180571	1232.59997558594
3440.26895764638	1226.19995117188
3442.17078813357	1226.09997558594
3444.07212345762	1230.69995117188
3445.97296380863	1219.40002441406
3447.87330937636	1230.80004882813
3449.77316035033	1225.59997558594
3451.67251691977	1222.19995117188
3453.57137927361	1233
3455.46974760052	1222.30004882813
3457.36762208886	1231.40002441406
3459.26500292671	1222.80004882813
3461.16189030191	1225.19995117188
3463.05828440194	1232.40002441406
3464.95418541406	1224.80004882813
3466.84959352519	1224
3468.74450892201	1218.30004882813
3470.63893179088	1220.59997558594
3472.53286231788	1226.30004882813
3474.42630068881	1234.30004882813
3476.31924708918	1221.59997558594
3478.2117017042	1219.69995117188
3480.1036647188	1218.90002441406
3481.99513631761	1223.40002441406
3483.88611668498	1221.09997558594
3485.77660600498	1213.5
3487.66660446135	1210.19995117188
3489.55611223758	1222.19995117188
3491.44512951683	1223.30004882813
3493.333656482	1217.5
3495.22169331568	1214.90002441406
3497.10924020016	1211.80004882813
3498.99629731746	1210.80004882813
3500.88286484927	1209.19995117188
3502.76894297702	1221.90002441406
3504.65453188182	1220.19995117188
3506.53963174449	1218.09997558594
3508.42424274555	1217.30004882813
3510.30836506524	1215.19995117188
3512.19199888349	1215.40002441406
3514.07514437992	1222
3515.95780173387	1218.90002441406
3517.83997112437	1206.5
3519.72165273016	1217.80004882813
3521.60284672967	1213.09997558594
3523.48355330104	1212.80004882813
3525.36377262208	1219
3527.24350487035	1214.40002441406
3529.12275022306	1206.5
3531.00150885715	1209.69995117188
3532.87978094923	1211.19995117188
3534.75756667562	1202.09997558594
3536.63486621235	1207.69995117188
3538.51167973512	1207.40002441406
3540.38800741934	1202.30004882813
3542.26384944011	1201.90002441406
3544.13920597223	1205.80004882813
3546.01407719018	1205.09997558594
3547.88846326815	1203.09997558594
3549.76236438002	1204.69995117188
3551.63578069934	1204.19995117188
3553.50871239938	1201.19995117188
3555.38115965309	1199.90002441406
3557.25312263311	1197.80004882813
3559.12460151177	1192.80004882813
3560.99559646109	1204.40002441406
3562.86610765279	1195.09997558594
3564.73613525825	1196.80004882813
3566.60567944857	1195.69995117188
3568.47474039453	1199.59997558594
3570.34331826658	1203
3572.21141323487	1199.40002441406
3574.07902546925	1199.30004882813
3575.94615513922	1197.90002441406
3577.81280241401	1203.69995117188
3579.67896746249	1201.40002441406
3581.54465045325	1191.90002441406
3583.40985155455	1194.59997558594
3585.27457093432	1199.80004882813
3587.1388087602	1194.30004882813
3589.00256519949	1201.40002441406
3590.86584041919	1195.5
3592.72863458597	1194.09997558594
3594.59094786618	1196.90002441406
3596.45278042585	1195
3598.31413243069	1195.90002441406
3600.17500404611	1190.30004882813
3602.03539543717	1191.69995117188
3603.89530676861	1196.40002441406
3605.75473820488	1202.69995117188
3607.61368991007	1198.40002441406
3609.47216204797	1199.5
3611.33015478203	1198.59997558594
3613.18766827539	1190.59997558594
3615.04470269087	1192.30004882813
3616.90125819094	1192.30004882813
3618.75733493776	1188.59997558594
3620.61293309318	1189.59997558594
3622.46805281869	1196.69995117188
3624.32269427547	1187.40002441406
3626.17685762439	1188.5
3628.03054302596	1196.90002441406
3629.88375064038	1191.90002441406
3631.73648062751	1182.59997558594
3633.5887331469	1192.80004882813
3635.44050835775	1194.90002441406
3637.29180641893	1187.40002441406
3639.14262748899	1186.30004882813
3640.99297172614	1184.90002441406
3642.84283928828	1191.30004882813
3644.69223033294	1184.30004882813
3646.54114501734	1185.19995117188
3648.38958349836	1186.19995117188
3650.23754593256	1184.80004882813
3652.08503247614	1190.30004882813
3653.93204328497	1186.09997558594
3655.77857851462	1189.30004882813
3657.62463832028	1185.5
3659.47022285682	1186.90002441406
3661.31533227877	1183.90002441406
3663.15996674033	1178.30004882813
3665.00412639535	1194.19995117188
3666.84781139736	1186.19995117188
3668.69102189953	1185.09997558594
3670.5337580547	1184.90002441406
3672.37602001537	1184.69995117188
3674.21780793368	1180.59997558594
3676.05912196148	1177.90002441406
3677.89996225021	1172.30004882813
3679.74032895103	1184.5
3681.58022221471	1184.09997558594
3683.41964219171	1179.80004882813
3685.25858903211	1180.69995117188
3687.0970628857	1179.90002441406
3688.93506390186	1181.19995117188
3690.77259222968	1175.90002441406
3692.60964801787	1179
3694.44623141481	1180.19995117188
3696.28234256853	1176.5
3698.11798162669	1184.69995117188
3699.95314873665	1173
3701.78784404537	1177.59997558594
3703.62206769951	1179.30004882813
3705.45581984533	1177.30004882813
3707.28910062877	1179.09997558594
3709.12191019542	1174.90002441406
3710.95424869052	1174.40002441406
3712.78611625894	1177.30004882813
3714.6175130452	1175.40002441406
3716.44843919349	1180.30004882813
3718.27889484764	1178.40002441406
3720.1088801511	1177.80004882813
3721.93839524699	1175.09997558594
3723.76744027808	1176.59997558594
3725.59601538677	1174.09997558594
3727.4241207151	1177.19995117188
