40.2973356941271	1126.30004882813
43.2236257608418	1125.30004882813
46.1488808466109	1128.69995117188
49.0731017336173	1132.5
51.9962892025666	1128.09997558594
54.9184440327569	1130.09997558594
57.8395670020446	1133.19995117188
60.7596588868509	1133.19995117188
63.6787204621708	1138.30004882813
66.5967525015794	1139.09997558594
69.5137557772381	1141
72.4297310598838	1144
75.3446791188512	1151.09997558594
78.2586007220466	1155.90002441406
81.1714966360015	1163.90002441406
84.0833676258266	1170.09997558594
86.994214455242	1184.59997558594
89.9040378865662	1202.80004882813
92.8128386807427	1209.30004882813
95.7206175973133	1224.40002441406
98.6273753944444	1229.5
101.533112828928	1241.30004882813
104.437830656161	1234.59997558594
107.34152963018	1234.80004882813
110.244210503676	1243
113.145874027931	1243.59997558594
116.046520952895	1231.19995117188
118.946152027154	1229.30004882813
121.844767997933	1229.19995117188
124.74236961111	1227.69995117188
127.638957611212	1232.80004882813
130.534532741422	1224.80004882813
133.429095743606	1220.90002441406
136.322647358252	1229.09997558594
139.215188324544	1233.69995117188
142.106719380311	1231.09997558594
144.997241262089	1229.19995117188
147.886754705057	1230.40002441406
150.775260443096	1228.80004882813
153.662759208748	1224.5
156.549251733282	1228.09997558594
159.434738746612	1225.5
162.319220977376	1228.59997558594
165.20269915289	1223.40002441406
168.085173999178	1229.90002441406
170.966646240977	1221
173.847116601709	1222.90002441406
176.726585803528	1223.80004882813
179.605054567295	1217.5
182.48252361259	1227.69995117188
185.358993657701	1219.19995117188
188.234465419645	1225.80004882813
191.108939614183	1216.19995117188
193.982416955795	1218.40002441406
196.854898157687	1219.30004882813
199.726383931801	1219.69995117188
202.596874988835	1218.30004882813
205.466372038225	1220.30004882813
208.334875788145	1214.90002441406
211.202386945534	1219.09997558594
214.068906216069	1226.40002441406
216.934434304194	1215.80004882813
219.798971913111	1220.09997558594
222.662519744776	1217.90002441406
225.525078499925	1222.5
228.386648878069	1219.19995117188
231.247231577465	1220.69995117188
234.106827295172	1215.19995117188
236.965436727012	1222.90002441406
239.823060567597	1217
242.679699510337	1220.30004882813
245.535354247396	1223.30004882813
248.390025469775	1217
251.243713867223	1215.80004882813
254.096420128327	1222.5
256.948144940459	1221.19995117188
259.798888989788	1221.69995117188
262.648652961315	1222.90002441406
265.49743753883	1224.59997558594
268.345243404939	1224
271.192071241073	1223.90002441406
274.037921727485	1226.5
276.882795543246	1219.40002441406
279.72669336624	1218.19995117188
282.569615873213	1218.40002441406
285.411563739724	1213.30004882813
288.252537640165	1214.40002441406
291.092538247763	1225.80004882813
293.931566234616	1224.30004882813
296.769622271633	1221.40002441406
299.606707028594	1225.30004882813
302.442821174104	1218.90002441406
305.277965375652	1226.59997558594
308.112140299574	1222.69995117188
310.945346611062	1220.5
313.777584974167	1218.09997558594
316.608856051813	1222.19995117188
319.439160505797	1220.80004882813
322.268498996783	1215.90002441406
325.096872184303	1220.59997558594
327.924280726782	1225.09997558594
330.750725281521	1217.19995117188
333.576206504693	1225.40002441406
336.400725051388	1220.19995117188
339.224281575542	1219.90002441406
342.046876730026	1217.5
344.868511166586	1223.59997558594
347.689185535872	1222.09997558594
350.508900487421	1223.30004882813
353.327656669699	1219.19995117188
356.145454730079	1212.09997558594
358.962295314817	1217.19995117188
361.778179069105	1213.59997558594
364.593106637051	1219.69995117188
367.407078661675	1215.19995117188
370.220095784913	1225.30004882813
373.032158647655	1224.5
375.843267889676	1221.90002441406
378.653424149715	1214.80004882813
381.462628065436	1223
384.270880273432	1216.59997558594
387.078181409254	1222.5
389.884532107358	1224.69995117188
392.689933001188	1223.90002441406
395.494384723112	1229.19995117188
398.29788790445	1221.69995117188
401.100443175488	1221.5
403.902051165437	1223.5
406.702712502518	1224.09997558594
409.502427813866	1233.09997558594
412.301197725607	1225.09997558594
415.099022862823	1227.69995117188
417.89590384957	1228.30004882813
420.691841308876	1228.19995117188
423.486835862752	1225.69995117188
426.280888132173	1228.19995117188
429.073998737112	1229.19995117188
431.866168296507	1227.40002441406
434.657397428298	1228.19995117188
437.447686749412	1229.80004882813
440.237036875762	1229.59997558594
443.025448422257	1234.5
445.812922002813	1223.19995117188
448.599458230326	1228.5
451.38505771672	1232.30004882813
454.169721072909	1228.69995117188
456.953448908819	1234.59997558594
459.736241833384	1231.40002441406
462.518100454555	1222.5
465.2990253793	1234.09997558594
468.079017213605	1229.90002441406
470.858076562476	1225.80004882813
473.636204029939	1223
476.41340021906	1230.09997558594
479.189665731938	1233.19995117188
481.965001169667	1229.90002441406
484.739407132419	1233.40002441406
487.512884219391	1230.19995117188
490.285433028796	1227.30004882813
493.057054157921	1231.09997558594
495.827748203087	1232.40002441406
498.597515759658	1233.59997558594
501.366357422061	1232.30004882813
504.134273783759	1230.5
506.901265437278	1229.30004882813
509.66733297421	1231.5
512.432476985198	1225.5
515.196698059945	1228.19995117188
517.959996787225	1229.30004882813
520.722373754895	1232.19995117188
523.483829549856	1239
526.24436475811	1231.09997558594
529.003979964696	1229.5
531.762675753779	1231.69995117188
534.520452708569	1238.90002441406
537.277311411375	1228.69995117188
540.03325244359	1232.09997558594
542.788276385682	1234.5
545.54238381725	1239.5
548.295575316938	1238.90002441406
551.047851462516	1232.30004882813
553.799212830831	1236.59997558594
556.549659997851	1230.69995117188
559.299193538643	1241.59997558594
562.047814027381	1233.40002441406
564.795522037318	1235.69995117188
567.542318140861	1234.40002441406
570.288202909507	1225.80004882813
573.033176913873	1230.09997558594
575.7772407237	1227.90002441406
578.520394907829	1238.40002441406
581.26264003424	1235.30004882813
584.003976670046	1234.09997558594
586.744405381469	1236.80004882813
589.483926733869	1244.19995117188
592.222541291746	1230.30004882813
594.96024961872	1233.80004882813
597.697052277563	1244.30004882813
600.432949830166	1241.30004882813
603.167942837587	1236.90002441406
605.902031860012	1236.09997558594
608.635217456783	1233.5
611.367500186378	1235.09997558594
614.098880606429	1239
616.82935927374	1237.80004882813
619.558936744248	1231
622.287613573072	1239.59997558594
625.015390314457	1240.80004882813
627.742267521848	1243.30004882813
630.468245747829	1233.90002441406
633.193325544166	1239.80004882813
635.917507461792	1243.40002441406
638.640792050804	1232.69995117188
641.36317986048	1231.30004882813
644.084671439281	1234.59997558594
646.805267334845	1237.59997558594
649.524968093967	1246.5
652.24377426266	1242.59997558594
654.961686386106	1239.19995117188
657.678705008678	1238.09997558594
660.394830673939	1232.80004882813
663.110063924628	1234.40002441406
665.824405302728	1233.80004882813
668.537855349351	1237.90002441406
671.250414604863	1240.69995117188
673.962083608812	1235.40002441406
676.672862899949	1241.19995117188
679.382753016218	1251.5
682.091754494801	1237.5
684.799867872061	1241.69995117188
687.507093683595	1243.90002441406
690.213432464198	1240.59997558594
692.918884747899	1247.59997558594
695.623451067937	1244.09997558594
698.327131956755	1245.19995117188
701.029927946065	1250.69995117188
703.731839566754	1245.30004882813
706.43286734896	1245.59997558594
709.133011822067	1255.40002441406
711.832273514658	1254.80004882813
714.53065295457	1248.19995117188
717.228150668879	1258.80004882813
719.924767183889	1244.5
722.620503025148	1248.90002441406
725.315358717446	1250.40002441406
728.009334784827	1250.90002441406
730.702431750559	1242.30004882813
733.394650137188	1254
736.085990466498	1245
738.776453259519	1240.09997558594
741.466039036542	1247.09997558594
744.154748317125	1243.40002441406
746.842581620074	1255
749.529539463458	1232
752.215622364608	1254.09997558594
754.900830840131	1245.30004882813
757.585165405892	1246.69995117188
760.26862657703	1254.59997558594
762.951214867957	1251.40002441406
765.632930792356	1250.59997558594
768.313774863181	1246.5
770.993747592673	1258.09997558594
773.672849492359	1254
776.351081073017	1255.40002441406
779.028442844757	1252.09997558594
781.704935316928	1242.40002441406
784.380558998208	1253.69995117188
787.055314396528	1253.5
789.729202019141	1252.30004882813
792.402222372581	1252.19995117188
795.074375962669	1245.30004882813
797.745663294537	1247.19995117188
800.416084872622	1251.59997558594
803.085641200652	1251.40002441406
805.754332781664	1258.19995117188
808.422160117986	1249.59997558594
811.089123711292	1255.09997558594
813.75522406252	1250.59997558594
816.420461671951	1251.5
819.084837039164	1255.09997558594
821.748350663067	1252.19995117188
824.411003041866	1252.09997558594
827.072794673116	1255.09997558594
829.733726053668	1252.80004882813
832.39379767971	1262.19995117188
835.05301004674	1263.09997558594
837.711363649601	1257.09997558594
840.368858982457	1260.59997558594
843.025496538805	1262.59997558594
845.681276811467	1258.40002441406
848.336200292618	1256.40002441406
850.99026747375	1256.69995117188
853.643478845713	1256.30004882813
856.29583489868	1260
858.947336122176	1263.69995117188
861.59798300506	1262.59997558594
864.247776035556	1264.40002441406
866.896715701222	1258.40002441406
869.544802488959	1257.40002441406
872.192036885046	1260.69995117188
874.838419375087	1256.30004882813
877.483950444054	1262.5
880.128630576285	1262.5
882.772460255461	1272.5
885.415439964628	1265.19995117188
888.057570186211	1262.5
890.698851401966	1262.59997558594
893.339284093045	1259.69995117188
895.978868739961	1272.80004882813
898.617605822596	1253.30004882813
901.255495820196	1266
903.892539211396	1268.19995117188
906.528736474184	1264.59997558594
909.164088085949	1261.19995117188
911.798594523442	1261.19995117188
914.432256262804	1259.30004882813
917.065073779549	1267.59997558594
919.697047548589	1264
922.328178044212	1268.5
924.9584657401	1271
927.587911109317	1264.30004882813
930.216514624317	1266.80004882813
932.844276756963	1265.40002441406
935.471197978488	1264.90002441406
938.097278759538	1268.90002441406
940.722519570163	1265.5
943.346920879798	1275.59997558594
945.97048315729	1276.19995117188
948.593206870885	1268.59997558594
951.215092488219	1270.80004882813
953.836140476366	1273.09997558594
956.456351301787	1277.90002441406
959.07572543037	1278.90002441406
961.694263327369	1269.69995117188
964.311965457521	1283.5
966.928832284933	1279
969.544864273135	1275.69995117188
972.160061885076	1272.09997558594
974.774425583129	1272.19995117188
977.387955829099	1273.69995117188
980.000653084196	1276.30004882813
982.612517809061	1276.80004882813
985.223550463768	1277.5
987.833751507819	1276.40002441406
990.443121400135	1275.40002441406
993.051660599081	1277.59997558594
995.659369562449	1267.69995117188
998.266248747469	1275.09997558594
1000.87229861081	1286.30004882813
1003.47751960857	1293.59997558594
1006.0819121963	1284.80004882813
1008.68547682897	1290.19995117188
1011.28821396104	1286.59997558594
1013.89012404635	1284.59997558594
1016.49120753824	1292.5
1019.09146488947	1280.69995117188
1021.69089655226	1280.5
1024.28950297827	1286.5
1026.88728461863	1281.5
1029.48424192392	1284.40002441406
1032.08037534416	1278.09997558594
1034.67568532886	1276.09997558594
1037.27017232694	1280.09997558594
1039.86383678682	1282.69995117188
1042.45667915637	1285
1045.04869988293	1275.5
1047.6398994133	1276.40002441406
1050.23027819374	1270.19995117188
1052.81983666998	1284.30004882813
1055.40857528724	1283.90002441406
1057.99649449018	1284.59997558594
1060.58359472296	1276.19995117188
1063.1698764292	1274.40002441406
1065.755340052	1276.90002441406
1068.33998603393	1281.09997558594
1070.92381481706	1281.09997558594
1073.50682684291	1287.40002441406
1076.08902255251	1282.40002441406
1078.67040238637	1273.80004882813
1081.25096678445	1283.69995117188
1083.83071618624	1288.40002441406
1086.4096510307	1279.40002441406
1088.98777175629	1286.90002441406
1091.56507880094	1280.40002441406
1094.14157260208	1279.80004882813
1096.71725359664	1281.69995117188
1099.29212222106	1271.90002441406
1101.86617891125	1283.19995117188
1104.43942410262	1272.09997558594
1107.01185823011	1276.09997558594
1109.58348172812	1279.40002441406
1112.15429503057	1279.69995117188
1114.7242985709	1274.90002441406
1117.29349278203	1279.30004882813
1119.86187809642	1285.90002441406
1122.42945494599	1282.5
1124.99622376222	1294.19995117188
1127.56218497606	1288.80004882813
1130.12733901801	1290.80004882813
1132.69168631804	1298.40002441406
1135.25522730568	1287.69995117188
1137.81796240995	1289.80004882813
1140.37989205941	1285.40002441406
1142.9410166821	1293
1145.50133670561	1304.30004882813
1148.06085255708	1313
1150.61956466311	1319.40002441406
1153.17747344987	1338
1155.73457934305	1339.59997558594
1158.29088276786	1351.90002441406
1160.84638414903	1348.30004882813
1163.40108391085	1347.19995117188
1165.95498247711	1325.40002441406
1168.50808027116	1308.40002441406
1171.06037771587	1290.90002441406
1173.61187523364	1297.69995117188
1176.16257324643	1301.5
1178.71247217573	1296.09997558594
1181.26157244255	1293
1183.80987446746	1292.69995117188
1186.35737867059	1296.59997558594
1188.90408547157	1293.30004882813
1191.44999528961	1297.09997558594
1193.99510854347	1297
1196.53942565142	1297.80004882813
1199.08294703133	1300.90002441406
1201.62567310057	1298.59997558594
1204.16760427611	1289.59997558594
1206.70874097445	1294
1209.24908361163	1290.19995117188
1211.78863260327	1298
1214.32738836454	1295.19995117188
1216.86535131017	1295.90002441406
1219.40252185445	1293.59997558594
1221.93890041121	1285.80004882813
1224.47448739389	1295.90002441406
1227.00928321544	1290.30004882813
1229.54328828842	1294.80004882813
1232.07650302491	1298.09997558594
1234.60892783662	1301.19995117188
1237.14056313477	1294.19995117188
1239.67140933017	1299.09997558594
1242.2014668332	1298.80004882813
1244.73073605384	1303.5
1247.25921740159	1295.5
1249.78691128558	1311.09997558594
1252.31381811448	1296.80004882813
1254.83993829655	1303.80004882813
1257.36527223962	1299.09997558594
1259.88982035112	1302.40002441406
1262.41358303803	1312.30004882813
1264.93656070696	1302.90002441406
1267.45875376405	1305.30004882813
1269.98016261505	1299.19995117188
1272.50078766531	1304.69995117188
1275.02062931974	1305.40002441406
1277.53968798285	1309
1280.05796405875	1308.80004882813
1282.57545795112	1310.40002441406
1285.09217006325	1308.30004882813
1287.60810079802	1305.90002441406
1290.12325055788	1300.09997558594
1292.63761974492	1301.19995117188
1295.15120876079	1298.30004882813
1297.66401800676	1311.80004882813
1300.17604788367	1293.80004882813
1302.687298792	1306
1305.19777113181	1303.30004882813
1307.70746530274	1302.59997558594
1310.21638170408	1295.90002441406
1312.7245207347	1317.90002441406
1315.23188279307	1300.69995117188
1317.73846827728	1313.80004882813
1320.24427758502	1297.5
1322.74931111359	1314.40002441406
1325.25356925991	1308.09997558594
1327.75705242051	1306.09997558594
1330.25976099151	1294.90002441406
1332.76169536868	1296
1335.26285594737	1311
1337.76324312256	1310.80004882813
1340.26285728887	1301.5
1342.76169884052	1303.80004882813
1345.25976817132	1308.90002441406
1347.75706567474	1294.5
1350.25359174387	1301.59997558594
1352.74934677141	1310.19995117188
1355.24433114968	1300.30004882813
1357.73854527062	1306.69995117188
1360.23198952583	1302.59997558594
1362.7246643065	1316.30004882813
1365.21657000347	1296.19995117188
1367.7077070072	1303
1370.19807570777	1299.5
1372.68767649492	1305
1375.176509758	1303
1377.66457588599	1304.59997558594
1380.15187526753	1303.30004882813
1382.63840829087	1298.69995117188
1385.1241753439	1300.5
1387.60917681417	1310.19995117188
1390.09341308884	1310.90002441406
1392.57688455474	1303.90002441406
1395.05959159829	1307.80004882813
1397.54153460562	1309.5
1400.02271396243	1319.30004882813
1402.50313005414	1311
1404.98278326576	1307.90002441406
1407.46167398196	1310.30004882813
1409.93980258707	1315.19995117188
1412.41716946504	1322.30004882813
1414.89377499951	1316.30004882813
1417.36961957373	1307.19995117188
1419.84470357062	1315.80004882813
1422.31902737275	1310.80004882813
1424.79259136235	1302.90002441406
1427.26539592129	1315
1429.73744143111	1325.09997558594
1432.20872827299	1315.30004882813
1434.67925682777	1311
1437.14902747597	1312
1439.61804059773	1313.80004882813
1442.0862965729	1319.30004882813
1444.55379578093	1325.69995117188
1447.02053860099	1326.40002441406
1449.48652541188	1317.90002441406
1451.95175659206	1318.59997558594
1454.41623251969	1315.90002441406
1456.87995357255	1320.19995117188
1459.34292012811	1321.09997558594
1461.80513256351	1320.40002441406
1464.26659125557	1322.30004882813
1466.72729658073	1316
1469.18724891517	1317
1471.64644863469	1314.09997558594
1474.10489611478	1321.80004882813
1476.5625917306	1324.30004882813
1479.01953585699	1316
1481.47572886844	1309.5
1483.93117113917	1319.19995117188
1486.38586304302	1322.90002441406
1488.83980495354	1320.5
1491.29299724395	1324.19995117188
1493.74544028715	1319.90002441406
1496.19713445573	1327.09997558594
1498.64808012193	1324.40002441406
1501.09827765772	1337
1503.54772743471	1337.59997558594
1505.99642982421	1344.5
1508.44438519723	1365.69995117188
1510.89159392446	1376.80004882813
1513.33805637625	1384.59997558594
1515.78377292266	1393.90002441406
1518.22874393346	1396.59997558594
1520.67296977806	1411.40002441406
1523.11645082559	1399.90002441406
1525.55918744488	1382.40002441406
1528.00118000444	1380.90002441406
1530.44242887245	1347.59997558594
1532.88293441684	1350
1535.32269700517	1334.40002441406
1537.76171700475	1328.09997558594
1540.19999478255	1325.69995117188
1542.63753070526	1323.30004882813
1545.07432513925	1320
1547.5103784506	1323.09997558594
1549.94569100509	1326.59997558594
1552.38026316819	1325.09997558594
1554.8140953051	1325.69995117188
1557.24718778067	1326.40002441406
1559.67954095952	1321.40002441406
1562.11115520592	1326.69995117188
1564.54203088386	1322.5
1566.97216835704	1315.59997558594
1569.40156798888	1317.90002441406
1571.83023014248	1317.90002441406
1574.25815518067	1321.40002441406
1576.68534346597	1323.59997558594
1579.11179536062	1331.40002441406
1581.53751122658	1320.09997558594
1583.9624914255	1323
1586.38673631876	1325
1588.81024626745	1330.59997558594
1591.23302163235	1323
1593.655062774	1328.09997558594
1596.07637005262	1320.80004882813
1598.49694382815	1316.80004882813
1600.91678446025	1314.90002441406
1603.33589230831	1329.40002441406
1605.75426773142	1327.90002441406
1608.1719110884	1320.5
1610.58882273779	1326.69995117188
1613.00500303784	1320.80004882813
1615.42045234654	1315.40002441406
1617.83517102158	1325.40002441406
1620.24915942039	1324.5
1622.66241790012	1340.30004882813
1625.07494681764	1321.30004882813
1627.48674652954	1317
1629.89781739216	1324.40002441406
1632.30815976152	1331
1634.71777399343	1326.80004882813
1637.12666044338	1327.30004882813
1639.53481946661	1341
1641.94225141808	1329
1644.34895665248	1332
1646.75493552424	1330.40002441406
1649.16018838752	1347.5
1651.56471559621	1335.90002441406
1653.96851750392	1344
1656.37159446403	1334.40002441406
1658.7739468296	1342.59997558594
1661.17557495349	1335.30004882813
1663.57647918824	1337.90002441406
1665.97665988617	1328.80004882813
1668.37611739929	1341.5
1670.77485207939	1331
1673.17286427799	1335.59997558594
1675.57015434633	1329
1677.96672263542	1331.30004882813
1680.36256949598	1326.19995117188
1682.7576952785	1332.59997558594
1685.15210033318	1317.80004882813
1687.54578501	1322.80004882813
1689.93874965866	1326.40002441406
1692.33099462861	1326.80004882813
1694.72252026904	1328.5
1697.11332692889	1326.40002441406
1699.50341495686	1317.80004882813
1701.89278470137	1319.5
1704.28143651061	1339.40002441406
1706.66937073251	1321.69995117188
1709.05658771473	1317
1711.44308780473	1324.5
1713.82887134968	1319.19995117188
1716.21393869648	1318.09997558594
1718.59829019185	1320
1720.98192618221	1321.69995117188
1723.36484701374	1325.30004882813
1725.74705303238	1317.69995117188
1728.12854458384	1328
1730.50932201356	1317.80004882813
1732.88938566673	1313.90002441406
1735.26873588834	1328.19995117188
1737.64737302307	1320.30004882813
1740.02529741544	1323
1742.40250940964	1332.40002441406
1744.77900934969	1322.90002441406
1747.15479757933	1323.90002441406
1749.52987444206	1320.59997558594
1751.90424028116	1320.19995117188
1754.27789543967	1321.90002441406
1756.65084026037	1318.59997558594
1759.02307508582	1333.09997558594
1761.39460025833	1322.19995117188
1763.76541612	1326.80004882813
1766.13552301265	1321.59997558594
1768.50492127791	1332.90002441406
1770.87361125714	1330.09997558594
1773.2415932915	1325
1775.60886772188	1335.69995117188
1777.97543488896	1331.80004882813
1780.34129513318	1330.80004882813
1782.70644879475	1325.30004882813
1785.07089621365	1331.5
1787.43463772964	1341.80004882813
1789.7976736822	1339.80004882813
1792.16000441066	1321.19995117188
1794.52163025405	1331.5
1796.88255155121	1326.30004882813
1799.24276864074	1329.40002441406
1801.60228186102	1327
1803.96109155019	1329.5
1806.31919804618	1328.30004882813
1808.67660168668	1326.09997558594
1811.03330280916	1343.19995117188
1813.38930175088	1326.69995117188
1815.74459884884	1326.19995117188
1818.09919443984	1335.30004882813
1820.45308886047	1326.40002441406
1822.80628244708	1321.69995117188
1825.1587755358	1326.69995117188
1827.51056846254	1324.59997558594
1829.86166156297	1319.19995117188
1832.21205517258	1338
1834.56174962661	1328.30004882813
1836.91074526009	1334.30004882813
1839.25904240783	1329.80004882813
1841.60664140443	1335.90002441406
1843.95354258425	1338.59997558594
1846.29974628146	1335
1848.64525282998	1337.09997558594
1850.99006256356	1329.19995117188
1853.3341758157	1335.40002441406
1855.67759291968	1330.59997558594
1858.02031420858	1324.59997558594
1860.36234001528	1325.5
1862.70367067241	1327.40002441406
1865.04430651244	1325.40002441406
1867.38424786755	1336.40002441406
1869.72349506978	1328.5
1872.06204845094	1333.5
1874.39990834258	1330.69995117188
1876.73707507612	1324.69995117188
1879.07354898269	1333.59997558594
1881.40933039328	1328.19995117188
1883.74441963861	1346.5
1886.07881704925	1336.80004882813
1888.41252295551	1330.30004882813
1890.74553768751	1321.30004882813
1893.07786157519	1338.09997558594
1895.40949494822	1343.69995117188
1897.74043813615	1338.30004882813
1900.07069146823	1346
1902.40025527357	1338.69995117188
1904.72912988106	1329.80004882813
1907.05731561938	1327.5
1909.38481281699	1324.59997558594
1911.71162180217	1333.40002441406
1914.037742903	1330.5
1916.36317644734	1333.5
1918.68792276284	1339.5
1921.01198217697	1332.30004882813
1923.33535501699	1336.69995117188
1925.65804160996	1326
1927.98004228273	1330.80004882813
1930.30135736196	1336.19995117188
1932.6219871741	1331.09997558594
1934.94193204543	1338.19995117188
1937.26119230198	1326.5
1939.57976826962	1327
1941.89766027402	1329.69995117188
1944.21486864062	1323.80004882813
1946.53139369472	1333.19995117188
1948.84723576137	1340.09997558594
1951.16239516543	1332.09997558594
1953.47687223159	1343.5
1955.79066728434	1340.19995117188
1958.10378064794	1327
1960.4162126465	1322
1962.7279636039	1338.09997558594
1965.03903384385	1338.19995117188
1967.34942368987	1336.69995117188
1969.65913346524	1337.40002441406
1971.96816349311	1336.59997558594
1974.2765140964	1327.19995117188
1976.58418559784	1343.69995117188
1978.89117831997	1331.40002441406
1981.19749258516	1344.80004882813
1983.50312871555	1331.40002441406
1985.80808703313	1341.30004882813
1988.11236785967	1336.90002441406
1990.41597151676	1333.19995117188
1992.71889832581	1333.80004882813
1995.02114860801	1330.19995117188
1997.3227226844	1337.09997558594
1999.62362087581	1336.80004882813
2001.92384350288	1335.09997558594
2004.22339088608	1330.59997558594
2006.52226334567	1348.5
2008.82046120173	1344
2011.11798477417	1346
2013.41483438269	1345.09997558594
2015.71101034681	1333.5
2018.00651298588	1333.80004882813
2020.30134261905	1342.80004882813
2022.59549956528	1339.5
2024.88898414337	1344.69995117188
2027.1817966719	1333.09997558594
2029.4739374693	1349.19995117188
2031.76540685379	1333.5
2034.05620514342	1337.40002441406
2036.34633265607	1344.80004882813
2038.6357897094	1335.80004882813
2040.92457662092	1337.90002441406
2043.21269370795	1347.80004882813
2045.50014128763	1328.80004882813
2047.78691967691	1331.30004882813
2050.07302919256	1324.5
2052.35847015118	1344.90002441406
2054.64324286919	1331.40002441406
2056.9273476628	1334.40002441406
2059.21078484808	1336.69995117188
2061.4935547409	1343.90002441406
2063.77565765696	1339.59997558594
2066.05709391176	1330.59997558594
2068.33786382065	1329
2070.61796769879	1337.09997558594
2072.89740586116	1350.59997558594
2075.17617862255	1338.59997558594
2077.45428629759	1335.69995117188
2079.73172920075	1338.5
2082.00850764627	1345.90002441406
2084.28462194827	1336.59997558594
2086.56007242065	1341.59997558594
2088.83485937717	1348.19995117188
2091.10898313139	1335.19995117188
2093.3824439967	1335.59997558594
2095.65524228632	1342.30004882813
2097.92737831328	1339.80004882813
2100.19885239047	1351.09997558594
2102.46966483057	1342
2104.7398159461	1338.19995117188
2107.00930604941	1346
2109.27813545267	1356.80004882813
2111.54630446787	1347.19995117188
2113.81381340685	1348.90002441406
2116.08066258126	1344.69995117188
2118.34685230257	1351.40002441406
2120.61238288211	1353.09997558594
2122.87725463099	1344.90002441406
2125.1414678602	1346.90002441406
2127.40502288052	1347.09997558594
2129.66792000257	1341
2131.93015953682	1349.80004882813
2134.19174179353	1343.09997558594
2136.45266708282	1361.59997558594
2138.71293571463	1343.09997558594
2140.97254799873	1351
2143.23150424473	1356.19995117188
2145.48980476205	1342.30004882813
2147.74744985996	1346.40002441406
2150.00443984754	1350.59997558594
2152.26077503373	1363.59997558594
2154.51645572728	1340.59997558594
2156.77148223677	1352.90002441406
2159.02585487064	1340.19995117188
2161.27957393713	1356.80004882813
2163.53263974432	1357.59997558594
2165.78505260012	1347.19995117188
2168.0368128123	1362.90002441406
2170.28792068844	1352.19995117188
2172.53837653595	1345.80004882813
2174.78818066207	1348.90002441406
2177.03733337389	1352.40002441406
2179.28583497833	1351.5
2181.53368578214	1346.30004882813
2183.78088609192	1356.80004882813
2186.02743621406	1348.40002441406
2188.27333645484	1341.19995117188
2190.51858712033	1353.80004882813
2192.76318851646	1345.30004882813
2195.00714094901	1349
2197.25044472354	1339.19995117188
2199.49310014551	1346.69995117188
2201.73510752018	1361.69995117188
2203.97646715265	1351.09997558594
2206.21717934786	1348.69995117188
2208.45724441058	1337
2210.69666264543	1343
2212.93543435686	1355.40002441406
2215.17355984914	1343.5
2217.41103942642	1346.90002441406
2219.64787339264	1343.40002441406
2221.8840620516	1354.90002441406
2224.11960570695	1348.09997558594
2226.35450466215	1353.09997558594
2228.58875922051	1344.40002441406
2230.82236968518	1339.90002441406
2233.05533635916	1344.80004882813
2235.28765954527	1341.80004882813
2237.51933954617	1348.80004882813
2239.75037666437	1339.59997558594
2241.98077120221	1344.59997558594
2244.21052346188	1351.09997558594
2246.4396337454	1352.30004882813
2248.66810235461	1344.90002441406
2250.89592959125	1356
2253.12311575681	1343.5
2255.34966115272	1352.90002441406
2257.57556608017	1355.59997558594
2259.80083084023	1339.69995117188
2262.02545573381	1353.69995117188
2264.24944106163	1355.30004882813
2266.47278712429	1350.30004882813
2268.69549422221	1343.59997558594
2270.91756265564	1353.30004882813
2273.1389927247	1351.09997558594
2275.35978472934	1349.30004882813
2277.57993896933	1355.09997558594
2279.79945574431	1356.5
2282.01833535375	1351.30004882813
2284.23657809696	1344.69995117188
2286.45418427309	1348.40002441406
2288.67115418114	1356.09997558594
2290.88748811995	1338
2293.10318638819	1356.30004882813
2295.3182492844	1353.19995117188
2297.53267710693	1355.90002441406
2299.746470154	1360.90002441406
2301.95962872364	1348.09997558594
2304.17215311376	1354.59997558594
2306.3840436221	1361.40002441406
2308.59530054621	1350.80004882813
2310.80592418354	1360.19995117188
2313.01591483134	1351.69995117188
2315.22527278673	1363.5
2317.43399834666	1358.40002441406
2319.64209180791	1359.80004882813
2321.84955346713	1353.90002441406
2324.05638362079	1356.69995117188
2326.26258256524	1344.40002441406
2328.46815059664	1355.40002441406
2330.67308801098	1342.5
2332.87739510415	1360
2335.08107217184	1350
2337.2841195096	1358.5
2339.48653741281	1338
2341.68832617672	1344.80004882813
2343.8894860964	1353.30004882813
2346.09001746678	1354.09997558594
2348.28992058261	1372.30004882813
2350.48919573852	1358.69995117188
2352.68784322898	1338.5
2354.88586334826	1364.19995117188
2357.08325639055	1352.80004882813
2359.2800226498	1349.19995117188
2361.47616241988	1357.40002441406
2363.67167599445	1355.59997558594
2365.86656366706	1357.30004882813
2368.06082573107	1355.40002441406
2370.2544624797	1363.09997558594
2372.44747420603	1352.80004882813
2374.63986120295	1357.69995117188
2376.83162376322	1354.19995117188
2379.02276217945	1352.40002441406
2381.21327674408	1354.80004882813
2383.4031677494	1358.80004882813
2385.59243548756	1349.09997558594
2387.78108025053	1352.19995117188
2389.96910233014	1351.5
2392.15650201809	1348.90002441406
2394.34327960587	1360.40002441406
2396.52943538486	1363.69995117188
2398.71496964628	1354.59997558594
2400.89988268118	1352.40002441406
2403.08417478048	1346.59997558594
2405.26784623491	1360.59997558594
2407.45089733509	1352.19995117188
2409.63332837146	1353
2411.81513963429	1357.19995117188
2413.99633141375	1346.09997558594
2416.1769039998	1356.59997558594
2418.35685768227	1363
2420.53619275084	1349.69995117188
2422.71490949505	1347.69995117188
2424.89300820425	1345
2427.07048916765	1357.69995117188
2429.24735267433	1352.09997558594
2431.42359901319	1355.40002441406
2433.59922847297	1358.30004882813
2435.7742413423	1358.40002441406
2437.94863790961	1351
2440.12241846321	1351.09997558594
2442.29558329121	1354.09997558594
2444.46813268162	1357
2446.64006692228	1347.5
2448.81138630086	1362.30004882813
2450.98209110489	1355.5
2453.15218162174	1360.09997558594
2455.32165813864	1354.5
2457.49052094265	1353.40002441406
2459.65877032069	1355.30004882813
2461.8264065595	1346.80004882813
2463.99342994572	1354.30004882813
2466.15984076579	1360.69995117188
2468.325639306	1345.80004882813
2470.49082585251	1366.80004882813
2472.65540069131	1353.40002441406
2474.81936410824	1353.80004882813
2476.98271638899	1360
2479.14545781909	1360.80004882813
2481.30758868392	1349.59997558594
2483.4691092687	1369.59997558594
2485.63001985852	1355.30004882813
2487.79032073829	1346.5
2489.95001219277	1371.19995117188
2492.10909450659	1356
2494.26756796419	1352.90002441406
2496.42543284989	1367.19995117188
2498.58268944783	1359.59997558594
2500.73933804202	1358.90002441406
2502.8953789163	1353.09997558594
2505.05081235436	1361.40002441406
2507.20563863974	1365
2509.35985805582	1365.69995117188
2511.51347088583	1356.09997558594
2513.66647741285	1372
2515.81887791981	1362.69995117188
2517.97067268946	1368.80004882813
2520.12186200443	1362.19995117188
2522.27244614716	1364.30004882813
2524.42242539999	1355.59997558594
2526.57180004504	1360.40002441406
2528.72057036433	1362.69995117188
2530.8687366397	1360.90002441406
2533.01629915284	1352.30004882813
2535.16325818527	1355.80004882813
2537.30961401839	1367.69995117188
2539.45536693343	1354.90002441406
2541.60051721145	1353.69995117188
2543.74506513338	1350.19995117188
2545.88901097997	1366.09997558594
2548.03235503185	1347.90002441406
2550.17509756946	1364.30004882813
2552.31723887311	1352.90002441406
2554.45877922293	1350.69995117188
2556.59971889893	1362.5
2558.74005818094	1360.09997558594
2560.87979734864	1344.19995117188
2563.01893668155	1360.59997558594
2565.15747645906	1350.69995117188
2567.29541696037	1357.40002441406
2569.43275846454	1358
2571.56950125049	1355
2573.70564559696	1355.5
2575.84119178254	1352
2577.97614008569	1359.69995117188
2580.11049078468	1345.90002441406
2582.24424415764	1359.5
2584.37740048255	1344
2586.50996003722	1364
2588.64192309931	1356.69995117188
2590.77328994634	1357
2592.90406085564	1357.30004882813
2595.03423610442	1355.40002441406
2597.16381596971	1363.19995117188
2599.29280072839	1361.09997558594
2601.42119065719	1361.80004882813
2603.54898603267	1360.69995117188
2605.67618713125	1356.69995117188
2607.80279422919	1367.09997558594
2609.92880760257	1369.40002441406
2612.05422752735	1360.09997558594
2614.17905427932	1353.30004882813
2616.30328813408	1357.30004882813
2618.42692936713	1356.69995117188
2620.54997825377	1368
2622.67243506915	1361.09997558594
2624.79430008828	1363.40002441406
2626.915573586	1361.19995117188
2629.03625583699	1352.69995117188
2631.15634711579	1353.19995117188
2633.27584769675	1356.19995117188
2635.39475785408	1369.40002441406
2637.51307786185	1360.19995117188
2639.63080799394	1363.69995117188
2641.74794852409	1358.5
2643.86449972589	1360.19995117188
2645.98046187273	1371.59997558594
2648.0958352379	1355.19995117188
2650.21062009449	1360
2652.32481671544	1367.90002441406
2654.43842537353	1366.40002441406
2656.5514463414	1360.59997558594
2658.66387989151	1363.09997558594
2660.77572629616	1376
2662.88698582751	1364.40002441406
2664.99765875753	1382
2667.10774535806	1385
2669.21724590076	1378.30004882813
2671.32616065714	1389.19995117188
2673.43448989857	1372.59997558594
2675.5422338962	1370.09997558594
2677.64939292108	1381.30004882813
2679.75596724408	1371.90002441406
2681.86195713589	1368.30004882813
2683.96736286707	1373.59997558594
2686.07218470799	1362.59997558594
2688.17642292889	1364.30004882813
2690.28007779982	1378.90002441406
2692.38314959069	1372.5
2694.48563857123	1356.59997558594
2696.58754501103	1361.59997558594
2698.6888691795	1378.30004882813
2700.78961134588	1356.59997558594
2702.8897717793	1365.80004882813
2704.98935074864	1360.90002441406
2707.08834852271	1356.30004882813
2709.18676537009	1364.90002441406
2711.28460155925	1358.19995117188
2713.38185735843	1369.40002441406
2715.47853303577	1368.5
2717.57462885924	1368.69995117188
2719.67014509659	1356.09997558594
2721.76508201548	1369
2723.85943988337	1364.69995117188
2725.95321896754	1355.80004882813
2728.04641953515	1366.90002441406
2730.13904185316	1365.69995117188
2732.23108618837	1365.30004882813
2734.32255280744	1363.19995117188
2736.41344197683	1357.80004882813
2738.50375396288	1364.40002441406
2740.5934890317	1370.5
2742.68264744932	1352.90002441406
2744.77122948153	1365.40002441406
2746.85923539398	1359.09997558594
2748.94666545217	1363.09997558594
2751.03351992142	1355.30004882813
2753.11979906688	1353.90002441406
2755.20550315355	1356.5
2757.29063244624	1352.80004882813
2759.37518720963	1368.59997558594
2761.45916770819	1359.69995117188
2763.54257420625	1366.30004882813
2765.62540696797	1361.90002441406
2767.70766625733	1364.80004882813
2769.78935233816	1367.5
2771.87046547413	1363.09997558594
2773.95100592869	1352.30004882813
2776.03097396519	1360.80004882813
2778.11036984677	1346.90002441406
2780.18919383641	1355
2782.26744619693	1364.30004882813
2784.34512719097	1364.40002441406
2786.42223708102	1368.19995117188
2788.49877612937	1357.59997558594
2790.57474459816	1363.5
2792.65014274937	1366.80004882813
2794.7249708448	1359.90002441406
2796.79922914607	1359.40002441406
2798.87291791465	1359.69995117188
2800.94603741181	1365.59997558594
2803.01858789869	1366.90002441406
2805.09056963623	1371.69995117188
2807.1619828852	1358.59997558594
2809.23282790621	1359.69995117188
2811.30310495971	1356.5
2813.37281430593	1366.09997558594
2815.441956205	1354
2817.51053091682	1351.59997558594
2819.57853870114	1365.30004882813
2821.64597981753	1369.19995117188
2823.7128545254	1361.90002441406
2825.77916308399	1367.80004882813
2827.84490575233	1359
2829.91008278933	1351.5
2831.97469445369	1354.69995117188
2834.03874100395	1368.40002441406
2836.10222269847	1366.5
2838.16513979544	1359.90002441406
2840.22749255288	1374.59997558594
2842.28928122863	1373.80004882813
2844.35050608034	1364.59997558594
2846.41116736553	1367.30004882813
2848.47126534149	1355.19995117188
2850.53080026537	1375.19995117188
2852.58977239414	1367.40002441406
2854.64818198459	1366.40002441406
2856.70602929332	1359
2858.76331457678	1370.69995117188
2860.82003809123	1374.19995117188
2862.87620009274	1384.5
2864.93180083723	1396.69995117188
2866.98684058043	1383.59997558594
2869.04131957789	1381.09997558594
2871.09523808497	1399
2873.14859635689	1389
2875.20139464866	1378.80004882813
2877.2536332151	1393.59997558594
2879.30531231091	1391.5
2881.35643219054	1398.09997558594
2883.40699310831	1395.40002441406
2885.45699531834	1380.59997558594
2887.50643907457	1399.80004882813
2889.55532463077	1392.30004882813
2891.60365224053	1374.59997558594
2893.65142215724	1394.09997558594
2895.69863463414	1388.69995117188
2897.74528992426	1393.69995117188
2899.79138828046	1392.90002441406
2901.83692995544	1398.59997558594
2903.88191520168	1402.90002441406
2905.92634427151	1387.30004882813
2907.97021741706	1392.30004882813
2910.01353489027	1402
2912.05629694294	1400.69995117188
2914.09850382663	1406.69995117188
2916.14015579276	1419.30004882813
2918.18125309254	1413.09997558594
2920.22179597702	1410.09997558594
2922.26178469705	1426.09997558594
2924.30121950329	1416.30004882813
2926.34010064624	1417.40002441406
2928.37842837619	1429.19995117188
2930.41620294326	1430.5
2932.45342459737	1436.40002441406
2934.49009358828	1417
2936.52621016555	1422
2938.56177457854	1434.5
2940.59678707645	1421.09997558594
2942.63124790827	1412.30004882813
2944.66515732282	1428.30004882813
2946.69851556873	1417.30004882813
2948.73132289443	1410.69995117188
2950.76357954817	1395
2952.79528577803	1411.69995117188
2954.82644183188	1405.19995117188
2956.85704795741	1398.59997558594
2958.8871044021	1389.69995117188
2960.91661141328	1403.19995117188
2962.94556923807	1401.90002441406
2964.97397812339	1400.80004882813
2967.00183831598	1389.5
2969.0291500624	1405
2971.05591360902	1401.19995117188
2973.08212920199	1403.5
2975.1077970873	1381.5
2977.13291751074	1393.69995117188
2979.1574907179	1391.69995117188
2981.18151695419	1397.40002441406
2983.20499646482	1380
2985.2279294948	1391
2987.25031628898	1390.80004882813
2989.27215709199	1384.80004882813
2991.29345214825	1383.09997558594
2993.31420170204	1385.09997558594
2995.33440599738	1374.09997558594
2997.35406527816	1378
2999.37317978802	1382.30004882813
3001.39174977045	1378.80004882813
3003.40977546872	1382.30004882813
3005.42725712591	1383.80004882813
3007.44419498491	1385.09997558594
3009.4605892884	1382.40002441406
3011.47644027889	1390.59997558594
3013.49174819865	1373
3015.5065132898	1377.40002441406
3017.52073579424	1380.30004882813
3019.53441595366	1381.19995117188
3021.54755400959	1380.90002441406
3023.56015020332	1372.30004882813
3025.57220477598	1378.69995117188
3027.58371796846	1372.30004882813
3029.5946900215	1380.30004882813
3031.6051211756	1388.59997558594
3033.61501167107	1379.59997558594
3035.62436174803	1375.40002441406
3037.6331716464	1366
3039.64144160588	1375.80004882813
3041.649171866	1379.5
3043.65636266607	1374.90002441406
3045.6630142452	1382.30004882813
3047.66912684229	1363.80004882813
3049.67470069605	1381.19995117188
3051.679736045	1376.09997558594
3053.68423312742	1368.30004882813
3055.68819218143	1374.19995117188
3057.6916134449	1366
3059.69449715556	1374.19995117188
3061.69684355086	1371.5
3063.6986528681	1374.09997558594
3065.69992534437	1374.40002441406
3067.70066121653	1373
3069.70086072126	1379.30004882813
3071.700524095	1377.30004882813
3073.69965157405	1378.80004882813
3075.69824339442	1367.59997558594
3077.69629979197	1373.69995117188
3079.69382100235	1366.59997558594
3081.69080726098	1370.09997558594
3083.68725880307	1367.40002441406
3085.68317586366	1380.90002441406
3087.67855867755	1374.30004882813
3089.67340747933	1365.69995117188
3091.6677225034	1373.59997558594
3093.66150398392	1378.69995117188
3095.6547521549	1378.30004882813
3097.64746725006	1374
3099.63964950297	1377.59997558594
3101.63129914698	1370.30004882813
3103.6224164152	1371.19995117188
3105.61300154056	1380.69995117188
3107.60305475576	1383.30004882813
3109.59257629331	1376.59997558594
3111.58156638547	1379.09997558594
3113.57002526432	1381.09997558594
3115.55795316172	1375.59997558594
3117.54535030932	1385.90002441406
3119.53221693853	1390.59997558594
3121.51855328057	1374.09997558594
3123.50435956646	1383
3125.48963602698	1381.59997558594
3127.4743828927	1380.80004882813
3129.45860039397	1381.40002441406
3131.44228876093	1376.90002441406
3133.42544822353	1376.5
3135.40807901145	1382.5
3137.39018135418	1380.40002441406
3139.37175548102	1382.09997558594
3141.35280162101	1379.40002441406
3143.33332000299	1379.40002441406
3145.31331085559	1389.30004882813
3147.2927744072	1389.90002441406
3149.27171088602	1378
3151.25012052	1398.80004882813
3153.22800353689	1382.69995117188
3155.20536016422	1385.5
3157.18219062929	1383.19995117188
3159.15849515918	1383.90002441406
3161.13427398075	1379.40002441406
3163.10952732066	1383.40002441406
3165.08425540532	1392.09997558594
3167.05845846092	1386.90002441406
3169.03213671344	1388.40002441406
3171.00529038863	1391.90002441406
3172.97791971203	1392.90002441406
3174.95002490893	1391.40002441406
3176.92160620443	1379.5
3178.89266382337	1391.30004882813
3180.8631979904	1389.80004882813
3182.83320892991	1393.69995117188
3184.80269686609	1378.30004882813
3186.77166202289	1393.5
3188.74010462406	1390.59997558594
3190.70802489307	1389.30004882813
3192.67542305323	1390.80004882813
3194.64229932757	1399.80004882813
3196.60865393892	1401.80004882813
3198.57448710987	1397.19995117188
3200.53979906279	1396.40002441406
3202.50459001981	1394.59997558594
3204.46886020284	1399.40002441406
3206.43260983356	1390
3208.39583913341	1396.80004882813
3210.35854832362	1400
3212.32073762517	1386
3214.28240725881	1400.19995117188
3216.24355744508	1390.5
3218.20418840426	1385.69995117188
3220.16430035642	1392.19995117188
3222.12389352137	1403.80004882813
3224.08296811873	1399.40002441406
3226.04152436784	1397.59997558594
3227.99956248784	1399.59997558594
3229.95708269762	1399.80004882813
3231.91408521584	1398.59997558594
3233.87057026092	1393.19995117188
3235.82653805105	1400.19995117188
3237.78198880419	1397.30004882813
3239.73692273806	1402.40002441406
3241.69134007013	1394.5
3243.64524101764	1405.19995117188
3245.59862579761	1393.69995117188
3247.55149462681	1397.5
3249.50384772176	1400.40002441406
3251.45568529877	1394.5
3253.40700757387	1395.90002441406
3255.35781476288	1398.19995117188
3257.3081070814	1397.59997558594
3259.25788474473	1406.19995117188
3261.20714796799	1403.80004882813
3263.15589696602	1394.19995117188
3265.10413195345	1406.40002441406
3267.05185314463	1408.09997558594
3268.9990607537	1403.59997558594
3270.94575499455	1414.69995117188
3272.89193608081	1409.19995117188
3274.8376042259	1405.09997558594
3276.78275964296	1412.80004882813
3278.72740254492	1400
3280.67153314443	1394.19995117188
3282.61515165393	1405.40002441406
3284.55825828559	1401
3286.50085325135	1408.90002441406
3288.44293676289	1402.69995117188
3290.38450903165	1407.40002441406
3292.32557026883	1408.59997558594
3294.26612068537	1409.90002441406
3296.20616049198	1416.80004882813
3298.14568989911	1393
3300.08470911695	1398.40002441406
3302.02321835546	1402.80004882813
3303.96121782435	1407.69995117188
3305.89870773306	1408.30004882813
3307.83568829081	1406.40002441406
3309.77215970655	1405.40002441406
3311.70812218898	1400.19995117188
3313.64357594655	1408.09997558594
3315.57852118747	1398.59997558594
3317.51295811968	1409.5
3319.44688695087	1401.69995117188
3321.38030788849	1398.69995117188
3323.31322113973	1407.40002441406
3325.24562691152	1412
3327.17752541055	1402.40002441406
3329.10891684322	1394.09997558594
3331.03980141573	1408.09997558594
3332.97017933399	1407.09997558594
3334.90005080364	1405.80004882813
3336.82941603011	1400.19995117188
3338.75827521852	1415.09997558594
3340.68662857377	1400.69995117188
3342.6144763005	1400.30004882813
3344.54181860308	1413.5
3346.46865568561	1410.80004882813
3348.39498775195	1406.30004882813
3350.32081500571	1398.40002441406
3352.24613765022	1422.80004882813
3354.17095588855	1415.19995117188
3356.09526992352	1409.30004882813
3358.01907995769	1410.19995117188
3359.94238619334	1404.59997558594
3361.86518883251	1404.5
3363.78748807697	1404.90002441406
3365.70928412823	1406.90002441406
3367.63057718752	1399.80004882813
3369.55136745582	1409.19995117188
3371.47165513386	1409.90002441406
3373.39144042208	1410.90002441406
3375.31072352066	1399.69995117188
3377.22950462953	1412.69995117188
3379.14778394834	1408
3381.06556167648	1420.40002441406
3382.98283801308	1417.90002441406
3384.89961315697	1400.19995117188
3386.81588730676	1411.69995117188
3388.73166066076	1412.30004882813
3390.64693341702	1418.40002441406
3392.56170577332	1405.69995117188
3394.47597792716	1403
3396.38975007581	1416.09997558594
3398.30302241623	1402.5
3400.21579514512	1412.40002441406
3402.1280684589	1396.80004882813
3404.03984255374	1403.19995117188
3405.95111762553	1424.69995117188
3407.86189386987	1407
3409.77217148212	1412.09997558594
3411.68195065733	1404.59997558594
3413.5912315903	1402.80004882813
3415.50001447556	1403.19995117188
3417.40829950735	1408.80004882813
3419.31608687963	1422.40002441406
3421.22337678611	1406.40002441406
3423.1301694202	1404.40002441406
3425.03646497504	1408.40002441406
3426.9422636435	1401.30004882813
3428.84756561816	1405.90002441406
3430.75237109135	1418
3432.65668025508	1412.40002441406
3434.56049330112	1406
3436.46381042093	1405.90002441406
3438.36663180571	1409.5
3440.26895764638	1405.09997558594
3442.17078813357	1402.5
3444.07212345762	1405.19995117188
3445.97296380863	1397.40002441406
3447.87330937636	1413.80004882813
3449.77316035033	1411
3451.67251691977	1392.40002441406
3453.57137927361	1398.09997558594
3455.46974760052	1400.59997558594
3457.36762208886	1403
3459.26500292671	1397.30004882813
3461.16189030191	1409.19995117188
3463.05828440194	1405.69995117188
3464.95418541406	1406.09997558594
3466.84959352519	1408.19995117188
3468.74450892201	1403.5
3470.63893179088	1394.90002441406
3472.53286231788	1401.30004882813
3474.42630068881	1395.5
3476.31924708918	1401.90002441406
3478.2117017042	1394.5
3480.1036647188	1398.69995117188
3481.99513631761	1392.30004882813
3483.88611668498	1402.59997558594
3485.77660600498	1403.5
3487.66660446135	1405
3489.55611223758	1398.40002441406
3491.44512951683	1390.5
3493.333656482	1396.5
3495.22169331568	1403.30004882813
3497.10924020016	1404.5
3498.99629731746	1406.19995117188
3500.88286484927	1395.40002441406
3502.76894297702	1399.59997558594
3504.65453188182	1399.5
3506.53963174449	1399.19995117188
3508.42424274555	1390.5
3510.30836506524	1388.19995117188
3512.19199888349	1389.5
3514.07514437992	1378.40002441406
3515.95780173387	1395.30004882813
3517.83997112437	1373.80004882813
3519.72165273016	1389.80004882813
3521.60284672967	1395.40002441406
3523.48355330104	1393.69995117188
3525.36377262208	1393.80004882813
3527.24350487035	1368.90002441406
3529.12275022306	1388.19995117188
3531.00150885715	1390.30004882813
3532.87978094923	1387.80004882813
3534.75756667562	1385.09997558594
3536.63486621235	1380.90002441406
3538.51167973512	1378.19995117188
3540.38800741934	1377.69995117188
3542.26384944011	1375.69995117188
3544.13920597223	1383.80004882813
3546.01407719018	1388.30004882813
3547.88846326815	1378.90002441406
3549.76236438002	1381.59997558594
3551.63578069934	1385.19995117188
3553.50871239938	1370.5
3555.38115965309	1382.19995117188
3557.25312263311	1376.59997558594
3559.12460151177	1376
3560.99559646109	1386.19995117188
3562.86610765279	1380.80004882813
3564.73613525825	1373.69995117188
3566.60567944857	1375.19995117188
3568.47474039453	1372.90002441406
3570.34331826658	1367
3572.21141323487	1371.40002441406
3574.07902546925	1377.80004882813
3575.94615513922	1376.90002441406
3577.81280241401	1379
3579.67896746249	1368.59997558594
3581.54465045325	1380.59997558594
3583.40985155455	1378.09997558594
3585.27457093432	1362.30004882813
3587.1388087602	1373.5
3589.00256519949	1375.09997558594
3590.86584041919	1382
3592.72863458597	1386.30004882813
3594.59094786618	1367.40002441406
3596.45278042585	1376.09997558594
3598.31413243069	1373.59997558594
3600.17500404611	1380.19995117188
3602.03539543717	1362.90002441406
3603.89530676861	1365.09997558594
3605.75473820488	1372.69995117188
3607.61368991007	1372.09997558594
3609.47216204797	1390.30004882813
3611.33015478203	1367.69995117188
3613.18766827539	1374.40002441406
3615.04470269087	1378.09997558594
3616.90125819094	1379.40002441406
3618.75733493776	1374.5
3620.61293309318	1373
3622.46805281869	1376.90002441406
3624.32269427547	1367.80004882813
3626.17685762439	1377
3628.03054302596	1368.09997558594
3629.88375064038	1374.59997558594
3631.73648062751	1361.19995117188
3633.5887331469	1373.59997558594
3635.44050835775	1362.40002441406
3637.29180641893	1369.40002441406
3639.14262748899	1365.40002441406
3640.99297172614	1375.19995117188
3642.84283928828	1361.19995117188
3644.69223033294	1371.90002441406
3646.54114501734	1362.5
3648.38958349836	1382
3650.23754593256	1364.40002441406
3652.08503247614	1372.30004882813
3653.93204328497	1360.90002441406
3655.77857851462	1355.19995117188
3657.62463832028	1360.40002441406
3659.47022285682	1358
3661.31533227877	1367.30004882813
3663.15996674033	1358.5
3665.00412639535	1362.40002441406
3666.84781139736	1353.19995117188
3668.69102189953	1365.30004882813
3670.5337580547	1371
3672.37602001537	1349.80004882813
3674.21780793368	1354
3676.05912196148	1365.59997558594
3677.89996225021	1353.40002441406
3679.74032895103	1353.09997558594
3681.58022221471	1351.30004882813
3683.41964219171	1354.30004882813
3685.25858903211	1354
3687.0970628857	1357.5
3688.93506390186	1362.09997558594
3690.77259222968	1356.69995117188
3692.60964801787	1356.5
3694.44623141481	1360.30004882813
3696.28234256853	1356.19995117188
3698.11798162669	1343.09997558594
3699.95314873665	1340.59997558594
3701.78784404537	1357.30004882813
3703.62206769951	1364.59997558594
3705.45581984533	1349.09997558594
3707.28910062877	1352.90002441406
3709.12191019542	1364.30004882813
3710.95424869052	1361.30004882813
3712.78611625894	1361.90002441406
3714.6175130452	1359.69995117188
3716.44843919349	1354.5
3718.27889484764	1361.19995117188
3720.1088801511	1354.40002441406
3721.93839524699	1361.30004882813
3723.76744027808	1361.30004882813
3725.59601538677	1358.69995117188
3727.4241207151	1360.09997558594
