40.2973356941271	1125.30004882813
43.2236257608418	1128.80004882813
46.1488808466109	1129
49.0731017336173	1128.09997558594
51.9962892025666	1129.80004882813
54.9184440327569	1130
57.8395670020446	1129
60.7596588868509	1130.40002441406
63.6787204621708	1131.59997558594
66.5967525015794	1135.59997558594
69.5137557772381	1135.30004882813
72.4297310598838	1134.5
75.3446791188512	1141
78.2586007220466	1144.69995117188
81.1714966360015	1145.5
84.0833676258266	1152.5
86.994214455242	1156.19995117188
89.9040378865662	1166.40002441406
92.8128386807427	1165.09997558594
95.7206175973133	1176
98.6273753944444	1171.80004882813
101.533112828928	1175.09997558594
104.437830656161	1181.5
107.34152963018	1175.5
110.244210503676	1180.09997558594
113.145874027931	1170.59997558594
116.046520952895	1173.5
118.946152027154	1169.30004882813
121.844767997933	1171.30004882813
124.74236961111	1173.80004882813
127.638957611212	1170.80004882813
130.534532741422	1166.69995117188
133.429095743606	1166.69995117188
136.322647358252	1169
139.215188324544	1168.59997558594
142.106719380311	1165.09997558594
144.997241262089	1167.30004882813
147.886754705057	1172.09997558594
150.775260443096	1165.5
153.662759208748	1166.09997558594
156.549251733282	1167.30004882813
159.434738746612	1169.59997558594
162.319220977376	1167.90002441406
165.20269915289	1167.19995117188
168.085173999178	1169
170.966646240977	1160.19995117188
173.847116601709	1160.90002441406
176.726585803528	1162.69995117188
179.605054567295	1164.80004882813
182.48252361259	1166.59997558594
185.358993657701	1162
188.234465419645	1162.19995117188
191.108939614183	1160.19995117188
193.982416955795	1159.09997558594
196.854898157687	1161.69995117188
199.726383931801	1158.30004882813
202.596874988835	1160.80004882813
205.466372038225	1164
208.334875788145	1158.80004882813
211.202386945534	1160.80004882813
214.068906216069	1161.19995117188
216.934434304194	1156.59997558594
219.798971913111	1154.30004882813
222.662519744776	1163.30004882813
225.525078499925	1165.59997558594
228.386648878069	1159.09997558594
231.247231577465	1156.09997558594
234.106827295172	1158.5
236.965436727012	1162.40002441406
239.823060567597	1155.40002441406
242.679699510337	1159.80004882813
245.535354247396	1151.40002441406
248.390025469775	1157
251.243713867223	1157.30004882813
254.096420128327	1157.90002441406
256.948144940459	1155.30004882813
259.798888989788	1152.40002441406
262.648652961315	1154
265.49743753883	1156.09997558594
268.345243404939	1153.90002441406
271.192071241073	1157.69995117188
274.037921727485	1156.30004882813
276.882795543246	1154.59997558594
279.72669336624	1154.90002441406
282.569615873213	1157.09997558594
285.411563739724	1150.80004882813
288.252537640165	1153.80004882813
291.092538247763	1153.5
293.931566234616	1154.69995117188
296.769622271633	1153.69995117188
299.606707028594	1153.30004882813
302.442821174104	1157.40002441406
305.277965375652	1155.40002441406
308.112140299574	1154.30004882813
310.945346611062	1157.80004882813
313.777584974167	1150.80004882813
316.608856051813	1155.80004882813
319.439160505797	1153.09997558594
322.268498996783	1152
325.096872184303	1155.5
327.924280726782	1157.40002441406
330.750725281521	1152.19995117188
333.576206504693	1157
336.400725051388	1149.90002441406
339.224281575542	1155.19995117188
342.046876730026	1154.09997558594
344.868511166586	1152.19995117188
347.689185535872	1151.19995117188
350.508900487421	1154.69995117188
353.327656669699	1155
356.145454730079	1156.90002441406
358.962295314817	1157.69995117188
361.778179069105	1150.90002441406
364.593106637051	1151.30004882813
367.407078661675	1152.59997558594
370.220095784913	1152.09997558594
373.032158647655	1155
375.843267889676	1153.90002441406
378.653424149715	1154.30004882813
381.462628065436	1153.09997558594
384.270880273432	1153.09997558594
387.078181409254	1151.40002441406
389.884532107358	1154.59997558594
392.689933001188	1154.09997558594
395.494384723112	1154.40002441406
398.29788790445	1153.19995117188
401.100443175488	1156.19995117188
403.902051165437	1150
406.702712502518	1156.90002441406
409.502427813866	1159.69995117188
412.301197725607	1155
415.099022862823	1155.59997558594
417.89590384957	1158.59997558594
420.691841308876	1157.90002441406
423.486835862752	1156.40002441406
426.280888132173	1149.69995117188
429.073998737112	1154.80004882813
431.866168296507	1153.80004882813
434.657397428298	1154.40002441406
437.447686749412	1156.19995117188
440.237036875762	1156.5
443.025448422257	1153.30004882813
445.812922002813	1159.59997558594
448.599458230326	1154.59997558594
451.38505771672	1158.19995117188
454.169721072909	1158.69995117188
456.953448908819	1155.5
459.736241833384	1158.09997558594
462.518100454555	1154.40002441406
465.2990253793	1152.09997558594
468.079017213605	1157
470.858076562476	1154.59997558594
473.636204029939	1157.30004882813
476.41340021906	1156
479.189665731938	1151.80004882813
481.965001169667	1153.19995117188
484.739407132419	1153.80004882813
487.512884219391	1159.5
490.285433028796	1154.69995117188
493.057054157921	1152.30004882813
495.827748203087	1157.69995117188
498.597515759658	1153.69995117188
501.366357422061	1156.59997558594
504.134273783759	1158.90002441406
506.901265437278	1153.19995117188
509.66733297421	1153
512.432476985198	1155.80004882813
515.196698059945	1155.80004882813
517.959996787225	1154.5
520.722373754895	1156.69995117188
523.483829549856	1153.5
526.24436475811	1151
529.003979964696	1158.80004882813
531.762675753779	1156
534.520452708569	1158.59997558594
537.277311411375	1157.5
540.03325244359	1155.5
542.788276385682	1160.09997558594
545.54238381725	1153.90002441406
548.295575316938	1154.5
551.047851462516	1158.80004882813
553.799212830831	1156.80004882813
556.549659997851	1151.59997558594
559.299193538643	1159
562.047814027381	1159.30004882813
564.795522037318	1152.80004882813
567.542318140861	1160.80004882813
570.288202909507	1159.59997558594
573.033176913873	1161.19995117188
575.7772407237	1155.90002441406
578.520394907829	1161.69995117188
581.26264003424	1156.80004882813
584.003976670046	1160
586.744405381469	1153.5
589.483926733869	1154.40002441406
592.222541291746	1155.30004882813
594.96024961872	1161
597.697052277563	1162.5
600.432949830166	1155.30004882813
603.167942837587	1156.40002441406
605.902031860012	1158
608.635217456783	1156.80004882813
611.367500186378	1159
614.098880606429	1159.80004882813
616.82935927374	1158.5
619.558936744248	1158.40002441406
622.287613573072	1161.69995117188
625.015390314457	1157.90002441406
627.742267521848	1156.80004882813
630.468245747829	1159.69995117188
633.193325544166	1155.59997558594
635.917507461792	1158.09997558594
638.640792050804	1155.80004882813
641.36317986048	1155.80004882813
644.084671439281	1157
646.805267334845	1158.30004882813
649.524968093967	1165.90002441406
652.24377426266	1161
654.961686386106	1155.19995117188
657.678705008678	1157.30004882813
660.394830673939	1157.40002441406
663.110063924628	1161.80004882813
665.824405302728	1156.5
668.537855349351	1158.80004882813
671.250414604863	1155.59997558594
673.962083608812	1153.69995117188
676.672862899949	1155.80004882813
679.382753016218	1156.90002441406
682.091754494801	1159.30004882813
684.799867872061	1160.40002441406
687.507093683595	1157
690.213432464198	1158.40002441406
692.918884747899	1159.30004882813
695.623451067937	1162
698.327131956755	1157.90002441406
701.029927946065	1162.90002441406
703.731839566754	1158.69995117188
706.43286734896	1159.59997558594
709.133011822067	1160.40002441406
711.832273514658	1158.59997558594
714.53065295457	1161.09997558594
717.228150668879	1160
719.924767183889	1159.19995117188
722.620503025148	1156.30004882813
725.315358717446	1162.90002441406
728.009334784827	1159.40002441406
730.702431750559	1162.40002441406
733.394650137188	1158.09997558594
736.085990466498	1160.90002441406
738.776453259519	1160.69995117188
741.466039036542	1161.80004882813
744.154748317125	1158.90002441406
746.842581620074	1160.80004882813
749.529539463458	1163
752.215622364608	1162.69995117188
754.900830840131	1158.90002441406
757.585165405892	1162.09997558594
760.26862657703	1156.5
762.951214867957	1164.90002441406
765.632930792356	1164.09997558594
768.313774863181	1162.90002441406
770.993747592673	1160.90002441406
773.672849492359	1162.19995117188
776.351081073017	1160.19995117188
779.028442844757	1165.30004882813
781.704935316928	1159.40002441406
784.380558998208	1157.19995117188
787.055314396528	1159.5
789.729202019141	1158.69995117188
792.402222372581	1159.09997558594
795.074375962669	1160.40002441406
797.745663294537	1159.19995117188
800.416084872622	1164.5
803.085641200652	1159.69995117188
805.754332781664	1154.09997558594
808.422160117986	1155.90002441406
811.089123711292	1162.19995117188
813.75522406252	1165.30004882813
816.420461671951	1161.80004882813
819.084837039164	1162
821.748350663067	1162
824.411003041866	1162.5
827.072794673116	1160.40002441406
829.733726053668	1162.09997558594
832.39379767971	1159.5
835.05301004674	1162.30004882813
837.711363649601	1164.80004882813
840.368858982457	1157.90002441406
843.025496538805	1159.40002441406
845.681276811467	1163.09997558594
848.336200292618	1163.59997558594
850.99026747375	1161.19995117188
853.643478845713	1166.19995117188
856.29583489868	1165.40002441406
858.947336122176	1161.80004882813
861.59798300506	1164.09997558594
864.247776035556	1161.19995117188
866.896715701222	1156
869.544802488959	1162.5
872.192036885046	1159.90002441406
874.838419375087	1161.80004882813
877.483950444054	1164.80004882813
880.128630576285	1165.5
882.772460255461	1165.30004882813
885.415439964628	1166.19995117188
888.057570186211	1159.40002441406
890.698851401966	1164.19995117188
893.339284093045	1167.90002441406
895.978868739961	1161.69995117188
898.617605822596	1162.80004882813
901.255495820196	1166.19995117188
903.892539211396	1167.40002441406
906.528736474184	1165.90002441406
909.164088085949	1158.09997558594
911.798594523442	1163.69995117188
914.432256262804	1164.30004882813
917.065073779549	1164.69995117188
919.697047548589	1160.09997558594
922.328178044212	1162.09997558594
924.9584657401	1166.19995117188
927.587911109317	1166.40002441406
930.216514624317	1170.5
932.844276756963	1162.19995117188
935.471197978488	1164.59997558594
938.097278759538	1166.09997558594
940.722519570163	1162.69995117188
943.346920879798	1164.59997558594
945.97048315729	1170
948.593206870885	1164.59997558594
951.215092488219	1166.5
953.836140476366	1164.59997558594
956.456351301787	1165.80004882813
959.07572543037	1160.40002441406
961.694263327369	1166.19995117188
964.311965457521	1161.90002441406
966.928832284933	1162
969.544864273135	1161.40002441406
972.160061885076	1164.59997558594
974.774425583129	1163.09997558594
977.387955829099	1169.5
980.000653084196	1164.19995117188
982.612517809061	1163
985.223550463768	1163.30004882813
987.833751507819	1164.5
990.443121400135	1169.19995117188
993.051660599081	1162.69995117188
995.659369562449	1164
998.266248747469	1171.69995117188
1000.87229861081	1167.80004882813
1003.47751960857	1166.59997558594
1006.0819121963	1163.59997558594
1008.68547682897	1165
1011.28821396104	1166.59997558594
1013.89012404635	1167.30004882813
1016.49120753824	1164.40002441406
1019.09146488947	1165.69995117188
1021.69089655226	1166.40002441406
1024.28950297827	1160.59997558594
1026.88728461863	1163.59997558594
1029.48424192392	1164.09997558594
1032.08037534416	1163.69995117188
1034.67568532886	1167.69995117188
1037.27017232694	1169.09997558594
1039.86383678682	1164.09997558594
1042.45667915637	1165.30004882813
1045.04869988293	1163.19995117188
1047.6398994133	1166.09997558594
1050.23027819374	1169.59997558594
1052.81983666998	1162.09997558594
1055.40857528724	1167.59997558594
1057.99649449018	1165.09997558594
1060.58359472296	1161.90002441406
1063.1698764292	1162.09997558594
1065.755340052	1166.09997558594
1068.33998603393	1168.19995117188
1070.92381481706	1163.40002441406
1073.50682684291	1167.80004882813
1076.08902255251	1168.30004882813
1078.67040238637	1162.59997558594
1081.25096678445	1164.59997558594
1083.83071618624	1166.19995117188
1086.4096510307	1165.59997558594
1088.98777175629	1165.09997558594
1091.56507880094	1168.59997558594
1094.14157260208	1168.19995117188
1096.71725359664	1159.59997558594
1099.29212222106	1166.30004882813
1101.86617891125	1164.40002441406
1104.43942410262	1165.40002441406
1107.01185823011	1166
1109.58348172812	1165.30004882813
1112.15429503057	1166.19995117188
1114.7242985709	1160.69995117188
1117.29349278203	1169
1119.86187809642	1169
1122.42945494599	1166.19995117188
1124.99622376222	1170.19995117188
1127.56218497606	1168.40002441406
1130.12733901801	1167.80004882813
1132.69168631804	1165.5
1135.25522730568	1164.19995117188
1137.81796240995	1160.80004882813
1140.37989205941	1163.90002441406
1142.9410166821	1167.09997558594
1145.50133670561	1164
1148.06085255708	1163.69995117188
1150.61956466311	1164
1153.17747344987	1165
1155.73457934305	1166.09997558594
1158.29088276786	1168.69995117188
1160.84638414903	1165.80004882813
1163.40108391085	1164.40002441406
1165.95498247711	1168.69995117188
1168.50808027116	1164.09997558594
1171.06037771587	1165.19995117188
1173.61187523364	1167.30004882813
1176.16257324643	1165.80004882813
1178.71247217573	1162.69995117188
1181.26157244255	1161.30004882813
1183.80987446746	1163
1186.35737867059	1167.19995117188
1188.90408547157	1164.40002441406
1191.44999528961	1162.40002441406
1193.99510854347	1165.69995117188
1196.53942565142	1167.09997558594
1199.08294703133	1165
1201.62567310057	1169.40002441406
1204.16760427611	1172.19995117188
1206.70874097445	1166.5
1209.24908361163	1169.40002441406
1211.78863260327	1169.80004882813
1214.32738836454	1162.90002441406
1216.86535131017	1170.5
1219.40252185445	1167.19995117188
1221.93890041121	1170.59997558594
1224.47448739389	1166.80004882813
1227.00928321544	1165
1229.54328828842	1168.90002441406
1232.07650302491	1170.09997558594
1234.60892783662	1169.80004882813
1237.14056313477	1165
1239.67140933017	1170.30004882813
1242.2014668332	1171.09997558594
1244.73073605384	1175.69995117188
1247.25921740159	1171.80004882813
1249.78691128558	1168.40002441406
1252.31381811448	1165.69995117188
1254.83993829655	1164.30004882813
1257.36527223962	1171.59997558594
1259.88982035112	1170
1262.41358303803	1166.09997558594
1264.93656070696	1172.09997558594
1267.45875376405	1169.5
1269.98016261505	1169.30004882813
1272.50078766531	1171.30004882813
1275.02062931974	1176.09997558594
1277.53968798285	1172.09997558594
1280.05796405875	1170.59997558594
1282.57545795112	1167.30004882813
1285.09217006325	1171.30004882813
1287.60810079802	1165.69995117188
1290.12325055788	1166.5
1292.63761974492	1174
1295.15120876079	1167.5
1297.66401800676	1170.69995117188
1300.17604788367	1172.30004882813
1302.687298792	1169.69995117188
1305.19777113181	1168.80004882813
1307.70746530274	1172.59997558594
1310.21638170408	1175.59997558594
1312.7245207347	1174.30004882813
1315.23188279307	1169.69995117188
1317.73846827728	1167.09997558594
1320.24427758502	1171.59997558594
1322.74931111359	1175.59997558594
1325.25356925991	1171
1327.75705242051	1172.40002441406
1330.25976099151	1174.80004882813
1332.76169536868	1170.5
1335.26285594737	1174.59997558594
1337.76324312256	1167.80004882813
1340.26285728887	1168.59997558594
1342.76169884052	1170.19995117188
1345.25976817132	1169.40002441406
1347.75706567474	1166.80004882813
1350.25359174387	1168.90002441406
1352.74934677141	1174.59997558594
1355.24433114968	1168.59997558594
1357.73854527062	1171.19995117188
1360.23198952583	1173.30004882813
1362.7246643065	1169.59997558594
1365.21657000347	1168.09997558594
1367.7077070072	1166.19995117188
1370.19807570777	1165.5
1372.68767649492	1169.5
1375.176509758	1170
1377.66457588599	1172
1380.15187526753	1170.30004882813
1382.63840829087	1164.59997558594
1385.1241753439	1174
1387.60917681417	1170.19995117188
1390.09341308884	1168.40002441406
1392.57688455474	1172.90002441406
1395.05959159829	1166.90002441406
1397.54153460562	1169.30004882813
1400.02271396243	1171.19995117188
1402.50313005414	1169.80004882813
1404.98278326576	1167.90002441406
1407.46167398196	1168.5
1409.93980258707	1176.69995117188
1412.41716946504	1166.5
1414.89377499951	1174.09997558594
1417.36961957373	1169.40002441406
1419.84470357062	1171
1422.31902737275	1174.90002441406
1424.79259136235	1168.90002441406
1427.26539592129	1174.90002441406
1429.73744143111	1172.09997558594
1432.20872827299	1171.69995117188
1434.67925682777	1170.59997558594
1437.14902747597	1171.80004882813
1439.61804059773	1176.30004882813
1442.0862965729	1174.59997558594
1444.55379578093	1174.80004882813
1447.02053860099	1176.59997558594
1449.48652541188	1176.09997558594
1451.95175659206	1172.90002441406
1454.41623251969	1176.30004882813
1456.87995357255	1174.69995117188
1459.34292012811	1174.80004882813
1461.80513256351	1173.40002441406
1464.26659125557	1171.19995117188
1466.72729658073	1174.69995117188
1469.18724891517	1171.09997558594
1471.64644863469	1173.69995117188
1474.10489611478	1165.90002441406
1476.5625917306	1169.80004882813
1479.01953585699	1170.5
1481.47572886844	1171.40002441406
1483.93117113917	1169.40002441406
1486.38586304302	1169.5
1488.83980495354	1167.09997558594
1491.29299724395	1173.69995117188
1493.74544028715	1172
1496.19713445573	1169.40002441406
1498.64808012193	1173.59997558594
1501.09827765772	1171.59997558594
1503.54772743471	1172.40002441406
1505.99642982421	1174.19995117188
1508.44438519723	1171.30004882813
1510.89159392446	1168.59997558594
1513.33805637625	1176
1515.78377292266	1168.5
1518.22874393346	1169.69995117188
1520.67296977806	1170.30004882813
1523.11645082559	1175.69995117188
1525.55918744488	1169.90002441406
1528.00118000444	1171.09997558594
1530.44242887245	1172
1532.88293441684	1173.30004882813
1535.32269700517	1173.80004882813
1537.76171700475	1174
1540.19999478255	1170.40002441406
1542.63753070526	1169.40002441406
1545.07432513925	1171.5
1547.5103784506	1169
1549.94569100509	1167
1552.38026316819	1168
1554.8140953051	1173.30004882813
1557.24718778067	1171
1559.67954095952	1168.5
1562.11115520592	1172.5
1564.54203088386	1170.40002441406
1566.97216835704	1171.09997558594
1569.40156798888	1177.19995117188
1571.83023014248	1175.90002441406
1574.25815518067	1174.30004882813
1576.68534346597	1172.90002441406
1579.11179536062	1169.69995117188
1581.53751122658	1169.19995117188
1583.9624914255	1173.5
1586.38673631876	1170.69995117188
1588.81024626745	1176.69995117188
1591.23302163235	1174.09997558594
1593.655062774	1172.69995117188
1596.07637005262	1178.80004882813
1598.49694382815	1171.69995117188
1600.91678446025	1170.59997558594
1603.33589230831	1176.5
1605.75426773142	1173.5
1608.1719110884	1175.80004882813
1610.58882273779	1172.5
1613.00500303784	1172.59997558594
1615.42045234654	1178
1617.83517102158	1176.90002441406
1620.24915942039	1179.09997558594
1622.66241790012	1176.19995117188
1625.07494681764	1176.19995117188
1627.48674652954	1172.59997558594
1629.89781739216	1177
1632.30815976152	1176.19995117188
1634.71777399343	1173.40002441406
1637.12666044338	1179.80004882813
1639.53481946661	1181.69995117188
1641.94225141808	1175.40002441406
1644.34895665248	1187.80004882813
1646.75493552424	1176.80004882813
1649.16018838752	1180.09997558594
1651.56471559621	1181.80004882813
1653.96851750392	1174.90002441406
1656.37159446403	1177.69995117188
1658.7739468296	1176.69995117188
1661.17557495349	1180.5
1663.57647918824	1176.69995117188
1665.97665988617	1182.09997558594
1668.37611739929	1179.5
1670.77485207939	1175.90002441406
1673.17286427799	1171.09997558594
1675.57015434633	1172.69995117188
1677.96672263542	1170.40002441406
1680.36256949598	1172.09997558594
1682.7576952785	1173.5
1685.15210033318	1177.09997558594
1687.54578501	1182.09997558594
1689.93874965866	1175.69995117188
1692.33099462861	1174.40002441406
1694.72252026904	1172.19995117188
1697.11332692889	1175.90002441406
1699.50341495686	1171.30004882813
1701.89278470137	1174.19995117188
1704.28143651061	1172.80004882813
1706.66937073251	1169.90002441406
1709.05658771473	1175.90002441406
1711.44308780473	1171.09997558594
1713.82887134968	1173.5
1716.21393869648	1170.5
1718.59829019185	1168.19995117188
1720.98192618221	1169.69995117188
1723.36484701374	1169.40002441406
1725.74705303238	1171.59997558594
1728.12854458384	1169.09997558594
1730.50932201356	1166.30004882813
1732.88938566673	1177.59997558594
1735.26873588834	1171.19995117188
1737.64737302307	1172.09997558594
1740.02529741544	1166.19995117188
1742.40250940964	1171.90002441406
1744.77900934969	1166.80004882813
1747.15479757933	1172.19995117188
1749.52987444206	1172.09997558594
1751.90424028116	1169.09997558594
1754.27789543967	1170.09997558594
1756.65084026037	1175.30004882813
1759.02307508582	1171.5
1761.39460025833	1173.5
1763.76541612	1174.30004882813
1766.13552301265	1174.30004882813
1768.50492127791	1175.5
1770.87361125714	1172.59997558594
1773.2415932915	1170.90002441406
1775.60886772188	1168
1777.97543488896	1175.19995117188
1780.34129513318	1172.69995117188
1782.70644879475	1167.30004882813
1785.07089621365	1176
1787.43463772964	1167.90002441406
1789.7976736822	1170.40002441406
1792.16000441066	1171
1794.52163025405	1170.5
1796.88255155121	1170.80004882813
1799.24276864074	1170.40002441406
1801.60228186102	1171.90002441406
1803.96109155019	1175
1806.31919804618	1171.59997558594
1808.67660168668	1170.30004882813
1811.03330280916	1171.19995117188
1813.38930175088	1170.30004882813
1815.74459884884	1171.09997558594
1818.09919443984	1172.09997558594
1820.45308886047	1170.40002441406
1822.80628244708	1173.59997558594
1825.1587755358	1169.80004882813
1827.51056846254	1176.09997558594
1829.86166156297	1171.59997558594
1832.21205517258	1174.30004882813
1834.56174962661	1175.59997558594
1836.91074526009	1176.69995117188
1839.25904240783	1169.30004882813
1841.60664140443	1170.90002441406
1843.95354258425	1171
1846.29974628146	1171.09997558594
1848.64525282998	1171.59997558594
1850.99006256356	1171.90002441406
1853.3341758157	1170.40002441406
1855.67759291968	1173.5
1858.02031420858	1176
1860.36234001528	1168.19995117188
1862.70367067241	1170.59997558594
1865.04430651244	1165.09997558594
1867.38424786755	1168.5
1869.72349506978	1175.5
1872.06204845094	1173
1874.39990834258	1171.19995117188
1876.73707507612	1173.69995117188
1879.07354898269	1167.90002441406
1881.40933039328	1172.40002441406
1883.74441963861	1178.19995117188
1886.07881704925	1167.59997558594
1888.41252295551	1170.40002441406
1890.74553768751	1172.59997558594
1893.07786157519	1171.90002441406
1895.40949494822	1169.30004882813
1897.74043813615	1168.80004882813
1900.07069146823	1171.40002441406
1902.40025527357	1172.19995117188
1904.72912988106	1171.09997558594
1907.05731561938	1171.90002441406
1909.38481281699	1174.59997558594
1911.71162180217	1172.09997558594
1914.037742903	1172
1916.36317644734	1174.19995117188
1918.68792276284	1173.90002441406
1921.01198217697	1172
1923.33535501699	1172.59997558594
1925.65804160996	1175.19995117188
1927.98004228273	1169.30004882813
1930.30135736196	1175.19995117188
1932.6219871741	1175.80004882813
1934.94193204543	1172.19995117188
1937.26119230198	1171.59997558594
1939.57976826962	1172.59997558594
1941.89766027402	1173.30004882813
1944.21486864062	1173.09997558594
1946.53139369472	1172.69995117188
1948.84723576137	1172.30004882813
1951.16239516543	1173.80004882813
1953.47687223159	1177.5
1955.79066728434	1172.30004882813
1958.10378064794	1172.59997558594
1960.4162126465	1176.09997558594
1962.7279636039	1172.09997558594
1965.03903384385	1177.69995117188
1967.34942368987	1176
1969.65913346524	1168.30004882813
1971.96816349311	1178.40002441406
1974.2765140964	1175.19995117188
1976.58418559784	1166.09997558594
1978.89117831997	1175
1981.19749258516	1171
1983.50312871555	1170.69995117188
1985.80808703313	1170.69995117188
1988.11236785967	1176.59997558594
1990.41597151676	1173
1992.71889832581	1173.30004882813
1995.02114860801	1176.09997558594
1997.3227226844	1172.40002441406
1999.62362087581	1172.69995117188
2001.92384350288	1183.30004882813
2004.22339088608	1174.19995117188
2006.52226334567	1180.19995117188
2008.82046120173	1174.59997558594
2011.11798477417	1175.09997558594
2013.41483438269	1173.40002441406
2015.71101034681	1177.09997558594
2018.00651298588	1177
2020.30134261905	1177.09997558594
2022.59549956528	1174.19995117188
2024.88898414337	1170.80004882813
2027.1817966719	1171
2029.4739374693	1175.09997558594
2031.76540685379	1172.80004882813
2034.05620514342	1177.80004882813
2036.34633265607	1175.69995117188
2038.6357897094	1171.90002441406
2040.92457662092	1174.69995117188
2043.21269370795	1173.09997558594
2045.50014128763	1171.40002441406
2047.78691967691	1174.5
2050.07302919256	1171.30004882813
2052.35847015118	1176.40002441406
2054.64324286919	1173.59997558594
2056.9273476628	1181.40002441406
2059.21078484808	1173.19995117188
2061.4935547409	1171.40002441406
2063.77565765696	1173.09997558594
2066.05709391176	1173.80004882813
2068.33786382065	1174.90002441406
2070.61796769879	1177.40002441406
2072.89740586116	1180.09997558594
2075.17617862255	1174.69995117188
2077.45428629759	1169.19995117188
2079.73172920075	1174.80004882813
2082.00850764627	1171
2084.28462194827	1173.59997558594
2086.56007242065	1173.69995117188
2088.83485937717	1176.30004882813
2091.10898313139	1178.19995117188
2093.3824439967	1172.80004882813
2095.65524228632	1169.09997558594
2097.92737831328	1172.59997558594
2100.19885239047	1177.30004882813
2102.46966483057	1174.30004882813
2104.7398159461	1178.80004882813
2107.00930604941	1173.09997558594
2109.27813545267	1174.40002441406
2111.54630446787	1171.59997558594
2113.81381340685	1177.5
2116.08066258126	1173.59997558594
2118.34685230257	1178.59997558594
2120.61238288211	1174
2122.87725463099	1173.80004882813
2125.1414678602	1174.40002441406
2127.40502288052	1176.5
2129.66792000257	1176.40002441406
2131.93015953682	1175.90002441406
2134.19174179353	1172.40002441406
2136.45266708282	1177.90002441406
2138.71293571463	1180
2140.97254799873	1177.40002441406
2143.23150424473	1170.5
2145.48980476205	1174.30004882813
2147.74744985996	1174
2150.00443984754	1174.40002441406
2152.26077503373	1174.19995117188
2154.51645572728	1176.59997558594
2156.77148223677	1172
2159.02585487064	1174.90002441406
2161.27957393713	1177.30004882813
2163.53263974432	1176.40002441406
2165.78505260012	1181.30004882813
2168.0368128123	1174.69995117188
2170.28792068844	1171.90002441406
2172.53837653595	1178.5
2174.78818066207	1174.90002441406
2177.03733337389	1180.09997558594
2179.28583497833	1175
2181.53368578214	1177.09997558594
2183.78088609192	1179.80004882813
2186.02743621406	1172.59997558594
2188.27333645484	1175.30004882813
2190.51858712033	1175.5
2192.76318851646	1167.80004882813
2195.00714094901	1173.30004882813
2197.25044472354	1179.19995117188
2199.49310014551	1175.90002441406
2201.73510752018	1173.80004882813
2203.97646715265	1179.59997558594
2206.21717934786	1174.90002441406
2208.45724441058	1174.69995117188
2210.69666264543	1174.69995117188
2212.93543435686	1175
2215.17355984914	1181.90002441406
2217.41103942642	1170.80004882813
2219.64787339264	1174.19995117188
2221.8840620516	1175.09997558594
2224.11960570695	1176.40002441406
2226.35450466215	1171.40002441406
2228.58875922051	1175.19995117188
2230.82236968518	1176
2233.05533635916	1175.40002441406
2235.28765954527	1176.5
2237.51933954617	1178.19995117188
2239.75037666437	1180.90002441406
2241.98077120221	1175.30004882813
2244.21052346188	1179.40002441406
2246.4396337454	1175.30004882813
2248.66810235461	1176.09997558594
2250.89592959125	1177.90002441406
2253.12311575681	1174.09997558594
2255.34966115272	1176.80004882813
2257.57556608017	1173.40002441406
2259.80083084023	1175.09997558594
2262.02545573381	1176.30004882813
2264.24944106163	1177.30004882813
2266.47278712429	1177.5
2268.69549422221	1176.69995117188
2270.91756265564	1174.69995117188
2273.1389927247	1178.80004882813
2275.35978472934	1182.5
2277.57993896933	1171.5
2279.79945574431	1173.09997558594
2282.01833535375	1172.69995117188
2284.23657809696	1172.19995117188
2286.45418427309	1174.5
2288.67115418114	1175.09997558594
2290.88748811995	1177.30004882813
2293.10318638819	1172
2295.3182492844	1175.40002441406
2297.53267710693	1176.30004882813
2299.746470154	1174.19995117188
2301.95962872364	1174.90002441406
2304.17215311376	1181.80004882813
2306.3840436221	1171.30004882813
2308.59530054621	1175.40002441406
2310.80592418354	1168.80004882813
2313.01591483134	1177.5
2315.22527278673	1172.59997558594
2317.43399834666	1175.30004882813
2319.64209180791	1179.5
2321.84955346713	1174.30004882813
2324.05638362079	1175.09997558594
2326.26258256524	1178.19995117188
2328.46815059664	1187.30004882813
2330.67308801098	1176.40002441406
2332.87739510415	1184.09997558594
2335.08107217184	1177.59997558594
2337.2841195096	1179.69995117188
2339.48653741281	1176.69995117188
2341.68832617672	1178.09997558594
2343.8894860964	1175.90002441406
2346.09001746678	1174.09997558594
2348.28992058261	1177.5
2350.48919573852	1173.5
2352.68784322898	1173.80004882813
2354.88586334826	1174.90002441406
2357.08325639055	1174.40002441406
2359.2800226498	1173
2361.47616241988	1171.09997558594
2363.67167599445	1173
2365.86656366706	1166.80004882813
2368.06082573107	1177.59997558594
2370.2544624797	1174.30004882813
2372.44747420603	1174
2374.63986120295	1175.30004882813
2376.83162376322	1170.09997558594
2379.02276217945	1180.40002441406
2381.21327674408	1174.5
2383.4031677494	1172.19995117188
2385.59243548756	1177.59997558594
2387.78108025053	1177.90002441406
2389.96910233014	1175.40002441406
2392.15650201809	1176.59997558594
2394.34327960587	1170.5
2396.52943538486	1176.90002441406
2398.71496964628	1178.19995117188
2400.89988268118	1181.19995117188
2403.08417478048	1177.30004882813
2405.26784623491	1174
2407.45089733509	1177.59997558594
2409.63332837146	1172.69995117188
2411.81513963429	1174.5
2413.99633141375	1174.59997558594
2416.1769039998	1176
2418.35685768227	1169.40002441406
2420.53619275084	1172.09997558594
2422.71490949505	1175.80004882813
2424.89300820425	1176.30004882813
2427.07048916765	1175.80004882813
2429.24735267433	1183.40002441406
2431.42359901319	1172.80004882813
2433.59922847297	1180.19995117188
2435.7742413423	1177.80004882813
2437.94863790961	1180.19995117188
2440.12241846321	1176.19995117188
2442.29558329121	1173.69995117188
2444.46813268162	1178.90002441406
2446.64006692228	1176.69995117188
2448.81138630086	1174
2450.98209110489	1177.30004882813
2453.15218162174	1175.80004882813
2455.32165813864	1170.80004882813
2457.49052094265	1169.80004882813
2459.65877032069	1178
2461.8264065595	1173.5
2463.99342994572	1175.40002441406
2466.15984076579	1173.30004882813
2468.325639306	1176.5
2470.49082585251	1172.5
2472.65540069131	1176.5
2474.81936410824	1177.30004882813
2476.98271638899	1175.5
2479.14545781909	1173.59997558594
2481.30758868392	1170.90002441406
2483.4691092687	1170.69995117188
2485.63001985852	1178.5
2487.79032073829	1176.09997558594
2489.95001219277	1174.09997558594
2492.10909450659	1177.09997558594
2494.26756796419	1181.09997558594
2496.42543284989	1178.5
2498.58268944783	1176.59997558594
2500.73933804202	1178.90002441406
2502.8953789163	1173.40002441406
2505.05081235436	1176.19995117188
2507.20563863974	1176.69995117188
2509.35985805582	1177.5
2511.51347088583	1176.5
2513.66647741285	1174.40002441406
2515.81887791981	1172.40002441406
2517.97067268946	1175.80004882813
2520.12186200443	1177.59997558594
2522.27244614716	1181.90002441406
2524.42242539999	1177.80004882813
2526.57180004504	1174.69995117188
2528.72057036433	1175.19995117188
2530.8687366397	1176.19995117188
2533.01629915284	1173.59997558594
2535.16325818527	1172.90002441406
2537.30961401839	1178.40002441406
2539.45536693343	1171.90002441406
2541.60051721145	1175.40002441406
2543.74506513338	1176.5
2545.88901097997	1175.30004882813
2548.03235503185	1172.90002441406
2550.17509756946	1174.59997558594
2552.31723887311	1170.19995117188
2554.45877922293	1172.59997558594
2556.59971889893	1175.30004882813
2558.74005818094	1173
2560.87979734864	1174.69995117188
2563.01893668155	1178.09997558594
2565.15747645906	1176.09997558594
2567.29541696037	1178.40002441406
2569.43275846454	1174.19995117188
2571.56950125049	1175.80004882813
2573.70564559696	1174.69995117188
2575.84119178254	1181.90002441406
2577.97614008569	1177.40002441406
2580.11049078468	1179.5
2582.24424415764	1174.30004882813
2584.37740048255	1169.5
2586.50996003722	1167.40002441406
2588.64192309931	1174.90002441406
2590.77328994634	1173.19995117188
2592.90406085564	1170.09997558594
2595.03423610442	1174.5
2597.16381596971	1182.09997558594
2599.29280072839	1179
2601.42119065719	1172.19995117188
2603.54898603267	1173
2605.67618713125	1176
2607.80279422919	1175
2609.92880760257	1177.59997558594
2612.05422752735	1172.30004882813
2614.17905427932	1173
2616.30328813408	1182.30004882813
2618.42692936713	1179
2620.54997825377	1175.30004882813
2622.67243506915	1173.40002441406
2624.79430008828	1176.69995117188
2626.915573586	1177
2629.03625583699	1176.69995117188
2631.15634711579	1176.59997558594
2633.27584769675	1177.69995117188
2635.39475785408	1176.59997558594
2637.51307786185	1170.5
2639.63080799394	1174.69995117188
2641.74794852409	1179.80004882813
2643.86449972589	1178.19995117188
2645.98046187273	1174.30004882813
2648.0958352379	1173.19995117188
2650.21062009449	1175.5
2652.32481671544	1182.19995117188
2654.43842537353	1176
2656.5514463414	1181.69995117188
2658.66387989151	1174.09997558594
2660.77572629616	1173.59997558594
2662.88698582751	1174.30004882813
2664.99765875753	1177.40002441406
2667.10774535806	1174.69995117188
2669.21724590076	1174.90002441406
2671.32616065714	1176.59997558594
2673.43448989857	1179
2675.5422338962	1176.19995117188
2677.64939292108	1179.5
2679.75596724408	1174.69995117188
2681.86195713589	1177.09997558594
2683.96736286707	1181.5
2686.07218470799	1168.40002441406
2688.17642292889	1175.90002441406
2690.28007779982	1176.59997558594
2692.38314959069	1175.09997558594
2694.48563857123	1174.19995117188
2696.58754501103	1180.30004882813
2698.6888691795	1175.90002441406
2700.78961134588	1174.19995117188
2702.8897717793	1177.09997558594
2704.98935074864	1177.69995117188
2707.08834852271	1175.69995117188
2709.18676537009	1175.40002441406
2711.28460155925	1175.09997558594
2713.38185735843	1174.5
2715.47853303577	1176.19995117188
2717.57462885924	1173.30004882813
2719.67014509659	1174.80004882813
2721.76508201548	1176
2723.85943988337	1175.09997558594
2725.95321896754	1182.19995117188
2728.04641953515	1171.59997558594
2730.13904185316	1178.59997558594
2732.23108618837	1178.30004882813
2734.32255280744	1174.40002441406
2736.41344197683	1179.69995117188
2738.50375396288	1177
2740.5934890317	1176.30004882813
2742.68264744932	1180.69995117188
2744.77122948153	1178.40002441406
2746.85923539398	1179.69995117188
2748.94666545217	1176.69995117188
2751.03351992142	1173.09997558594
2753.11979906688	1180.59997558594
2755.20550315355	1175.19995117188
2757.29063244624	1177.90002441406
2759.37518720963	1175.09997558594
2761.45916770819	1176.30004882813
2763.54257420625	1175.30004882813
2765.62540696797	1178.59997558594
2767.70766625733	1180
2769.78935233816	1173.90002441406
2771.87046547413	1175.69995117188
2773.95100592869	1175.69995117188
2776.03097396519	1178.5
2778.11036984677	1179
2780.18919383641	1175.30004882813
2782.26744619693	1177.80004882813
2784.34512719097	1174.30004882813
2786.42223708102	1175
2788.49877612937	1173.5
2790.57474459816	1178.80004882813
2792.65014274937	1172
2794.7249708448	1175.5
2796.79922914607	1172.69995117188
2798.87291791465	1169.90002441406
2800.94603741181	1171.69995117188
2803.01858789869	1172.40002441406
2805.09056963623	1179.80004882813
2807.1619828852	1175.09997558594
2809.23282790621	1181.40002441406
2811.30310495971	1176.09997558594
2813.37281430593	1178.40002441406
2815.441956205	1177.90002441406
2817.51053091682	1178.90002441406
2819.57853870114	1173
2821.64597981753	1172.90002441406
2823.7128545254	1175.59997558594
2825.77916308399	1184.30004882813
2827.84490575233	1172.69995117188
2829.91008278933	1180.59997558594
2831.97469445369	1176.59997558594
2834.03874100395	1178.30004882813
2836.10222269847	1181.40002441406
2838.16513979544	1180
2840.22749255288	1174.80004882813
2842.28928122863	1174.5
2844.35050608034	1180.19995117188
2846.41116736553	1183.80004882813
2848.47126534149	1175.69995117188
2850.53080026537	1181.30004882813
2852.58977239414	1181.40002441406
2854.64818198459	1179.19995117188
2856.70602929332	1186.30004882813
2858.76331457678	1185.09997558594
2860.82003809123	1184.59997558594
2862.87620009274	1181.69995117188
2864.93180083723	1181.30004882813
2866.98684058043	1188.80004882813
2869.04131957789	1183
2871.09523808497	1189.5
2873.14859635689	1190.5
2875.20139464866	1192
2877.2536332151	1186.09997558594
2879.30531231091	1189.19995117188
2881.35643219054	1191.30004882813
2883.40699310831	1189.90002441406
2885.45699531834	1188.19995117188
2887.50643907457	1190.90002441406
2889.55532463077	1192.40002441406
2891.60365224053	1191.30004882813
2893.65142215724	1191.40002441406
2895.69863463414	1191.90002441406
2897.74528992426	1191.09997558594
2899.79138828046	1194.19995117188
2901.83692995544	1190.69995117188
2903.88191520168	1195.19995117188
2905.92634427151	1199.5
2907.97021741706	1191.80004882813
2910.01353489027	1190.30004882813
2912.05629694294	1201.80004882813
2914.09850382663	1201.5
2916.14015579276	1207.09997558594
2918.18125309254	1200.5
2920.22179597702	1202.90002441406
2922.26178469705	1210.40002441406
2924.30121950329	1202.30004882813
2926.34010064624	1209
2928.37842837619	1205.40002441406
2930.41620294326	1206.40002441406
2932.45342459737	1213.5
2934.49009358828	1208.09997558594
2936.52621016555	1210.19995117188
2938.56177457854	1210.19995117188
2940.59678707645	1194.19995117188
2942.63124790827	1201.80004882813
2944.66515732282	1207.69995117188
2946.69851556873	1202.90002441406
2948.73132289443	1200.90002441406
2950.76357954817	1198
2952.79528577803	1203.90002441406
2954.82644183188	1202.09997558594
2956.85704795741	1201.5
2958.8871044021	1197.19995117188
2960.91661141328	1196.19995117188
2962.94556923807	1197.30004882813
2964.97397812339	1190.80004882813
2967.00183831598	1198.09997558594
2969.0291500624	1192.5
2971.05591360902	1199.90002441406
2973.08212920199	1197.09997558594
2975.1077970873	1199.5
2977.13291751074	1195
2979.1574907179	1200.59997558594
2981.18151695419	1193.59997558594
2983.20499646482	1193.59997558594
2985.2279294948	1194.59997558594
2987.25031628898	1195.19995117188
2989.27215709199	1189.59997558594
2991.29345214825	1195.19995117188
2993.31420170204	1184
2995.33440599738	1187
2997.35406527816	1189.40002441406
2999.37317978802	1189.69995117188
3001.39174977045	1190.19995117188
3003.40977546872	1182.69995117188
3005.42725712591	1186.69995117188
3007.44419498491	1188.59997558594
3009.4605892884	1189.69995117188
3011.47644027889	1185.69995117188
3013.49174819865	1183.19995117188
3015.5065132898	1188.30004882813
3017.52073579424	1186.59997558594
3019.53441595366	1184.80004882813
3021.54755400959	1181
3023.56015020332	1189.09997558594
3025.57220477598	1189
3027.58371796846	1182
3029.5946900215	1187.69995117188
3031.6051211756	1184.19995117188
3033.61501167107	1183.09997558594
3035.62436174803	1190.5
3037.6331716464	1188.59997558594
3039.64144160588	1185.80004882813
3041.649171866	1187.90002441406
3043.65636266607	1182.40002441406
3045.6630142452	1187.5
3047.66912684229	1189.69995117188
3049.67470069605	1189.40002441406
3051.679736045	1181.30004882813
3053.68423312742	1189.19995117188
3055.68819218143	1189.30004882813
3057.6916134449	1186.69995117188
3059.69449715556	1192
3061.69684355086	1194.30004882813
3063.6986528681	1191.80004882813
3065.69992534437	1191.80004882813
3067.70066121653	1194
3069.70086072126	1185.80004882813
3071.700524095	1193.40002441406
3073.69965157405	1189.5
3075.69824339442	1191.19995117188
3077.69629979197	1188.80004882813
3079.69382100235	1183.69995117188
3081.69080726098	1193
3083.68725880307	1193.40002441406
3085.68317586366	1187.80004882813
3087.67855867755	1189.19995117188
3089.67340747933	1190
3091.6677225034	1185
3093.66150398392	1189.30004882813
3095.6547521549	1202.5
3097.64746725006	1190.5
3099.63964950297	1191.19995117188
3101.63129914698	1192
3103.6224164152	1197.90002441406
3105.61300154056	1191.90002441406
3107.60305475576	1198.30004882813
3109.59257629331	1202.19995117188
3111.58156638547	1189.5
3113.57002526432	1193.09997558594
3115.55795316172	1199.5
3117.54535030932	1193.19995117188
3119.53221693853	1198.19995117188
3121.51855328057	1198.30004882813
3123.50435956646	1195.09997558594
3125.48963602698	1197.5
3127.4743828927	1208.19995117188
3129.45860039397	1197
3131.44228876093	1201.90002441406
3133.42544822353	1204.59997558594
3135.40807901145	1205.69995117188
3137.39018135418	1203.09997558594
3139.37175548102	1201.09997558594
3141.35280162101	1202.09997558594
3143.33332000299	1204.09997558594
3145.31331085559	1211.69995117188
3147.2927744072	1201.80004882813
3149.27171088602	1207.59997558594
3151.25012052	1203
3153.22800353689	1203.40002441406
3155.20536016422	1211
3157.18219062929	1212.90002441406
3159.15849515918	1209.19995117188
3161.13427398075	1216.59997558594
3163.10952732066	1208.30004882813
3165.08425540532	1210.59997558594
3167.05845846092	1208.30004882813
3169.03213671344	1212.59997558594
3171.00529038863	1213.09997558594
3172.97791971203	1199.69995117188
3174.95002490893	1207.80004882813
3176.92160620443	1210.40002441406
3178.89266382337	1204.80004882813
3180.8631979904	1211.90002441406
3182.83320892991	1218.5
3184.80269686609	1211.59997558594
3186.77166202289	1217.19995117188
3188.74010462406	1219.90002441406
3190.70802489307	1219.80004882813
3192.67542305323	1213.5
3194.64229932757	1215.80004882813
3196.60865393892	1222.80004882813
3198.57448710987	1216.40002441406
3200.53979906279	1224.90002441406
3202.50459001981	1220.09997558594
3204.46886020284	1219.30004882813
3206.43260983356	1220.40002441406
3208.39583913341	1231.30004882813
3210.35854832362	1218.59997558594
3212.32073762517	1220
3214.28240725881	1218.80004882813
3216.24355744508	1225.80004882813
3218.20418840426	1223
3220.16430035642	1219.09997558594
3222.12389352137	1226
3224.08296811873	1225.19995117188
3226.04152436784	1225
3227.99956248784	1223.09997558594
3229.95708269762	1224.19995117188
3231.91408521584	1220.30004882813
3233.87057026092	1225.30004882813
3235.82653805105	1224.59997558594
3237.78198880419	1233.19995117188
3239.73692273806	1214.90002441406
3241.69134007013	1221.80004882813
3243.64524101764	1225.19995117188
3245.59862579761	1226
3247.55149462681	1223.69995117188
3249.50384772176	1225.69995117188
3251.45568529877	1222.80004882813
3253.40700757387	1219.90002441406
3255.35781476288	1228.09997558594
3257.3081070814	1223.09997558594
3259.25788474473	1231
3261.20714796799	1223.09997558594
3263.15589696602	1228.80004882813
3265.10413195345	1227.5
3267.05185314463	1242.09997558594
3268.9990607537	1231
3270.94575499455	1234.69995117188
3272.89193608081	1225.90002441406
3274.8376042259	1224.80004882813
3276.78275964296	1229.90002441406
3278.72740254492	1225.30004882813
3280.67153314443	1231.09997558594
3282.61515165393	1230.59997558594
3284.55825828559	1229.40002441406
3286.50085325135	1227.90002441406
3288.44293676289	1229.5
3290.38450903165	1231.80004882813
3292.32557026883	1225.30004882813
3294.26612068537	1224.80004882813
3296.20616049198	1224.30004882813
3298.14568989911	1224.19995117188
3300.08470911695	1228.19995117188
3302.02321835546	1223.19995117188
3303.96121782435	1225.90002441406
3305.89870773306	1230.5
3307.83568829081	1231
3309.77215970655	1226.40002441406
3311.70812218898	1230.69995117188
3313.64357594655	1230
3315.57852118747	1233.80004882813
3317.51295811968	1230.40002441406
3319.44688695087	1233.19995117188
3321.38030788849	1227.69995117188
3323.31322113973	1229.40002441406
3325.24562691152	1219.5
3327.17752541055	1230.30004882813
3329.10891684322	1225.90002441406
3331.03980141573	1236.69995117188
3332.97017933399	1230.30004882813
3334.90005080364	1229.5
3336.82941603011	1229.59997558594
3338.75827521852	1221.90002441406
3340.68662857377	1227.5
3342.6144763005	1228.80004882813
3344.54181860308	1227.40002441406
3346.46865568561	1226.19995117188
3348.39498775195	1225.19995117188
3350.32081500571	1238.19995117188
3352.24613765022	1234
3354.17095588855	1228.19995117188
3356.09526992352	1234.5
3358.01907995769	1231.09997558594
3359.94238619334	1230.09997558594
3361.86518883251	1223.80004882813
3363.78748807697	1232.40002441406
3365.70928412823	1237.59997558594
3367.63057718752	1237.40002441406
3369.55136745582	1237.5
3371.47165513386	1226.69995117188
3373.39144042208	1224.59997558594
3375.31072352066	1223.90002441406
3377.22950462953	1229.30004882813
3379.14778394834	1231.5
3381.06556167648	1224.40002441406
3382.98283801308	1233.90002441406
3384.89961315697	1235.40002441406
3386.81588730676	1234.19995117188
3388.73166066076	1233.69995117188
3390.64693341702	1226.59997558594
3392.56170577332	1232.40002441406
3394.47597792716	1233.30004882813
3396.38975007581	1231.09997558594
3398.30302241623	1226.59997558594
3400.21579514512	1236.40002441406
3402.1280684589	1236.5
3404.03984255374	1233.5
3405.95111762553	1242
3407.86189386987	1240.59997558594
3409.77217148212	1223.69995117188
3411.68195065733	1238.19995117188
3413.5912315903	1242.90002441406
3415.50001447556	1236.30004882813
3417.40829950735	1236.30004882813
3419.31608687963	1225.40002441406
3421.22337678611	1233.30004882813
3423.1301694202	1231.09997558594
3425.03646497504	1233.59997558594
3426.9422636435	1232.19995117188
3428.84756561816	1237.40002441406
3430.75237109135	1234.19995117188
3432.65668025508	1227.09997558594
3434.56049330112	1233.69995117188
3436.46381042093	1231.5
3438.36663180571	1232.69995117188
3440.26895764638	1234
3442.17078813357	1224.5
3444.07212345762	1234.90002441406
3445.97296380863	1232.09997558594
3447.87330937636	1232.69995117188
3449.77316035033	1231.19995117188
3451.67251691977	1229.30004882813
3453.57137927361	1227.69995117188
3455.46974760052	1230.19995117188
3457.36762208886	1229.5
3459.26500292671	1225.09997558594
3461.16189030191	1219.09997558594
3463.05828440194	1227.59997558594
3464.95418541406	1222.59997558594
3466.84959352519	1230.40002441406
3468.74450892201	1226.59997558594
3470.63893179088	1228.69995117188
3472.53286231788	1226.59997558594
3474.42630068881	1225.80004882813
3476.31924708918	1233.30004882813
3478.2117017042	1225
3480.1036647188	1225.80004882813
3481.99513631761	1222.40002441406
3483.88611668498	1230.69995117188
3485.77660600498	1229.59997558594
3487.66660446135	1217.5
3489.55611223758	1227.80004882813
3491.44512951683	1229.19995117188
3493.333656482	1222.90002441406
3495.22169331568	1219.80004882813
3497.10924020016	1224.5
3498.99629731746	1218.19995117188
3500.88286484927	1222.90002441406
3502.76894297702	1216.80004882813
3504.65453188182	1220.09997558594
3506.53963174449	1217
3508.42424274555	1215.90002441406
3510.30836506524	1211.90002441406
3512.19199888349	1216
3514.07514437992	1215.90002441406
3515.95780173387	1216.09997558594
3517.83997112437	1208.69995117188
3519.72165273016	1212
3521.60284672967	1212.30004882813
3523.48355330104	1207.5
3525.36377262208	1211.59997558594
3527.24350487035	1206.80004882813
3529.12275022306	1210.80004882813
3531.00150885715	1212.59997558594
3532.87978094923	1207.69995117188
3534.75756667562	1210.5
3536.63486621235	1207.80004882813
3538.51167973512	1205.59997558594
3540.38800741934	1209.69995117188
3542.26384944011	1209.90002441406
3544.13920597223	1202.80004882813
3546.01407719018	1210.30004882813
3547.88846326815	1208.30004882813
3549.76236438002	1201.09997558594
3551.63578069934	1208.19995117188
3553.50871239938	1204.80004882813
3555.38115965309	1202.19995117188
3557.25312263311	1207.19995117188
3559.12460151177	1206.30004882813
3560.99559646109	1205.90002441406
3562.86610765279	1203.69995117188
3564.73613525825	1203.90002441406
3566.60567944857	1203.30004882813
3568.47474039453	1196.30004882813
3570.34331826658	1205.19995117188
3572.21141323487	1198.40002441406
3574.07902546925	1202.5
3575.94615513922	1199.59997558594
3577.81280241401	1197.90002441406
3579.67896746249	1201.69995117188
3581.54465045325	1201.59997558594
3583.40985155455	1194.40002441406
3585.27457093432	1199.80004882813
3587.1388087602	1196.5
3589.00256519949	1201.40002441406
3590.86584041919	1197.30004882813
3592.72863458597	1195.5
3594.59094786618	1194.09997558594
3596.45278042585	1196.69995117188
3598.31413243069	1201.40002441406
3600.17500404611	1192.69995117188
3602.03539543717	1202.30004882813
3603.89530676861	1193.19995117188
3605.75473820488	1196.09997558594
3607.61368991007	1198.09997558594
3609.47216204797	1198.19995117188
3611.33015478203	1191.90002441406
3613.18766827539	1187.5
3615.04470269087	1191.90002441406
3616.90125819094	1195
3618.75733493776	1193.19995117188
3620.61293309318	1190.59997558594
3622.46805281869	1187.40002441406
3624.32269427547	1185.5
3626.17685762439	1191
3628.03054302596	1190.09997558594
3629.88375064038	1189.90002441406
3631.73648062751	1191.59997558594
3633.5887331469	1191.69995117188
3635.44050835775	1185.80004882813
3637.29180641893	1191.90002441406
3639.14262748899	1184.19995117188
3640.99297172614	1186.90002441406
3642.84283928828	1192.80004882813
3644.69223033294	1184.59997558594
3646.54114501734	1186
3648.38958349836	1182.09997558594
3650.23754593256	1185.59997558594
3652.08503247614	1177.30004882813
3653.93204328497	1182.30004882813
3655.77857851462	1186.90002441406
3657.62463832028	1180.5
3659.47022285682	1180.40002441406
3661.31533227877	1180.80004882813
3663.15996674033	1179.09997558594
3665.00412639535	1182.59997558594
3666.84781139736	1180.69995117188
3668.69102189953	1179.90002441406
3670.5337580547	1184.90002441406
3672.37602001537	1183
3674.21780793368	1180.90002441406
3676.05912196148	1184.19995117188
3677.89996225021	1178.09997558594
3679.74032895103	1175.69995117188
3681.58022221471	1180.69995117188
3683.41964219171	1178.19995117188
3685.25858903211	1176.90002441406
3687.0970628857	1175.80004882813
3688.93506390186	1180.30004882813
3690.77259222968	1176.69995117188
3692.60964801787	1177.19995117188
3694.44623141481	1175.30004882813
3696.28234256853	1173.80004882813
3698.11798162669	1176.59997558594
3699.95314873665	1173.30004882813
3701.78784404537	1174.09997558594
3703.62206769951	1176.5
3705.45581984533	1179.69995117188
3707.28910062877	1172.19995117188
3709.12191019542	1175
3710.95424869052	1174
3712.78611625894	1165.30004882813
3714.6175130452	1170.90002441406
3716.44843919349	1175.69995117188
3718.27889484764	1175.59997558594
3720.1088801511	1170.69995117188
3721.93839524699	1172.59997558594
3723.76744027808	1170.59997558594
3725.59601538677	1177.40002441406
3727.4241207151	1172.19995117188
