40.2973356941271	1132.69995117188
43.2236257608418	1134.59997558594
46.1488808466109	1136
49.0731017336173	1139.90002441406
51.9962892025666	1144.90002441406
54.9184440327569	1146.19995117188
57.8395670020446	1153.5
60.7596588868509	1150.80004882813
63.6787204621708	1164.30004882813
66.5967525015794	1174
69.5137557772381	1179.30004882813
72.4297310598838	1188.80004882813
75.3446791188512	1208.59997558594
78.2586007220466	1226.19995117188
81.1714966360015	1246.90002441406
84.0833676258266	1272.09997558594
86.994214455242	1304
89.9040378865662	1333.40002441406
92.8128386807427	1369.40002441406
95.7206175973133	1392.19995117188
98.6273753944444	1416
101.533112828928	1427.09997558594
104.437830656161	1424.19995117188
107.34152963018	1431.09997558594
110.244210503676	1423.40002441406
113.145874027931	1410.30004882813
116.046520952895	1411.19995117188
118.946152027154	1401.5
121.844767997933	1402.59997558594
124.74236961111	1404.80004882813
127.638957611212	1391.59997558594
130.534532741422	1386.90002441406
133.429095743606	1388.30004882813
136.322647358252	1384.09997558594
139.215188324544	1391.80004882813
142.106719380311	1377
144.997241262089	1380.19995117188
147.886754705057	1388.19995117188
150.775260443096	1374.19995117188
153.662759208748	1383.5
156.549251733282	1373.80004882813
159.434738746612	1372.30004882813
162.319220977376	1368
165.20269915289	1355.19995117188
168.085173999178	1363.69995117188
170.966646240977	1363.19995117188
173.847116601709	1346.5
176.726585803528	1347.09997558594
179.605054567295	1341.30004882813
182.48252361259	1334.09997558594
185.358993657701	1340.19995117188
188.234465419645	1336.40002441406
191.108939614183	1331.80004882813
193.982416955795	1326
196.854898157687	1325.09997558594
199.726383931801	1327.40002441406
202.596874988835	1326.30004882813
205.466372038225	1323.40002441406
208.334875788145	1326.59997558594
211.202386945534	1318.19995117188
214.068906216069	1318.40002441406
216.934434304194	1311.69995117188
219.798971913111	1301.80004882813
222.662519744776	1322.59997558594
225.525078499925	1306.69995117188
228.386648878069	1326.09997558594
231.247231577465	1317.80004882813
234.106827295172	1309.40002441406
236.965436727012	1312.09997558594
239.823060567597	1300.40002441406
242.679699510337	1302.59997558594
245.535354247396	1301.80004882813
248.390025469775	1302.5
251.243713867223	1290.30004882813
254.096420128327	1304.40002441406
256.948144940459	1292.80004882813
259.798888989788	1298.90002441406
262.648652961315	1285.90002441406
265.49743753883	1286.40002441406
268.345243404939	1286.19995117188
271.192071241073	1287.59997558594
274.037921727485	1282.90002441406
276.882795543246	1277.80004882813
279.72669336624	1282.09997558594
282.569615873213	1276.59997558594
285.411563739724	1277.40002441406
288.252537640165	1275.09997558594
291.092538247763	1280.09997558594
293.931566234616	1275.09997558594
296.769622271633	1273
299.606707028594	1277.59997558594
302.442821174104	1270
305.277965375652	1273.90002441406
308.112140299574	1279.5
310.945346611062	1266.30004882813
313.777584974167	1274.5
316.608856051813	1273.5
319.439160505797	1271.30004882813
322.268498996783	1270
325.096872184303	1269.90002441406
327.924280726782	1267
330.750725281521	1268.69995117188
333.576206504693	1271
336.400725051388	1276.80004882813
339.224281575542	1272.59997558594
342.046876730026	1264.5
344.868511166586	1266.69995117188
347.689185535872	1277.30004882813
350.508900487421	1277.19995117188
353.327656669699	1268.30004882813
356.145454730079	1274.30004882813
358.962295314817	1268.90002441406
361.778179069105	1260.5
364.593106637051	1271.09997558594
367.407078661675	1266.19995117188
370.220095784913	1263
373.032158647655	1274
375.843267889676	1278.30004882813
378.653424149715	1276.19995117188
381.462628065436	1267.19995117188
384.270880273432	1262.69995117188
387.078181409254	1274.5
389.884532107358	1269.59997558594
392.689933001188	1280
395.494384723112	1264.19995117188
398.29788790445	1277.59997558594
401.100443175488	1278.80004882813
403.902051165437	1277.09997558594
406.702712502518	1273.09997558594
409.502427813866	1277.90002441406
412.301197725607	1275.5
415.099022862823	1275.90002441406
417.89590384957	1279.19995117188
420.691841308876	1274.40002441406
423.486835862752	1278.90002441406
426.280888132173	1278.59997558594
429.073998737112	1279
431.866168296507	1268.59997558594
434.657397428298	1272.69995117188
437.447686749412	1279.19995117188
440.237036875762	1278.90002441406
443.025448422257	1271.40002441406
445.812922002813	1266.5
448.599458230326	1269.5
451.38505771672	1273.19995117188
454.169721072909	1273.19995117188
456.953448908819	1285.69995117188
459.736241833384	1275.5
462.518100454555	1273.30004882813
465.2990253793	1274.09997558594
468.079017213605	1276.30004882813
470.858076562476	1277.59997558594
473.636204029939	1279
476.41340021906	1275.5
479.189665731938	1276.90002441406
481.965001169667	1278.59997558594
484.739407132419	1279.30004882813
487.512884219391	1275.80004882813
490.285433028796	1284.90002441406
493.057054157921	1270.80004882813
495.827748203087	1295.80004882813
498.597515759658	1277.59997558594
501.366357422061	1275.90002441406
504.134273783759	1279.09997558594
506.901265437278	1285
509.66733297421	1283.19995117188
512.432476985198	1276.69995117188
515.196698059945	1282.30004882813
517.959996787225	1280.09997558594
520.722373754895	1287.59997558594
523.483829549856	1282.69995117188
526.24436475811	1286.69995117188
529.003979964696	1272.19995117188
531.762675753779	1286.5
534.520452708569	1283.90002441406
537.277311411375	1286.90002441406
540.03325244359	1271.09997558594
542.788276385682	1283.5
545.54238381725	1290.90002441406
548.295575316938	1284
551.047851462516	1278.5
553.799212830831	1292.09997558594
556.549659997851	1285.09997558594
559.299193538643	1281.59997558594
562.047814027381	1289.80004882813
564.795522037318	1276.90002441406
567.542318140861	1282.40002441406
570.288202909507	1286.30004882813
573.033176913873	1288.40002441406
575.7772407237	1292.5
578.520394907829	1283.19995117188
581.26264003424	1280.69995117188
584.003976670046	1285.90002441406
586.744405381469	1288
589.483926733869	1286.40002441406
592.222541291746	1286.90002441406
594.96024961872	1278.19995117188
597.697052277563	1290.69995117188
600.432949830166	1277.80004882813
603.167942837587	1285.5
605.902031860012	1276.19995117188
608.635217456783	1284
611.367500186378	1274.90002441406
614.098880606429	1284.69995117188
616.82935927374	1285.40002441406
619.558936744248	1273.09997558594
622.287613573072	1284.90002441406
625.015390314457	1278.69995117188
627.742267521848	1274.30004882813
630.468245747829	1295.90002441406
633.193325544166	1287.90002441406
635.917507461792	1291.90002441406
638.640792050804	1280.40002441406
641.36317986048	1293.59997558594
644.084671439281	1288.5
646.805267334845	1284.30004882813
649.524968093967	1287.40002441406
652.24377426266	1285.30004882813
654.961686386106	1291.69995117188
657.678705008678	1282.30004882813
660.394830673939	1287.30004882813
663.110063924628	1278.90002441406
665.824405302728	1281.30004882813
668.537855349351	1284.19995117188
671.250414604863	1291.80004882813
673.962083608812	1287.40002441406
676.672862899949	1285.80004882813
679.382753016218	1288.09997558594
682.091754494801	1287.80004882813
684.799867872061	1288.59997558594
687.507093683595	1293.69995117188
690.213432464198	1290.19995117188
692.918884747899	1284.40002441406
695.623451067937	1290
698.327131956755	1291.90002441406
701.029927946065	1284.90002441406
703.731839566754	1295.69995117188
706.43286734896	1297.59997558594
709.133011822067	1294.19995117188
711.832273514658	1292.69995117188
714.53065295457	1293.09997558594
717.228150668879	1297.5
719.924767183889	1303.09997558594
722.620503025148	1289.30004882813
725.315358717446	1305.40002441406
728.009334784827	1294.19995117188
730.702431750559	1300.80004882813
733.394650137188	1293.69995117188
736.085990466498	1293.30004882813
738.776453259519	1298.80004882813
741.466039036542	1294.09997558594
744.154748317125	1289
746.842581620074	1287.59997558594
749.529539463458	1291.5
752.215622364608	1303.5
754.900830840131	1305.5
757.585165405892	1314.59997558594
760.26862657703	1306
762.951214867957	1308.30004882813
765.632930792356	1295.80004882813
768.313774863181	1300.69995117188
770.993747592673	1302.30004882813
773.672849492359	1287.19995117188
776.351081073017	1290.40002441406
779.028442844757	1302.09997558594
781.704935316928	1288.40002441406
784.380558998208	1292.90002441406
787.055314396528	1293.40002441406
789.729202019141	1296.19995117188
792.402222372581	1285.59997558594
795.074375962669	1296.80004882813
797.745663294537	1300.30004882813
800.416084872622	1298.09997558594
803.085641200652	1299
805.754332781664	1297.69995117188
808.422160117986	1288.69995117188
811.089123711292	1298
813.75522406252	1295.59997558594
816.420461671951	1306
819.084837039164	1304.30004882813
821.748350663067	1296.80004882813
824.411003041866	1297.09997558594
827.072794673116	1317.80004882813
829.733726053668	1304.30004882813
832.39379767971	1297.69995117188
835.05301004674	1302.40002441406
837.711363649601	1305.40002441406
840.368858982457	1300.5
843.025496538805	1305.19995117188
845.681276811467	1297.80004882813
848.336200292618	1306.09997558594
850.99026747375	1306.19995117188
853.643478845713	1321.5
856.29583489868	1313
858.947336122176	1315.80004882813
861.59798300506	1309.69995117188
864.247776035556	1313.30004882813
866.896715701222	1310.69995117188
869.544802488959	1309.09997558594
872.192036885046	1310.80004882813
874.838419375087	1319.59997558594
877.483950444054	1315
880.128630576285	1309.5
882.772460255461	1311.80004882813
885.415439964628	1312.80004882813
888.057570186211	1309.19995117188
890.698851401966	1304.59997558594
893.339284093045	1320.40002441406
895.978868739961	1317.19995117188
898.617605822596	1309.69995117188
901.255495820196	1325.69995117188
903.892539211396	1324.19995117188
906.528736474184	1316.5
909.164088085949	1312.09997558594
911.798594523442	1321.80004882813
914.432256262804	1316.30004882813
917.065073779549	1320
919.697047548589	1321.69995117188
922.328178044212	1326.90002441406
924.9584657401	1321.30004882813
927.587911109317	1327.5
930.216514624317	1319.19995117188
932.844276756963	1335.09997558594
935.471197978488	1341.19995117188
938.097278759538	1350.69995117188
940.722519570163	1336.30004882813
943.346920879798	1332.19995117188
945.97048315729	1344.19995117188
948.593206870885	1327.5
951.215092488219	1340
953.836140476366	1333.5
956.456351301787	1325.30004882813
959.07572543037	1318.30004882813
961.694263327369	1317.09997558594
964.311965457521	1328.69995117188
966.928832284933	1316.5
969.544864273135	1325.59997558594
972.160061885076	1306.40002441406
974.774425583129	1309.09997558594
977.387955829099	1317.80004882813
980.000653084196	1330.69995117188
982.612517809061	1324.90002441406
985.223550463768	1316.30004882813
987.833751507819	1324.59997558594
990.443121400135	1326.80004882813
993.051660599081	1305.69995117188
995.659369562449	1314.09997558594
998.266248747469	1318.40002441406
1000.87229861081	1335.90002441406
1003.47751960857	1343.5
1006.0819121963	1329
1008.68547682897	1318.30004882813
1011.28821396104	1316.80004882813
1013.89012404635	1317.30004882813
1016.49120753824	1308.90002441406
1019.09146488947	1314
1021.69089655226	1304
1024.28950297827	1324.5
1026.88728461863	1320.40002441406
1029.48424192392	1318.5
1032.08037534416	1320.40002441406
1034.67568532886	1325.69995117188
1037.27017232694	1322
1039.86383678682	1325.5
1042.45667915637	1319.40002441406
1045.04869988293	1328.69995117188
1047.6398994133	1325
1050.23027819374	1328.09997558594
1052.81983666998	1315.80004882813
1055.40857528724	1324.5
1057.99649449018	1337.69995117188
1060.58359472296	1316.59997558594
1063.1698764292	1322.40002441406
1065.755340052	1324.80004882813
1068.33998603393	1332.09997558594
1070.92381481706	1325
1073.50682684291	1326.09997558594
1076.08902255251	1325.59997558594
1078.67040238637	1327.40002441406
1081.25096678445	1326.5
1083.83071618624	1322.30004882813
1086.4096510307	1326
1088.98777175629	1327.59997558594
1091.56507880094	1327.5
1094.14157260208	1340.5
1096.71725359664	1325.90002441406
1099.29212222106	1325.09997558594
1101.86617891125	1328.5
1104.43942410262	1318.59997558594
1107.01185823011	1335.40002441406
1109.58348172812	1323.09997558594
1112.15429503057	1314.40002441406
1114.7242985709	1322.90002441406
1117.29349278203	1325.90002441406
1119.86187809642	1328.80004882813
1122.42945494599	1324.59997558594
1124.99622376222	1325.40002441406
1127.56218497606	1327
1130.12733901801	1321.59997558594
1132.69168631804	1331.80004882813
1135.25522730568	1320.90002441406
1137.81796240995	1317.5
1140.37989205941	1313.59997558594
1142.9410166821	1309.69995117188
1145.50133670561	1313.19995117188
1148.06085255708	1320.69995117188
1150.61956466311	1314.80004882813
1153.17747344987	1315.09997558594
1155.73457934305	1312.5
1158.29088276786	1325.09997558594
1160.84638414903	1315.69995117188
1163.40108391085	1325.5
1165.95498247711	1315.90002441406
1168.50808027116	1310.09997558594
1171.06037771587	1324.59997558594
1173.61187523364	1324.5
1176.16257324643	1319.09997558594
1178.71247217573	1314.19995117188
1181.26157244255	1314.59997558594
1183.80987446746	1320.19995117188
1186.35737867059	1316.19995117188
1188.90408547157	1314.30004882813
1191.44999528961	1311.80004882813
1193.99510854347	1317.40002441406
1196.53942565142	1312.5
1199.08294703133	1323.69995117188
1201.62567310057	1338.80004882813
1204.16760427611	1319.80004882813
1206.70874097445	1337.19995117188
1209.24908361163	1336.69995117188
1211.78863260327	1333.59997558594
1214.32738836454	1336.30004882813
1216.86535131017	1331.59997558594
1219.40252185445	1329.40002441406
1221.93890041121	1332.59997558594
1224.47448739389	1323.90002441406
1227.00928321544	1336.19995117188
1229.54328828842	1333.69995117188
1232.07650302491	1343.5
1234.60892783662	1334.09997558594
1237.14056313477	1353.80004882813
1239.67140933017	1345.5
1242.2014668332	1338.90002441406
1244.73073605384	1337.40002441406
1247.25921740159	1338.69995117188
1249.78691128558	1343
1252.31381811448	1352
1254.83993829655	1337.90002441406
1257.36527223962	1341.5
1259.88982035112	1353.40002441406
1262.41358303803	1345.5
1264.93656070696	1347.59997558594
1267.45875376405	1353.40002441406
1269.98016261505	1357.30004882813
1272.50078766531	1345.59997558594
1275.02062931974	1344.5
1277.53968798285	1355.90002441406
1280.05796405875	1347.90002441406
1282.57545795112	1349.5
1285.09217006325	1356.40002441406
1287.60810079802	1355.19995117188
1290.12325055788	1359.19995117188
1292.63761974492	1342.80004882813
1295.15120876079	1350
1297.66401800676	1368.30004882813
1300.17604788367	1354.80004882813
1302.687298792	1359.40002441406
1305.19777113181	1362.19995117188
1307.70746530274	1372.09997558594
1310.21638170408	1370.90002441406
1312.7245207347	1367.90002441406
1315.23188279307	1353
1317.73846827728	1369.69995117188
1320.24427758502	1373.90002441406
1322.74931111359	1369.30004882813
1325.25356925991	1371.19995117188
1327.75705242051	1354.30004882813
1330.25976099151	1349.40002441406
1332.76169536868	1363.80004882813
1335.26285594737	1357.80004882813
1337.76324312256	1359.09997558594
1340.26285728887	1360.40002441406
1342.76169884052	1356.5
1345.25976817132	1356.90002441406
1347.75706567474	1345.69995117188
1350.25359174387	1343.59997558594
1352.74934677141	1330.59997558594
1355.24433114968	1346.90002441406
1357.73854527062	1341.19995117188
1360.23198952583	1340.80004882813
1362.7246643065	1340.90002441406
1365.21657000347	1340.80004882813
1367.7077070072	1332.5
1370.19807570777	1324.40002441406
1372.68767649492	1323.09997558594
1375.176509758	1335.69995117188
1377.66457588599	1331.40002441406
1380.15187526753	1328.30004882813
1382.63840829087	1327.19995117188
1385.1241753439	1334.59997558594
1387.60917681417	1340
1390.09341308884	1342.09997558594
1392.57688455474	1327.59997558594
1395.05959159829	1339.5
1397.54153460562	1341
1400.02271396243	1353.30004882813
1402.50313005414	1338.30004882813
1404.98278326576	1347.69995117188
1407.46167398196	1349.19995117188
1409.93980258707	1337.69995117188
1412.41716946504	1339
1414.89377499951	1347.19995117188
1417.36961957373	1342.09997558594
1419.84470357062	1344.69995117188
1422.31902737275	1344.80004882813
1424.79259136235	1350.59997558594
1427.26539592129	1356.90002441406
1429.73744143111	1346.19995117188
1432.20872827299	1357
1434.67925682777	1361.5
1437.14902747597	1363.30004882813
1439.61804059773	1366.90002441406
1442.0862965729	1384.09997558594
1444.55379578093	1386.5
1447.02053860099	1392.30004882813
1449.48652541188	1393
1451.95175659206	1381.19995117188
1454.41623251969	1393.09997558594
1456.87995357255	1375
1459.34292012811	1377.80004882813
1461.80513256351	1378.5
1464.26659125557	1367.09997558594
1466.72729658073	1361.5
1469.18724891517	1351.30004882813
1471.64644863469	1357.09997558594
1474.10489611478	1345.19995117188
1476.5625917306	1349.19995117188
1479.01953585699	1335.09997558594
1481.47572886844	1318.90002441406
1483.93117113917	1337
1486.38586304302	1330.59997558594
1488.83980495354	1337.59997558594
1491.29299724395	1333.19995117188
1493.74544028715	1329.40002441406
1496.19713445573	1326
1498.64808012193	1320.80004882813
1501.09827765772	1324.19995117188
1503.54772743471	1327.30004882813
1505.99642982421	1321
1508.44438519723	1325.40002441406
1510.89159392446	1319.5
1513.33805637625	1326.19995117188
1515.78377292266	1316.30004882813
1518.22874393346	1328
1520.67296977806	1325.80004882813
1523.11645082559	1316.69995117188
1525.55918744488	1324.80004882813
1528.00118000444	1334.59997558594
1530.44242887245	1317
1532.88293441684	1335.09997558594
1535.32269700517	1322
1537.76171700475	1328.69995117188
1540.19999478255	1320.80004882813
1542.63753070526	1330.80004882813
1545.07432513925	1338.30004882813
1547.5103784506	1330.09997558594
1549.94569100509	1329.59997558594
1552.38026316819	1342.69995117188
1554.8140953051	1337.80004882813
1557.24718778067	1328.69995117188
1559.67954095952	1337.59997558594
1562.11115520592	1331.09997558594
1564.54203088386	1330.40002441406
1566.97216835704	1334.69995117188
1569.40156798888	1322.09997558594
1571.83023014248	1332.69995117188
1574.25815518067	1335.69995117188
1576.68534346597	1336.80004882813
1579.11179536062	1329.5
1581.53751122658	1343.5
1583.9624914255	1351.30004882813
1586.38673631876	1345.19995117188
1588.81024626745	1356.5
1591.23302163235	1347
1593.655062774	1346
1596.07637005262	1354.59997558594
1598.49694382815	1350.40002441406
1600.91678446025	1338.5
1603.33589230831	1355.80004882813
1605.75426773142	1360.30004882813
1608.1719110884	1360.69995117188
1610.58882273779	1355
1613.00500303784	1356.09997558594
1615.42045234654	1351.19995117188
1617.83517102158	1335.90002441406
1620.24915942039	1346.40002441406
1622.66241790012	1351.90002441406
1625.07494681764	1355.90002441406
1627.48674652954	1351.80004882813
1629.89781739216	1372.69995117188
1632.30815976152	1368.40002441406
1634.71777399343	1373.40002441406
1637.12666044338	1374.80004882813
1639.53481946661	1406.40002441406
1641.94225141808	1397.80004882813
1644.34895665248	1398.80004882813
1646.75493552424	1409.80004882813
1649.16018838752	1403
1651.56471559621	1409.90002441406
1653.96851750392	1412.90002441406
1656.37159446403	1397.69995117188
1658.7739468296	1392.80004882813
1661.17557495349	1395.30004882813
1663.57647918824	1383.90002441406
1665.97665988617	1383.59997558594
1668.37611739929	1392.30004882813
1670.77485207939	1379.09997558594
1673.17286427799	1373
1675.57015434633	1369.5
1677.96672263542	1368.09997558594
1680.36256949598	1354.40002441406
1682.7576952785	1356.30004882813
1685.15210033318	1350.30004882813
1687.54578501	1342.19995117188
1689.93874965866	1339.90002441406
1692.33099462861	1343.80004882813
1694.72252026904	1330.40002441406
1697.11332692889	1324.90002441406
1699.50341495686	1325.5
1701.89278470137	1321.80004882813
1704.28143651061	1330.09997558594
1706.66937073251	1335.80004882813
1709.05658771473	1312.90002441406
1711.44308780473	1337.90002441406
1713.82887134968	1486.59997558594
1716.21393869648	1397.09997558594
1718.59829019185	1333.19995117188
1720.98192618221	1328.80004882813
1723.36484701374	1325.19995117188
1725.74705303238	1322.90002441406
1728.12854458384	1329.59997558594
1730.50932201356	1320.59997558594
1732.88938566673	1323.19995117188
1735.26873588834	1319.80004882813
1737.64737302307	1323.80004882813
1740.02529741544	1326.40002441406
1742.40250940964	1330.30004882813
1744.77900934969	1330
1747.15479757933	1321.19995117188
1749.52987444206	1322.69995117188
1751.90424028116	1318.09997558594
1754.27789543967	1319.19995117188
1756.65084026037	1319.59997558594
1759.02307508582	1326.90002441406
1761.39460025833	1319.80004882813
1763.76541612	1312.30004882813
1766.13552301265	1332.80004882813
1768.50492127791	1328.90002441406
1770.87361125714	1314
1773.2415932915	1320.80004882813
1775.60886772188	1322.30004882813
1777.97543488896	1318.5
1780.34129513318	1311.69995117188
1782.70644879475	1328.69995117188
1785.07089621365	1316
1787.43463772964	1311.5
1789.7976736822	1312.09997558594
1792.16000441066	1326
1794.52163025405	1311
1796.88255155121	1317.59997558594
1799.24276864074	1324.19995117188
1801.60228186102	1313.40002441406
1803.96109155019	1305.40002441406
1806.31919804618	1315.30004882813
1808.67660168668	1309.5
1811.03330280916	1319.5
1813.38930175088	1309.90002441406
1815.74459884884	1325.19995117188
1818.09919443984	1311.69995117188
1820.45308886047	1323.59997558594
1822.80628244708	1309
1825.1587755358	1313.30004882813
1827.51056846254	1317.5
1829.86166156297	1313.5
1832.21205517258	1313.90002441406
1834.56174962661	1320.69995117188
1836.91074526009	1321.5
1839.25904240783	1316.30004882813
1841.60664140443	1323.09997558594
1843.95354258425	1323.09997558594
1846.29974628146	1330.90002441406
1848.64525282998	1314.69995117188
1850.99006256356	1327.59997558594
1853.3341758157	1322.40002441406
1855.67759291968	1316.69995117188
1858.02031420858	1313.19995117188
1860.36234001528	1310
1862.70367067241	1310.09997558594
1865.04430651244	1310.09997558594
1867.38424786755	1316.59997558594
1869.72349506978	1323.90002441406
1872.06204845094	1318.19995117188
1874.39990834258	1319.90002441406
1876.73707507612	1325.09997558594
1879.07354898269	1321.5
1881.40933039328	1319.5
1883.74441963861	1321.59997558594
1886.07881704925	1315.90002441406
1888.41252295551	1312.40002441406
1890.74553768751	1320.40002441406
1893.07786157519	1317.19995117188
1895.40949494822	1309.80004882813
1897.74043813615	1316.80004882813
1900.07069146823	1326.09997558594
1902.40025527357	1321.30004882813
1904.72912988106	1310.90002441406
1907.05731561938	1322.90002441406
1909.38481281699	1319.40002441406
1911.71162180217	1323
1914.037742903	1307.19995117188
1916.36317644734	1326.30004882813
1918.68792276284	1317.90002441406
1921.01198217697	1312.09997558594
1923.33535501699	1322.09997558594
1925.65804160996	1319.59997558594
1927.98004228273	1311.5
1930.30135736196	1324.19995117188
1932.6219871741	1316.90002441406
1934.94193204543	1320.30004882813
1937.26119230198	1324.19995117188
1939.57976826962	1313.69995117188
1941.89766027402	1316.09997558594
1944.21486864062	1322
1946.53139369472	1316.69995117188
1948.84723576137	1316.09997558594
1951.16239516543	1323.30004882813
1953.47687223159	1310
1955.79066728434	1305.59997558594
1958.10378064794	1310.19995117188
1960.4162126465	1316.19995117188
1962.7279636039	1314.19995117188
1965.03903384385	1313.80004882813
1967.34942368987	1313.30004882813
1969.65913346524	1325.09997558594
1971.96816349311	1325.30004882813
1974.2765140964	1310
1976.58418559784	1319.40002441406
1978.89117831997	1314.80004882813
1981.19749258516	1322.69995117188
1983.50312871555	1318.90002441406
1985.80808703313	1319
1988.11236785967	1321.40002441406
1990.41597151676	1310.09997558594
1992.71889832581	1316.19995117188
1995.02114860801	1317.19995117188
1997.3227226844	1316.30004882813
1999.62362087581	1320.69995117188
2001.92384350288	1320
2004.22339088608	1311.90002441406
2006.52226334567	1322.30004882813
2008.82046120173	1316.90002441406
2011.11798477417	1317.59997558594
2013.41483438269	1319.30004882813
2015.71101034681	1323.19995117188
2018.00651298588	1324
2020.30134261905	1318.80004882813
2022.59549956528	1324.40002441406
2024.88898414337	1323
2027.1817966719	1313
2029.4739374693	1327.09997558594
2031.76540685379	1321.80004882813
2034.05620514342	1322.19995117188
2036.34633265607	1324.09997558594
2038.6357897094	1314.30004882813
2040.92457662092	1312.90002441406
2043.21269370795	1314.80004882813
2045.50014128763	1317.90002441406
2047.78691967691	1325.80004882813
2050.07302919256	1322.09997558594
2052.35847015118	1312.59997558594
2054.64324286919	1312.40002441406
2056.9273476628	1313.69995117188
2059.21078484808	1320.80004882813
2061.4935547409	1322.59997558594
2063.77565765696	1316
2066.05709391176	1324.90002441406
2068.33786382065	1325.40002441406
2070.61796769879	1331
2072.89740586116	1321.40002441406
2075.17617862255	1316.69995117188
2077.45428629759	1310
2079.73172920075	1317.59997558594
2082.00850764627	1318.40002441406
2084.28462194827	1313.30004882813
2086.56007242065	1312.09997558594
2088.83485937717	1318.40002441406
2091.10898313139	1330.30004882813
2093.3824439967	1327
2095.65524228632	1316
2097.92737831328	1310.69995117188
2100.19885239047	1316.30004882813
2102.46966483057	1328.59997558594
2104.7398159461	1316.90002441406
2107.00930604941	1318.59997558594
2109.27813545267	1323
2111.54630446787	1326.69995117188
2113.81381340685	1315.19995117188
2116.08066258126	1313.90002441406
2118.34685230257	1325.80004882813
2120.61238288211	1312.30004882813
2122.87725463099	1320.19995117188
2125.1414678602	1323.5
2127.40502288052	1326.40002441406
2129.66792000257	1312.80004882813
2131.93015953682	1320.19995117188
2134.19174179353	1317.80004882813
2136.45266708282	1324.90002441406
2138.71293571463	1319.80004882813
2140.97254799873	1315.59997558594
2143.23150424473	1321.90002441406
2145.48980476205	1320.80004882813
2147.74744985996	1326.09997558594
2150.00443984754	1327.09997558594
2152.26077503373	1311.59997558594
2154.51645572728	1312.40002441406
2156.77148223677	1312.09997558594
2159.02585487064	1321.09997558594
2161.27957393713	1328.59997558594
2163.53263974432	1323.09997558594
2165.78505260012	1317.5
2168.0368128123	1314.30004882813
2170.28792068844	1320.40002441406
2172.53837653595	1320.19995117188
2174.78818066207	1322.09997558594
2177.03733337389	1322.69995117188
2179.28583497833	1308.90002441406
2181.53368578214	1315.40002441406
2183.78088609192	1319.09997558594
2186.02743621406	1319.09997558594
2188.27333645484	1322
2190.51858712033	1317.90002441406
2192.76318851646	1313.59997558594
2195.00714094901	1318
2197.25044472354	1316.69995117188
2199.49310014551	1323.30004882813
2201.73510752018	1318.69995117188
2203.97646715265	1319.59997558594
2206.21717934786	1306.90002441406
2208.45724441058	1320.40002441406
2210.69666264543	1318.59997558594
2212.93543435686	1323.5
2215.17355984914	1308.90002441406
2217.41103942642	1319.59997558594
2219.64787339264	1312
2221.8840620516	1313.90002441406
2224.11960570695	1313.80004882813
2226.35450466215	1311.30004882813
2228.58875922051	1317.59997558594
2230.82236968518	1317.19995117188
2233.05533635916	1310.90002441406
2235.28765954527	1320.40002441406
2237.51933954617	1308.80004882813
2239.75037666437	1325
2241.98077120221	1328.09997558594
2244.21052346188	1312.5
2246.4396337454	1314.69995117188
2248.66810235461	1311.59997558594
2250.89592959125	1313.5
2253.12311575681	1304.30004882813
2255.34966115272	1326.40002441406
2257.57556608017	1318.30004882813
2259.80083084023	1322.5
2262.02545573381	1318.69995117188
2264.24944106163	1310.19995117188
2266.47278712429	1321.40002441406
2268.69549422221	1312.30004882813
2270.91756265564	1311.30004882813
2273.1389927247	1319.30004882813
2275.35978472934	1314
2277.57993896933	1306.59997558594
2279.79945574431	1320.30004882813
2282.01833535375	1322.19995117188
2284.23657809696	1320
2286.45418427309	1328.59997558594
2288.67115418114	1316.69995117188
2290.88748811995	1308.19995117188
2293.10318638819	1319.69995117188
2295.3182492844	1311.90002441406
2297.53267710693	1316.90002441406
2299.746470154	1313.90002441406
2301.95962872364	1309.80004882813
2304.17215311376	1318.40002441406
2306.3840436221	1309.5
2308.59530054621	1317.59997558594
2310.80592418354	1319.69995117188
2313.01591483134	1311.30004882813
2315.22527278673	1308.90002441406
2317.43399834666	1307.59997558594
2319.64209180791	1320.59997558594
2321.84955346713	1312.30004882813
2324.05638362079	1325.5
2326.26258256524	1314.30004882813
2328.46815059664	1316.30004882813
2330.67308801098	1318
2332.87739510415	1316.30004882813
2335.08107217184	1316.09997558594
2337.2841195096	1319.69995117188
2339.48653741281	1308
2341.68832617672	1318.90002441406
2343.8894860964	1318
2346.09001746678	1307.5
2348.28992058261	1314.90002441406
2350.48919573852	1315.40002441406
2352.68784322898	1313
2354.88586334826	1322.09997558594
2357.08325639055	1318.19995117188
2359.2800226498	1316.80004882813
2361.47616241988	1321.69995117188
2363.67167599445	1318.69995117188
2365.86656366706	1322.90002441406
2368.06082573107	1312.40002441406
2370.2544624797	1306.30004882813
2372.44747420603	1310.40002441406
2374.63986120295	1316.19995117188
2376.83162376322	1320.59997558594
2379.02276217945	1312.90002441406
2381.21327674408	1310.5
2383.4031677494	1310.5
2385.59243548756	1315.80004882813
2387.78108025053	1306.90002441406
2389.96910233014	1310.09997558594
2392.15650201809	1307.19995117188
2394.34327960587	1309.09997558594
2396.52943538486	1313.30004882813
2398.71496964628	1312.80004882813
2400.89988268118	1306.90002441406
2403.08417478048	1320.19995117188
2405.26784623491	1320.80004882813
2407.45089733509	1320.09997558594
2409.63332837146	1312
2411.81513963429	1312.69995117188
2413.99633141375	1322.19995117188
2416.1769039998	1305
2418.35685768227	1316.90002441406
2420.53619275084	1315.80004882813
2422.71490949505	1305
2424.89300820425	1316.19995117188
2427.07048916765	1313.09997558594
2429.24735267433	1308.90002441406
2431.42359901319	1308.19995117188
2433.59922847297	1307.30004882813
2435.7742413423	1312.69995117188
2437.94863790961	1306.80004882813
2440.12241846321	1305.90002441406
2442.29558329121	1310.59997558594
2444.46813268162	1315.40002441406
2446.64006692228	1312.09997558594
2448.81138630086	1307.80004882813
2450.98209110489	1310.90002441406
2453.15218162174	1311.59997558594
2455.32165813864	1304.40002441406
2457.49052094265	1302.59997558594
2459.65877032069	1314.19995117188
2461.8264065595	1313.69995117188
2463.99342994572	1317.40002441406
2466.15984076579	1303.30004882813
2468.325639306	1306.5
2470.49082585251	1305.59997558594
2472.65540069131	1307.30004882813
2474.81936410824	1314.90002441406
2476.98271638899	1317.40002441406
2479.14545781909	1317.19995117188
2481.30758868392	1309.59997558594
2483.4691092687	1312.80004882813
2485.63001985852	1309.30004882813
2487.79032073829	1312.90002441406
2489.95001219277	1313
2492.10909450659	1314.5
2494.26756796419	1314
2496.42543284989	1311.09997558594
2498.58268944783	1302.19995117188
2500.73933804202	1303.59997558594
2502.8953789163	1312.69995117188
2505.05081235436	1303.30004882813
2507.20563863974	1323.59997558594
2509.35985805582	1315.5
2511.51347088583	1316.19995117188
2513.66647741285	1318.19995117188
2515.81887791981	1310.19995117188
2517.97067268946	1315.30004882813
2520.12186200443	1313.09997558594
2522.27244614716	1314
2524.42242539999	1311.40002441406
2526.57180004504	1313.09997558594
2528.72057036433	1308.69995117188
2530.8687366397	1296.80004882813
2533.01629915284	1304.90002441406
2535.16325818527	1310.09997558594
2537.30961401839	1309.30004882813
2539.45536693343	1303.80004882813
2541.60051721145	1306
2543.74506513338	1302.30004882813
2545.88901097997	1316
2548.03235503185	1306.19995117188
2550.17509756946	1313
2552.31723887311	1319.59997558594
2554.45877922293	1307.5
2556.59971889893	1317.09997558594
2558.74005818094	1311.5
2560.87979734864	1307.80004882813
2563.01893668155	1309.40002441406
2565.15747645906	1306.30004882813
2567.29541696037	1315.19995117188
2569.43275846454	1314
2571.56950125049	1313.59997558594
2573.70564559696	1308.90002441406
2575.84119178254	1310.30004882813
2577.97614008569	1318.80004882813
2580.11049078468	1311
2582.24424415764	1321.5
2584.37740048255	1314.5
2586.50996003722	1301.90002441406
2588.64192309931	1301.30004882813
2590.77328994634	1311.5
2592.90406085564	1311
2595.03423610442	1304.59997558594
2597.16381596971	1306.5
2599.29280072839	1317.5
2601.42119065719	1311.5
2603.54898603267	1309.19995117188
2605.67618713125	1304.69995117188
2607.80279422919	1306.59997558594
2609.92880760257	1308.19995117188
2612.05422752735	1317.80004882813
2614.17905427932	1306.69995117188
2616.30328813408	1307.40002441406
2618.42692936713	1318.30004882813
2620.54997825377	1326.40002441406
2622.67243506915	1310.30004882813
2624.79430008828	1303.80004882813
2626.915573586	1322.09997558594
2629.03625583699	1306.09997558594
2631.15634711579	1313.09997558594
2633.27584769675	1303.59997558594
2635.39475785408	1319
2637.51307786185	1314.30004882813
2639.63080799394	1308.40002441406
2641.74794852409	1309.69995117188
2643.86449972589	1312.30004882813
2645.98046187273	1310
2648.0958352379	1311
2650.21062009449	1311.30004882813
2652.32481671544	1312.09997558594
2654.43842537353	1309.59997558594
2656.5514463414	1308.19995117188
2658.66387989151	1311.09997558594
2660.77572629616	1310.80004882813
2662.88698582751	1300.80004882813
2664.99765875753	1309.69995117188
2667.10774535806	1314.40002441406
2669.21724590076	1303
2671.32616065714	1303.90002441406
2673.43448989857	1312.59997558594
2675.5422338962	1321.59997558594
2677.64939292108	1314.09997558594
2679.75596724408	1300.30004882813
2681.86195713589	1313.90002441406
2683.96736286707	1311.69995117188
2686.07218470799	1315.90002441406
2688.17642292889	1317.30004882813
2690.28007779982	1309.09997558594
2692.38314959069	1315.90002441406
2694.48563857123	1313.40002441406
2696.58754501103	1320.5
2698.6888691795	1309.09997558594
2700.78961134588	1314.09997558594
2702.8897717793	1313.40002441406
2704.98935074864	1309.30004882813
2707.08834852271	1314.09997558594
2709.18676537009	1298.90002441406
2711.28460155925	1309.5
2713.38185735843	1317.5
2715.47853303577	1318.80004882813
2717.57462885924	1321.90002441406
2719.67014509659	1330.40002441406
2721.76508201548	1321.30004882813
2723.85943988337	1323.59997558594
2725.95321896754	1325.5
2728.04641953515	1314.09997558594
2730.13904185316	1317.09997558594
2732.23108618837	1315.5
2734.32255280744	1320.40002441406
2736.41344197683	1316.80004882813
2738.50375396288	1313.90002441406
2740.5934890317	1318.19995117188
2742.68264744932	1315.59997558594
2744.77122948153	1318
2746.85923539398	1327.09997558594
2748.94666545217	1310.40002441406
2751.03351992142	1313.5
2753.11979906688	1312.69995117188
2755.20550315355	1325.09997558594
2757.29063244624	1319.90002441406
2759.37518720963	1317.19995117188
2761.45916770819	1312.40002441406
2763.54257420625	1316.40002441406
2765.62540696797	1314
2767.70766625733	1320
2769.78935233816	1323.40002441406
2771.87046547413	1320.40002441406
2773.95100592869	1318.19995117188
2776.03097396519	1308
2778.11036984677	1314.90002441406
2780.18919383641	1304.40002441406
2782.26744619693	1326.40002441406
2784.34512719097	1312.5
2786.42223708102	1314.5
2788.49877612937	1314.59997558594
2790.57474459816	1329.40002441406
2792.65014274937	1308.30004882813
2794.7249708448	1315.5
2796.79922914607	1315.69995117188
2798.87291791465	1317.5
2800.94603741181	1317.40002441406
2803.01858789869	1325.69995117188
2805.09056963623	1321
2807.1619828852	1326.90002441406
2809.23282790621	1315.90002441406
2811.30310495971	1326.80004882813
2813.37281430593	1319.80004882813
2815.441956205	1321.19995117188
2817.51053091682	1323.69995117188
2819.57853870114	1315.19995117188
2821.64597981753	1316.69995117188
2823.7128545254	1322.19995117188
2825.77916308399	1328.30004882813
2827.84490575233	1322.59997558594
2829.91008278933	1332.5
2831.97469445369	1338.09997558594
2834.03874100395	1335
2836.10222269847	1342.5
2838.16513979544	1343
2840.22749255288	1345.5
2842.28928122863	1366.90002441406
2844.35050608034	1383.5
2846.41116736553	1370.19995117188
2848.47126534149	1386.59997558594
2850.53080026537	1397.30004882813
2852.58977239414	1413.30004882813
2854.64818198459	1404.30004882813
2856.70602929332	1402.30004882813
2858.76331457678	1423.19995117188
2860.82003809123	1428
2862.87620009274	1432.30004882813
2864.93180083723	1448
2866.98684058043	1451.19995117188
2869.04131957789	1490.09997558594
2871.09523808497	1485.30004882813
2873.14859635689	1502.30004882813
2875.20139464866	1491.69995117188
2877.2536332151	1503
2879.30531231091	1512.5
2881.35643219054	1493.40002441406
2883.40699310831	1510.40002441406
2885.45699531834	1504.19995117188
2887.50643907457	1478
2889.55532463077	1503.30004882813
2891.60365224053	1514.80004882813
2893.65142215724	1514.30004882813
2895.69863463414	1520
2897.74528992426	1515.5
2899.79138828046	1522.09997558594
2901.83692995544	1530.19995117188
2903.88191520168	1537.19995117188
2905.92634427151	1544.90002441406
2907.97021741706	1544.30004882813
2910.01353489027	1554.59997558594
2912.05629694294	1567.69995117188
2914.09850382663	1596.09997558594
2916.14015579276	1582.59997558594
2918.18125309254	1606
2920.22179597702	1616.69995117188
2922.26178469705	1649.69995117188
2924.30121950329	1652
2926.34010064624	1671.40002441406
2928.37842837619	1675
2930.41620294326	1680.59997558594
2932.45342459737	1667.09997558594
2934.49009358828	1679.90002441406
2936.52621016555	1680.40002441406
2938.56177457854	1670.59997558594
2940.59678707645	1660.5
2942.63124790827	1642.59997558594
2944.66515732282	1647.80004882813
2946.69851556873	1621.5
2948.73132289443	1615.40002441406
2950.76357954817	1607.69995117188
2952.79528577803	1576.80004882813
2954.82644183188	1566.19995117188
2956.85704795741	1568.90002441406
2958.8871044021	1557.19995117188
2960.91661141328	1559.80004882813
2962.94556923807	1554.40002441406
2964.97397812339	1533.59997558594
2967.00183831598	1543.59997558594
2969.0291500624	1543.09997558594
2971.05591360902	1548.59997558594
2973.08212920199	1542.09997558594
2975.1077970873	1557.09997558594
2977.13291751074	1525.90002441406
2979.1574907179	1533.5
2981.18151695419	1515.09997558594
2983.20499646482	1493.19995117188
2985.2279294948	1476
2987.25031628898	1481.80004882813
2989.27215709199	1480.40002441406
2991.29345214825	1445.40002441406
2993.31420170204	1464.5
2995.33440599738	1453.90002441406
2997.35406527816	1448.40002441406
2999.37317978802	1444.80004882813
3001.39174977045	1428.30004882813
3003.40977546872	1427
3005.42725712591	1417.40002441406
3007.44419498491	1434.90002441406
3009.4605892884	1421.80004882813
3011.47644027889	1419.69995117188
3013.49174819865	1423.19995117188
3015.5065132898	1412.90002441406
3017.52073579424	1410.09997558594
3019.53441595366	1413.5
3021.54755400959	1404
3023.56015020332	1406.5
3025.57220477598	1410.59997558594
3027.58371796846	1405.40002441406
3029.5946900215	1405.90002441406
3031.6051211756	1403.69995117188
3033.61501167107	1404.90002441406
3035.62436174803	1422.19995117188
3037.6331716464	1417.19995117188
3039.64144160588	1421.69995117188
3041.649171866	1425.69995117188
3043.65636266607	1419.80004882813
3045.6630142452	1436.80004882813
3047.66912684229	1430.40002441406
3049.67470069605	1423.5
3051.679736045	1420
3053.68423312742	1418
3055.68819218143	1430.5
3057.6916134449	1440.19995117188
3059.69449715556	1437.69995117188
3061.69684355086	1453.80004882813
3063.6986528681	1438.30004882813
3065.69992534437	1448.5
3067.70066121653	1445.19995117188
3069.70086072126	1444.5
3071.700524095	1443.5
3073.69965157405	1441.5
3075.69824339442	1457.09997558594
3077.69629979197	1452.90002441406
3079.69382100235	1456.69995117188
3081.69080726098	1444.59997558594
3083.68725880307	1440.5
3085.68317586366	1450.59997558594
3087.67855867755	1456.59997558594
3089.67340747933	1456.40002441406
3091.6677225034	1443.80004882813
3093.66150398392	1456.30004882813
3095.6547521549	1464.90002441406
3097.64746725006	1460.69995117188
3099.63964950297	1473.09997558594
3101.63129914698	1468
3103.6224164152	1470
3105.61300154056	1492.69995117188
3107.60305475576	1472.30004882813
3109.59257629331	1469.5
3111.58156638547	1496.59997558594
3113.57002526432	1482.69995117188
3115.55795316172	1499.40002441406
3117.54535030932	1488.69995117188
3119.53221693853	1500.80004882813
3121.51855328057	1509.19995117188
3123.50435956646	1507.09997558594
3125.48963602698	1506.5
3127.4743828927	1517.09997558594
3129.45860039397	1529.80004882813
3131.44228876093	1520.69995117188
3133.42544822353	1530.19995117188
3135.40807901145	1537.90002441406
3137.39018135418	1550
3139.37175548102	1548.90002441406
3141.35280162101	1530.69995117188
3143.33332000299	1547.40002441406
3145.31331085559	1550.5
3147.2927744072	1561.69995117188
3149.27171088602	1558.59997558594
3151.25012052	1574.40002441406
3153.22800353689	1576.90002441406
3155.20536016422	1574
3157.18219062929	1582.09997558594
3159.15849515918	1586
3161.13427398075	1581.90002441406
3163.10952732066	1573.69995117188
3165.08425540532	1590.30004882813
3167.05845846092	1605.90002441406
3169.03213671344	1616.80004882813
3171.00529038863	1611.40002441406
3172.97791971203	1622
3174.95002490893	1620.80004882813
3176.92160620443	1624.09997558594
3178.89266382337	1614.69995117188
3180.8631979904	1626.30004882813
3182.83320892991	1643.40002441406
3184.80269686609	1640.19995117188
3186.77166202289	1638.69995117188
3188.74010462406	1640
3190.70802489307	1655.30004882813
3192.67542305323	1664.5
3194.64229932757	1635.30004882813
3196.60865393892	1670.30004882813
3198.57448710987	1661
3200.53979906279	1658.30004882813
3202.50459001981	1660.69995117188
3204.46886020284	1661.80004882813
3206.43260983356	1675.59997558594
3208.39583913341	1684.90002441406
3210.35854832362	1683.90002441406
3212.32073762517	1695.19995117188
3214.28240725881	1679
3216.24355744508	1688.59997558594
3218.20418840426	1689.30004882813
3220.16430035642	1720.5
3222.12389352137	1704.90002441406
3224.08296811873	1703.69995117188
3226.04152436784	1702.19995117188
3227.99956248784	1706.80004882813
3229.95708269762	1721.40002441406
3231.91408521584	1714.59997558594
3233.87057026092	1702.19995117188
3235.82653805105	1718.59997558594
3237.78198880419	1711.40002441406
3239.73692273806	1713.59997558594
3241.69134007013	1726.30004882813
3243.64524101764	1731.59997558594
3245.59862579761	1737.80004882813
3247.55149462681	1729.40002441406
3249.50384772176	1739.90002441406
3251.45568529877	1732
3253.40700757387	1753.09997558594
3255.35781476288	1735.90002441406
3257.3081070814	1739.30004882813
3259.25788474473	1744.30004882813
3261.20714796799	1738.5
3263.15589696602	1740.69995117188
3265.10413195345	1761.19995117188
3267.05185314463	1757.40002441406
3268.9990607537	1749.30004882813
3270.94575499455	1754.59997558594
3272.89193608081	1759.90002441406
3274.8376042259	1766.80004882813
3276.78275964296	1764.19995117188
3278.72740254492	1762.19995117188
3280.67153314443	1774.90002441406
3282.61515165393	1777.40002441406
3284.55825828559	1748.90002441406
3286.50085325135	1763.59997558594
3288.44293676289	1770.59997558594
3290.38450903165	1761.69995117188
3292.32557026883	1760.30004882813
3294.26612068537	1788.59997558594
3296.20616049198	1760.80004882813
3298.14568989911	1772
3300.08470911695	1761.40002441406
3302.02321835546	1775.5
3303.96121782435	1782.09997558594
3305.89870773306	1767.69995117188
3307.83568829081	1770.59997558594
3309.77215970655	1760.09997558594
3311.70812218898	1795.90002441406
3313.64357594655	1772.40002441406
3315.57852118747	1766.90002441406
3317.51295811968	1757
3319.44688695087	1765.5
3321.38030788849	1779.09997558594
3323.31322113973	1788.59997558594
3325.24562691152	1773.69995117188
3327.17752541055	1780.90002441406
3329.10891684322	1756.80004882813
3331.03980141573	1784
3332.97017933399	1794.80004882813
3334.90005080364	1775.80004882813
3336.82941603011	1773.30004882813
3338.75827521852	1769.40002441406
3340.68662857377	1759.90002441406
3342.6144763005	1785
3344.54181860308	1773.80004882813
3346.46865568561	1788.5
3348.39498775195	1776.80004882813
3350.32081500571	1781.90002441406
3352.24613765022	1782.19995117188
3354.17095588855	1765.40002441406
3356.09526992352	1790.30004882813
3358.01907995769	1778.09997558594
3359.94238619334	1815.5
3361.86518883251	1793.40002441406
3363.78748807697	1793.09997558594
3365.70928412823	1790.19995117188
3367.63057718752	1796.80004882813
3369.55136745582	1798.59997558594
3371.47165513386	1779.80004882813
3373.39144042208	1803.09997558594
3375.31072352066	1773.59997558594
3377.22950462953	1791.90002441406
3379.14778394834	1800.5
3381.06556167648	1808.19995117188
3382.98283801308	1786.5
3384.89961315697	1796.80004882813
3386.81588730676	1793.5
3388.73166066076	1798.80004882813
3390.64693341702	1802.59997558594
3392.56170577332	1823.30004882813
3394.47597792716	1796.40002441406
3396.38975007581	1795.5
3398.30302241623	1791.69995117188
3400.21579514512	1793.09997558594
3402.1280684589	1785.90002441406
3404.03984255374	1820.80004882813
3405.95111762553	1801.69995117188
3407.86189386987	1801.30004882813
3409.77217148212	1811.5
3411.68195065733	1796.59997558594
3413.5912315903	1792.80004882813
3415.50001447556	1800.80004882813
3417.40829950735	1801.69995117188
3419.31608687963	1799.90002441406
3421.22337678611	1781
3423.1301694202	1777.5
3425.03646497504	1811.5
3426.9422636435	1789.59997558594
3428.84756561816	1790.69995117188
3430.75237109135	1782.69995117188
3432.65668025508	1789.69995117188
3434.56049330112	1782
3436.46381042093	1788.80004882813
3438.36663180571	1774.90002441406
3440.26895764638	1808.09997558594
3442.17078813357	1774.09997558594
3444.07212345762	1784.19995117188
3445.97296380863	1768.80004882813
3447.87330937636	1771.30004882813
3449.77316035033	1775
3451.67251691977	1780.5
3453.57137927361	1764.40002441406
3455.46974760052	1778.80004882813
3457.36762208886	1770
3459.26500292671	1774
3461.16189030191	1764.40002441406
3463.05828440194	1776.09997558594
3464.95418541406	1750.80004882813
3466.84959352519	1752.40002441406
3468.74450892201	1744.69995117188
3470.63893179088	1736.90002441406
3472.53286231788	1747.30004882813
3474.42630068881	1752
3476.31924708918	1751.30004882813
3478.2117017042	1733.40002441406
3480.1036647188	1737.30004882813
3481.99513631761	1714.59997558594
3483.88611668498	1723.5
3485.77660600498	1728.5
3487.66660446135	1704.30004882813
3489.55611223758	1703.30004882813
3491.44512951683	1719.09997558594
3493.333656482	1703.19995117188
3495.22169331568	1700.40002441406
3497.10924020016	1707.19995117188
3498.99629731746	1693.59997558594
3500.88286484927	1680.30004882813
3502.76894297702	1684.59997558594
3504.65453188182	1671.19995117188
3506.53963174449	1674.19995117188
3508.42424274555	1661.19995117188
3510.30836506524	1668.19995117188
3512.19199888349	1675
3514.07514437992	1650.30004882813
3515.95780173387	1653
3517.83997112437	1646.80004882813
3519.72165273016	1632.59997558594
3521.60284672967	1634.40002441406
3523.48355330104	1632.80004882813
3525.36377262208	1640.19995117188
3527.24350487035	1603.69995117188
3529.12275022306	1618.69995117188
3531.00150885715	1611.59997558594
3532.87978094923	1600.30004882813
3534.75756667562	1606.09997558594
3536.63486621235	1608.59997558594
3538.51167973512	1584.5
3540.38800741934	1586.19995117188
3542.26384944011	1571.69995117188
3544.13920597223	1583.69995117188
3546.01407719018	1575.59997558594
3547.88846326815	1580.59997558594
3549.76236438002	1580.59997558594
3551.63578069934	1564.30004882813
3553.50871239938	1558.30004882813
3555.38115965309	1559.19995117188
3557.25312263311	1545.80004882813
3559.12460151177	1542.80004882813
3560.99559646109	1534.59997558594
3562.86610765279	1537.69995117188
3564.73613525825	1531.69995117188
3566.60567944857	1530
3568.47474039453	1529.5
3570.34331826658	1539.19995117188
3572.21141323487	1512.5
3574.07902546925	1535.40002441406
3575.94615513922	1534
3577.81280241401	1533.09997558594
3579.67896746249	1511.5
3581.54465045325	1508.40002441406
3583.40985155455	1511.5
3585.27457093432	1510.40002441406
3587.1388087602	1492.80004882813
3589.00256519949	1506.80004882813
3590.86584041919	1494.09997558594
3592.72863458597	1480.80004882813
3594.59094786618	1494.5
3596.45278042585	1488.90002441406
3598.31413243069	1483.59997558594
3600.17500404611	1481.80004882813
3602.03539543717	1473.59997558594
3603.89530676861	1470.19995117188
3605.75473820488	1458.80004882813
3607.61368991007	1483.09997558594
3609.47216204797	1473.5
3611.33015478203	1468.80004882813
3613.18766827539	1461.40002441406
3615.04470269087	1454.19995117188
3616.90125819094	1458.09997558594
3618.75733493776	1462.59997558594
3620.61293309318	1451.5
3622.46805281869	1446
3624.32269427547	1455.5
3626.17685762439	1454.80004882813
3628.03054302596	1445.30004882813
3629.88375064038	1440.30004882813
3631.73648062751	1429.90002441406
3633.5887331469	1427.30004882813
3635.44050835775	1417.40002441406
3637.29180641893	1399.30004882813
3639.14262748899	1411.90002441406
3640.99297172614	1416
3642.84283928828	1412.30004882813
3644.69223033294	1402.19995117188
3646.54114501734	1412.09997558594
3648.38958349836	1399.69995117188
3650.23754593256	1397.80004882813
3652.08503247614	1394
3653.93204328497	1390.59997558594
3655.77857851462	1382.40002441406
3657.62463832028	1386.90002441406
3659.47022285682	1382.30004882813
3661.31533227877	1375.90002441406
3663.15996674033	1367.69995117188
3665.00412639535	1364.30004882813
3666.84781139736	1358.90002441406
3668.69102189953	1378.59997558594
3670.5337580547	1364.19995117188
3672.37602001537	1345.90002441406
3674.21780793368	1348.40002441406
3676.05912196148	1351.69995117188
3677.89996225021	1357.09997558594
3679.74032895103	1339.90002441406
3681.58022221471	1337.40002441406
3683.41964219171	1340.09997558594
3685.25858903211	1347.59997558594
3687.0970628857	1322.09997558594
3688.93506390186	1335.19995117188
3690.77259222968	1327.80004882813
3692.60964801787	1319.90002441406
3694.44623141481	1319.90002441406
3696.28234256853	1315.59997558594
3698.11798162669	1315.59997558594
3699.95314873665	1304.30004882813
3701.78784404537	1314.80004882813
3703.62206769951	1300.30004882813
3705.45581984533	1302.09997558594
3707.28910062877	1307.5
3709.12191019542	1312.30004882813
3710.95424869052	1305.19995117188
3712.78611625894	1304.80004882813
3714.6175130452	1299.59997558594
3716.44843919349	1293.40002441406
3718.27889484764	1298.59997558594
3720.1088801511	1302.59997558594
3721.93839524699	1297.69995117188
3723.76744027808	1293.69995117188
3725.59601538677	1294
3727.4241207151	1300.80004882813
