40.2973356941271	1129
43.2236257608418	1131.30004882813
46.1488808466109	1136.40002441406
49.0731017336173	1133.09997558594
51.9962892025666	1137.19995117188
54.9184440327569	1139.69995117188
57.8395670020446	1145.69995117188
60.7596588868509	1147.90002441406
63.6787204621708	1156.40002441406
66.5967525015794	1160
69.5137557772381	1170.40002441406
72.4297310598838	1172
75.3446791188512	1184.19995117188
78.2586007220466	1206.09997558594
81.1714966360015	1223.5
84.0833676258266	1242.80004882813
86.994214455242	1277.69995117188
89.9040378865662	1296.59997558594
92.8128386807427	1319.90002441406
95.7206175973133	1340.30004882813
98.6273753944444	1357.5
101.533112828928	1369.5
104.437830656161	1368.40002441406
107.34152963018	1357.69995117188
110.244210503676	1359.19995117188
113.145874027931	1357.59997558594
116.046520952895	1342.69995117188
118.946152027154	1351.80004882813
121.844767997933	1334.80004882813
124.74236961111	1338.69995117188
127.638957611212	1335.30004882813
130.534532741422	1328.69995117188
133.429095743606	1331.80004882813
136.322647358252	1328.90002441406
139.215188324544	1328.30004882813
142.106719380311	1319.90002441406
144.997241262089	1325.19995117188
147.886754705057	1324.80004882813
150.775260443096	1321.80004882813
153.662759208748	1322.40002441406
156.549251733282	1316.40002441406
159.434738746612	1315.90002441406
162.319220977376	1314.80004882813
165.20269915289	1309.19995117188
168.085173999178	1304.09997558594
170.966646240977	1303.59997558594
173.847116601709	1300.30004882813
176.726585803528	1294.59997558594
179.605054567295	1287.30004882813
182.48252361259	1292.19995117188
185.358993657701	1290.19995117188
188.234465419645	1283.19995117188
191.108939614183	1280
193.982416955795	1280.30004882813
196.854898157687	1282.5
199.726383931801	1274.90002441406
202.596874988835	1273.09997558594
205.466372038225	1278.40002441406
208.334875788145	1275.69995117188
211.202386945534	1279.19995117188
214.068906216069	1270.5
216.934434304194	1275
219.798971913111	1271.59997558594
222.662519744776	1269
225.525078499925	1278.59997558594
228.386648878069	1262
231.247231577465	1268.5
234.106827295172	1270.30004882813
236.965436727012	1256.80004882813
239.823060567597	1249.90002441406
242.679699510337	1258.09997558594
245.535354247396	1249.59997558594
248.390025469775	1254.09997558594
251.243713867223	1253.19995117188
254.096420128327	1244.5
256.948144940459	1257
259.798888989788	1245.69995117188
262.648652961315	1244.69995117188
265.49743753883	1242.19995117188
268.345243404939	1249.19995117188
271.192071241073	1250.90002441406
274.037921727485	1235.80004882813
276.882795543246	1246.59997558594
279.72669336624	1235.09997558594
282.569615873213	1245.69995117188
285.411563739724	1235.09997558594
288.252537640165	1245.90002441406
291.092538247763	1239.19995117188
293.931566234616	1233.80004882813
296.769622271633	1239.69995117188
299.606707028594	1237.40002441406
302.442821174104	1242.69995117188
305.277965375652	1231.19995117188
308.112140299574	1241.80004882813
310.945346611062	1238.30004882813
313.777584974167	1240.40002441406
316.608856051813	1234.90002441406
319.439160505797	1233.09997558594
322.268498996783	1230.40002441406
325.096872184303	1234.09997558594
327.924280726782	1238
330.750725281521	1235
333.576206504693	1239.90002441406
336.400725051388	1233.30004882813
339.224281575542	1229.5
342.046876730026	1223.40002441406
344.868511166586	1233.19995117188
347.689185535872	1230.90002441406
350.508900487421	1229
353.327656669699	1226.30004882813
356.145454730079	1221.5
358.962295314817	1239.40002441406
361.778179069105	1230.90002441406
364.593106637051	1229.59997558594
367.407078661675	1230.30004882813
370.220095784913	1236.59997558594
373.032158647655	1232.80004882813
375.843267889676	1228.69995117188
378.653424149715	1230.19995117188
381.462628065436	1229.69995117188
384.270880273432	1236.69995117188
387.078181409254	1232
389.884532107358	1236.30004882813
392.689933001188	1235
395.494384723112	1235.09997558594
398.29788790445	1235.40002441406
401.100443175488	1238.40002441406
403.902051165437	1238.30004882813
406.702712502518	1228.80004882813
409.502427813866	1240.90002441406
412.301197725607	1238.69995117188
415.099022862823	1239.59997558594
417.89590384957	1237
420.691841308876	1233.59997558594
423.486835862752	1236.59997558594
426.280888132173	1230
429.073998737112	1235.5
431.866168296507	1232.30004882813
434.657397428298	1228.69995117188
437.447686749412	1230
440.237036875762	1238.80004882813
443.025448422257	1233.40002441406
445.812922002813	1237
448.599458230326	1230.30004882813
451.38505771672	1232.09997558594
454.169721072909	1235.30004882813
456.953448908819	1237.80004882813
459.736241833384	1242.19995117188
462.518100454555	1235.90002441406
465.2990253793	1237.09997558594
468.079017213605	1233.19995117188
470.858076562476	1239.90002441406
473.636204029939	1236
476.41340021906	1230.90002441406
479.189665731938	1233
481.965001169667	1234.80004882813
484.739407132419	1237.09997558594
487.512884219391	1235.80004882813
490.285433028796	1235.90002441406
493.057054157921	1235.30004882813
495.827748203087	1238.19995117188
498.597515759658	1234.09997558594
501.366357422061	1236.59997558594
504.134273783759	1235.30004882813
506.901265437278	1241.09997558594
509.66733297421	1238.59997558594
512.432476985198	1229.69995117188
515.196698059945	1241.09997558594
517.959996787225	1237.30004882813
520.722373754895	1238.80004882813
523.483829549856	1235.69995117188
526.24436475811	1230.69995117188
529.003979964696	1248.09997558594
531.762675753779	1242
534.520452708569	1243.59997558594
537.277311411375	1238.40002441406
540.03325244359	1237.80004882813
542.788276385682	1239.69995117188
545.54238381725	1239.09997558594
548.295575316938	1239.40002441406
551.047851462516	1233.59997558594
553.799212830831	1235.59997558594
556.549659997851	1235.09997558594
559.299193538643	1243.09997558594
562.047814027381	1236.90002441406
564.795522037318	1244.59997558594
567.542318140861	1242.80004882813
570.288202909507	1230.09997558594
573.033176913873	1242.30004882813
575.7772407237	1234.40002441406
578.520394907829	1231.5
581.26264003424	1241.09997558594
584.003976670046	1230.90002441406
586.744405381469	1237.69995117188
589.483926733869	1238.40002441406
592.222541291746	1235.80004882813
594.96024961872	1235.30004882813
597.697052277563	1241.09997558594
600.432949830166	1241.90002441406
603.167942837587	1238.80004882813
605.902031860012	1243.40002441406
608.635217456783	1229
611.367500186378	1240.90002441406
614.098880606429	1230.09997558594
616.82935927374	1232.90002441406
619.558936744248	1247.09997558594
622.287613573072	1237.30004882813
625.015390314457	1241.80004882813
627.742267521848	1233.80004882813
630.468245747829	1235.30004882813
633.193325544166	1241.09997558594
635.917507461792	1245.09997558594
638.640792050804	1233.59997558594
641.36317986048	1234.40002441406
644.084671439281	1236.59997558594
646.805267334845	1232.40002441406
649.524968093967	1234.09997558594
652.24377426266	1237.59997558594
654.961686386106	1236
657.678705008678	1239.59997558594
660.394830673939	1236.40002441406
663.110063924628	1243.80004882813
665.824405302728	1241
668.537855349351	1233.40002441406
671.250414604863	1237.30004882813
673.962083608812	1237.90002441406
676.672862899949	1240.19995117188
679.382753016218	1239
682.091754494801	1236.09997558594
684.799867872061	1247.59997558594
687.507093683595	1236.69995117188
690.213432464198	1243.09997558594
692.918884747899	1233.19995117188
695.623451067937	1237.5
698.327131956755	1245.59997558594
701.029927946065	1244.30004882813
703.731839566754	1247.19995117188
706.43286734896	1241.59997558594
709.133011822067	1247.40002441406
711.832273514658	1248
714.53065295457	1244.19995117188
717.228150668879	1238.80004882813
719.924767183889	1251.69995117188
722.620503025148	1247.5
725.315358717446	1247.90002441406
728.009334784827	1243.09997558594
730.702431750559	1246
733.394650137188	1244.30004882813
736.085990466498	1245.40002441406
738.776453259519	1249.80004882813
741.466039036542	1239.80004882813
744.154748317125	1241.40002441406
746.842581620074	1249
749.529539463458	1250.59997558594
752.215622364608	1255.80004882813
754.900830840131	1256.40002441406
757.585165405892	1250.59997558594
760.26862657703	1262
762.951214867957	1240.19995117188
765.632930792356	1251.09997558594
768.313774863181	1249.19995117188
770.993747592673	1243.90002441406
773.672849492359	1242.59997558594
776.351081073017	1238.80004882813
779.028442844757	1242.90002441406
781.704935316928	1238.09997558594
784.380558998208	1242
787.055314396528	1237.59997558594
789.729202019141	1241.09997558594
792.402222372581	1240.19995117188
795.074375962669	1242.69995117188
797.745663294537	1250.5
800.416084872622	1242.30004882813
803.085641200652	1236.30004882813
805.754332781664	1250.90002441406
808.422160117986	1241.40002441406
811.089123711292	1244.90002441406
813.75522406252	1245.59997558594
816.420461671951	1251.69995117188
819.084837039164	1239.59997558594
821.748350663067	1248.09997558594
824.411003041866	1249.90002441406
827.072794673116	1256.80004882813
829.733726053668	1257.80004882813
832.39379767971	1248.69995117188
835.05301004674	1247.40002441406
837.711363649601	1248.59997558594
840.368858982457	1249.40002441406
843.025496538805	1248.19995117188
845.681276811467	1250.19995117188
848.336200292618	1256.59997558594
850.99026747375	1263.5
853.643478845713	1248.90002441406
856.29583489868	1258.40002441406
858.947336122176	1256
861.59798300506	1255.80004882813
864.247776035556	1256.80004882813
866.896715701222	1261.69995117188
869.544802488959	1258.5
872.192036885046	1256.90002441406
874.838419375087	1254.80004882813
877.483950444054	1264.30004882813
880.128630576285	1253.69995117188
882.772460255461	1255.30004882813
885.415439964628	1254.80004882813
888.057570186211	1262
890.698851401966	1259.40002441406
893.339284093045	1253.80004882813
895.978868739961	1258.09997558594
898.617605822596	1258.09997558594
901.255495820196	1257.5
903.892539211396	1262.40002441406
906.528736474184	1258.80004882813
909.164088085949	1255
911.798594523442	1258.69995117188
914.432256262804	1254.90002441406
917.065073779549	1265.09997558594
919.697047548589	1246.30004882813
922.328178044212	1260.19995117188
924.9584657401	1259.59997558594
927.587911109317	1257.80004882813
930.216514624317	1267.09997558594
932.844276756963	1257.90002441406
935.471197978488	1269.59997558594
938.097278759538	1268.09997558594
940.722519570163	1262.30004882813
943.346920879798	1269.59997558594
945.97048315729	1265.19995117188
948.593206870885	1258.09997558594
951.215092488219	1276.59997558594
953.836140476366	1264.59997558594
956.456351301787	1255.09997558594
959.07572543037	1261.09997558594
961.694263327369	1263.09997558594
964.311965457521	1260.30004882813
966.928832284933	1257.19995117188
969.544864273135	1261.09997558594
972.160061885076	1264.69995117188
974.774425583129	1260.69995117188
977.387955829099	1254.90002441406
980.000653084196	1258.19995117188
982.612517809061	1264.59997558594
985.223550463768	1254
987.833751507819	1258.69995117188
990.443121400135	1262.5
993.051660599081	1255.19995117188
995.659369562449	1256.30004882813
998.266248747469	1259.69995117188
1000.87229861081	1262.69995117188
1003.47751960857	1268.19995117188
1006.0819121963	1264.69995117188
1008.68547682897	1266.90002441406
1011.28821396104	1260.30004882813
1013.89012404635	1262.90002441406
1016.49120753824	1259.09997558594
1019.09146488947	1263.80004882813
1021.69089655226	1252.19995117188
1024.28950297827	1257.80004882813
1026.88728461863	1252.09997558594
1029.48424192392	1265.30004882813
1032.08037534416	1256.09997558594
1034.67568532886	1262.30004882813
1037.27017232694	1272.19995117188
1039.86383678682	1266.19995117188
1042.45667915637	1263.19995117188
1045.04869988293	1268.59997558594
1047.6398994133	1265.90002441406
1050.23027819374	1256.19995117188
1052.81983666998	1252.09997558594
1055.40857528724	1262.90002441406
1057.99649449018	1268.09997558594
1060.58359472296	1269
1063.1698764292	1259
1065.755340052	1265.09997558594
1068.33998603393	1261.09997558594
1070.92381481706	1268.59997558594
1073.50682684291	1261.5
1076.08902255251	1263.80004882813
1078.67040238637	1270.19995117188
1081.25096678445	1265.30004882813
1083.83071618624	1263
1086.4096510307	1259.90002441406
1088.98777175629	1252.40002441406
1091.56507880094	1265.5
1094.14157260208	1260.80004882813
1096.71725359664	1262.40002441406
1099.29212222106	1252
1101.86617891125	1262.59997558594
1104.43942410262	1257.19995117188
1107.01185823011	1261.09997558594
1109.58348172812	1251.09997558594
1112.15429503057	1258.09997558594
1114.7242985709	1253.69995117188
1117.29349278203	1257.19995117188
1119.86187809642	1264.5
1122.42945494599	1262.09997558594
1124.99622376222	1266.30004882813
1127.56218497606	1255.19995117188
1130.12733901801	1250.09997558594
1132.69168631804	1254.69995117188
1135.25522730568	1257.59997558594
1137.81796240995	1252
1140.37989205941	1253.19995117188
1142.9410166821	1249.80004882813
1145.50133670561	1253.5
1148.06085255708	1258.80004882813
1150.61956466311	1258.80004882813
1153.17747344987	1251.80004882813
1155.73457934305	1250.40002441406
1158.29088276786	1252.09997558594
1160.84638414903	1243
1163.40108391085	1256.30004882813
1165.95498247711	1250.59997558594
1168.50808027116	1255.40002441406
1171.06037771587	1255.59997558594
1173.61187523364	1265.59997558594
1176.16257324643	1253.30004882813
1178.71247217573	1256.69995117188
1181.26157244255	1262.90002441406
1183.80987446746	1252.40002441406
1186.35737867059	1250.09997558594
1188.90408547157	1256.80004882813
1191.44999528961	1252.59997558594
1193.99510854347	1259.80004882813
1196.53942565142	1255.59997558594
1199.08294703133	1253.90002441406
1201.62567310057	1258.69995117188
1204.16760427611	1256.30004882813
1206.70874097445	1256.30004882813
1209.24908361163	1261.40002441406
1211.78863260327	1259.40002441406
1214.32738836454	1262.40002441406
1216.86535131017	1259.5
1219.40252185445	1261.69995117188
1221.93890041121	1263.80004882813
1224.47448739389	1263.09997558594
1227.00928321544	1271.09997558594
1229.54328828842	1264.90002441406
1232.07650302491	1261.19995117188
1234.60892783662	1262.59997558594
1237.14056313477	1268.5
1239.67140933017	1262.5
1242.2014668332	1266.90002441406
1244.73073605384	1270.59997558594
1247.25921740159	1276.80004882813
1249.78691128558	1280.80004882813
1252.31381811448	1277.5
1254.83993829655	1271.5
1257.36527223962	1270.5
1259.88982035112	1285.5
1262.41358303803	1283
1264.93656070696	1278
1267.45875376405	1286.5
1269.98016261505	1272.09997558594
1272.50078766531	1275.80004882813
1275.02062931974	1284.80004882813
1277.53968798285	1278.09997558594
1280.05796405875	1286.80004882813
1282.57545795112	1270.59997558594
1285.09217006325	1277.19995117188
1287.60810079802	1291.69995117188
1290.12325055788	1278.5
1292.63761974492	1283.69995117188
1295.15120876079	1283.19995117188
1297.66401800676	1283.19995117188
1300.17604788367	1289.5
1302.687298792	1293.69995117188
1305.19777113181	1286.90002441406
1307.70746530274	1285.90002441406
1310.21638170408	1289.30004882813
1312.7245207347	1285.69995117188
1315.23188279307	1289.09997558594
1317.73846827728	1278.19995117188
1320.24427758502	1279
1322.74931111359	1283.40002441406
1325.25356925991	1275.09997558594
1327.75705242051	1282.59997558594
1330.25976099151	1277.80004882813
1332.76169536868	1277.80004882813
1335.26285594737	1277.30004882813
1337.76324312256	1271
1340.26285728887	1273.80004882813
1342.76169884052	1284.90002441406
1345.25976817132	1273
1347.75706567474	1270.59997558594
1350.25359174387	1269.90002441406
1352.74934677141	1271.5
1355.24433114968	1261.90002441406
1357.73854527062	1261.59997558594
1360.23198952583	1256
1362.7246643065	1267.09997558594
1365.21657000347	1258.80004882813
1367.7077070072	1264.30004882813
1370.19807570777	1270.90002441406
1372.68767649492	1264.30004882813
1375.176509758	1265
1377.66457588599	1261.59997558594
1380.15187526753	1261.19995117188
1382.63840829087	1250.80004882813
1385.1241753439	1263.09997558594
1387.60917681417	1257
1390.09341308884	1263
1392.57688455474	1269.69995117188
1395.05959159829	1266.80004882813
1397.54153460562	1267.09997558594
1400.02271396243	1271.5
1402.50313005414	1268.19995117188
1404.98278326576	1264.30004882813
1407.46167398196	1260
1409.93980258707	1267.80004882813
1412.41716946504	1265.09997558594
1414.89377499951	1274.5
1417.36961957373	1264.80004882813
1419.84470357062	1266.90002441406
1422.31902737275	1277.30004882813
1424.79259136235	1269.40002441406
1427.26539592129	1277.30004882813
1429.73744143111	1273.09997558594
1432.20872827299	1283.19995117188
1434.67925682777	1298.09997558594
1437.14902747597	1295.40002441406
1439.61804059773	1300.90002441406
1442.0862965729	1314.30004882813
1444.55379578093	1310.90002441406
1447.02053860099	1310.59997558594
1449.48652541188	1308.40002441406
1451.95175659206	1299.30004882813
1454.41623251969	1301.09997558594
1456.87995357255	1306.40002441406
1459.34292012811	1298.30004882813
1461.80513256351	1300
1464.26659125557	1287
1466.72729658073	1284.09997558594
1469.18724891517	1283.40002441406
1471.64644863469	1276.30004882813
1474.10489611478	1274
1476.5625917306	1270.80004882813
1479.01953585699	1264.19995117188
1481.47572886844	1259.80004882813
1483.93117113917	1260.59997558594
1486.38586304302	1253.59997558594
1488.83980495354	1267.19995117188
1491.29299724395	1257.69995117188
1493.74544028715	1251.19995117188
1496.19713445573	1251.5
1498.64808012193	1252.90002441406
1501.09827765772	1252.30004882813
1503.54772743471	1253.30004882813
1505.99642982421	1246.90002441406
1508.44438519723	1261.30004882813
1510.89159392446	1244.30004882813
1513.33805637625	1257.40002441406
1515.78377292266	1259.90002441406
1518.22874393346	1249.30004882813
1520.67296977806	1252
1523.11645082559	1250.59997558594
1525.55918744488	1251.59997558594
1528.00118000444	1249.90002441406
1530.44242887245	1255.30004882813
1532.88293441684	1257.80004882813
1535.32269700517	1256.5
1537.76171700475	1249.80004882813
1540.19999478255	1261.59997558594
1542.63753070526	1273.30004882813
1545.07432513925	1257.40002441406
1547.5103784506	1254.80004882813
1549.94569100509	1258.5
1552.38026316819	1258.80004882813
1554.8140953051	1256.90002441406
1557.24718778067	1254.69995117188
1559.67954095952	1262.30004882813
1562.11115520592	1255.80004882813
1564.54203088386	1264.09997558594
1566.97216835704	1266.59997558594
1569.40156798888	1260.30004882813
1571.83023014248	1257.19995117188
1574.25815518067	1270.90002441406
1576.68534346597	1256.09997558594
1579.11179536062	1257.80004882813
1581.53751122658	1251.09997558594
1583.9624914255	1258.80004882813
1586.38673631876	1268
1588.81024626745	1260.69995117188
1591.23302163235	1260.69995117188
1593.655062774	1264.19995117188
1596.07637005262	1264.59997558594
1598.49694382815	1270.69995117188
1600.91678446025	1265.30004882813
1603.33589230831	1272.5
1605.75426773142	1265.69995117188
1608.1719110884	1269.80004882813
1610.58882273779	1275.5
1613.00500303784	1270.90002441406
1615.42045234654	1276.30004882813
1617.83517102158	1265.80004882813
1620.24915942039	1269.40002441406
1622.66241790012	1274.59997558594
1625.07494681764	1270.80004882813
1627.48674652954	1268.69995117188
1629.89781739216	1273.40002441406
1632.30815976152	1267.19995117188
1634.71777399343	1273.80004882813
1637.12666044338	1279.5
1639.53481946661	1268
1641.94225141808	1292.09997558594
1644.34895665248	1286.19995117188
1646.75493552424	1297.09997558594
1649.16018838752	1299.69995117188
1651.56471559621	1304.09997558594
1653.96851750392	1306.59997558594
1656.37159446403	1318.09997558594
1658.7739468296	1308.80004882813
1661.17557495349	1309.40002441406
1663.57647918824	1303.30004882813
1665.97665988617	1303.59997558594
1668.37611739929	1300.80004882813
1670.77485207939	1291.30004882813
1673.17286427799	1286.5
1675.57015434633	1279.40002441406
1677.96672263542	1279.5
1680.36256949598	1272.90002441406
1682.7576952785	1268
1685.15210033318	1263.69995117188
1687.54578501	1274.30004882813
1689.93874965866	1256.59997558594
1692.33099462861	1258.59997558594
1694.72252026904	1255
1697.11332692889	1258
1699.50341495686	1255.69995117188
1701.89278470137	1252
1704.28143651061	1250.5
1706.66937073251	1259.59997558594
1709.05658771473	1255.59997558594
1711.44308780473	1256.90002441406
1713.82887134968	1253.59997558594
1716.21393869648	1255.80004882813
1718.59829019185	1258.5
1720.98192618221	1247.5
1723.36484701374	1251.5
1725.74705303238	1248.80004882813
1728.12854458384	1253.59997558594
1730.50932201356	1254.90002441406
1732.88938566673	1253.09997558594
1735.26873588834	1253.19995117188
1737.64737302307	1249.5
1740.02529741544	1252.30004882813
1742.40250940964	1261.30004882813
1744.77900934969	1252
1747.15479757933	1252.80004882813
1749.52987444206	1251.90002441406
1751.90424028116	1250.69995117188
1754.27789543967	1244.59997558594
1756.65084026037	1249.80004882813
1759.02307508582	1249.40002441406
1761.39460025833	1257.09997558594
1763.76541612	1251.40002441406
1766.13552301265	1247.59997558594
1768.50492127791	1253.90002441406
1770.87361125714	1252
1773.2415932915	1245.09997558594
1775.60886772188	1253.30004882813
1777.97543488896	1248.40002441406
1780.34129513318	1254.40002441406
1782.70644879475	1249
1785.07089621365	1247.19995117188
1787.43463772964	1250.30004882813
1789.7976736822	1246.5
1792.16000441066	1237.69995117188
1794.52163025405	1245.30004882813
1796.88255155121	1251.80004882813
1799.24276864074	1248.30004882813
1801.60228186102	1243.90002441406
1803.96109155019	1236.59997558594
1806.31919804618	1242.5
1808.67660168668	1247
1811.03330280916	1245.90002441406
1813.38930175088	1242.5
1815.74459884884	1249.80004882813
1818.09919443984	1236.59997558594
1820.45308886047	1244.19995117188
1822.80628244708	1243.30004882813
1825.1587755358	1242.90002441406
1827.51056846254	1242.19995117188
1829.86166156297	1250.59997558594
1832.21205517258	1244.09997558594
1834.56174962661	1241.90002441406
1836.91074526009	1244.40002441406
1839.25904240783	1243.69995117188
1841.60664140443	1247.90002441406
1843.95354258425	1239.09997558594
1846.29974628146	1243.80004882813
1848.64525282998	1251.40002441406
1850.99006256356	1244.40002441406
1853.3341758157	1245
1855.67759291968	1245.09997558594
1858.02031420858	1240.80004882813
1860.36234001528	1244.09997558594
1862.70367067241	1236.5
1865.04430651244	1247.80004882813
1867.38424786755	1243.40002441406
1869.72349506978	1250.90002441406
1872.06204845094	1252.80004882813
1874.39990834258	1243.09997558594
1876.73707507612	1240.40002441406
1879.07354898269	1245.90002441406
1881.40933039328	1246.40002441406
1883.74441963861	1249.90002441406
1886.07881704925	1244.80004882813
1888.41252295551	1239.69995117188
1890.74553768751	1244.5
1893.07786157519	1248.19995117188
1895.40949494822	1249.09997558594
1897.74043813615	1246.09997558594
1900.07069146823	1252
1902.40025527357	1240.5
1904.72912988106	1252.69995117188
1907.05731561938	1239.90002441406
1909.38481281699	1252.59997558594
1911.71162180217	1253
1914.037742903	1248.30004882813
1916.36317644734	1239.69995117188
1918.68792276284	1240.59997558594
1921.01198217697	1248
1923.33535501699	1244.30004882813
1925.65804160996	1249.59997558594
1927.98004228273	1238.69995117188
1930.30135736196	1249.30004882813
1932.6219871741	1246.30004882813
1934.94193204543	1245.5
1937.26119230198	1253
1939.57976826962	1253.30004882813
1941.89766027402	1238.59997558594
1944.21486864062	1248.30004882813
1946.53139369472	1239.80004882813
1948.84723576137	1242.19995117188
1951.16239516543	1245.30004882813
1953.47687223159	1246.90002441406
1955.79066728434	1248.19995117188
1958.10378064794	1242
1960.4162126465	1245.69995117188
1962.7279636039	1246.09997558594
1965.03903384385	1249.09997558594
1967.34942368987	1246
1969.65913346524	1252.5
1971.96816349311	1255.90002441406
1974.2765140964	1243.59997558594
1976.58418559784	1245.80004882813
1978.89117831997	1248
1981.19749258516	1246.30004882813
1983.50312871555	1251
1985.80808703313	1246.09997558594
1988.11236785967	1257.09997558594
1990.41597151676	1257.40002441406
1992.71889832581	1243.90002441406
1995.02114860801	1244.30004882813
1997.3227226844	1246.80004882813
1999.62362087581	1239.09997558594
2001.92384350288	1241.19995117188
2004.22339088608	1247.90002441406
2006.52226334567	1246.59997558594
2008.82046120173	1242.90002441406
2011.11798477417	1246.59997558594
2013.41483438269	1243.90002441406
2015.71101034681	1251.30004882813
2018.00651298588	1246.19995117188
2020.30134261905	1240
2022.59549956528	1250.80004882813
2024.88898414337	1252.30004882813
2027.1817966719	1248.19995117188
2029.4739374693	1249.40002441406
2031.76540685379	1241.09997558594
2034.05620514342	1242.59997558594
2036.34633265607	1234.69995117188
2038.6357897094	1254.09997558594
2040.92457662092	1247.19995117188
2043.21269370795	1245.40002441406
2045.50014128763	1246
2047.78691967691	1237.30004882813
2050.07302919256	1247.09997558594
2052.35847015118	1249.59997558594
2054.64324286919	1253.09997558594
2056.9273476628	1249.80004882813
2059.21078484808	1248
2061.4935547409	1246.19995117188
2063.77565765696	1243.59997558594
2066.05709391176	1250.5
2068.33786382065	1252.59997558594
2070.61796769879	1250.40002441406
2072.89740586116	1244.80004882813
2075.17617862255	1241.30004882813
2077.45428629759	1248.90002441406
2079.73172920075	1238
2082.00850764627	1253.30004882813
2084.28462194827	1241.69995117188
2086.56007242065	1249.19995117188
2088.83485937717	1249.09997558594
2091.10898313139	1247.40002441406
2093.3824439967	1253.59997558594
2095.65524228632	1246.59997558594
2097.92737831328	1248
2100.19885239047	1245
2102.46966483057	1250.5
2104.7398159461	1238.90002441406
2107.00930604941	1242.80004882813
2109.27813545267	1245.30004882813
2111.54630446787	1244.30004882813
2113.81381340685	1247.69995117188
2116.08066258126	1252.19995117188
2118.34685230257	1251.40002441406
2120.61238288211	1247.59997558594
2122.87725463099	1245.09997558594
2125.1414678602	1245.59997558594
2127.40502288052	1242.69995117188
2129.66792000257	1248.09997558594
2131.93015953682	1237.30004882813
2134.19174179353	1247.09997558594
2136.45266708282	1252.19995117188
2138.71293571463	1246
2140.97254799873	1250.59997558594
2143.23150424473	1255.19995117188
2145.48980476205	1246.30004882813
2147.74744985996	1249
2150.00443984754	1251.80004882813
2152.26077503373	1245.40002441406
2154.51645572728	1244.5
2156.77148223677	1245.30004882813
2159.02585487064	1251.5
2161.27957393713	1251.80004882813
2163.53263974432	1248.5
2165.78505260012	1249.19995117188
2168.0368128123	1251.69995117188
2170.28792068844	1241.40002441406
2172.53837653595	1244.90002441406
2174.78818066207	1246.09997558594
2177.03733337389	1251.19995117188
2179.28583497833	1244.69995117188
2181.53368578214	1245.30004882813
2183.78088609192	1250.5
2186.02743621406	1247.69995117188
2188.27333645484	1242
2190.51858712033	1250.09997558594
2192.76318851646	1245.30004882813
2195.00714094901	1253.30004882813
2197.25044472354	1250.59997558594
2199.49310014551	1245
2201.73510752018	1254.69995117188
2203.97646715265	1247.09997558594
2206.21717934786	1241.19995117188
2208.45724441058	1253.90002441406
2210.69666264543	1243.19995117188
2212.93543435686	1241.09997558594
2215.17355984914	1237.19995117188
2217.41103942642	1250.5
2219.64787339264	1245.90002441406
2221.8840620516	1234.30004882813
2224.11960570695	1249.09997558594
2226.35450466215	1246.09997558594
2228.58875922051	1249
2230.82236968518	1247.19995117188
2233.05533635916	1234.09997558594
2235.28765954527	1240.90002441406
2237.51933954617	1250.19995117188
2239.75037666437	1253.90002441406
2241.98077120221	1242.30004882813
2244.21052346188	1247.09997558594
2246.4396337454	1244.40002441406
2248.66810235461	1241.30004882813
2250.89592959125	1245.5
2253.12311575681	1239.09997558594
2255.34966115272	1247.80004882813
2257.57556608017	1249
2259.80083084023	1250.09997558594
2262.02545573381	1244.69995117188
2264.24944106163	1243.80004882813
2266.47278712429	1241.80004882813
2268.69549422221	1236.19995117188
2270.91756265564	1250.90002441406
2273.1389927247	1245.80004882813
2275.35978472934	1248.19995117188
2277.57993896933	1250.59997558594
2279.79945574431	1242.40002441406
2282.01833535375	1242.09997558594
2284.23657809696	1249.69995117188
2286.45418427309	1240.59997558594
2288.67115418114	1248.40002441406
2290.88748811995	1237.30004882813
2293.10318638819	1247.59997558594
2295.3182492844	1245.69995117188
2297.53267710693	1242
2299.746470154	1248.5
2301.95962872364	1246.59997558594
2304.17215311376	1240.59997558594
2306.3840436221	1241.59997558594
2308.59530054621	1239.19995117188
2310.80592418354	1245.80004882813
2313.01591483134	1245
2315.22527278673	1241.40002441406
2317.43399834666	1240.19995117188
2319.64209180791	1241.40002441406
2321.84955346713	1234.09997558594
2324.05638362079	1246.90002441406
2326.26258256524	1245.80004882813
2328.46815059664	1254.90002441406
2330.67308801098	1253.40002441406
2332.87739510415	1252.09997558594
2335.08107217184	1244.69995117188
2337.2841195096	1244.69995117188
2339.48653741281	1244.09997558594
2341.68832617672	1244.90002441406
2343.8894860964	1235.30004882813
2346.09001746678	1241.19995117188
2348.28992058261	1251.90002441406
2350.48919573852	1240.80004882813
2352.68784322898	1246.59997558594
2354.88586334826	1240.30004882813
2357.08325639055	1235.69995117188
2359.2800226498	1242.19995117188
2361.47616241988	1241.59997558594
2363.67167599445	1239.40002441406
2365.86656366706	1238.19995117188
2368.06082573107	1244.59997558594
2370.2544624797	1240.09997558594
2372.44747420603	1241
2374.63986120295	1238.90002441406
2376.83162376322	1245.30004882813
2379.02276217945	1247.5
2381.21327674408	1239.30004882813
2383.4031677494	1250.09997558594
2385.59243548756	1240.19995117188
2387.78108025053	1237.90002441406
2389.96910233014	1246.69995117188
2392.15650201809	1246.69995117188
2394.34327960587	1250.59997558594
2396.52943538486	1247.09997558594
2398.71496964628	1239
2400.89988268118	1243.69995117188
2403.08417478048	1241.19995117188
2405.26784623491	1236
2407.45089733509	1241.30004882813
2409.63332837146	1237.80004882813
2411.81513963429	1244
2413.99633141375	1240.69995117188
2416.1769039998	1235.59997558594
2418.35685768227	1237.5
2420.53619275084	1243.90002441406
2422.71490949505	1240.90002441406
2424.89300820425	1238.80004882813
2427.07048916765	1239
2429.24735267433	1240.90002441406
2431.42359901319	1240.09997558594
2433.59922847297	1237.80004882813
2435.7742413423	1242
2437.94863790961	1240.5
2440.12241846321	1234.80004882813
2442.29558329121	1243
2444.46813268162	1241.69995117188
2446.64006692228	1236.59997558594
2448.81138630086	1231.90002441406
2450.98209110489	1241.80004882813
2453.15218162174	1236.90002441406
2455.32165813864	1237.40002441406
2457.49052094265	1238.59997558594
2459.65877032069	1235.69995117188
2461.8264065595	1246.59997558594
2463.99342994572	1238.19995117188
2466.15984076579	1234.69995117188
2468.325639306	1237.5
2470.49082585251	1240.5
2472.65540069131	1240.19995117188
2474.81936410824	1236.30004882813
2476.98271638899	1242.80004882813
2479.14545781909	1236.90002441406
2481.30758868392	1242.69995117188
2483.4691092687	1239
2485.63001985852	1245.80004882813
2487.79032073829	1239
2489.95001219277	1243
2492.10909450659	1239.80004882813
2494.26756796419	1241.40002441406
2496.42543284989	1241.19995117188
2498.58268944783	1239.40002441406
2500.73933804202	1235.09997558594
2502.8953789163	1239.80004882813
2505.05081235436	1247.40002441406
2507.20563863974	1243.80004882813
2509.35985805582	1235.19995117188
2511.51347088583	1242.5
2513.66647741285	1251.40002441406
2515.81887791981	1244.80004882813
2517.97067268946	1239
2520.12186200443	1234.90002441406
2522.27244614716	1241.30004882813
2524.42242539999	1232.59997558594
2526.57180004504	1241.19995117188
2528.72057036433	1239.69995117188
2530.8687366397	1240.5
2533.01629915284	1239.59997558594
2535.16325818527	1235
2537.30961401839	1242.59997558594
2539.45536693343	1236.80004882813
2541.60051721145	1238
2543.74506513338	1244.40002441406
2545.88901097997	1236.5
2548.03235503185	1238.5
2550.17509756946	1246.19995117188
2552.31723887311	1246.5
2554.45877922293	1245.19995117188
2556.59971889893	1242
2558.74005818094	1242.90002441406
2560.87979734864	1241.5
2563.01893668155	1243.69995117188
2565.15747645906	1236.90002441406
2567.29541696037	1243.30004882813
2569.43275846454	1242.69995117188
2571.56950125049	1245.80004882813
2573.70564559696	1242.5
2575.84119178254	1239.59997558594
2577.97614008569	1238.90002441406
2580.11049078468	1241.90002441406
2582.24424415764	1244.5
2584.37740048255	1242.69995117188
2586.50996003722	1239.5
2588.64192309931	1235.59997558594
2590.77328994634	1236.69995117188
2592.90406085564	1242.59997558594
2595.03423610442	1239.19995117188
2597.16381596971	1238.69995117188
2599.29280072839	1241
2601.42119065719	1241.40002441406
2603.54898603267	1244.30004882813
2605.67618713125	1241.5
2607.80279422919	1242.80004882813
2609.92880760257	1241.09997558594
2612.05422752735	1250.69995117188
2614.17905427932	1249
2616.30328813408	1240.90002441406
2618.42692936713	1247.19995117188
2620.54997825377	1245.59997558594
2622.67243506915	1241
2624.79430008828	1250
2626.915573586	1250.80004882813
2629.03625583699	1237.69995117188
2631.15634711579	1241.09997558594
2633.27584769675	1240.30004882813
2635.39475785408	1234.80004882813
2637.51307786185	1240.19995117188
2639.63080799394	1243.90002441406
2641.74794852409	1244.09997558594
2643.86449972589	1238.09997558594
2645.98046187273	1238.30004882813
2648.0958352379	1241.59997558594
2650.21062009449	1243.09997558594
2652.32481671544	1244.90002441406
2654.43842537353	1246.5
2656.5514463414	1246.30004882813
2658.66387989151	1241.30004882813
2660.77572629616	1246
2662.88698582751	1248
2664.99765875753	1243.19995117188
2667.10774535806	1234.90002441406
2669.21724590076	1240.59997558594
2671.32616065714	1243.80004882813
2673.43448989857	1241.59997558594
2675.5422338962	1238.19995117188
2677.64939292108	1243
2679.75596724408	1242.5
2681.86195713589	1245.09997558594
2683.96736286707	1250.69995117188
2686.07218470799	1239.90002441406
2688.17642292889	1245
2690.28007779982	1252.59997558594
2692.38314959069	1245.40002441406
2694.48563857123	1242.30004882813
2696.58754501103	1242.90002441406
2698.6888691795	1243.5
2700.78961134588	1239.80004882813
2702.8897717793	1244.69995117188
2704.98935074864	1244.69995117188
2707.08834852271	1246
2709.18676537009	1245.09997558594
2711.28460155925	1251.80004882813
2713.38185735843	1246.5
2715.47853303577	1246.59997558594
2717.57462885924	1249.09997558594
2719.67014509659	1248.30004882813
2721.76508201548	1253.59997558594
2723.85943988337	1252.90002441406
2725.95321896754	1247.40002441406
2728.04641953515	1248.59997558594
2730.13904185316	1254
2732.23108618837	1249.80004882813
2734.32255280744	1255
2736.41344197683	1252.09997558594
2738.50375396288	1249.5
2740.5934890317	1250.90002441406
2742.68264744932	1253.90002441406
2744.77122948153	1240.80004882813
2746.85923539398	1244.40002441406
2748.94666545217	1237.5
2751.03351992142	1251.09997558594
2753.11979906688	1252
2755.20550315355	1242.19995117188
2757.29063244624	1245.09997558594
2759.37518720963	1247.19995117188
2761.45916770819	1248.5
2763.54257420625	1251.69995117188
2765.62540696797	1246.69995117188
2767.70766625733	1250.80004882813
2769.78935233816	1248.19995117188
2771.87046547413	1243.30004882813
2773.95100592869	1245.30004882813
2776.03097396519	1244.5
2778.11036984677	1247.09997558594
2780.18919383641	1246.5
2782.26744619693	1247.09997558594
2784.34512719097	1246.19995117188
2786.42223708102	1253
2788.49877612937	1252.5
2790.57474459816	1244.19995117188
2792.65014274937	1248.5
2794.7249708448	1253
2796.79922914607	1254.09997558594
2798.87291791465	1243.5
2800.94603741181	1237.80004882813
2803.01858789869	1252.59997558594
2805.09056963623	1249.80004882813
2807.1619828852	1249.90002441406
2809.23282790621	1251.09997558594
2811.30310495971	1252.40002441406
2813.37281430593	1256.09997558594
2815.441956205	1248.19995117188
2817.51053091682	1253
2819.57853870114	1254.30004882813
2821.64597981753	1253.19995117188
2823.7128545254	1263.59997558594
2825.77916308399	1257.30004882813
2827.84490575233	1266.40002441406
2829.91008278933	1267
2831.97469445369	1272.40002441406
2834.03874100395	1272
2836.10222269847	1280.80004882813
2838.16513979544	1285.30004882813
2840.22749255288	1308.40002441406
2842.28928122863	1323.59997558594
2844.35050608034	1336
2846.41116736553	1364.19995117188
2848.47126534149	1383.90002441406
2850.53080026537	1394.09997558594
2852.58977239414	1403.69995117188
2854.64818198459	1394
2856.70602929332	1389.30004882813
2858.76331457678	1400
2860.82003809123	1393.30004882813
2862.87620009274	1396.5
2864.93180083723	1399
2866.98684058043	1401.30004882813
2869.04131957789	1399
2871.09523808497	1424.80004882813
2873.14859635689	1431.09997558594
2875.20139464866	1427.40002441406
2877.2536332151	1433
2879.30531231091	1438.40002441406
2881.35643219054	1441.09997558594
2883.40699310831	1446.80004882813
2885.45699531834	1445.69995117188
2887.50643907457	1451.19995117188
2889.55532463077	1453.80004882813
2891.60365224053	1459.19995117188
2893.65142215724	1468.5
2895.69863463414	1463.30004882813
2897.74528992426	1466.40002441406
2899.79138828046	1456.5
2901.83692995544	1462.5
2903.88191520168	1474.5
2905.92634427151	1474
2907.97021741706	1470.59997558594
2910.01353489027	1484.40002441406
2912.05629694294	1501.5
2914.09850382663	1495.59997558594
2916.14015579276	1498.09997558594
2918.18125309254	1502.59997558594
2920.22179597702	1515.59997558594
2922.26178469705	1516.40002441406
2924.30121950329	1537.69995117188
2926.34010064624	1536.30004882813
2928.37842837619	1539.80004882813
2930.41620294326	1541.69995117188
2932.45342459737	1531.09997558594
2934.49009358828	1540.80004882813
2936.52621016555	1543.30004882813
2938.56177457854	1534.30004882813
2940.59678707645	1524.40002441406
2942.63124790827	1504.40002441406
2944.66515732282	1488.40002441406
2946.69851556873	1483.5
2948.73132289443	1476.69995117188
2950.76357954817	1467
2952.79528577803	1437.90002441406
2954.82644183188	1443.19995117188
2956.85704795741	1443.30004882813
2958.8871044021	1437.40002441406
2960.91661141328	1423.69995117188
2962.94556923807	1434.30004882813
2964.97397812339	1420.90002441406
2967.00183831598	1417.30004882813
2969.0291500624	1414.09997558594
2971.05591360902	1412.5
2973.08212920199	1407.19995117188
2975.1077970873	1413.90002441406
2977.13291751074	1403.80004882813
2979.1574907179	1380.59997558594
2981.18151695419	1375.80004882813
2983.20499646482	1372.90002441406
2985.2279294948	1357.09997558594
2987.25031628898	1359.40002441406
2989.27215709199	1359.5
2991.29345214825	1347.80004882813
2993.31420170204	1337.69995117188
2995.33440599738	1351.30004882813
2997.35406527816	1339.30004882813
2999.37317978802	1340
3001.39174977045	1329.09997558594
3003.40977546872	1333.5
3005.42725712591	1345.90002441406
3007.44419498491	1328.19995117188
3009.4605892884	1327.59997558594
3011.47644027889	1331
3013.49174819865	1325
3015.5065132898	1315.40002441406
3017.52073579424	1320.69995117188
3019.53441595366	1314.19995117188
3021.54755400959	1315.80004882813
3023.56015020332	1309.40002441406
3025.57220477598	1307.5
3027.58371796846	1312.5
3029.5946900215	1311.80004882813
3031.6051211756	1313.69995117188
3033.61501167107	1312.19995117188
3035.62436174803	1307.90002441406
3037.6331716464	1315
3039.64144160588	1312.19995117188
3041.649171866	1317.19995117188
3043.65636266607	1321.5
3045.6630142452	1317.59997558594
3047.66912684229	1314.69995117188
3049.67470069605	1311.59997558594
3051.679736045	1307.90002441406
3053.68423312742	1316.90002441406
3055.68819218143	1325.19995117188
3057.6916134449	1328.30004882813
3059.69449715556	1326.40002441406
3061.69684355086	1325.90002441406
3063.6986528681	1314.30004882813
3065.69992534437	1329
3067.70066121653	1320.09997558594
3069.70086072126	1326.30004882813
3071.700524095	1326.30004882813
3073.69965157405	1330.59997558594
3075.69824339442	1327.5
3077.69629979197	1332.40002441406
3079.69382100235	1325.80004882813
3081.69080726098	1320
3083.68725880307	1328.5
3085.68317586366	1316.69995117188
3087.67855867755	1335.30004882813
3089.67340747933	1324.40002441406
3091.6677225034	1328.5
3093.66150398392	1337.09997558594
3095.6547521549	1327
3097.64746725006	1333.90002441406
3099.63964950297	1337.90002441406
3101.63129914698	1334.30004882813
3103.6224164152	1341.80004882813
3105.61300154056	1335.09997558594
3107.60305475576	1341
3109.59257629331	1342.90002441406
3111.58156638547	1340.80004882813
3113.57002526432	1355.40002441406
3115.55795316172	1358.90002441406
3117.54535030932	1351.5
3119.53221693853	1358.69995117188
3121.51855328057	1363.09997558594
3123.50435956646	1370.19995117188
3125.48963602698	1360.40002441406
3127.4743828927	1360.90002441406
3129.45860039397	1377
3131.44228876093	1377
3133.42544822353	1380.19995117188
3135.40807901145	1391.5
3137.39018135418	1376.30004882813
3139.37175548102	1377
3141.35280162101	1382.40002441406
3143.33332000299	1379.40002441406
3145.31331085559	1395.59997558594
3147.2927744072	1389
3149.27171088602	1406.40002441406
3151.25012052	1391.40002441406
3153.22800353689	1396.90002441406
3155.20536016422	1387.69995117188
3157.18219062929	1404
3159.15849515918	1421.09997558594
3161.13427398075	1414.5
3163.10952732066	1413
3165.08425540532	1407.19995117188
3167.05845846092	1420.30004882813
3169.03213671344	1401.40002441406
3171.00529038863	1414.90002441406
3172.97791971203	1432.09997558594
3174.95002490893	1435.30004882813
3176.92160620443	1437.59997558594
3178.89266382337	1436
3180.8631979904	1441
3182.83320892991	1422.69995117188
3184.80269686609	1442
3186.77166202289	1437.69995117188
3188.74010462406	1441.69995117188
3190.70802489307	1453.40002441406
3192.67542305323	1439.90002441406
3194.64229932757	1458.19995117188
3196.60865393892	1453.5
3198.57448710987	1450.5
3200.53979906279	1449.69995117188
3202.50459001981	1468.30004882813
3204.46886020284	1466.09997558594
3206.43260983356	1471.09997558594
3208.39583913341	1465.59997558594
3210.35854832362	1470.19995117188
3212.32073762517	1463.40002441406
3214.28240725881	1478.69995117188
3216.24355744508	1476.09997558594
3218.20418840426	1474.80004882813
3220.16430035642	1480.90002441406
3222.12389352137	1489.59997558594
3224.08296811873	1484.59997558594
3226.04152436784	1476.90002441406
3227.99956248784	1487.5
3229.95708269762	1489.90002441406
3231.91408521584	1487.40002441406
3233.87057026092	1497.09997558594
3235.82653805105	1494.09997558594
3237.78198880419	1493.30004882813
3239.73692273806	1493
3241.69134007013	1491.90002441406
3243.64524101764	1493.40002441406
3245.59862579761	1505.30004882813
3247.55149462681	1482
3249.50384772176	1499.09997558594
3251.45568529877	1499
3253.40700757387	1500.69995117188
3255.35781476288	1507.59997558594
3257.3081070814	1501.19995117188
3259.25788474473	1506.19995117188
3261.20714796799	1502.5
3263.15589696602	1516.40002441406
3265.10413195345	1515
3267.05185314463	1525
3268.9990607537	1508.09997558594
3270.94575499455	1528
3272.89193608081	1511.19995117188
3274.8376042259	1504.40002441406
3276.78275964296	1509.19995117188
3278.72740254492	1515.5
3280.67153314443	1514.80004882813
3282.61515165393	1528.90002441406
3284.55825828559	1514
3286.50085325135	1523.90002441406
3288.44293676289	1519
3290.38450903165	1520
3292.32557026883	1520.69995117188
3294.26612068537	1519.59997558594
3296.20616049198	1524.09997558594
3298.14568989911	1514.59997558594
3300.08470911695	1537
3302.02321835546	1507.69995117188
3303.96121782435	1509.30004882813
3305.89870773306	1522.59997558594
3307.83568829081	1524.19995117188
3309.77215970655	1511.80004882813
3311.70812218898	1510
3313.64357594655	1535.59997558594
3315.57852118747	1513.19995117188
3317.51295811968	1521.90002441406
3319.44688695087	1507.69995117188
3321.38030788849	1535.09997558594
3323.31322113973	1525
3325.24562691152	1525.19995117188
3327.17752541055	1516.59997558594
3329.10891684322	1530.69995117188
3331.03980141573	1528.09997558594
3332.97017933399	1512.90002441406
3334.90005080364	1518.40002441406
3336.82941603011	1528.5
3338.75827521852	1531.5
3340.68662857377	1532.5
3342.6144763005	1519.59997558594
3344.54181860308	1525.90002441406
3346.46865568561	1532.90002441406
3348.39498775195	1537.5
3350.32081500571	1532.5
3352.24613765022	1526.19995117188
3354.17095588855	1543.69995117188
3356.09526992352	1539.09997558594
3358.01907995769	1539.5
3359.94238619334	1531.19995117188
3361.86518883251	1553.80004882813
3363.78748807697	1534.59997558594
3365.70928412823	1541.59997558594
3367.63057718752	1541.19995117188
3369.55136745582	1542.5
3371.47165513386	1552
3373.39144042208	1537.19995117188
3375.31072352066	1525.59997558594
3377.22950462953	1544.40002441406
3379.14778394834	1550.09997558594
3381.06556167648	1550.09997558594
3382.98283801308	1551.19995117188
3384.89961315697	1548.30004882813
3386.81588730676	1547.09997558594
3388.73166066076	1548.69995117188
3390.64693341702	1549.90002441406
3392.56170577332	1557.09997558594
3394.47597792716	1545.90002441406
3396.38975007581	1547.80004882813
3398.30302241623	1559.69995117188
3400.21579514512	1552.5
3402.1280684589	1536.59997558594
3404.03984255374	1542.40002441406
3405.95111762553	1534.5
3407.86189386987	1556.5
3409.77217148212	1555.80004882813
3411.68195065733	1561.90002441406
3413.5912315903	1538
3415.50001447556	1551.09997558594
3417.40829950735	1544.40002441406
3419.31608687963	1533.59997558594
3421.22337678611	1536.09997558594
3423.1301694202	1534.19995117188
3425.03646497504	1551.09997558594
3426.9422636435	1540.5
3428.84756561816	1552.90002441406
3430.75237109135	1537.09997558594
3432.65668025508	1541.40002441406
3434.56049330112	1548.90002441406
3436.46381042093	1530.5
3438.36663180571	1556.40002441406
3440.26895764638	1567.80004882813
3442.17078813357	1523
3444.07212345762	1537.40002441406
3445.97296380863	1540.19995117188
3447.87330937636	1557.30004882813
3449.77316035033	1540.80004882813
3451.67251691977	1538.19995117188
3453.57137927361	1544.59997558594
3455.46974760052	1530.30004882813
3457.36762208886	1542.30004882813
3459.26500292671	1509.59997558594
3461.16189030191	1522.5
3463.05828440194	1523.69995117188
3464.95418541406	1507.5
3466.84959352519	1523.59997558594
3468.74450892201	1517.59997558594
3470.63893179088	1525.90002441406
3472.53286231788	1516.09997558594
3474.42630068881	1524.30004882813
3476.31924708918	1511.59997558594
3478.2117017042	1506.30004882813
3480.1036647188	1506.40002441406
3481.99513631761	1500.09997558594
3483.88611668498	1501.09997558594
3485.77660600498	1507.90002441406
3487.66660446135	1499.59997558594
3489.55611223758	1497.69995117188
3491.44512951683	1480.30004882813
3493.333656482	1491.30004882813
3495.22169331568	1480.69995117188
3497.10924020016	1482.09997558594
3498.99629731746	1482.40002441406
3500.88286484927	1484.59997558594
3502.76894297702	1469.40002441406
3504.65453188182	1468.90002441406
3506.53963174449	1481.90002441406
3508.42424274555	1473.69995117188
3510.30836506524	1466.90002441406
3512.19199888349	1464
3514.07514437992	1458.09997558594
3515.95780173387	1445.09997558594
3517.83997112437	1461.69995117188
3519.72165273016	1453.80004882813
3521.60284672967	1456.59997558594
3523.48355330104	1441.90002441406
3525.36377262208	1440.30004882813
3527.24350487035	1439.5
3529.12275022306	1437.5
3531.00150885715	1444.5
3532.87978094923	1427.40002441406
3534.75756667562	1434.59997558594
3536.63486621235	1431.90002441406
3538.51167973512	1421.19995117188
3540.38800741934	1420.90002441406
3542.26384944011	1413.19995117188
3544.13920597223	1407.69995117188
3546.01407719018	1418.80004882813
3547.88846326815	1408.69995117188
3549.76236438002	1405.80004882813
3551.63578069934	1398
3553.50871239938	1407.09997558594
3555.38115965309	1401.90002441406
3557.25312263311	1394.90002441406
3559.12460151177	1388.30004882813
3560.99559646109	1394.69995117188
3562.86610765279	1402.59997558594
3564.73613525825	1382.5
3566.60567944857	1398.30004882813
3568.47474039453	1377.40002441406
3570.34331826658	1376.69995117188
3572.21141323487	1377.90002441406
3574.07902546925	1389.90002441406
3575.94615513922	1369.30004882813
3577.81280241401	1382.19995117188
3579.67896746249	1374.30004882813
3581.54465045325	1357.69995117188
3583.40985155455	1379.69995117188
3585.27457093432	1365
3587.1388087602	1361.5
3589.00256519949	1363
3590.86584041919	1363.30004882813
3592.72863458597	1362.30004882813
3594.59094786618	1365
3596.45278042585	1359.40002441406
3598.31413243069	1349.90002441406
3600.17500404611	1360.5
3602.03539543717	1346.09997558594
3603.89530676861	1355.59997558594
3605.75473820488	1367.80004882813
3607.61368991007	1342.59997558594
3609.47216204797	1345.09997558594
3611.33015478203	1340.30004882813
3613.18766827539	1336.90002441406
3615.04470269087	1332.69995117188
3616.90125819094	1335.40002441406
3618.75733493776	1342.40002441406
3620.61293309318	1336.69995117188
3622.46805281869	1337
3624.32269427547	1332.19995117188
3626.17685762439	1344.09997558594
3628.03054302596	1334.40002441406
3629.88375064038	1329.09997558594
3631.73648062751	1330
3633.5887331469	1313.80004882813
3635.44050835775	1317.59997558594
3637.29180641893	1313.69995117188
3639.14262748899	1314.80004882813
3640.99297172614	1325.5
3642.84283928828	1307.5
3644.69223033294	1310.40002441406
3646.54114501734	1299.40002441406
3648.38958349836	1307.19995117188
3650.23754593256	1311.69995117188
3652.08503247614	1301
3653.93204328497	1295.69995117188
3655.77857851462	1291.09997558594
3657.62463832028	1293.90002441406
3659.47022285682	1292.19995117188
3661.31533227877	1295.69995117188
3663.15996674033	1283.5
3665.00412639535	1279.5
3666.84781139736	1274.19995117188
3668.69102189953	1283.19995117188
3670.5337580547	1281.30004882813
3672.37602001537	1280.5
3674.21780793368	1269.30004882813
3676.05912196148	1270.19995117188
3677.89996225021	1270.09997558594
3679.74032895103	1263.19995117188
3681.58022221471	1265
3683.41964219171	1259.09997558594
3685.25858903211	1268.69995117188
3687.0970628857	1261.09997558594
3688.93506390186	1260.30004882813
3690.77259222968	1254.5
3692.60964801787	1259.30004882813
3694.44623141481	1250.59997558594
3696.28234256853	1254.90002441406
3698.11798162669	1252.80004882813
3699.95314873665	1252.09997558594
3701.78784404537	1250.40002441406
3703.62206769951	1247.40002441406
3705.45581984533	1238
3707.28910062877	1246.90002441406
3709.12191019542	1244.19995117188
3710.95424869052	1244
3712.78611625894	1242.90002441406
3714.6175130452	1237.5
3716.44843919349	1235.80004882813
3718.27889484764	1239.90002441406
3720.1088801511	1234.59997558594
3721.93839524699	1246
3723.76744027808	1238.59997558594
3725.59601538677	1244.80004882813
3727.4241207151	1236.30004882813
