40.2973356941271	1133.80004882813
43.2236257608418	1143.40002441406
46.1488808466109	1145.5
49.0731017336173	1152.69995117188
51.9962892025666	1156.5
54.9184440327569	1159.80004882813
57.8395670020446	1171.09997558594
60.7596588868509	1178.5
63.6787204621708	1191.80004882813
66.5967525015794	1199.19995117188
69.5137557772381	1222.09997558594
72.4297310598838	1232.40002441406
75.3446791188512	1267.19995117188
78.2586007220466	1307.40002441406
81.1714966360015	1342.90002441406
84.0833676258266	1384.09997558594
86.994214455242	1445.59997558594
89.9040378865662	1499
92.8128386807427	1555.90002441406
95.7206175973133	1586.80004882813
98.6273753944444	1629.59997558594
101.533112828928	1642.30004882813
104.437830656161	1644.30004882813
107.34152963018	1637.69995117188
110.244210503676	1639.40002441406
113.145874027931	1628.90002441406
116.046520952895	1622.59997558594
118.946152027154	1605.30004882813
121.844767997933	1612.5
124.74236961111	1603.30004882813
127.638957611212	1585.90002441406
130.534532741422	1585.40002441406
133.429095743606	1600.80004882813
136.322647358252	1585.30004882813
139.215188324544	1587.19995117188
142.106719380311	1584.69995117188
144.997241262089	1573.30004882813
147.886754705057	1588
150.775260443096	1574.5
153.662759208748	1583.19995117188
156.549251733282	1578.40002441406
159.434738746612	1578
162.319220977376	1564.30004882813
165.20269915289	1561.19995117188
168.085173999178	1570.40002441406
170.966646240977	1554.09997558594
173.847116601709	1556.5
176.726585803528	1554.09997558594
179.605054567295	1541
182.48252361259	1532.59997558594
185.358993657701	1525.59997558594
188.234465419645	1531.69995117188
191.108939614183	1523.80004882813
193.982416955795	1520.19995117188
196.854898157687	1504.19995117188
199.726383931801	1513.69995117188
202.596874988835	1517.80004882813
205.466372038225	1510.40002441406
208.334875788145	1511.80004882813
211.202386945534	1498.90002441406
214.068906216069	1516
216.934434304194	1506
219.798971913111	1501
222.662519744776	1516.30004882813
225.525078499925	1502.09997558594
228.386648878069	1499.80004882813
231.247231577465	1499.40002441406
234.106827295172	1493.40002441406
236.965436727012	1490
239.823060567597	1490.80004882813
242.679699510337	1478.69995117188
245.535354247396	1472
248.390025469775	1475.59997558594
251.243713867223	1468.69995117188
254.096420128327	1452.19995117188
256.948144940459	1467.69995117188
259.798888989788	1478.40002441406
262.648652961315	1463.5
265.49743753883	1460.30004882813
268.345243404939	1457.30004882813
271.192071241073	1464.40002441406
274.037921727485	1456.80004882813
276.882795543246	1461.80004882813
279.72669336624	1461.59997558594
282.569615873213	1462.09997558594
285.411563739724	1458
288.252537640165	1482
291.092538247763	1458.59997558594
293.931566234616	1457.69995117188
296.769622271633	1483.90002441406
299.606707028594	1465.30004882813
302.442821174104	1471.59997558594
305.277965375652	1443.30004882813
308.112140299574	1459.59997558594
310.945346611062	1465.80004882813
313.777584974167	1458.19995117188
316.608856051813	1475.5
319.439160505797	1464.40002441406
322.268498996783	1457.69995117188
325.096872184303	1472.90002441406
327.924280726782	1465.19995117188
330.750725281521	1460.69995117188
333.576206504693	1459.59997558594
336.400725051388	1459.69995117188
339.224281575542	1455.90002441406
342.046876730026	1450.59997558594
344.868511166586	1465.5
347.689185535872	1455.59997558594
350.508900487421	1462.69995117188
353.327656669699	1458.30004882813
356.145454730079	1461.19995117188
358.962295314817	1450.80004882813
361.778179069105	1446.40002441406
364.593106637051	1453.5
367.407078661675	1457.69995117188
370.220095784913	1451.69995117188
373.032158647655	1454.59997558594
375.843267889676	1464.19995117188
378.653424149715	1462.09997558594
381.462628065436	1457.09997558594
384.270880273432	1457.69995117188
387.078181409254	1468.80004882813
389.884532107358	1459.80004882813
392.689933001188	1467.59997558594
395.494384723112	1467.19995117188
398.29788790445	1468.80004882813
401.100443175488	1459.5
403.902051165437	1463.40002441406
406.702712502518	1482.80004882813
409.502427813866	1473
412.301197725607	1469.80004882813
415.099022862823	1459
417.89590384957	1475.09997558594
420.691841308876	1475.09997558594
423.486835862752	1478
426.280888132173	1474.59997558594
429.073998737112	1475.40002441406
431.866168296507	1469.40002441406
434.657397428298	1468.80004882813
437.447686749412	1469.5
440.237036875762	1481.30004882813
443.025448422257	1468.5
445.812922002813	1474
448.599458230326	1474.80004882813
451.38505771672	1472.80004882813
454.169721072909	1476.59997558594
456.953448908819	1474.09997558594
459.736241833384	1470.90002441406
462.518100454555	1480.69995117188
465.2990253793	1485.69995117188
468.079017213605	1488.19995117188
470.858076562476	1477.90002441406
473.636204029939	1473.90002441406
476.41340021906	1478.59997558594
479.189665731938	1471.80004882813
481.965001169667	1477.19995117188
484.739407132419	1474.30004882813
487.512884219391	1484.69995117188
490.285433028796	1485.80004882813
493.057054157921	1485
495.827748203087	1482.59997558594
498.597515759658	1479.09997558594
501.366357422061	1490.09997558594
504.134273783759	1492
506.901265437278	1483.80004882813
509.66733297421	1483.69995117188
512.432476985198	1486.19995117188
515.196698059945	1496.09997558594
517.959996787225	1481.09997558594
520.722373754895	1496.80004882813
523.483829549856	1488.90002441406
526.24436475811	1475.90002441406
529.003979964696	1487.80004882813
531.762675753779	1493.59997558594
534.520452708569	1495.30004882813
537.277311411375	1495.59997558594
540.03325244359	1489.30004882813
542.788276385682	1491.5
545.54238381725	1503.40002441406
548.295575316938	1508.59997558594
551.047851462516	1486.30004882813
553.799212830831	1487.40002441406
556.549659997851	1495.80004882813
559.299193538643	1485.80004882813
562.047814027381	1492.90002441406
564.795522037318	1483.90002441406
567.542318140861	1485.59997558594
570.288202909507	1484.80004882813
573.033176913873	1498.09997558594
575.7772407237	1490.19995117188
578.520394907829	1489.5
581.26264003424	1489.30004882813
584.003976670046	1476.19995117188
586.744405381469	1498.09997558594
589.483926733869	1486.59997558594
592.222541291746	1500.09997558594
594.96024961872	1493.59997558594
597.697052277563	1487.69995117188
600.432949830166	1491.90002441406
603.167942837587	1506.09997558594
605.902031860012	1501.80004882813
608.635217456783	1501.5
611.367500186378	1501.40002441406
614.098880606429	1503.40002441406
616.82935927374	1511.90002441406
619.558936744248	1506.40002441406
622.287613573072	1510.40002441406
625.015390314457	1502.5
627.742267521848	1497.59997558594
630.468245747829	1493.5
633.193325544166	1498
635.917507461792	1485.59997558594
638.640792050804	1508.09997558594
641.36317986048	1485
644.084671439281	1509.69995117188
646.805267334845	1493.5
649.524968093967	1511.19995117188
652.24377426266	1494.69995117188
654.961686386106	1488.19995117188
657.678705008678	1503.90002441406
660.394830673939	1508.19995117188
663.110063924628	1506.40002441406
665.824405302728	1505
668.537855349351	1508.69995117188
671.250414604863	1520.40002441406
673.962083608812	1500.69995117188
676.672862899949	1523.30004882813
679.382753016218	1511.80004882813
682.091754494801	1516.90002441406
684.799867872061	1514.90002441406
687.507093683595	1530.19995117188
690.213432464198	1512.80004882813
692.918884747899	1526.09997558594
695.623451067937	1534.5
698.327131956755	1517
701.029927946065	1513.30004882813
703.731839566754	1526.40002441406
706.43286734896	1523.19995117188
709.133011822067	1518.90002441406
711.832273514658	1533.80004882813
714.53065295457	1521.90002441406
717.228150668879	1523.40002441406
719.924767183889	1528.40002441406
722.620503025148	1520.09997558594
725.315358717446	1520.90002441406
728.009334784827	1534.19995117188
730.702431750559	1517.59997558594
733.394650137188	1526.59997558594
736.085990466498	1513.19995117188
738.776453259519	1516.19995117188
741.466039036542	1522
744.154748317125	1529.59997558594
746.842581620074	1535.30004882813
749.529539463458	1534.90002441406
752.215622364608	1531.69995117188
754.900830840131	1512.30004882813
757.585165405892	1519.5
760.26862657703	1525.5
762.951214867957	1536.69995117188
765.632930792356	1525.90002441406
768.313774863181	1539.30004882813
770.993747592673	1534.19995117188
773.672849492359	1534.5
776.351081073017	1523.19995117188
779.028442844757	1519.69995117188
781.704935316928	1521.59997558594
784.380558998208	1521.30004882813
787.055314396528	1522.5
789.729202019141	1515.30004882813
792.402222372581	1524.90002441406
795.074375962669	1521.90002441406
797.745663294537	1532.19995117188
800.416084872622	1531.19995117188
803.085641200652	1539.69995117188
805.754332781664	1546.90002441406
808.422160117986	1537.09997558594
811.089123711292	1542
813.75522406252	1533.30004882813
816.420461671951	1534.80004882813
819.084837039164	1543.69995117188
821.748350663067	1558
824.411003041866	1559.30004882813
827.072794673116	1566
829.733726053668	1561.90002441406
832.39379767971	1563.90002441406
835.05301004674	1557.40002441406
837.711363649601	1547.19995117188
840.368858982457	1534.19995117188
843.025496538805	1565.69995117188
845.681276811467	1576.69995117188
848.336200292618	1577.80004882813
850.99026747375	1576.90002441406
853.643478845713	1582.5
856.29583489868	1592.90002441406
858.947336122176	1597.80004882813
861.59798300506	1587.19995117188
864.247776035556	1571.19995117188
866.896715701222	1569.59997558594
869.544802488959	1581
872.192036885046	1571.69995117188
874.838419375087	1580.09997558594
877.483950444054	1594
880.128630576285	1583.09997558594
882.772460255461	1586.80004882813
885.415439964628	1585.59997558594
888.057570186211	1586.80004882813
890.698851401966	1569.09997558594
893.339284093045	1595.19995117188
895.978868739961	1584.90002441406
898.617605822596	1573.69995117188
901.255495820196	1577.30004882813
903.892539211396	1588.09997558594
906.528736474184	1595.30004882813
909.164088085949	1568.59997558594
911.798594523442	1575.19995117188
914.432256262804	1581.90002441406
917.065073779549	1589.19995117188
919.697047548589	1584.80004882813
922.328178044212	1602.80004882813
924.9584657401	1611.40002441406
927.587911109317	1599.90002441406
930.216514624317	1606.90002441406
932.844276756963	1628.5
935.471197978488	1604.09997558594
938.097278759538	1602
940.722519570163	1622.09997558594
943.346920879798	1619.59997558594
945.97048315729	1630.80004882813
948.593206870885	1642.69995117188
951.215092488219	1644.69995117188
953.836140476366	1642.30004882813
956.456351301787	1663.40002441406
959.07572543037	1668.90002441406
961.694263327369	1647.80004882813
964.311965457521	1662.69995117188
966.928832284933	1666.19995117188
969.544864273135	1674.59997558594
972.160061885076	1639.80004882813
974.774425583129	1636.90002441406
977.387955829099	1641.69995117188
980.000653084196	1639.90002441406
982.612517809061	1641.09997558594
985.223550463768	1651.59997558594
987.833751507819	1656.19995117188
990.443121400135	1658.40002441406
993.051660599081	1677.80004882813
995.659369562449	1700.80004882813
998.266248747469	1708.59997558594
1000.87229861081	1771.69995117188
1003.47751960857	1829.59997558594
1006.0819121963	1855.09997558594
1008.68547682897	1796.59997558594
1011.28821396104	1778.40002441406
1013.89012404635	1740.5
1016.49120753824	1704.69995117188
1019.09146488947	1681.09997558594
1021.69089655226	1668.69995117188
1024.28950297827	1652.40002441406
1026.88728461863	1662.5
1029.48424192392	1649.59997558594
1032.08037534416	1656.09997558594
1034.67568532886	1664.40002441406
1037.27017232694	1637.09997558594
1039.86383678682	1662.5
1042.45667915637	1647.40002441406
1045.04869988293	1659
1047.6398994133	1657
1050.23027819374	1658.30004882813
1052.81983666998	1654.30004882813
1055.40857528724	1636.80004882813
1057.99649449018	1658.69995117188
1060.58359472296	1653.59997558594
1063.1698764292	1633.40002441406
1065.755340052	1665.80004882813
1068.33998603393	1643.30004882813
1070.92381481706	1646.5
1073.50682684291	1645.19995117188
1076.08902255251	1654.40002441406
1078.67040238637	1666.5
1081.25096678445	1646.19995117188
1083.83071618624	1660.19995117188
1086.4096510307	1648
1088.98777175629	1662.80004882813
1091.56507880094	1663.19995117188
1094.14157260208	1651.90002441406
1096.71725359664	1681.30004882813
1099.29212222106	1653
1101.86617891125	1638.80004882813
1104.43942410262	1666.69995117188
1107.01185823011	1670.09997558594
1109.58348172812	1683.09997558594
1112.15429503057	1665.40002441406
1114.7242985709	1671.09997558594
1117.29349278203	1682.90002441406
1119.86187809642	1665.19995117188
1122.42945494599	1694.09997558594
1124.99622376222	1712.5
1127.56218497606	1721.59997558594
1130.12733901801	1726.40002441406
1132.69168631804	1756.90002441406
1135.25522730568	1759.30004882813
1137.81796240995	1779.5
1140.37989205941	1776.40002441406
1142.9410166821	1813.40002441406
1145.50133670561	1856.69995117188
1148.06085255708	1932.69995117188
1150.61956466311	2050.10009765625
1153.17747344987	2167.60009765625
1155.73457934305	2285.19995117188
1158.29088276786	2354.80004882813
1160.84638414903	2313.89990234375
1163.40108391085	2190.5
1165.95498247711	2042.59997558594
1168.50808027116	1906.69995117188
1171.06037771587	1823.19995117188
1173.61187523364	1808.90002441406
1176.16257324643	1784.09997558594
1178.71247217573	1770.5
1181.26157244255	1763.69995117188
1183.80987446746	1759
1186.35737867059	1793.80004882813
1188.90408547157	1812.80004882813
1191.44999528961	1804.5
1193.99510854347	1814.40002441406
1196.53942565142	1803.5
1199.08294703133	1792.5
1201.62567310057	1780.09997558594
1204.16760427611	1754.40002441406
1206.70874097445	1722.19995117188
1209.24908361163	1743.69995117188
1211.78863260327	1728.5
1214.32738836454	1728.80004882813
1216.86535131017	1718
1219.40252185445	1701.69995117188
1221.93890041121	1709
1224.47448739389	1703.19995117188
1227.00928321544	1690.30004882813
1229.54328828842	1699.09997558594
1232.07650302491	1714.80004882813
1234.60892783662	1704.5
1237.14056313477	1712.90002441406
1239.67140933017	1720.5
1242.2014668332	1725
1244.73073605384	1718.69995117188
1247.25921740159	1725.59997558594
1249.78691128558	1715.09997558594
1252.31381811448	1708.30004882813
1254.83993829655	1717.19995117188
1257.36527223962	1746.30004882813
1259.88982035112	1752.90002441406
1262.41358303803	1764.5
1264.93656070696	1781.09997558594
1267.45875376405	1784.59997558594
1269.98016261505	1783.80004882813
1272.50078766531	1812.19995117188
1275.02062931974	1810.40002441406
1277.53968798285	1827.09997558594
1280.05796405875	1797.90002441406
1282.57545795112	1774
1285.09217006325	1768.40002441406
1287.60810079802	1766.19995117188
1290.12325055788	1753.40002441406
1292.63761974492	1751.19995117188
1295.15120876079	1737.69995117188
1297.66401800676	1765.09997558594
1300.17604788367	1763.59997558594
1302.687298792	1763.09997558594
1305.19777113181	1760
1307.70746530274	1768.69995117188
1310.21638170408	1778.69995117188
1312.7245207347	1772.40002441406
1315.23188279307	1766.69995117188
1317.73846827728	1756.09997558594
1320.24427758502	1770.40002441406
1322.74931111359	1760.59997558594
1325.25356925991	1755.30004882813
1327.75705242051	1738
1330.25976099151	1752.5
1332.76169536868	1752.09997558594
1335.26285594737	1746.5
1337.76324312256	1750
1340.26285728887	1776.80004882813
1342.76169884052	1752.59997558594
1345.25976817132	1731
1347.75706567474	1751.09997558594
1350.25359174387	1734
1352.74934677141	1735.80004882813
1355.24433114968	1741.40002441406
1357.73854527062	1716.09997558594
1360.23198952583	1735
1362.7246643065	1709.90002441406
1365.21657000347	1715.69995117188
1367.7077070072	1734.19995117188
1370.19807570777	1715.19995117188
1372.68767649492	1961.69995117188
1375.176509758	1776.69995117188
1377.66457588599	1720.80004882813
1380.15187526753	1731.30004882813
1382.63840829087	1717.5
1385.1241753439	1709.69995117188
1387.60917681417	1735.69995117188
1390.09341308884	1730.90002441406
1392.57688455474	1743.5
1395.05959159829	1743.80004882813
1397.54153460562	1734.69995117188
1400.02271396243	1727.80004882813
1402.50313005414	1723.40002441406
1404.98278326576	1739.30004882813
1407.46167398196	1745.30004882813
1409.93980258707	1718.80004882813
1412.41716946504	1715.19995117188
1414.89377499951	1754.30004882813
1417.36961957373	1753.69995117188
1419.84470357062	1745.69995117188
1422.31902737275	1764.5
1424.79259136235	1766.19995117188
1427.26539592129	1787.40002441406
1429.73744143111	1777.40002441406
1432.20872827299	1791.80004882813
1434.67925682777	1792.59997558594
1437.14902747597	1819.09997558594
1439.61804059773	1836
1442.0862965729	1832.09997558594
1444.55379578093	1855
1447.02053860099	1870.19995117188
1449.48652541188	1869.40002441406
1451.95175659206	1841.09997558594
1454.41623251969	1839.5
1456.87995357255	1846.69995117188
1459.34292012811	1834.09997558594
1461.80513256351	1827.30004882813
1464.26659125557	1808.80004882813
1466.72729658073	1818.90002441406
1469.18724891517	1802.40002441406
1471.64644863469	1820.19995117188
1474.10489611478	1776.5
1476.5625917306	1795.69995117188
1479.01953585699	1785.69995117188
1481.47572886844	1785.80004882813
1483.93117113917	1784.80004882813
1486.38586304302	1797.19995117188
1488.83980495354	1812.80004882813
1491.29299724395	1826.19995117188
1493.74544028715	1831.5
1496.19713445573	1855.59997558594
1498.64808012193	1889.59997558594
1501.09827765772	1945.19995117188
1503.54772743471	1999.5
1505.99642982421	2082
1508.44438519723	2203.10009765625
1510.89159392446	2323.5
1513.33805637625	2452.60009765625
1515.78377292266	2557.80004882813
1518.22874393346	2625.80004882813
1520.67296977806	2617.60009765625
1523.11645082559	2526.10009765625
1525.55918744488	2393.80004882813
1528.00118000444	2264.30004882813
1530.44242887245	2139.89990234375
1532.88293441684	2002.80004882813
1535.32269700517	1937
1537.76171700475	1871.59997558594
1540.19999478255	1866.69995117188
1542.63753070526	1827.5
1545.07432513925	1812.09997558594
1547.5103784506	1788.19995117188
1549.94569100509	1796.30004882813
1552.38026316819	1810.69995117188
1554.8140953051	1788.09997558594
1557.24718778067	1779.19995117188
1559.67954095952	1761.40002441406
1562.11115520592	1764.5
1564.54203088386	1754.5
1566.97216835704	1789.30004882813
1569.40156798888	1778.30004882813
1571.83023014248	1771.80004882813
1574.25815518067	1783.09997558594
1576.68534346597	1767.69995117188
1579.11179536062	1805.5
1581.53751122658	1770.90002441406
1583.9624914255	1785.30004882813
1586.38673631876	1775.59997558594
1588.81024626745	1780.69995117188
1591.23302163235	1790.40002441406
1593.655062774	1786.5
1596.07637005262	1788.90002441406
1598.49694382815	1768.69995117188
1600.91678446025	1765.90002441406
1603.33589230831	1785.80004882813
1605.75426773142	1783.69995117188
1608.1719110884	1765.69995117188
1610.58882273779	1768
1613.00500303784	1769.90002441406
1615.42045234654	1778.80004882813
1617.83517102158	1779.5
1620.24915942039	1781.19995117188
1622.66241790012	1793.5
1625.07494681764	1790.69995117188
1627.48674652954	1780.19995117188
1629.89781739216	1800
1632.30815976152	1797.09997558594
1634.71777399343	1787.59997558594
1637.12666044338	1793.90002441406
1639.53481946661	1805.19995117188
1641.94225141808	1797.19995117188
1644.34895665248	1818.90002441406
1646.75493552424	1814.19995117188
1649.16018838752	1847.80004882813
1651.56471559621	1854.40002441406
1653.96851750392	1869.80004882813
1656.37159446403	1864.90002441406
1658.7739468296	1862.19995117188
1661.17557495349	1845.90002441406
1663.57647918824	1848.19995117188
1665.97665988617	1844.09997558594
1668.37611739929	1821.59997558594
1670.77485207939	1827.40002441406
1673.17286427799	1816.5
1675.57015434633	1797.09997558594
1677.96672263542	1787.90002441406
1680.36256949598	1775.69995117188
1682.7576952785	1776.90002441406
1685.15210033318	1769
1687.54578501	1764.80004882813
1689.93874965866	1762.80004882813
1692.33099462861	1756.69995117188
1694.72252026904	1740.69995117188
1697.11332692889	1743.09997558594
1699.50341495686	1759.19995117188
1701.89278470137	1729
1704.28143651061	1712.19995117188
1706.66937073251	1738.90002441406
1709.05658771473	1716.90002441406
1711.44308780473	1737.80004882813
1713.82887134968	1736
1716.21393869648	1719.69995117188
1718.59829019185	1709.59997558594
1720.98192618221	1714.19995117188
1723.36484701374	1737.80004882813
1725.74705303238	1713.80004882813
1728.12854458384	1723.40002441406
1730.50932201356	1733
1732.88938566673	1724.09997558594
1735.26873588834	1711.09997558594
1737.64737302307	1712
1740.02529741544	1710.09997558594
1742.40250940964	1725.69995117188
1744.77900934969	1713.40002441406
1747.15479757933	1727.30004882813
1749.52987444206	1722.90002441406
1751.90424028116	1718.5
1754.27789543967	1724.90002441406
1756.65084026037	1726.09997558594
1759.02307508582	1715.09997558594
1761.39460025833	1719.90002441406
1763.76541612	1722.69995117188
1766.13552301265	1726.80004882813
1768.50492127791	1720.90002441406
1770.87361125714	1738.40002441406
1773.2415932915	1708.59997558594
1775.60886772188	1709.19995117188
1777.97543488896	1715.80004882813
1780.34129513318	1697.90002441406
1782.70644879475	1723.5
1785.07089621365	1716.40002441406
1787.43463772964	1710.30004882813
1789.7976736822	1727.40002441406
1792.16000441066	1722.09997558594
1794.52163025405	1712.69995117188
1796.88255155121	1730.09997558594
1799.24276864074	1727.69995117188
1801.60228186102	1716.80004882813
1803.96109155019	1705.09997558594
1806.31919804618	1711.30004882813
1808.67660168668	1723.30004882813
1811.03330280916	1732
1813.38930175088	1710.90002441406
1815.74459884884	1726.59997558594
1818.09919443984	1739.40002441406
1820.45308886047	1714.40002441406
1822.80628244708	1697.69995117188
1825.1587755358	1712.5
1827.51056846254	1712
1829.86166156297	1717
1832.21205517258	1714.80004882813
1834.56174962661	1723.80004882813
1836.91074526009	1726.19995117188
1839.25904240783	1714.40002441406
1841.60664140443	1717.80004882813
1843.95354258425	1726.5
1846.29974628146	1706.09997558594
1848.64525282998	1711.40002441406
1850.99006256356	1717.09997558594
1853.3341758157	1714.59997558594
1855.67759291968	1701.5
1858.02031420858	1713.59997558594
1860.36234001528	1709.5
1862.70367067241	1723.30004882813
1865.04430651244	1703.80004882813
1867.38424786755	1738.69995117188
1869.72349506978	1713.69995117188
1872.06204845094	1715.5
1874.39990834258	1708.30004882813
1876.73707507612	1710.90002441406
1879.07354898269	1710.80004882813
1881.40933039328	1708.80004882813
1883.74441963861	1703
1886.07881704925	1717.40002441406
1888.41252295551	1694.5
1890.74553768751	1723.19995117188
1893.07786157519	1714.19995117188
1895.40949494822	1705.5
1897.74043813615	1727.09997558594
1900.07069146823	1697.59997558594
1902.40025527357	1712.90002441406
1904.72912988106	1702.90002441406
1907.05731561938	1715
1909.38481281699	1693.80004882813
1911.71162180217	1705.30004882813
1914.037742903	1717.80004882813
1916.36317644734	1725
1918.68792276284	1696.40002441406
1921.01198217697	1710.80004882813
1923.33535501699	1726.30004882813
1925.65804160996	1717.19995117188
1927.98004228273	1706.90002441406
1930.30135736196	1705
1932.6219871741	1702.19995117188
1934.94193204543	1711.5
1937.26119230198	1712
1939.57976826962	1711.09997558594
1941.89766027402	1719.59997558594
1944.21486864062	1707.5
1946.53139369472	1706.90002441406
1948.84723576137	1716.19995117188
1951.16239516543	1722.40002441406
1953.47687223159	1718
1955.79066728434	1711.5
1958.10378064794	1712.5
1960.4162126465	1716.80004882813
1962.7279636039	1704.5
1965.03903384385	1734.59997558594
1967.34942368987	1709.5
1969.65913346524	1717.19995117188
1971.96816349311	1708
1974.2765140964	1704.30004882813
1976.58418559784	1723
1978.89117831997	1723.30004882813
1981.19749258516	1730.59997558594
1983.50312871555	1725.5
1985.80808703313	1709.40002441406
1988.11236785967	1710.09997558594
1990.41597151676	1712.59997558594
1992.71889832581	1713.59997558594
1995.02114860801	1713.69995117188
1997.3227226844	1716
1999.62362087581	1717.80004882813
2001.92384350288	1714.69995117188
2004.22339088608	1740.40002441406
2006.52226334567	1731.09997558594
2008.82046120173	1732
2011.11798477417	1710.69995117188
2013.41483438269	1731.59997558594
2015.71101034681	1723.80004882813
2018.00651298588	1728.80004882813
2020.30134261905	1745.5
2022.59549956528	1742.69995117188
2024.88898414337	1728.19995117188
2027.1817966719	1746.80004882813
2029.4739374693	1725.69995117188
2031.76540685379	1734.80004882813
2034.05620514342	1732.30004882813
2036.34633265607	1713.69995117188
2038.6357897094	1713
2040.92457662092	1732.09997558594
2043.21269370795	1734.59997558594
2045.50014128763	1721.30004882813
2047.78691967691	1710.19995117188
2050.07302919256	1718.59997558594
2052.35847015118	1728.80004882813
2054.64324286919	1717.19995117188
2056.9273476628	1728
2059.21078484808	1725.5
2061.4935547409	1715.30004882813
2063.77565765696	1715.19995117188
2066.05709391176	1718.19995117188
2068.33786382065	1736.5
2070.61796769879	1715.40002441406
2072.89740586116	1701.80004882813
2075.17617862255	1739.09997558594
2077.45428629759	1737.19995117188
2079.73172920075	1711.5
2082.00850764627	1728.80004882813
2084.28462194827	1717
2086.56007242065	1714.90002441406
2088.83485937717	1709.80004882813
2091.10898313139	1725.90002441406
2093.3824439967	1710.40002441406
2095.65524228632	1723.40002441406
2097.92737831328	1725
2100.19885239047	1720
2102.46966483057	1737.5
2104.7398159461	1729.69995117188
2107.00930604941	1723.30004882813
2109.27813545267	1730.30004882813
2111.54630446787	1724.69995117188
2113.81381340685	1729.30004882813
2116.08066258126	1739.5
2118.34685230257	1732.40002441406
2120.61238288211	1744.80004882813
2122.87725463099	1758.80004882813
2125.1414678602	1766.30004882813
2127.40502288052	1746.19995117188
2129.66792000257	1723.5
2131.93015953682	1760
2134.19174179353	1728.90002441406
2136.45266708282	1753.69995117188
2138.71293571463	1772.19995117188
2140.97254799873	1742.59997558594
2143.23150424473	1728.30004882813
2145.48980476205	1741.80004882813
2147.74744985996	1747
2150.00443984754	1751.90002441406
2152.26077503373	1767.30004882813
2154.51645572728	1764.69995117188
2156.77148223677	1754.30004882813
2159.02585487064	1754.69995117188
2161.27957393713	1740.09997558594
2163.53263974432	1771.90002441406
2165.78505260012	1777.09997558594
2168.0368128123	1759.30004882813
2170.28792068844	1757.69995117188
2172.53837653595	1731.80004882813
2174.78818066207	1734.09997558594
2177.03733337389	1742.19995117188
2179.28583497833	1732.5
2181.53368578214	1735.30004882813
2183.78088609192	1731.5
2186.02743621406	1716.30004882813
2188.27333645484	1708.5
2190.51858712033	1722.59997558594
2192.76318851646	1732
2195.00714094901	1736.30004882813
2197.25044472354	1723.40002441406
2199.49310014551	1726.19995117188
2201.73510752018	1732.40002441406
2203.97646715265	1705.40002441406
2206.21717934786	1695.90002441406
2208.45724441058	1726.30004882813
2210.69666264543	1720.5
2212.93543435686	1720.5
2215.17355984914	1714.5
2217.41103942642	1722.90002441406
2219.64787339264	1702.40002441406
2221.8840620516	1710.5
2224.11960570695	1700.5
2226.35450466215	1717.90002441406
2228.58875922051	1701.59997558594
2230.82236968518	1711.40002441406
2233.05533635916	1719.69995117188
2235.28765954527	1707.09997558594
2237.51933954617	1720.09997558594
2239.75037666437	1731.80004882813
2241.98077120221	1714.40002441406
2244.21052346188	1728
2246.4396337454	1730.5
2248.66810235461	1715.80004882813
2250.89592959125	1708
2253.12311575681	1719.90002441406
2255.34966115272	1733.5
2257.57556608017	1722.19995117188
2259.80083084023	1708
2262.02545573381	1737.19995117188
2264.24944106163	1703.90002441406
2266.47278712429	1731.69995117188
2268.69549422221	1740
2270.91756265564	1728.5
2273.1389927247	1727.40002441406
2275.35978472934	1715.30004882813
2277.57993896933	1723.09997558594
2279.79945574431	1758.19995117188
2282.01833535375	1739.90002441406
2284.23657809696	1737.69995117188
2286.45418427309	1726
2288.67115418114	1738.59997558594
2290.88748811995	1727.69995117188
2293.10318638819	1733.80004882813
2295.3182492844	1733.5
2297.53267710693	1755.5
2299.746470154	1740
2301.95962872364	1771.19995117188
2304.17215311376	1755.40002441406
2306.3840436221	1771.30004882813
2308.59530054621	1756.59997558594
2310.80592418354	1758.90002441406
2313.01591483134	1768.30004882813
2315.22527278673	1775
2317.43399834666	1775
2319.64209180791	1776.09997558594
2321.84955346713	1764.80004882813
2324.05638362079	1740.5
2326.26258256524	1754.09997558594
2328.46815059664	1747.59997558594
2330.67308801098	1737.09997558594
2332.87739510415	1739.90002441406
2335.08107217184	1741.69995117188
2337.2841195096	1729.80004882813
2339.48653741281	1741.59997558594
2341.68832617672	1735.09997558594
2343.8894860964	1739.30004882813
2346.09001746678	1735.69995117188
2348.28992058261	1724.09997558594
2350.48919573852	1733.59997558594
2352.68784322898	1734.69995117188
2354.88586334826	1737.69995117188
2357.08325639055	1727.90002441406
2359.2800226498	1733
2361.47616241988	1715.09997558594
2363.67167599445	1707.5
2365.86656366706	1741.30004882813
2368.06082573107	1723.80004882813
2370.2544624797	1711
2372.44747420603	1720.80004882813
2374.63986120295	1721.80004882813
2376.83162376322	1721
2379.02276217945	1695.90002441406
2381.21327674408	1705.19995117188
2383.4031677494	1703.19995117188
2385.59243548756	1708.69995117188
2387.78108025053	1701.80004882813
2389.96910233014	1712
2392.15650201809	1712
2394.34327960587	1710.69995117188
2396.52943538486	1697.09997558594
2398.71496964628	1696.69995117188
2400.89988268118	1700.30004882813
2403.08417478048	1706.19995117188
2405.26784623491	1706.59997558594
2407.45089733509	1700.80004882813
2409.63332837146	1692.40002441406
2411.81513963429	1724.80004882813
2413.99633141375	1707.59997558594
2416.1769039998	1699.90002441406
2418.35685768227	1691.30004882813
2420.53619275084	1700.09997558594
2422.71490949505	1707.09997558594
2424.89300820425	1708.80004882813
2427.07048916765	1712.40002441406
2429.24735267433	1707
2431.42359901319	1693.19995117188
2433.59922847297	1699.59997558594
2435.7742413423	1696.59997558594
2437.94863790961	1691
2440.12241846321	1698.80004882813
2442.29558329121	1693.69995117188
2444.46813268162	1703.59997558594
2446.64006692228	1712.80004882813
2448.81138630086	1705.09997558594
2450.98209110489	1710.59997558594
2453.15218162174	1686.80004882813
2455.32165813864	1690.40002441406
2457.49052094265	1701.59997558594
2459.65877032069	1713.90002441406
2461.8264065595	1697.5
2463.99342994572	1691.80004882813
2466.15984076579	1709.69995117188
2468.325639306	1722.59997558594
2470.49082585251	1723
2472.65540069131	1705.80004882813
2474.81936410824	1719.90002441406
2476.98271638899	1705.30004882813
2479.14545781909	1700.90002441406
2481.30758868392	1705
2483.4691092687	1724.40002441406
2485.63001985852	1716.69995117188
2487.79032073829	1719.40002441406
2489.95001219277	1700.5
2492.10909450659	1711.90002441406
2494.26756796419	1715.69995117188
2496.42543284989	1703.69995117188
2498.58268944783	1690.80004882813
2500.73933804202	1693.19995117188
2502.8953789163	1719.69995117188
2505.05081235436	1729.59997558594
2507.20563863974	1728.5
2509.35985805582	1734.90002441406
2511.51347088583	1719.5
2513.66647741285	1731.90002441406
2515.81887791981	1715.19995117188
2517.97067268946	1739.5
2520.12186200443	1721.40002441406
2522.27244614716	1732.19995117188
2524.42242539999	1724
2526.57180004504	1716.5
2528.72057036433	1699
2530.8687366397	1704.09997558594
2533.01629915284	1712.5
2535.16325818527	1716.40002441406
2537.30961401839	1691.19995117188
2539.45536693343	1699.09997558594
2541.60051721145	1702.59997558594
2543.74506513338	1682.5
2545.88901097997	1702
2548.03235503185	1695.59997558594
2550.17509756946	1684.59997558594
2552.31723887311	1685.59997558594
2554.45877922293	1689.40002441406
2556.59971889893	1664.5
2558.74005818094	1674.19995117188
2560.87979734864	1678.90002441406
2563.01893668155	1678
2565.15747645906	1682.80004882813
2567.29541696037	1676.90002441406
2569.43275846454	1667.69995117188
2571.56950125049	1670.90002441406
2573.70564559696	1687.5
2575.84119178254	1680.5
2577.97614008569	1686.09997558594
2580.11049078468	1678.30004882813
2582.24424415764	1667.5
2584.37740048255	1674.19995117188
2586.50996003722	1663.30004882813
2588.64192309931	1695.90002441406
2590.77328994634	1664.40002441406
2592.90406085564	1697.19995117188
2595.03423610442	1684.69995117188
2597.16381596971	1671.59997558594
2599.29280072839	1669.69995117188
2601.42119065719	1675
2603.54898603267	1677.69995117188
2605.67618713125	1682.69995117188
2607.80279422919	1692.90002441406
2609.92880760257	1678
2612.05422752735	1676.40002441406
2614.17905427932	1694.69995117188
2616.30328813408	1704.30004882813
2618.42692936713	1680.59997558594
2620.54997825377	1683
2622.67243506915	1679
2624.79430008828	1686.30004882813
2626.915573586	1690.69995117188
2629.03625583699	1689.69995117188
2631.15634711579	1700.30004882813
2633.27584769675	1707.69995117188
2635.39475785408	1703.09997558594
2637.51307786185	1691.19995117188
2639.63080799394	1707.09997558594
2641.74794852409	1715.90002441406
2643.86449972589	1727.09997558594
2645.98046187273	1721.90002441406
2648.0958352379	1729.19995117188
2650.21062009449	1739.19995117188
2652.32481671544	1741.59997558594
2654.43842537353	1764.40002441406
2656.5514463414	1767.5
2658.66387989151	1759
2660.77572629616	1769.09997558594
2662.88698582751	1804.09997558594
2664.99765875753	1786.59997558594
2667.10774535806	1787.30004882813
2669.21724590076	1778.69995117188
2671.32616065714	1790.59997558594
2673.43448989857	1803.30004882813
2675.5422338962	1763.19995117188
2677.64939292108	1768
2679.75596724408	1758
2681.86195713589	1751.5
2683.96736286707	1725.5
2686.07218470799	1728.30004882813
2688.17642292889	1723.19995117188
2690.28007779982	1715.40002441406
2692.38314959069	1697.5
2694.48563857123	1701.09997558594
2696.58754501103	1697.30004882813
2698.6888691795	1692.59997558594
2700.78961134588	1685.69995117188
2702.8897717793	1695.30004882813
2704.98935074864	1677
2707.08834852271	1693.09997558594
2709.18676537009	1691.30004882813
2711.28460155925	1697.09997558594
2713.38185735843	1678.69995117188
2715.47853303577	1670.40002441406
2717.57462885924	1695.59997558594
2719.67014509659	1684.69995117188
2721.76508201548	1681.90002441406
2723.85943988337	1679.09997558594
2725.95321896754	1675
2728.04641953515	1674
2730.13904185316	1684.09997558594
2732.23108618837	1688.5
2734.32255280744	1662.30004882813
2736.41344197683	1674.59997558594
2738.50375396288	1686.90002441406
2740.5934890317	1653.90002441406
2742.68264744932	1653.90002441406
2744.77122948153	1661.69995117188
2746.85923539398	1667.59997558594
2748.94666545217	1656.5
2751.03351992142	1659.59997558594
2753.11979906688	1663.80004882813
2755.20550315355	1654
2757.29063244624	1657.69995117188
2759.37518720963	1642.19995117188
2761.45916770819	1639.30004882813
2763.54257420625	1666.40002441406
2765.62540696797	1657.19995117188
2767.70766625733	1642.5
2769.78935233816	1644.40002441406
2771.87046547413	1659.5
2773.95100592869	1661
2776.03097396519	1648.30004882813
2778.11036984677	1645.5
2780.18919383641	1644.90002441406
2782.26744619693	1639.19995117188
2784.34512719097	1654.40002441406
2786.42223708102	1639.40002441406
2788.49877612937	1659.5
2790.57474459816	1648.40002441406
2792.65014274937	1647.69995117188
2794.7249708448	1658
2796.79922914607	1664.40002441406
2798.87291791465	1644
2800.94603741181	1641
2803.01858789869	1643.80004882813
2805.09056963623	1665.80004882813
2807.1619828852	1642.90002441406
2809.23282790621	1644.40002441406
2811.30310495971	1659.09997558594
2813.37281430593	1632.40002441406
2815.441956205	1652.19995117188
2817.51053091682	1657.90002441406
2819.57853870114	1662.5
2821.64597981753	1662.5
2823.7128545254	1649.80004882813
2825.77916308399	1650.09997558594
2827.84490575233	1663
2829.91008278933	1653
2831.97469445369	1681.59997558594
2834.03874100395	1686.5
2836.10222269847	1677.5
2838.16513979544	1697.90002441406
2840.22749255288	1703.09997558594
2842.28928122863	1728.09997558594
2844.35050608034	1751.80004882813
2846.41116736553	1775.5
2848.47126534149	1803.5
2850.53080026537	1818
2852.58977239414	1837.69995117188
2854.64818198459	1805.5
2856.70602929332	1836
2858.76331457678	1844.40002441406
2860.82003809123	1828.30004882813
2862.87620009274	1869.30004882813
2864.93180083723	1861.40002441406
2866.98684058043	1888
2869.04131957789	1900.69995117188
2871.09523808497	1932.59997558594
2873.14859635689	1930.09997558594
2875.20139464866	1957.69995117188
2877.2536332151	1949.59997558594
2879.30531231091	1933
2881.35643219054	1935.30004882813
2883.40699310831	1946.5
2885.45699531834	1932.5
2887.50643907457	1957.40002441406
2889.55532463077	1949
2891.60365224053	1972
2893.65142215724	1982.19995117188
2895.69863463414	2009
2897.74528992426	1991.59997558594
2899.79138828046	1995.69995117188
2901.83692995544	1992.09997558594
2903.88191520168	2001.19995117188
2905.92634427151	2005.69995117188
2907.97021741706	2008.80004882813
2910.01353489027	2031.5
2912.05629694294	2026.59997558594
2914.09850382663	2052.10009765625
2916.14015579276	2059
2918.18125309254	2106.89990234375
2920.22179597702	2106.30004882813
2922.26178469705	2154.80004882813
2924.30121950329	2137.5
2926.34010064624	2175.39990234375
2928.37842837619	2173
2930.41620294326	2182
2932.45342459737	2178.60009765625
2934.49009358828	2169.39990234375
2936.52621016555	2190.10009765625
2938.56177457854	2185.5
2940.59678707645	2166.10009765625
2942.63124790827	2133.89990234375
2944.66515732282	2120.80004882813
2946.69851556873	2113.19995117188
2948.73132289443	2071.69995117188
2950.76357954817	2048
2952.79528577803	2043.69995117188
2954.82644183188	2016.69995117188
2956.85704795741	1991.40002441406
2958.8871044021	1983.09997558594
2960.91661141328	1964.59997558594
2962.94556923807	1954.30004882813
2964.97397812339	1955.80004882813
2967.00183831598	1960.30004882813
2969.0291500624	1942.59997558594
2971.05591360902	1929.5
2973.08212920199	1930.19995117188
2975.1077970873	1920.59997558594
2977.13291751074	1927.69995117188
2979.1574907179	1896.5
2981.18151695419	1898.19995117188
2983.20499646482	1890.80004882813
2985.2279294948	1865.90002441406
2987.25031628898	1868.09997558594
2989.27215709199	1863.90002441406
2991.29345214825	1842.40002441406
2993.31420170204	1834.30004882813
2995.33440599738	1808.30004882813
2997.35406527816	1817.09997558594
2999.37317978802	1822.90002441406
3001.39174977045	1813.59997558594
3003.40977546872	1797.5
3005.42725712591	1805.90002441406
3007.44419498491	1789.5
3009.4605892884	1792.19995117188
3011.47644027889	1808.09997558594
3013.49174819865	1814.69995117188
3015.5065132898	1796.80004882813
3017.52073579424	1795
3019.53441595366	1787.40002441406
3021.54755400959	1772.5
3023.56015020332	1774.59997558594
3025.57220477598	1769.30004882813
3027.58371796846	1783.09997558594
3029.5946900215	1775.40002441406
3031.6051211756	1783.40002441406
3033.61501167107	1766.90002441406
3035.62436174803	1758.59997558594
3037.6331716464	1757.69995117188
3039.64144160588	1759.5
3041.649171866	1752.90002441406
3043.65636266607	1757.69995117188
3045.6630142452	1740.59997558594
3047.66912684229	1760.09997558594
3049.67470069605	1750.09997558594
3051.679736045	1752.69995117188
3053.68423312742	1761.59997558594
3055.68819218143	1762.59997558594
3057.6916134449	1771.59997558594
3059.69449715556	1780.59997558594
3061.69684355086	1771.90002441406
3063.6986528681	1777.80004882813
3065.69992534437	1766
3067.70066121653	1755
3069.70086072126	1776.19995117188
3071.700524095	1753.40002441406
3073.69965157405	1768
3075.69824339442	1782.5
3077.69629979197	1739.30004882813
3079.69382100235	1752.59997558594
3081.69080726098	1755.09997558594
3083.68725880307	1739.30004882813
3085.68317586366	1749.40002441406
3087.67855867755	1759.40002441406
3089.67340747933	1759.30004882813
3091.6677225034	1762.80004882813
3093.66150398392	1764.90002441406
3095.6547521549	1760
3097.64746725006	1775.09997558594
3099.63964950297	1782.80004882813
3101.63129914698	1778.59997558594
3103.6224164152	1778.59997558594
3105.61300154056	1798.80004882813
3107.60305475576	1796.80004882813
3109.59257629331	1793
3111.58156638547	1797.09997558594
3113.57002526432	1806.19995117188
3115.55795316172	1812.69995117188
3117.54535030932	1800
3119.53221693853	1809.19995117188
3121.51855328057	1815
3123.50435956646	1828.90002441406
3125.48963602698	1813.19995117188
3127.4743828927	1832.40002441406
3129.45860039397	1824.40002441406
3131.44228876093	1855.80004882813
3133.42544822353	1836.90002441406
3135.40807901145	1870.59997558594
3137.39018135418	1847.09997558594
3139.37175548102	1834.59997558594
3141.35280162101	1853.30004882813
3143.33332000299	1853.30004882813
3145.31331085559	1853.80004882813
3147.2927744072	1841.40002441406
3149.27171088602	1870.30004882813
3151.25012052	1866
3153.22800353689	1876.19995117188
3155.20536016422	1892
3157.18219062929	1890.69995117188
3159.15849515918	1897.90002441406
3161.13427398075	1902.80004882813
3163.10952732066	1921.19995117188
3165.08425540532	1911.19995117188
3167.05845846092	1923.19995117188
3169.03213671344	1919.69995117188
3171.00529038863	1923.19995117188
3172.97791971203	1922.90002441406
3174.95002490893	1936.40002441406
3176.92160620443	1932.90002441406
3178.89266382337	1951.69995117188
3180.8631979904	1942.59997558594
3182.83320892991	1968.5
3184.80269686609	1961.19995117188
3186.77166202289	1947.19995117188
3188.74010462406	1956.59997558594
3190.70802489307	1982.69995117188
3192.67542305323	1974.80004882813
3194.64229932757	1988.5
3196.60865393892	1981
3198.57448710987	1986.90002441406
3200.53979906279	1983.59997558594
3202.50459001981	2002
3204.46886020284	1986.09997558594
3206.43260983356	1983.59997558594
3208.39583913341	2000.30004882813
3210.35854832362	1990.69995117188
3212.32073762517	2006.40002441406
3214.28240725881	2000
3216.24355744508	2014.40002441406
3218.20418840426	2011
3220.16430035642	1982.59997558594
3222.12389352137	2017.19995117188
3224.08296811873	2015
3226.04152436784	2016.59997558594
3227.99956248784	2033.09997558594
3229.95708269762	2037.5
3231.91408521584	2029.80004882813
3233.87057026092	2037
3235.82653805105	2037.69995117188
3237.78198880419	2038.80004882813
3239.73692273806	2031
3241.69134007013	2062.60009765625
3243.64524101764	2046.19995117188
3245.59862579761	2065.10009765625
3247.55149462681	2044.19995117188
3249.50384772176	2042.5
3251.45568529877	2032.19995117188
3253.40700757387	2044.09997558594
3255.35781476288	2065.19995117188
3257.3081070814	2062.39990234375
3259.25788474473	2061.5
3261.20714796799	2058.80004882813
3263.15589696602	2047.19995117188
3265.10413195345	2066.10009765625
3267.05185314463	2045.69995117188
3268.9990607537	2064.80004882813
3270.94575499455	2084.30004882813
3272.89193608081	2077.39990234375
3274.8376042259	2062.10009765625
3276.78275964296	2071.5
3278.72740254492	2064.30004882813
3280.67153314443	2060.69995117188
3282.61515165393	2074.69995117188
3284.55825828559	2056.39990234375
3286.50085325135	2086.89990234375
3288.44293676289	2069.80004882813
3290.38450903165	2064.39990234375
3292.32557026883	2060.89990234375
3294.26612068537	2087
3296.20616049198	2044.30004882813
3298.14568989911	2067.60009765625
3300.08470911695	2040.90002441406
3302.02321835546	2058.69995117188
3303.96121782435	2060.30004882813
3305.89870773306	2068
3307.83568829081	2048.69995117188
3309.77215970655	2054.5
3311.70812218898	2059.10009765625
3313.64357594655	2067.60009765625
3315.57852118747	2050.60009765625
3317.51295811968	2051.5
3319.44688695087	2061.80004882813
3321.38030788849	2063.69995117188
3323.31322113973	2061.89990234375
3325.24562691152	2074.30004882813
3327.17752541055	2067.39990234375
3329.10891684322	2053.19995117188
3331.03980141573	2056
3332.97017933399	2080
3334.90005080364	2067.30004882813
3336.82941603011	2085.89990234375
3338.75827521852	2046.69995117188
3340.68662857377	2072.39990234375
3342.6144763005	2059.39990234375
3344.54181860308	2091.39990234375
3346.46865568561	2059.30004882813
3348.39498775195	2063.39990234375
3350.32081500571	2091.69995117188
3352.24613765022	2074.30004882813
3354.17095588855	2084.5
3356.09526992352	2085.10009765625
3358.01907995769	2099.30004882813
3359.94238619334	2082.89990234375
3361.86518883251	2091.69995117188
3363.78748807697	2070.39990234375
3365.70928412823	2096.39990234375
3367.63057718752	2105.10009765625
3369.55136745582	2080.89990234375
3371.47165513386	2093.19995117188
3373.39144042208	2075
3375.31072352066	2080.60009765625
3377.22950462953	2083.30004882813
3379.14778394834	2081.80004882813
3381.06556167648	2091.69995117188
3382.98283801308	2107.10009765625
3384.89961315697	2130.10009765625
3386.81588730676	2112.5
3388.73166066076	2111.89990234375
3390.64693341702	2074.89990234375
3392.56170577332	2089.10009765625
3394.47597792716	2099.19995117188
3396.38975007581	2090
3398.30302241623	2062.89990234375
3400.21579514512	2079.10009765625
3402.1280684589	2084.69995117188
3404.03984255374	2097.19995117188
3405.95111762553	2075.60009765625
3407.86189386987	2085
3409.77217148212	2068.69995117188
3411.68195065733	2090.39990234375
3413.5912315903	2097.80004882813
3415.50001447556	2100.39990234375
3417.40829950735	2096.60009765625
3419.31608687963	2078.30004882813
3421.22337678611	2066.39990234375
3423.1301694202	2077.60009765625
3425.03646497504	2064.69995117188
3426.9422636435	2078.69995117188
3428.84756561816	2094.39990234375
3430.75237109135	2078.10009765625
3432.65668025508	2061.89990234375
3434.56049330112	2062.5
3436.46381042093	2074
3438.36663180571	2082.19995117188
3440.26895764638	2086.19995117188
3442.17078813357	2043.5
3444.07212345762	2058.39990234375
3445.97296380863	2049.69995117188
3447.87330937636	2061.5
3449.77316035033	2067
3451.67251691977	2021.09997558594
3453.57137927361	2055.5
3455.46974760052	2044.80004882813
3457.36762208886	2032.59997558594
3459.26500292671	2027.5
3461.16189030191	2028.19995117188
3463.05828440194	2023.59997558594
3464.95418541406	2034.09997558594
3466.84959352519	2035.30004882813
3468.74450892201	2039.19995117188
3470.63893179088	2013.80004882813
3472.53286231788	1997.90002441406
3474.42630068881	2003.80004882813
3476.31924708918	2000.69995117188
3478.2117017042	1987.90002441406
3480.1036647188	1988.5
3481.99513631761	1986.30004882813
3483.88611668498	1972.80004882813
3485.77660600498	1983.80004882813
3487.66660446135	1974
3489.55611223758	1997.09997558594
3491.44512951683	1959.19995117188
3493.333656482	1970.59997558594
3495.22169331568	1962.80004882813
3497.10924020016	1923.5
3498.99629731746	1935.19995117188
3500.88286484927	1916
3502.76894297702	1930.80004882813
3504.65453188182	1924.69995117188
3506.53963174449	1929
3508.42424274555	1907.40002441406
3510.30836506524	1920.09997558594
3512.19199888349	1914
3514.07514437992	1897.40002441406
3515.95780173387	1876.80004882813
3517.83997112437	1875.90002441406
3519.72165273016	1897
3521.60284672967	1863.80004882813
3523.48355330104	1867.40002441406
3525.36377262208	1846.40002441406
3527.24350487035	1848.5
3529.12275022306	1845.69995117188
3531.00150885715	1839
3532.87978094923	1828
3534.75756667562	1839.80004882813
3536.63486621235	1835
3538.51167973512	1815.19995117188
3540.38800741934	1813.40002441406
3542.26384944011	1800.59997558594
3544.13920597223	1767.09997558594
3546.01407719018	1792.09997558594
3547.88846326815	1781.30004882813
3549.76236438002	1794.80004882813
3551.63578069934	1774.40002441406
3553.50871239938	1787.5
3555.38115965309	1774.69995117188
3557.25312263311	1752.5
3559.12460151177	1766.19995117188
3560.99559646109	1774
3562.86610765279	1738.90002441406
3564.73613525825	1747.19995117188
3566.60567944857	1752.80004882813
3568.47474039453	1752.19995117188
3570.34331826658	1725.19995117188
3572.21141323487	1743.19995117188
3574.07902546925	1735.09997558594
3575.94615513922	1728.59997558594
3577.81280241401	1722.09997558594
3579.67896746249	1711.30004882813
3581.54465045325	1710.5
3583.40985155455	1717.69995117188
3585.27457093432	1706.40002441406
3587.1388087602	1701
3589.00256519949	1697.59997558594
3590.86584041919	1711.5
3592.72863458597	1688.69995117188
3594.59094786618	1681.59997558594
3596.45278042585	1688.80004882813
3598.31413243069	1700.59997558594
3600.17500404611	1670.09997558594
3602.03539543717	1679.40002441406
3603.89530676861	1685.30004882813
3605.75473820488	1664.19995117188
3607.61368991007	1682.69995117188
3609.47216204797	1675.90002441406
3611.33015478203	1664.30004882813
3613.18766827539	1655.80004882813
3615.04470269087	1664
3616.90125819094	1660.90002441406
3618.75733493776	1633.69995117188
3620.61293309318	1634.30004882813
3622.46805281869	1654.69995117188
3624.32269427547	1632.09997558594
3626.17685762439	1654.59997558594
3628.03054302596	1619.19995117188
3629.88375064038	1624.5
3631.73648062751	1620.90002441406
3633.5887331469	1622.19995117188
3635.44050835775	1598
3637.29180641893	1614
3639.14262748899	1608.59997558594
3640.99297172614	1597
3642.84283928828	1600.90002441406
3644.69223033294	1602.09997558594
3646.54114501734	1584.5
3648.38958349836	1589.90002441406
3650.23754593256	1591.09997558594
3652.08503247614	1578.09997558594
3653.93204328497	1574
3655.77857851462	1586.40002441406
3657.62463832028	1559.30004882813
3659.47022285682	1559.09997558594
3661.31533227877	1571.40002441406
3663.15996674033	1559.19995117188
3665.00412639535	1546.30004882813
3666.84781139736	1538.09997558594
3668.69102189953	1540.59997558594
3670.5337580547	1539.90002441406
3672.37602001537	1517.5
3674.21780793368	1509.59997558594
3676.05912196148	1537.40002441406
3677.89996225021	1519.90002441406
3679.74032895103	1518.69995117188
3681.58022221471	1528.30004882813
3683.41964219171	1520.40002441406
3685.25858903211	1506.40002441406
3687.0970628857	1495.59997558594
3688.93506390186	1501.30004882813
3690.77259222968	1499.19995117188
3692.60964801787	1502.09997558594
3694.44623141481	1480.90002441406
3696.28234256853	1484.40002441406
3698.11798162669	1494.69995117188
3699.95314873665	1489.90002441406
3701.78784404537	1488.90002441406
3703.62206769951	1481.90002441406
3705.45581984533	1476.30004882813
3707.28910062877	1480.90002441406
3709.12191019542	1485.5
3710.95424869052	1474.59997558594
3712.78611625894	1476.90002441406
3714.6175130452	1466.69995117188
3716.44843919349	1473.59997558594
3718.27889484764	1462.80004882813
3720.1088801511	1462.59997558594
3721.93839524699	1460.80004882813
3723.76744027808	1452.69995117188
3725.59601538677	1466.80004882813
3727.4241207151	1470
