40.2973356941271	1131.09997558594
43.2236257608418	1131.69995117188
46.1488808466109	1133.19995117188
49.0731017336173	1135
51.9962892025666	1137.09997558594
54.9184440327569	1142
57.8395670020446	1140.40002441406
60.7596588868509	1143.69995117188
63.6787204621708	1145.30004882813
66.5967525015794	1153.80004882813
69.5137557772381	1161.40002441406
72.4297310598838	1170.19995117188
75.3446791188512	1183.69995117188
78.2586007220466	1197.90002441406
81.1714966360015	1217.5
84.0833676258266	1225.40002441406
86.994214455242	1249.09997558594
89.9040378865662	1273.80004882813
92.8128386807427	1300.5
95.7206175973133	1307.40002441406
98.6273753944444	1328
101.533112828928	1326.69995117188
104.437830656161	1333.59997558594
107.34152963018	1329.09997558594
110.244210503676	1323.59997558594
113.145874027931	1319.09997558594
116.046520952895	1306.30004882813
118.946152027154	1314.30004882813
121.844767997933	1313.59997558594
124.74236961111	1293.19995117188
127.638957611212	1295.90002441406
130.534532741422	1306.59997558594
133.429095743606	1299.69995117188
136.322647358252	1299.69995117188
139.215188324544	1297.19995117188
142.106719380311	1297
144.997241262089	1301.59997558594
147.886754705057	1299.90002441406
150.775260443096	1284.40002441406
153.662759208748	1299.59997558594
156.549251733282	1296.40002441406
159.434738746612	1289.09997558594
162.319220977376	1288.5
165.20269915289	1305.30004882813
168.085173999178	1288.09997558594
170.966646240977	1283.5
173.847116601709	1284.19995117188
176.726585803528	1284.30004882813
179.605054567295	1276.90002441406
182.48252361259	1275.40002441406
185.358993657701	1274.19995117188
188.234465419645	1265.80004882813
191.108939614183	1270.59997558594
193.982416955795	1271.90002441406
196.854898157687	1261.69995117188
199.726383931801	1259.59997558594
202.596874988835	1258.5
205.466372038225	1268.19995117188
208.334875788145	1258.30004882813
211.202386945534	1258.80004882813
214.068906216069	1260.90002441406
216.934434304194	1254.40002441406
219.798971913111	1255.80004882813
222.662519744776	1251.80004882813
225.525078499925	1250.59997558594
228.386648878069	1248.19995117188
231.247231577465	1247.40002441406
234.106827295172	1247.59997558594
236.965436727012	1250.90002441406
239.823060567597	1246.59997558594
242.679699510337	1239.5
245.535354247396	1243.40002441406
248.390025469775	1237.5
251.243713867223	1241.40002441406
254.096420128327	1237.40002441406
256.948144940459	1240
259.798888989788	1236.90002441406
262.648652961315	1235.90002441406
265.49743753883	1238.19995117188
268.345243404939	1233.40002441406
271.192071241073	1233.19995117188
274.037921727485	1237.5
276.882795543246	1227.30004882813
279.72669336624	1220.40002441406
282.569615873213	1235
285.411563739724	1227.30004882813
288.252537640165	1223.90002441406
291.092538247763	1228.69995117188
293.931566234616	1227.19995117188
296.769622271633	1223.59997558594
299.606707028594	1232.80004882813
302.442821174104	1229.19995117188
305.277965375652	1224.90002441406
308.112140299574	1215.80004882813
310.945346611062	1228.40002441406
313.777584974167	1225.69995117188
316.608856051813	1222.40002441406
319.439160505797	1229.5
322.268498996783	1234.19995117188
325.096872184303	1222.80004882813
327.924280726782	1224.30004882813
330.750725281521	1229.5
333.576206504693	1219.09997558594
336.400725051388	1232.59997558594
339.224281575542	1230.90002441406
342.046876730026	1222.80004882813
344.868511166586	1221.80004882813
347.689185535872	1223
350.508900487421	1226.69995117188
353.327656669699	1227.19995117188
356.145454730079	1221.5
358.962295314817	1219.80004882813
361.778179069105	1226.69995117188
364.593106637051	1227.59997558594
367.407078661675	1225.69995117188
370.220095784913	1227.90002441406
373.032158647655	1225.69995117188
375.843267889676	1223.90002441406
378.653424149715	1225.80004882813
381.462628065436	1228.19995117188
384.270880273432	1224.59997558594
387.078181409254	1224.69995117188
389.884532107358	1230.90002441406
392.689933001188	1224.69995117188
395.494384723112	1218.19995117188
398.29788790445	1231.19995117188
401.100443175488	1227.59997558594
403.902051165437	1224.80004882813
406.702712502518	1225.40002441406
409.502427813866	1222.5
412.301197725607	1225
415.099022862823	1237.40002441406
417.89590384957	1234.19995117188
420.691841308876	1228.40002441406
423.486835862752	1232.30004882813
426.280888132173	1225.59997558594
429.073998737112	1233.30004882813
431.866168296507	1232.30004882813
434.657397428298	1234.19995117188
437.447686749412	1223.5
440.237036875762	1228.40002441406
443.025448422257	1231.69995117188
445.812922002813	1230.19995117188
448.599458230326	1229.5
451.38505771672	1238.40002441406
454.169721072909	1232.19995117188
456.953448908819	1234.69995117188
459.736241833384	1228.5
462.518100454555	1227.30004882813
465.2990253793	1234
468.079017213605	1232.19995117188
470.858076562476	1236.80004882813
473.636204029939	1237.69995117188
476.41340021906	1229
479.189665731938	1224.30004882813
481.965001169667	1227.80004882813
484.739407132419	1236.30004882813
487.512884219391	1229.40002441406
490.285433028796	1235.59997558594
493.057054157921	1232.90002441406
495.827748203087	1238.19995117188
498.597515759658	1244.19995117188
501.366357422061	1224.69995117188
504.134273783759	1236.30004882813
506.901265437278	1233
509.66733297421	1236.19995117188
512.432476985198	1228.5
515.196698059945	1228.5
517.959996787225	1238.90002441406
520.722373754895	1229.59997558594
523.483829549856	1239.30004882813
526.24436475811	1239.80004882813
529.003979964696	1239.59997558594
531.762675753779	1235.30004882813
534.520452708569	1238
537.277311411375	1235.19995117188
540.03325244359	1232.80004882813
542.788276385682	1231.40002441406
545.54238381725	1231.19995117188
548.295575316938	1232.19995117188
551.047851462516	1236.09997558594
553.799212830831	1242.59997558594
556.549659997851	1238
559.299193538643	1237.80004882813
562.047814027381	1235.09997558594
564.795522037318	1238.19995117188
567.542318140861	1241.09997558594
570.288202909507	1240.40002441406
573.033176913873	1230.30004882813
575.7772407237	1235.5
578.520394907829	1240.69995117188
581.26264003424	1235.19995117188
584.003976670046	1237.90002441406
586.744405381469	1243.80004882813
589.483926733869	1234.90002441406
592.222541291746	1235.40002441406
594.96024961872	1236.5
597.697052277563	1240.80004882813
600.432949830166	1239.40002441406
603.167942837587	1237.69995117188
605.902031860012	1242.80004882813
608.635217456783	1231.5
611.367500186378	1246.69995117188
614.098880606429	1238
616.82935927374	1246.59997558594
619.558936744248	1239.19995117188
622.287613573072	1237.09997558594
625.015390314457	1242
627.742267521848	1240.90002441406
630.468245747829	1240.19995117188
633.193325544166	1235
635.917507461792	1244.40002441406
638.640792050804	1238.90002441406
641.36317986048	1235
644.084671439281	1240.09997558594
646.805267334845	1236
649.524968093967	1239
652.24377426266	1243.30004882813
654.961686386106	1237.40002441406
657.678705008678	1237.40002441406
660.394830673939	1236.30004882813
663.110063924628	1242.09997558594
665.824405302728	1241.5
668.537855349351	1234.69995117188
671.250414604863	1244.09997558594
673.962083608812	1238.59997558594
676.672862899949	1242.30004882813
679.382753016218	1251.80004882813
682.091754494801	1239.09997558594
684.799867872061	1248.19995117188
687.507093683595	1239.30004882813
690.213432464198	1241.19995117188
692.918884747899	1241
695.623451067937	1243.90002441406
698.327131956755	1240.69995117188
701.029927946065	1244.19995117188
703.731839566754	1243.59997558594
706.43286734896	1244.5
709.133011822067	1250.5
711.832273514658	1251.30004882813
714.53065295457	1248
717.228150668879	1245.30004882813
719.924767183889	1246.5
722.620503025148	1244.5
725.315358717446	1244.90002441406
728.009334784827	1245.90002441406
730.702431750559	1246
733.394650137188	1238.30004882813
736.085990466498	1249.69995117188
738.776453259519	1253.5
741.466039036542	1248.40002441406
744.154748317125	1246.80004882813
746.842581620074	1255
749.529539463458	1252.30004882813
752.215622364608	1255.40002441406
754.900830840131	1248.40002441406
757.585165405892	1255.30004882813
760.26862657703	1251.19995117188
762.951214867957	1252.09997558594
765.632930792356	1241.59997558594
768.313774863181	1241.30004882813
770.993747592673	1241.69995117188
773.672849492359	1244.09997558594
776.351081073017	1250.5
779.028442844757	1250.69995117188
781.704935316928	1235.30004882813
784.380558998208	1239.69995117188
787.055314396528	1253.30004882813
789.729202019141	1252.40002441406
792.402222372581	1239.40002441406
795.074375962669	1244.90002441406
797.745663294537	1247.90002441406
800.416084872622	1250
803.085641200652	1255.09997558594
805.754332781664	1243.69995117188
808.422160117986	1251.09997558594
811.089123711292	1243.30004882813
813.75522406252	1245.80004882813
816.420461671951	1247
819.084837039164	1250.90002441406
821.748350663067	1259.09997558594
824.411003041866	1256.69995117188
827.072794673116	1253.69995117188
829.733726053668	1266.5
832.39379767971	1253
835.05301004674	1260.09997558594
837.711363649601	1251.19995117188
840.368858982457	1250.69995117188
843.025496538805	1249.80004882813
845.681276811467	1255.19995117188
848.336200292618	1253.90002441406
850.99026747375	1252
853.643478845713	1259.59997558594
856.29583489868	1257.30004882813
858.947336122176	1257.09997558594
861.59798300506	1253.59997558594
864.247776035556	1262.40002441406
866.896715701222	1259.59997558594
869.544802488959	1255
872.192036885046	1257.40002441406
874.838419375087	1253.19995117188
877.483950444054	1252.90002441406
880.128630576285	1260.19995117188
882.772460255461	1253.40002441406
885.415439964628	1260.09997558594
888.057570186211	1248.90002441406
890.698851401966	1258.80004882813
893.339284093045	1260.09997558594
895.978868739961	1255.69995117188
898.617605822596	1257.69995117188
901.255495820196	1255.5
903.892539211396	1253.19995117188
906.528736474184	1264.40002441406
909.164088085949	1262.90002441406
911.798594523442	1258
914.432256262804	1254.30004882813
917.065073779549	1263.69995117188
919.697047548589	1255.90002441406
922.328178044212	1264.80004882813
924.9584657401	1267.80004882813
927.587911109317	1266.59997558594
930.216514624317	1265
932.844276756963	1263
935.471197978488	1269.90002441406
938.097278759538	1260
940.722519570163	1268.19995117188
943.346920879798	1265.19995117188
945.97048315729	1263.19995117188
948.593206870885	1267.30004882813
951.215092488219	1270.80004882813
953.836140476366	1267
956.456351301787	1264.90002441406
959.07572543037	1271.90002441406
961.694263327369	1265.59997558594
964.311965457521	1268.19995117188
966.928832284933	1265.30004882813
969.544864273135	1262.19995117188
972.160061885076	1256.19995117188
974.774425583129	1264.90002441406
977.387955829099	1258.90002441406
980.000653084196	1267.09997558594
982.612517809061	1263.5
985.223550463768	1260.19995117188
987.833751507819	1254.09997558594
990.443121400135	1264.80004882813
993.051660599081	1265.69995117188
995.659369562449	1262.40002441406
998.266248747469	1263.30004882813
1000.87229861081	1273.09997558594
1003.47751960857	1275.5
1006.0819121963	1272.59997558594
1008.68547682897	1263.30004882813
1011.28821396104	1260.80004882813
1013.89012404635	1262.90002441406
1016.49120753824	1255.09997558594
1019.09146488947	1262.30004882813
1021.69089655226	1262.40002441406
1024.28950297827	1258.69995117188
1026.88728461863	1267.59997558594
1029.48424192392	1269
1032.08037534416	1274.80004882813
1034.67568532886	1258.09997558594
1037.27017232694	1268.59997558594
1039.86383678682	1271.09997558594
1042.45667915637	1267.90002441406
1045.04869988293	1264.40002441406
1047.6398994133	1268.80004882813
1050.23027819374	1271.09997558594
1052.81983666998	1258.80004882813
1055.40857528724	1271.19995117188
1057.99649449018	1271.90002441406
1060.58359472296	1265.69995117188
1063.1698764292	1267.30004882813
1065.755340052	1264.5
1068.33998603393	1266
1070.92381481706	1264.40002441406
1073.50682684291	1277.69995117188
1076.08902255251	1267.19995117188
1078.67040238637	1269.40002441406
1081.25096678445	1271.09997558594
1083.83071618624	1267.09997558594
1086.4096510307	1265.40002441406
1088.98777175629	1273.59997558594
1091.56507880094	1269.5
1094.14157260208	1262.69995117188
1096.71725359664	1269.5
1099.29212222106	1262.59997558594
1101.86617891125	1264.30004882813
1104.43942410262	1261
1107.01185823011	1260.80004882813
1109.58348172812	1253.90002441406
1112.15429503057	1267.30004882813
1114.7242985709	1263
1117.29349278203	1269.30004882813
1119.86187809642	1268
1122.42945494599	1270.69995117188
1124.99622376222	1273.5
1127.56218497606	1273
1130.12733901801	1263
1132.69168631804	1270.5
1135.25522730568	1262.5
1137.81796240995	1266
1140.37989205941	1262.30004882813
1142.9410166821	1254.40002441406
1145.50133670561	1252.40002441406
1148.06085255708	1261.80004882813
1150.61956466311	1262.40002441406
1153.17747344987	1266.80004882813
1155.73457934305	1267.80004882813
1158.29088276786	1259.80004882813
1160.84638414903	1263.59997558594
1163.40108391085	1264.40002441406
1165.95498247711	1258.19995117188
1168.50808027116	1274.80004882813
1171.06037771587	1259.09997558594
1173.61187523364	1259.5
1176.16257324643	1269.19995117188
1178.71247217573	1261.09997558594
1181.26157244255	1261.09997558594
1183.80987446746	1266.30004882813
1186.35737867059	1260.69995117188
1188.90408547157	1266.80004882813
1191.44999528961	1258
1193.99510854347	1264.5
1196.53942565142	1262.09997558594
1199.08294703133	1258.09997558594
1201.62567310057	1271.30004882813
1204.16760427611	1266.19995117188
1206.70874097445	1266.19995117188
1209.24908361163	1270.69995117188
1211.78863260327	1267.5
1214.32738836454	1267.40002441406
1216.86535131017	1271.5
1219.40252185445	1272
1221.93890041121	1267.80004882813
1224.47448739389	1270.19995117188
1227.00928321544	1279.69995117188
1229.54328828842	1268.80004882813
1232.07650302491	1266.30004882813
1234.60892783662	1273.80004882813
1237.14056313477	1277.5
1239.67140933017	1284.5
1242.2014668332	1277.19995117188
1244.73073605384	1273.69995117188
1247.25921740159	1287.69995117188
1249.78691128558	1276.19995117188
1252.31381811448	1281
1254.83993829655	1283.09997558594
1257.36527223962	1282.59997558594
1259.88982035112	1279.5
1262.41358303803	1280.5
1264.93656070696	1282.90002441406
1267.45875376405	1287.59997558594
1269.98016261505	1284.59997558594
1272.50078766531	1280.5
1275.02062931974	1280.5
1277.53968798285	1278.59997558594
1280.05796405875	1280.69995117188
1282.57545795112	1278.80004882813
1285.09217006325	1292.09997558594
1287.60810079802	1284.69995117188
1290.12325055788	1278.59997558594
1292.63761974492	1281.30004882813
1295.15120876079	1285.80004882813
1297.66401800676	1280.59997558594
1300.17604788367	1280.59997558594
1302.687298792	1287
1305.19777113181	1278.30004882813
1307.70746530274	1283.80004882813
1310.21638170408	1282.40002441406
1312.7245207347	1294.59997558594
1315.23188279307	1299.59997558594
1317.73846827728	1295.5
1320.24427758502	1291.90002441406
1322.74931111359	1293.09997558594
1325.25356925991	1281.30004882813
1327.75705242051	1290.59997558594
1330.25976099151	1282.59997558594
1332.76169536868	1286.09997558594
1335.26285594737	1292.40002441406
1337.76324312256	1287.5
1340.26285728887	1288.19995117188
1342.76169884052	1297.30004882813
1345.25976817132	1284.40002441406
1347.75706567474	1289.69995117188
1350.25359174387	1280.19995117188
1352.74934677141	1279.30004882813
1355.24433114968	1275
1357.73854527062	1277.40002441406
1360.23198952583	1269.90002441406
1362.7246643065	1289.69995117188
1365.21657000347	1278.90002441406
1367.7077070072	1280.90002441406
1370.19807570777	1284.69995117188
1372.68767649492	1279.5
1375.176509758	1277.80004882813
1377.66457588599	1269.59997558594
1380.15187526753	1278.09997558594
1382.63840829087	1277.80004882813
1385.1241753439	1280.59997558594
1387.60917681417	1280
1390.09341308884	1287.69995117188
1392.57688455474	1274.19995117188
1395.05959159829	1285
1397.54153460562	1278.69995117188
1400.02271396243	1282.59997558594
1402.50313005414	1284.40002441406
1404.98278326576	1275.5
1407.46167398196	1283.09997558594
1409.93980258707	1280.09997558594
1412.41716946504	1279.30004882813
1414.89377499951	1284.19995117188
1417.36961957373	1283.40002441406
1419.84470357062	1280.69995117188
1422.31902737275	1285.59997558594
1424.79259136235	1293.40002441406
1427.26539592129	1285.5
1429.73744143111	1279.40002441406
1432.20872827299	1290.19995117188
1434.67925682777	1291
1437.14902747597	1291.09997558594
1439.61804059773	1297.80004882813
1442.0862965729	1305.59997558594
1444.55379578093	1294.69995117188
1447.02053860099	1303.19995117188
1449.48652541188	1302.90002441406
1451.95175659206	1302.09997558594
1454.41623251969	1302.19995117188
1456.87995357255	1302.19995117188
1459.34292012811	1295.80004882813
1461.80513256351	1290.5
1464.26659125557	1295.40002441406
1466.72729658073	1286.80004882813
1469.18724891517	1286.40002441406
1471.64644863469	1288.5
1474.10489611478	1277.59997558594
1476.5625917306	1291.80004882813
1479.01953585699	1280.90002441406
1481.47572886844	1282.69995117188
1483.93117113917	1274.30004882813
1486.38586304302	1277.59997558594
1488.83980495354	1276.59997558594
1491.29299724395	1274.90002441406
1493.74544028715	1276.59997558594
1496.19713445573	1270.90002441406
1498.64808012193	1284
1501.09827765772	1271.90002441406
1503.54772743471	1266.59997558594
1505.99642982421	1275.69995117188
1508.44438519723	1276.59997558594
1510.89159392446	1277.19995117188
1513.33805637625	1284.30004882813
1515.78377292266	1275.30004882813
1518.22874393346	1275.09997558594
1520.67296977806	1287.59997558594
1523.11645082559	1283.90002441406
1525.55918744488	1275.69995117188
1528.00118000444	1279.69995117188
1530.44242887245	1274.69995117188
1532.88293441684	1285.09997558594
1535.32269700517	1278.90002441406
1537.76171700475	1272.5
1540.19999478255	1286.19995117188
1542.63753070526	1274.90002441406
1545.07432513925	1276
1547.5103784506	1285.19995117188
1549.94569100509	1280.90002441406
1552.38026316819	1279
1554.8140953051	1282.30004882813
1557.24718778067	1288.69995117188
1559.67954095952	1287.30004882813
1562.11115520592	1289.09997558594
1564.54203088386	1275.19995117188
1566.97216835704	1284.5
1569.40156798888	1284.09997558594
1571.83023014248	1285.90002441406
1574.25815518067	1287.30004882813
1576.68534346597	1281.19995117188
1579.11179536062	1283.59997558594
1581.53751122658	1291
1583.9624914255	1279.19995117188
1586.38673631876	1285
1588.81024626745	1289.80004882813
1591.23302163235	1291.09997558594
1593.655062774	1281.90002441406
1596.07637005262	1292.90002441406
1598.49694382815	1286.59997558594
1600.91678446025	1284.19995117188
1603.33589230831	1288.69995117188
1605.75426773142	1285.69995117188
1608.1719110884	1296.09997558594
1610.58882273779	1291.09997558594
1613.00500303784	1289.80004882813
1615.42045234654	1295.80004882813
1617.83517102158	1289.59997558594
1620.24915942039	1293.19995117188
1622.66241790012	1299.69995117188
1625.07494681764	1303.5
1627.48674652954	1287.69995117188
1629.89781739216	1297.69995117188
1632.30815976152	1298.90002441406
1634.71777399343	1303.09997558594
1637.12666044338	1308.30004882813
1639.53481946661	1307.30004882813
1641.94225141808	1306.59997558594
1644.34895665248	1308.80004882813
1646.75493552424	1306
1649.16018838752	1323.69995117188
1651.56471559621	1326.80004882813
1653.96851750392	1307.5
1656.37159446403	1318.5
1658.7739468296	1314.09997558594
1661.17557495349	1312.40002441406
1663.57647918824	1318.19995117188
1665.97665988617	1315.80004882813
1668.37611739929	1303.30004882813
1670.77485207939	1305.09997558594
1673.17286427799	1309.59997558594
1675.57015434633	1299.30004882813
1677.96672263542	1301.09997558594
1680.36256949598	1290.40002441406
1682.7576952785	1292.40002441406
1685.15210033318	1285.59997558594
1687.54578501	1290.09997558594
1689.93874965866	1288.5
1692.33099462861	1290.40002441406
1694.72252026904	1288.59997558594
1697.11332692889	1289.5
1699.50341495686	1285.90002441406
1701.89278470137	1277.09997558594
1704.28143651061	1277.69995117188
1706.66937073251	1282.5
1709.05658771473	1286.40002441406
1711.44308780473	1291.69995117188
1713.82887134968	1285.80004882813
1716.21393869648	1278.09997558594
1718.59829019185	1284.5
1720.98192618221	1281.59997558594
1723.36484701374	1278.5
1725.74705303238	1278.59997558594
1728.12854458384	1275.90002441406
1730.50932201356	1273.09997558594
1732.88938566673	1275.59997558594
1735.26873588834	1270.09997558594
1737.64737302307	1279.90002441406
1740.02529741544	1279.80004882813
1742.40250940964	1278
1744.77900934969	1276.30004882813
1747.15479757933	1284.30004882813
1749.52987444206	1273
1751.90424028116	1279.40002441406
1754.27789543967	1281.30004882813
1756.65084026037	1275.59997558594
1759.02307508582	1275
1761.39460025833	1279.19995117188
1763.76541612	1280.5
1766.13552301265	1280
1768.50492127791	1281.30004882813
1770.87361125714	1280
1773.2415932915	1281.80004882813
1775.60886772188	1277.5
1777.97543488896	1283.30004882813
1780.34129513318	1278.09997558594
1782.70644879475	1275.69995117188
1785.07089621365	1283.19995117188
1787.43463772964	1273.69995117188
1789.7976736822	1275.90002441406
1792.16000441066	1272
1794.52163025405	1277.69995117188
1796.88255155121	1275.09997558594
1799.24276864074	1280.40002441406
1801.60228186102	1276.09997558594
1803.96109155019	1282
1806.31919804618	1278.80004882813
1808.67660168668	1278.80004882813
1811.03330280916	1285.09997558594
1813.38930175088	1282.40002441406
1815.74459884884	1279.5
1818.09919443984	1272.5
1820.45308886047	1272
1822.80628244708	1279.30004882813
1825.1587755358	1277.5
1827.51056846254	1275.19995117188
1829.86166156297	1259.69995117188
1832.21205517258	1275.30004882813
1834.56174962661	1281.09997558594
1836.91074526009	1274
1839.25904240783	1273.69995117188
1841.60664140443	1273.80004882813
1843.95354258425	1278.40002441406
1846.29974628146	1276.69995117188
1848.64525282998	1272.90002441406
1850.99006256356	1284.69995117188
1853.3341758157	1277.09997558594
1855.67759291968	1275.19995117188
1858.02031420858	1277.30004882813
1860.36234001528	1274.09997558594
1862.70367067241	1280.19995117188
1865.04430651244	1265.59997558594
1867.38424786755	1272
1869.72349506978	1281.30004882813
1872.06204845094	1280.30004882813
1874.39990834258	1276.09997558594
1876.73707507612	1276.5
1879.07354898269	1276
1881.40933039328	1274.69995117188
1883.74441963861	1272
1886.07881704925	1273.40002441406
1888.41252295551	1280
1890.74553768751	1274.19995117188
1893.07786157519	1275.90002441406
1895.40949494822	1278.69995117188
1897.74043813615	1273.19995117188
1900.07069146823	1273.09997558594
1902.40025527357	1283.69995117188
1904.72912988106	1271.80004882813
1907.05731561938	1279.09997558594
1909.38481281699	1275.19995117188
1911.71162180217	1282.19995117188
1914.037742903	1276.80004882813
1916.36317644734	1285.59997558594
1918.68792276284	1273.09997558594
1921.01198217697	1272.80004882813
1923.33535501699	1269.90002441406
1925.65804160996	1279.5
1927.98004228273	1282.69995117188
1930.30135736196	1280.69995117188
1932.6219871741	1277.30004882813
1934.94193204543	1287.69995117188
1937.26119230198	1277.5
1939.57976826962	1282.30004882813
1941.89766027402	1278.40002441406
1944.21486864062	1276.80004882813
1946.53139369472	1284.5
1948.84723576137	1281.59997558594
1951.16239516543	1278.19995117188
1953.47687223159	1277.5
1955.79066728434	1284.5
1958.10378064794	1281.5
1960.4162126465	1275.90002441406
1962.7279636039	1288.5
1965.03903384385	1275.69995117188
1967.34942368987	1274.69995117188
1969.65913346524	1281.80004882813
1971.96816349311	1277.69995117188
1974.2765140964	1277.19995117188
1976.58418559784	1279.19995117188
1978.89117831997	1281.19995117188
1981.19749258516	1277.90002441406
1983.50312871555	1276.30004882813
1985.80808703313	1284
1988.11236785967	1284.5
1990.41597151676	1281.5
1992.71889832581	1283.5
1995.02114860801	1278.19995117188
1997.3227226844	1283.30004882813
1999.62362087581	1276.09997558594
2001.92384350288	1277.90002441406
2004.22339088608	1279.19995117188
2006.52226334567	1273.59997558594
2008.82046120173	1285.40002441406
2011.11798477417	1292.69995117188
2013.41483438269	1274.40002441406
2015.71101034681	1282.40002441406
2018.00651298588	1283.69995117188
2020.30134261905	1274.90002441406
2022.59549956528	1282.59997558594
2024.88898414337	1283.69995117188
2027.1817966719	1288
2029.4739374693	1291
2031.76540685379	1282.40002441406
2034.05620514342	1289.30004882813
2036.34633265607	1272.69995117188
2038.6357897094	1275
2040.92457662092	1286.59997558594
2043.21269370795	1275.80004882813
2045.50014128763	1290.40002441406
2047.78691967691	1280.09997558594
2050.07302919256	1285.90002441406
2052.35847015118	1281.19995117188
2054.64324286919	1280.69995117188
2056.9273476628	1282
2059.21078484808	1287
2061.4935547409	1286.40002441406
2063.77565765696	1287.30004882813
2066.05709391176	1271.19995117188
2068.33786382065	1277.80004882813
2070.61796769879	1281.40002441406
2072.89740586116	1277.19995117188
2075.17617862255	1279.30004882813
2077.45428629759	1285.5
2079.73172920075	1285.90002441406
2082.00850764627	1276.30004882813
2084.28462194827	1279.19995117188
2086.56007242065	1279.80004882813
2088.83485937717	1282.40002441406
2091.10898313139	1298.09997558594
2093.3824439967	1289
2095.65524228632	1293.59997558594
2097.92737831328	1271.90002441406
2100.19885239047	1279.30004882813
2102.46966483057	1294.30004882813
2104.7398159461	1284.80004882813
2107.00930604941	1292.5
2109.27813545267	1269.90002441406
2111.54630446787	1284.59997558594
2113.81381340685	1289.59997558594
2116.08066258126	1285.40002441406
2118.34685230257	1284
2120.61238288211	1280.40002441406
2122.87725463099	1290.59997558594
2125.1414678602	1290.5
2127.40502288052	1296.59997558594
2129.66792000257	1289.90002441406
2131.93015953682	1293.90002441406
2134.19174179353	1280.59997558594
2136.45266708282	1280.19995117188
2138.71293571463	1276.90002441406
2140.97254799873	1289.90002441406
2143.23150424473	1278.30004882813
2145.48980476205	1286.19995117188
2147.74744985996	1280.19995117188
2150.00443984754	1286.30004882813
2152.26077503373	1289.09997558594
2154.51645572728	1278
2156.77148223677	1294.40002441406
2159.02585487064	1287.19995117188
2161.27957393713	1284.5
2163.53263974432	1294.09997558594
2165.78505260012	1284.69995117188
2168.0368128123	1299.30004882813
2170.28792068844	1290.59997558594
2172.53837653595	1279.90002441406
2174.78818066207	1287.09997558594
2177.03733337389	1290.09997558594
2179.28583497833	1286.19995117188
2181.53368578214	1277.69995117188
2183.78088609192	1283.5
2186.02743621406	1285.59997558594
2188.27333645484	1287.59997558594
2190.51858712033	1283
2192.76318851646	1277.80004882813
2195.00714094901	1282.5
2197.25044472354	1282.69995117188
2199.49310014551	1284.59997558594
2201.73510752018	1284.80004882813
2203.97646715265	1285.30004882813
2206.21717934786	1282.80004882813
2208.45724441058	1285.40002441406
2210.69666264543	1285.80004882813
2212.93543435686	1277.69995117188
2215.17355984914	1284.59997558594
2217.41103942642	1290
2219.64787339264	1289.59997558594
2221.8840620516	1285.19995117188
2224.11960570695	1280.69995117188
2226.35450466215	1289.80004882813
2228.58875922051	1292.90002441406
2230.82236968518	1291
2233.05533635916	1284.5
2235.28765954527	1281.90002441406
2237.51933954617	1286.19995117188
2239.75037666437	1285.80004882813
2241.98077120221	1284.19995117188
2244.21052346188	1286.80004882813
2246.4396337454	1283.5
2248.66810235461	1287.80004882813
2250.89592959125	1287.90002441406
2253.12311575681	1281.69995117188
2255.34966115272	1285.80004882813
2257.57556608017	1282.40002441406
2259.80083084023	1297.40002441406
2262.02545573381	1283.30004882813
2264.24944106163	1284.40002441406
2266.47278712429	1282.09997558594
2268.69549422221	1289.09997558594
2270.91756265564	1281.80004882813
2273.1389927247	1296.5
2275.35978472934	1289.19995117188
2277.57993896933	1286.40002441406
2279.79945574431	1283.19995117188
2282.01833535375	1289.30004882813
2284.23657809696	1285.69995117188
2286.45418427309	1287.69995117188
2288.67115418114	1287.09997558594
2290.88748811995	1281.40002441406
2293.10318638819	1291.90002441406
2295.3182492844	1275
2297.53267710693	1293.30004882813
2299.746470154	1285
2301.95962872364	1284.5
2304.17215311376	1287.40002441406
2306.3840436221	1287.59997558594
2308.59530054621	1280.80004882813
2310.80592418354	1278.80004882813
2313.01591483134	1289.69995117188
2315.22527278673	1280.5
2317.43399834666	1290
2319.64209180791	1286.59997558594
2321.84955346713	1284.09997558594
2324.05638362079	1290.19995117188
2326.26258256524	1280.19995117188
2328.46815059664	1289
2330.67308801098	1288.40002441406
2332.87739510415	1287.09997558594
2335.08107217184	1278.19995117188
2337.2841195096	1281.80004882813
2339.48653741281	1274.19995117188
2341.68832617672	1285
2343.8894860964	1286.40002441406
2346.09001746678	1285.80004882813
2348.28992058261	1296.40002441406
2350.48919573852	1276.80004882813
2352.68784322898	1291.19995117188
2354.88586334826	1283.59997558594
2357.08325639055	1294
2359.2800226498	1280.40002441406
2361.47616241988	1291.09997558594
2363.67167599445	1289.90002441406
2365.86656366706	1283.80004882813
2368.06082573107	1289.59997558594
2370.2544624797	1289.40002441406
2372.44747420603	1289.59997558594
2374.63986120295	1282.09997558594
2376.83162376322	1281
2379.02276217945	1288.80004882813
2381.21327674408	1287.5
2383.4031677494	1285.80004882813
2385.59243548756	1283.59997558594
2387.78108025053	1289.30004882813
2389.96910233014	1286.59997558594
2392.15650201809	1289.59997558594
2394.34327960587	1286.19995117188
2396.52943538486	1287.5
2398.71496964628	1282.59997558594
2400.89988268118	1282.30004882813
2403.08417478048	1288.40002441406
2405.26784623491	1276.40002441406
2407.45089733509	1295.5
2409.63332837146	1287
2411.81513963429	1285.59997558594
2413.99633141375	1289.19995117188
2416.1769039998	1280.90002441406
2418.35685768227	1274.40002441406
2420.53619275084	1282.09997558594
2422.71490949505	1284
2424.89300820425	1292.90002441406
2427.07048916765	1284.40002441406
2429.24735267433	1278.40002441406
2431.42359901319	1278.90002441406
2433.59922847297	1291
2435.7742413423	1288
2437.94863790961	1281.09997558594
2440.12241846321	1288.30004882813
2442.29558329121	1284.30004882813
2444.46813268162	1291.59997558594
2446.64006692228	1281.30004882813
2448.81138630086	1279.59997558594
2450.98209110489	1288.30004882813
2453.15218162174	1277.09997558594
2455.32165813864	1281.69995117188
2457.49052094265	1286
2459.65877032069	1286
2461.8264065595	1293.40002441406
2463.99342994572	1289.40002441406
2466.15984076579	1286.69995117188
2468.325639306	1279.40002441406
2470.49082585251	1285.69995117188
2472.65540069131	1281.40002441406
2474.81936410824	1283.69995117188
2476.98271638899	1292.40002441406
2479.14545781909	1286.5
2481.30758868392	1294.69995117188
2483.4691092687	1285.30004882813
2485.63001985852	1294.69995117188
2487.79032073829	1291.69995117188
2489.95001219277	1287.30004882813
2492.10909450659	1293.40002441406
2494.26756796419	1279.30004882813
2496.42543284989	1288.30004882813
2498.58268944783	1293.40002441406
2500.73933804202	1291.19995117188
2502.8953789163	1285.80004882813
2505.05081235436	1293.09997558594
2507.20563863974	1282.5
2509.35985805582	1283
2511.51347088583	1292.90002441406
2513.66647741285	1287.80004882813
2515.81887791981	1287.09997558594
2517.97067268946	1279.90002441406
2520.12186200443	1292
2522.27244614716	1276.90002441406
2524.42242539999	1283.30004882813
2526.57180004504	1289.5
2528.72057036433	1286.80004882813
2530.8687366397	1290.19995117188
2533.01629915284	1288.90002441406
2535.16325818527	1285.59997558594
2537.30961401839	1289.09997558594
2539.45536693343	1284.69995117188
2541.60051721145	1290.5
2543.74506513338	1280.19995117188
2545.88901097997	1287.80004882813
2548.03235503185	1286.19995117188
2550.17509756946	1277.40002441406
2552.31723887311	1282.19995117188
2554.45877922293	1282.40002441406
2556.59971889893	1287.80004882813
2558.74005818094	1290.59997558594
2560.87979734864	1283.80004882813
2563.01893668155	1289.90002441406
2565.15747645906	1287.30004882813
2567.29541696037	1293.40002441406
2569.43275846454	1284.59997558594
2571.56950125049	1284.40002441406
2573.70564559696	1279.30004882813
2575.84119178254	1280.09997558594
2577.97614008569	1289
2580.11049078468	1286.09997558594
2582.24424415764	1285.90002441406
2584.37740048255	1292.69995117188
2586.50996003722	1284.40002441406
2588.64192309931	1289.40002441406
2590.77328994634	1286.90002441406
2592.90406085564	1286.09997558594
2595.03423610442	1304.5
2597.16381596971	1281.5
2599.29280072839	1291.30004882813
2601.42119065719	1286.09997558594
2603.54898603267	1291.59997558594
2605.67618713125	1289.5
2607.80279422919	1290.19995117188
2609.92880760257	1287.69995117188
2612.05422752735	1290
2614.17905427932	1286.40002441406
2616.30328813408	1284
2618.42692936713	1289.80004882813
2620.54997825377	1288.30004882813
2622.67243506915	1284.69995117188
2624.79430008828	1285.69995117188
2626.915573586	1284.90002441406
2629.03625583699	1288.80004882813
2631.15634711579	1287.90002441406
2633.27584769675	1287.19995117188
2635.39475785408	1288.30004882813
2637.51307786185	1284.30004882813
2639.63080799394	1297.80004882813
2641.74794852409	1285.40002441406
2643.86449972589	1292.5
2645.98046187273	1293.59997558594
2648.0958352379	1295.59997558594
2650.21062009449	1294.09997558594
2652.32481671544	1286.40002441406
2654.43842537353	1291.5
2656.5514463414	1288.69995117188
2658.66387989151	1284.59997558594
2660.77572629616	1289.09997558594
2662.88698582751	1290.59997558594
2664.99765875753	1288.80004882813
2667.10774535806	1295.59997558594
2669.21724590076	1283.69995117188
2671.32616065714	1287.80004882813
2673.43448989857	1290.69995117188
2675.5422338962	1285
2677.64939292108	1291.09997558594
2679.75596724408	1292.90002441406
2681.86195713589	1300.19995117188
2683.96736286707	1292.19995117188
2686.07218470799	1288.90002441406
2688.17642292889	1290.59997558594
2690.28007779982	1289.19995117188
2692.38314959069	1295.80004882813
2694.48563857123	1283.09997558594
2696.58754501103	1290.69995117188
2698.6888691795	1283.90002441406
2700.78961134588	1283.5
2702.8897717793	1288.69995117188
2704.98935074864	1288.40002441406
2707.08834852271	1282
2709.18676537009	1296.40002441406
2711.28460155925	1290.59997558594
2713.38185735843	1297.09997558594
2715.47853303577	1294.69995117188
2717.57462885924	1282.80004882813
2719.67014509659	1291.80004882813
2721.76508201548	1292.5
2723.85943988337	1290.09997558594
2725.95321896754	1290.30004882813
2728.04641953515	1285.69995117188
2730.13904185316	1293.40002441406
2732.23108618837	1294.30004882813
2734.32255280744	1287.90002441406
2736.41344197683	1300.40002441406
2738.50375396288	1288.09997558594
2740.5934890317	1289.5
2742.68264744932	1297.59997558594
2744.77122948153	1297.5
2746.85923539398	1304.69995117188
2748.94666545217	1309.09997558594
2751.03351992142	1286.30004882813
2753.11979906688	1295.09997558594
2755.20550315355	1297.30004882813
2757.29063244624	1286.19995117188
2759.37518720963	1298
2761.45916770819	1292.5
2763.54257420625	1295.5
2765.62540696797	1297.40002441406
2767.70766625733	1299.40002441406
2769.78935233816	1293
2771.87046547413	1291.09997558594
2773.95100592869	1291.90002441406
2776.03097396519	1287.80004882813
2778.11036984677	1298
2780.18919383641	1284.80004882813
2782.26744619693	1293.19995117188
2784.34512719097	1285.90002441406
2786.42223708102	1286.90002441406
2788.49877612937	1289.30004882813
2790.57474459816	1300.19995117188
2792.65014274937	1295.5
2794.7249708448	1297.09997558594
2796.79922914607	1296.19995117188
2798.87291791465	1298
2800.94603741181	1303
2803.01858789869	1287.5
2805.09056963623	1297
2807.1619828852	1298.80004882813
2809.23282790621	1302
2811.30310495971	1289.5
2813.37281430593	1299.80004882813
2815.441956205	1291.19995117188
2817.51053091682	1296.19995117188
2819.57853870114	1298
2821.64597981753	1302.69995117188
2823.7128545254	1301.40002441406
2825.77916308399	1308.09997558594
2827.84490575233	1303.59997558594
2829.91008278933	1299.40002441406
2831.97469445369	1303.69995117188
2834.03874100395	1298.80004882813
2836.10222269847	1297.5
2838.16513979544	1309
2840.22749255288	1306.80004882813
2842.28928122863	1310.19995117188
2844.35050608034	1319
2846.41116736553	1313.5
2848.47126534149	1316.5
2850.53080026537	1308.30004882813
2852.58977239414	1315.5
2854.64818198459	1318.69995117188
2856.70602929332	1329.30004882813
2858.76331457678	1333.5
2860.82003809123	1339
2862.87620009274	1343.69995117188
2864.93180083723	1360.30004882813
2866.98684058043	1363.59997558594
2869.04131957789	1353.5
2871.09523808497	1375.19995117188
2873.14859635689	1368.09997558594
2875.20139464866	1377.30004882813
2877.2536332151	1382
2879.30531231091	1367.30004882813
2881.35643219054	1374.69995117188
2883.40699310831	1375.40002441406
2885.45699531834	1385.30004882813
2887.50643907457	1395.90002441406
2889.55532463077	1366.30004882813
2891.60365224053	1388.5
2893.65142215724	1383.59997558594
2895.69863463414	1388.09997558594
2897.74528992426	1399.30004882813
2899.79138828046	1398
2901.83692995544	1388.09997558594
2903.88191520168	1390.5
2905.92634427151	1403.19995117188
2907.97021741706	1403.80004882813
2910.01353489027	1406.90002441406
2912.05629694294	1410.30004882813
2914.09850382663	1429
2916.14015579276	1436.69995117188
2918.18125309254	1429.80004882813
2920.22179597702	1446.09997558594
2922.26178469705	1457.09997558594
2924.30121950329	1457.19995117188
2926.34010064624	1456.80004882813
2928.37842837619	1476.90002441406
2930.41620294326	1475.19995117188
2932.45342459737	1480.80004882813
2934.49009358828	1465.80004882813
2936.52621016555	1478.69995117188
2938.56177457854	1472.59997558594
2940.59678707645	1460.09997558594
2942.63124790827	1468.40002441406
2944.66515732282	1459.5
2946.69851556873	1463.09997558594
2948.73132289443	1439.30004882813
2950.76357954817	1440.80004882813
2952.79528577803	1426.80004882813
2954.82644183188	1437.90002441406
2956.85704795741	1429.69995117188
2958.8871044021	1429.09997558594
2960.91661141328	1424.59997558594
2962.94556923807	1430.90002441406
2964.97397812339	1416.19995117188
2967.00183831598	1412.80004882813
2969.0291500624	1417
2971.05591360902	1418.90002441406
2973.08212920199	1414.59997558594
2975.1077970873	1398.69995117188
2977.13291751074	1412.19995117188
2979.1574907179	1400.90002441406
2981.18151695419	1404.40002441406
2983.20499646482	1404.90002441406
2985.2279294948	1398.69995117188
2987.25031628898	1400.80004882813
2989.27215709199	1389.5
2991.29345214825	1392.69995117188
2993.31420170204	1385.19995117188
2995.33440599738	1377
2997.35406527816	1367.69995117188
2999.37317978802	1365
3001.39174977045	1381.09997558594
3003.40977546872	1368.69995117188
3005.42725712591	1369
3007.44419498491	1379.69995117188
3009.4605892884	1361.69995117188
3011.47644027889	1367.90002441406
3013.49174819865	1366.69995117188
3015.5065132898	1351.09997558594
3017.52073579424	1351.09997558594
3019.53441595366	1366.09997558594
3021.54755400959	1355.59997558594
3023.56015020332	1352.90002441406
3025.57220477598	1353.19995117188
3027.58371796846	1360.59997558594
3029.5946900215	1367.69995117188
3031.6051211756	1365.5
3033.61501167107	1371.40002441406
3035.62436174803	1367.40002441406
3037.6331716464	1365.90002441406
3039.64144160588	1366.80004882813
3041.649171866	1378.30004882813
3043.65636266607	1371.69995117188
3045.6630142452	1370.90002441406
3047.66912684229	1376.80004882813
3049.67470069605	1383.09997558594
3051.679736045	1382.09997558594
3053.68423312742	1381.90002441406
3055.68819218143	1390.69995117188
3057.6916134449	1396.59997558594
3059.69449715556	1399.69995117188
3061.69684355086	1396.09997558594
3063.6986528681	1391.69995117188
3065.69992534437	1386.5
3067.70066121653	1392.80004882813
3069.70086072126	1384.69995117188
3071.700524095	1391.80004882813
3073.69965157405	1395.19995117188
3075.69824339442	1396.90002441406
3077.69629979197	1404.90002441406
3079.69382100235	1398.69995117188
3081.69080726098	1399.69995117188
3083.68725880307	1402.30004882813
3085.68317586366	1398
3087.67855867755	1414.30004882813
3089.67340747933	1412.09997558594
3091.6677225034	1400.5
3093.66150398392	1414.40002441406
3095.6547521549	1413.30004882813
3097.64746725006	1408.59997558594
3099.63964950297	1408.69995117188
3101.63129914698	1414.69995117188
3103.6224164152	1425.69995117188
3105.61300154056	1415.80004882813
3107.60305475576	1422.30004882813
3109.59257629331	1443.40002441406
3111.58156638547	1434.69995117188
3113.57002526432	1441.5
3115.55795316172	1433.5
3117.54535030932	1443.90002441406
3119.53221693853	1441.90002441406
3121.51855328057	1456.40002441406
3123.50435956646	1456.19995117188
3125.48963602698	1464.90002441406
3127.4743828927	1468.90002441406
3129.45860039397	1463.09997558594
3131.44228876093	1453.09997558594
3133.42544822353	1468.5
3135.40807901145	1496.40002441406
3137.39018135418	1483.19995117188
3139.37175548102	1483.80004882813
3141.35280162101	1479.30004882813
3143.33332000299	1485.90002441406
3145.31331085559	1485.30004882813
3147.2927744072	1498.30004882813
3149.27171088602	1515.59997558594
3151.25012052	1488.40002441406
3153.22800353689	1495.30004882813
3155.20536016422	1518.09997558594
3157.18219062929	1511
3159.15849515918	1527.5
3161.13427398075	1511.30004882813
3163.10952732066	1527.59997558594
3165.08425540532	1524.40002441406
3167.05845846092	1515.90002441406
3169.03213671344	1529.5
3171.00529038863	1544.40002441406
3172.97791971203	1539.30004882813
3174.95002490893	1540.59997558594
3176.92160620443	1541.69995117188
3178.89266382337	1547.09997558594
3180.8631979904	1537.40002441406
3182.83320892991	1544.30004882813
3184.80269686609	1548.80004882813
3186.77166202289	1559.09997558594
3188.74010462406	1550.59997558594
3190.70802489307	1560.90002441406
3192.67542305323	1557.09997558594
3194.64229932757	1574.80004882813
3196.60865393892	1563.09997558594
3198.57448710987	1570.19995117188
3200.53979906279	1560.30004882813
3202.50459001981	1579.90002441406
3204.46886020284	1582.90002441406
3206.43260983356	1589.19995117188
3208.39583913341	1586
3210.35854832362	1574.80004882813
3212.32073762517	1571.19995117188
3214.28240725881	1590.69995117188
3216.24355744508	1601.19995117188
3218.20418840426	1571.59997558594
3220.16430035642	1611.59997558594
3222.12389352137	1582
3224.08296811873	1598.69995117188
3226.04152436784	1601.30004882813
3227.99956248784	1586.80004882813
3229.95708269762	1607.80004882813
3231.91408521584	1590.69995117188
3233.87057026092	1609
3235.82653805105	1604.5
3237.78198880419	1594.59997558594
3239.73692273806	1610.40002441406
3241.69134007013	1604.19995117188
3243.64524101764	1613.69995117188
3245.59862579761	1621.69995117188
3247.55149462681	1621.30004882813
3249.50384772176	1618.59997558594
3251.45568529877	1628.69995117188
3253.40700757387	1626.30004882813
3255.35781476288	1624.80004882813
3257.3081070814	1624.09997558594
3259.25788474473	1644.5
3261.20714796799	1629.69995117188
3263.15589696602	1612.80004882813
3265.10413195345	1629.69995117188
3267.05185314463	1620
3268.9990607537	1623.5
3270.94575499455	1625.69995117188
3272.89193608081	1632.69995117188
3274.8376042259	1618.80004882813
3276.78275964296	1643.09997558594
3278.72740254492	1626.90002441406
3280.67153314443	1627.59997558594
3282.61515165393	1642.19995117188
3284.55825828559	1639.59997558594
3286.50085325135	1635.69995117188
3288.44293676289	1631.19995117188
3290.38450903165	1627.80004882813
3292.32557026883	1646.59997558594
3294.26612068537	1644
3296.20616049198	1634.19995117188
3298.14568989911	1627.19995117188
3300.08470911695	1620.59997558594
3302.02321835546	1633.69995117188
3303.96121782435	1639.5
3305.89870773306	1611.30004882813
3307.83568829081	1622.80004882813
3309.77215970655	1639.69995117188
3311.70812218898	1649.30004882813
3313.64357594655	1638.5
3315.57852118747	1640.30004882813
3317.51295811968	1638.09997558594
3319.44688695087	1621.69995117188
3321.38030788849	1629.30004882813
3323.31322113973	1618.19995117188
3325.24562691152	1636.59997558594
3327.17752541055	1643.69995117188
3329.10891684322	1637.80004882813
3331.03980141573	1632.5
3332.97017933399	1638.69995117188
3334.90005080364	1638.59997558594
3336.82941603011	1634.5
3338.75827521852	1646.40002441406
3340.68662857377	1633.19995117188
3342.6144763005	1638.30004882813
3344.54181860308	1647
3346.46865568561	1644.19995117188
3348.39498775195	1628.90002441406
3350.32081500571	1648.69995117188
3352.24613765022	1648.5
3354.17095588855	1658.40002441406
3356.09526992352	1647
3358.01907995769	1651
3359.94238619334	1663.30004882813
3361.86518883251	1639
3363.78748807697	1660.19995117188
3365.70928412823	1656.80004882813
3367.63057718752	1654.80004882813
3369.55136745582	1676.80004882813
3371.47165513386	1658.69995117188
3373.39144042208	1662.40002441406
3375.31072352066	1651.90002441406
3377.22950462953	1673.30004882813
3379.14778394834	1675.59997558594
3381.06556167648	1665.5
3382.98283801308	1653.40002441406
3384.89961315697	1662.5
3386.81588730676	1659.19995117188
3388.73166066076	1663.5
3390.64693341702	1650
3392.56170577332	1652.59997558594
3394.47597792716	1666.5
3396.38975007581	1670.80004882813
3398.30302241623	1645.90002441406
3400.21579514512	1664.19995117188
3402.1280684589	1672.59997558594
3404.03984255374	1661.30004882813
3405.95111762553	1659.80004882813
3407.86189386987	1684.19995117188
3409.77217148212	1658.59997558594
3411.68195065733	1652.30004882813
3413.5912315903	1652.5
3415.50001447556	1658.80004882813
3417.40829950735	1666.69995117188
3419.31608687963	1663.59997558594
3421.22337678611	1636.90002441406
3423.1301694202	1653.5
3425.03646497504	1668.69995117188
3426.9422636435	1653.90002441406
3428.84756561816	1655.90002441406
3430.75237109135	1645.90002441406
3432.65668025508	1645.90002441406
3434.56049330112	1660.5
3436.46381042093	1654.90002441406
3438.36663180571	1651.5
3440.26895764638	1669.80004882813
3442.17078813357	1641.5
3444.07212345762	1648.30004882813
3445.97296380863	1654.80004882813
3447.87330937636	1644.19995117188
3449.77316035033	1636.59997558594
3451.67251691977	1647.5
3453.57137927361	1646.80004882813
3455.46974760052	1648.80004882813
3457.36762208886	1640.59997558594
3459.26500292671	1637.19995117188
3461.16189030191	1626.59997558594
3463.05828440194	1633.80004882813
3464.95418541406	1619.19995117188
3466.84959352519	1626.30004882813
3468.74450892201	1606.09997558594
3470.63893179088	1605.69995117188
3472.53286231788	1611.80004882813
3474.42630068881	1612.5
3476.31924708918	1611.19995117188
3478.2117017042	1594.59997558594
3480.1036647188	1609
3481.99513631761	1609.09997558594
3483.88611668498	1595.80004882813
3485.77660600498	1598.40002441406
3487.66660446135	1606.40002441406
3489.55611223758	1596.90002441406
3491.44512951683	1591.80004882813
3493.333656482	1587.40002441406
3495.22169331568	1587.69995117188
3497.10924020016	1570.40002441406
3498.99629731746	1571.30004882813
3500.88286484927	1577
3502.76894297702	1566.90002441406
3504.65453188182	1565.80004882813
3506.53963174449	1568.5
3508.42424274555	1554.40002441406
3510.30836506524	1550.19995117188
3512.19199888349	1568.5
3514.07514437992	1550.19995117188
3515.95780173387	1542.40002441406
3517.83997112437	1524.40002441406
3519.72165273016	1537.40002441406
3521.60284672967	1525.5
3523.48355330104	1536.90002441406
3525.36377262208	1529.30004882813
3527.24350487035	1530.5
3529.12275022306	1527
3531.00150885715	1525.19995117188
3532.87978094923	1520.59997558594
3534.75756667562	1511.40002441406
3536.63486621235	1519.09997558594
3538.51167973512	1505.5
3540.38800741934	1491
3542.26384944011	1500.69995117188
3544.13920597223	1489.90002441406
3546.01407719018	1486.90002441406
3547.88846326815	1495.30004882813
3549.76236438002	1485.30004882813
3551.63578069934	1490.80004882813
3553.50871239938	1468.69995117188
3555.38115965309	1471.80004882813
3557.25312263311	1477.5
3559.12460151177	1474
3560.99559646109	1467.40002441406
3562.86610765279	1467.90002441406
3564.73613525825	1461.5
3566.60567944857	1457.19995117188
3568.47474039453	1459.90002441406
3570.34331826658	1455.5
3572.21141323487	1461.59997558594
3574.07902546925	1463
3575.94615513922	1450.19995117188
3577.81280241401	1448.30004882813
3579.67896746249	1458.09997558594
3581.54465045325	1444.30004882813
3583.40985155455	1437.19995117188
3585.27457093432	1433.19995117188
3587.1388087602	1421.5
3589.00256519949	1436.30004882813
3590.86584041919	1420.40002441406
3592.72863458597	1433.09997558594
3594.59094786618	1421.19995117188
3596.45278042585	1428.30004882813
3598.31413243069	1431.59997558594
3600.17500404611	1433.69995117188
3602.03539543717	1432.59997558594
3603.89530676861	1418.30004882813
3605.75473820488	1416.40002441406
3607.61368991007	1416.40002441406
3609.47216204797	1411.90002441406
3611.33015478203	1408.19995117188
3613.18766827539	1412.80004882813
3615.04470269087	1412.09997558594
3616.90125819094	1411.90002441406
3618.75733493776	1396
3620.61293309318	1401.09997558594
3622.46805281869	1404.19995117188
3624.32269427547	1400.40002441406
3626.17685762439	1391.5
3628.03054302596	1397.69995117188
3629.88375064038	1383.90002441406
3631.73648062751	1401.90002441406
3633.5887331469	1398.90002441406
3635.44050835775	1387.69995117188
3637.29180641893	1377.80004882813
3639.14262748899	1384.30004882813
3640.99297172614	1388
3642.84283928828	1376.59997558594
3644.69223033294	1373.09997558594
3646.54114501734	1373.80004882813
3648.38958349836	1367.40002441406
3650.23754593256	1370.80004882813
3652.08503247614	1363.19995117188
3653.93204328497	1357.19995117188
3655.77857851462	1363.40002441406
3657.62463832028	1354.5
3659.47022285682	1345.80004882813
3661.31533227877	1361.5
3663.15996674033	1344
3665.00412639535	1337.40002441406
3666.84781139736	1355.59997558594
3668.69102189953	1342.80004882813
3670.5337580547	1333.09997558594
3672.37602001537	1332.5
3674.21780793368	1333.19995117188
3676.05912196148	1328.59997558594
3677.89996225021	1324.40002441406
3679.74032895103	1325.19995117188
3681.58022221471	1321
3683.41964219171	1318.59997558594
3685.25858903211	1316
3687.0970628857	1313.59997558594
3688.93506390186	1318
3690.77259222968	1303.90002441406
3692.60964801787	1314.90002441406
3694.44623141481	1306.09997558594
3696.28234256853	1312.5
3698.11798162669	1316.19995117188
3699.95314873665	1307.80004882813
3701.78784404537	1309.09997558594
3703.62206769951	1298.30004882813
3705.45581984533	1300.5
3707.28910062877	1301.69995117188
3709.12191019542	1299.90002441406
3710.95424869052	1306.5
3712.78611625894	1296.40002441406
3714.6175130452	1292.30004882813
3716.44843919349	1293.69995117188
3718.27889484764	1300
3720.1088801511	1287.90002441406
3721.93839524699	1291.5
3723.76744027808	1289.80004882813
3725.59601538677	1285.80004882813
3727.4241207151	1293
