40.2973356941271	1130
43.2236257608418	1131
46.1488808466109	1134.40002441406
49.0731017336173	1135.5
51.9962892025666	1135.5
54.9184440327569	1141.90002441406
57.8395670020446	1145
60.7596588868509	1146.90002441406
63.6787204621708	1149.09997558594
66.5967525015794	1158.19995117188
69.5137557772381	1168.40002441406
72.4297310598838	1171.69995117188
75.3446791188512	1185
78.2586007220466	1210.19995117188
81.1714966360015	1241.30004882813
84.0833676258266	1263.59997558594
86.994214455242	1287.40002441406
89.9040378865662	1335.09997558594
92.8128386807427	1358.30004882813
95.7206175973133	1382.5
98.6273753944444	1407.19995117188
101.533112828928	1423.69995117188
104.437830656161	1438
107.34152963018	1445
110.244210503676	1435.69995117188
113.145874027931	1427.5
116.046520952895	1426.5
118.946152027154	1418.90002441406
121.844767997933	1420.69995117188
124.74236961111	1422.30004882813
127.638957611212	1427.69995117188
130.534532741422	1434.5
133.429095743606	1424.59997558594
136.322647358252	1437.69995117188
139.215188324544	1442.69995117188
142.106719380311	1438.40002441406
144.997241262089	1444.19995117188
147.886754705057	1443.19995117188
150.775260443096	1444.90002441406
153.662759208748	1457
156.549251733282	1456.19995117188
159.434738746612	1451.5
162.319220977376	1457.80004882813
165.20269915289	1451.09997558594
168.085173999178	1446.90002441406
170.966646240977	1448.69995117188
173.847116601709	1446.09997558594
176.726585803528	1433.69995117188
179.605054567295	1443.5
182.48252361259	1443.5
185.358993657701	1428.90002441406
188.234465419645	1443.69995117188
191.108939614183	1433.69995117188
193.982416955795	1434.40002441406
196.854898157687	1448.09997558594
199.726383931801	1446.5
202.596874988835	1450.30004882813
205.466372038225	1450.40002441406
208.334875788145	1453.40002441406
211.202386945534	1444.90002441406
214.068906216069	1450.30004882813
216.934434304194	1460.09997558594
219.798971913111	1448.80004882813
222.662519744776	1452.09997558594
225.525078499925	1451.09997558594
228.386648878069	1442.59997558594
231.247231577465	1453.80004882813
234.106827295172	1451.09997558594
236.965436727012	1447.09997558594
239.823060567597	1443.09997558594
242.679699510337	1453.09997558594
245.535354247396	1459.80004882813
248.390025469775	1459
251.243713867223	1454.59997558594
254.096420128327	1448
256.948144940459	1451.80004882813
259.798888989788	1452.80004882813
262.648652961315	1455.09997558594
265.49743753883	1448.69995117188
268.345243404939	1462.5
271.192071241073	1457.69995117188
274.037921727485	1473.09997558594
276.882795543246	1439.30004882813
279.72669336624	1466.69995117188
282.569615873213	1446.69995117188
285.411563739724	1453.40002441406
288.252537640165	1463
291.092538247763	1459.5
293.931566234616	1454.69995117188
296.769622271633	1478.59997558594
299.606707028594	1463.30004882813
302.442821174104	1474.5
305.277965375652	1458.80004882813
308.112140299574	1459.5
310.945346611062	1487.80004882813
313.777584974167	1461.69995117188
316.608856051813	1467.59997558594
319.439160505797	1468
322.268498996783	1473.40002441406
325.096872184303	1460.69995117188
327.924280726782	1472.19995117188
330.750725281521	1459.09997558594
333.576206504693	1466.69995117188
336.400725051388	1473.80004882813
339.224281575542	1464.19995117188
342.046876730026	1463.09997558594
344.868511166586	1469.5
347.689185535872	1469.90002441406
350.508900487421	1464.80004882813
353.327656669699	1469.80004882813
356.145454730079	1457
358.962295314817	1475.90002441406
361.778179069105	1462.80004882813
364.593106637051	1469.30004882813
367.407078661675	1471.59997558594
370.220095784913	1484.09997558594
373.032158647655	1470.69995117188
375.843267889676	1470
378.653424149715	1470.69995117188
381.462628065436	1484.90002441406
384.270880273432	1477.40002441406
387.078181409254	1490.09997558594
389.884532107358	1474.59997558594
392.689933001188	1490.40002441406
395.494384723112	1481.80004882813
398.29788790445	1483.5
401.100443175488	1498
403.902051165437	1492.59997558594
406.702712502518	1498.80004882813
409.502427813866	1508.5
412.301197725607	1496.90002441406
415.099022862823	1483.09997558594
417.89590384957	1482
420.691841308876	1496.69995117188
423.486835862752	1488.19995117188
426.280888132173	1489.90002441406
429.073998737112	1490.90002441406
431.866168296507	1497.59997558594
434.657397428298	1481.69995117188
437.447686749412	1484.30004882813
440.237036875762	1498.40002441406
443.025448422257	1488.5
445.812922002813	1499.09997558594
448.599458230326	1502.5
451.38505771672	1490.59997558594
454.169721072909	1480.80004882813
456.953448908819	1498.69995117188
459.736241833384	1495.90002441406
462.518100454555	1501.5
465.2990253793	1507.40002441406
468.079017213605	1502.5
470.858076562476	1485.40002441406
473.636204029939	1510.09997558594
476.41340021906	1509.09997558594
479.189665731938	1504.80004882813
481.965001169667	1505.19995117188
484.739407132419	1514.30004882813
487.512884219391	1519.30004882813
490.285433028796	1509.69995117188
493.057054157921	1513.19995117188
495.827748203087	1498.69995117188
498.597515759658	1511.5
501.366357422061	1509.59997558594
504.134273783759	1497.80004882813
506.901265437278	1515.80004882813
509.66733297421	1513.40002441406
512.432476985198	1519.30004882813
515.196698059945	1502.30004882813
517.959996787225	1518.40002441406
520.722373754895	1507.19995117188
523.483829549856	1524.19995117188
526.24436475811	1523.90002441406
529.003979964696	1519.30004882813
531.762675753779	1508.59997558594
534.520452708569	1516.59997558594
537.277311411375	1517.59997558594
540.03325244359	1510.59997558594
542.788276385682	1511.90002441406
545.54238381725	1522.69995117188
548.295575316938	1514.30004882813
551.047851462516	1501.80004882813
553.799212830831	1499.69995117188
556.549659997851	1504.40002441406
559.299193538643	1508.40002441406
562.047814027381	1512.30004882813
564.795522037318	1512.30004882813
567.542318140861	1503.90002441406
570.288202909507	1516.59997558594
573.033176913873	1509.69995117188
575.7772407237	1516.40002441406
578.520394907829	1512.09997558594
581.26264003424	1511.90002441406
584.003976670046	1511.80004882813
586.744405381469	1518.69995117188
589.483926733869	1525.5
592.222541291746	1508.80004882813
594.96024961872	1524.09997558594
597.697052277563	1513.80004882813
600.432949830166	1532.80004882813
603.167942837587	1531.80004882813
605.902031860012	1528.40002441406
608.635217456783	1523.5
611.367500186378	1519.69995117188
614.098880606429	1513
616.82935927374	1528.90002441406
619.558936744248	1519.69995117188
622.287613573072	1527.19995117188
625.015390314457	1530.69995117188
627.742267521848	1548.69995117188
630.468245747829	1544.5
633.193325544166	1529.5
635.917507461792	1527.19995117188
638.640792050804	1518.30004882813
641.36317986048	1526.09997558594
644.084671439281	1524
646.805267334845	1525.09997558594
649.524968093967	1528.30004882813
652.24377426266	1532.80004882813
654.961686386106	1523.30004882813
657.678705008678	1529.90002441406
660.394830673939	1540.69995117188
663.110063924628	1525.30004882813
665.824405302728	1523.90002441406
668.537855349351	1521.5
671.250414604863	1521.5
673.962083608812	1527.5
676.672862899949	1529.80004882813
679.382753016218	1525
682.091754494801	1533.80004882813
684.799867872061	1537.69995117188
687.507093683595	1534.59997558594
690.213432464198	1532.80004882813
692.918884747899	1529.5
695.623451067937	1535.09997558594
698.327131956755	1554.09997558594
701.029927946065	1537.30004882813
703.731839566754	1538.80004882813
706.43286734896	1536.5
709.133011822067	1530.09997558594
711.832273514658	1551.30004882813
714.53065295457	1548.59997558594
717.228150668879	1519
719.924767183889	1540.5
722.620503025148	1542.5
725.315358717446	1536.19995117188
728.009334784827	1552.40002441406
730.702431750559	1538.30004882813
733.394650137188	1553.59997558594
736.085990466498	1546.90002441406
738.776453259519	1537.30004882813
741.466039036542	1553
744.154748317125	1533.80004882813
746.842581620074	1536.5
749.529539463458	1543.5
752.215622364608	1544.80004882813
754.900830840131	1542.5
757.585165405892	1543.19995117188
760.26862657703	1547.30004882813
762.951214867957	1543.09997558594
765.632930792356	1548
768.313774863181	1542.30004882813
770.993747592673	1540.09997558594
773.672849492359	1542.19995117188
776.351081073017	1552.09997558594
779.028442844757	1553.30004882813
781.704935316928	1561.19995117188
784.380558998208	1548.80004882813
787.055314396528	1540.59997558594
789.729202019141	1549.30004882813
792.402222372581	1552.80004882813
795.074375962669	1545.90002441406
797.745663294537	1565.69995117188
800.416084872622	1557
803.085641200652	1547.80004882813
805.754332781664	1542.59997558594
808.422160117986	1555.80004882813
811.089123711292	1565
813.75522406252	1560.90002441406
816.420461671951	1573.40002441406
819.084837039164	1556.5
821.748350663067	1570.59997558594
824.411003041866	1571.19995117188
827.072794673116	1567.40002441406
829.733726053668	1575.5
832.39379767971	1567.09997558594
835.05301004674	1562.5
837.711363649601	1569
840.368858982457	1581
843.025496538805	1576.69995117188
845.681276811467	1578
848.336200292618	1565.90002441406
850.99026747375	1577
853.643478845713	1590.59997558594
856.29583489868	1588.09997558594
858.947336122176	1572.40002441406
861.59798300506	1588.40002441406
864.247776035556	1576
866.896715701222	1586.19995117188
869.544802488959	1598
872.192036885046	1586.90002441406
874.838419375087	1569.40002441406
877.483950444054	1584.09997558594
880.128630576285	1583.40002441406
882.772460255461	1588
885.415439964628	1595.80004882813
888.057570186211	1573.19995117188
890.698851401966	1606
893.339284093045	1587.5
895.978868739961	1574.59997558594
898.617605822596	1591
901.255495820196	1583.5
903.892539211396	1585.30004882813
906.528736474184	1584.30004882813
909.164088085949	1596.69995117188
911.798594523442	1585.90002441406
914.432256262804	1581.80004882813
917.065073779549	1594.59997558594
919.697047548589	1591.09997558594
922.328178044212	1583.19995117188
924.9584657401	1596.5
927.587911109317	1580.59997558594
930.216514624317	1594.09997558594
932.844276756963	1597.59997558594
935.471197978488	1612.80004882813
938.097278759538	1590.40002441406
940.722519570163	1593.59997558594
943.346920879798	1585.19995117188
945.97048315729	1620.19995117188
948.593206870885	1626.80004882813
951.215092488219	1627.40002441406
953.836140476366	1653.59997558594
956.456351301787	1635.09997558594
959.07572543037	1643.09997558594
961.694263327369	1635.80004882813
964.311965457521	1644.30004882813
966.928832284933	1650.90002441406
969.544864273135	1648.69995117188
972.160061885076	1651.59997558594
974.774425583129	1626.69995117188
977.387955829099	1636.19995117188
980.000653084196	1618.90002441406
982.612517809061	1642.19995117188
985.223550463768	1634.09997558594
987.833751507819	1615.59997558594
990.443121400135	1628.69995117188
993.051660599081	1636.90002441406
995.659369562449	1654
998.266248747469	1676.90002441406
1000.87229861081	1692.40002441406
1003.47751960857	1758.69995117188
1006.0819121963	1731.90002441406
1008.68547682897	1737.19995117188
1011.28821396104	1703.59997558594
1013.89012404635	1699.5
1016.49120753824	1682.5
1019.09146488947	1663.40002441406
1021.69089655226	1648
1024.28950297827	1651.19995117188
1026.88728461863	1632
1029.48424192392	1635.09997558594
1032.08037534416	1633
1034.67568532886	1621
1037.27017232694	1634.80004882813
1039.86383678682	1619.40002441406
1042.45667915637	1640.59997558594
1045.04869988293	1641.30004882813
1047.6398994133	1629
1050.23027819374	1642.30004882813
1052.81983666998	1630.5
1055.40857528724	1642.59997558594
1057.99649449018	1644.69995117188
1060.58359472296	1637.5
1063.1698764292	1624.5
1065.755340052	1639.80004882813
1068.33998603393	1642.90002441406
1070.92381481706	1653.19995117188
1073.50682684291	1642.09997558594
1076.08902255251	1639
1078.67040238637	1646.30004882813
1081.25096678445	1649.19995117188
1083.83071618624	1653.40002441406
1086.4096510307	1635.59997558594
1088.98777175629	1641.80004882813
1091.56507880094	1644.09997558594
1094.14157260208	1654.90002441406
1096.71725359664	1647.80004882813
1099.29212222106	1650.80004882813
1101.86617891125	1656.5
1104.43942410262	1655.59997558594
1107.01185823011	1644.40002441406
1109.58348172812	1642.30004882813
1112.15429503057	1647.90002441406
1114.7242985709	1655.5
1117.29349278203	1649.09997558594
1119.86187809642	1656.5
1122.42945494599	1677.59997558594
1124.99622376222	1672.09997558594
1127.56218497606	1672.59997558594
1130.12733901801	1693.69995117188
1132.69168631804	1716.19995117188
1135.25522730568	1698.09997558594
1137.81796240995	1722.59997558594
1140.37989205941	1732.09997558594
1142.9410166821	1742
1145.50133670561	1800.59997558594
1148.06085255708	1822
1150.61956466311	1911.90002441406
1153.17747344987	1982.09997558594
1155.73457934305	2081.80004882813
1158.29088276786	2090.60009765625
1160.84638414903	2056.10009765625
1163.40108391085	1981
1165.95498247711	1867.40002441406
1168.50808027116	1778.5
1171.06037771587	1767.90002441406
1173.61187523364	1740.40002441406
1176.16257324643	1729.90002441406
1178.71247217573	1714.80004882813
1181.26157244255	1711.59997558594
1183.80987446746	1706.59997558594
1186.35737867059	1714.90002441406
1188.90408547157	1725.19995117188
1191.44999528961	1757.59997558594
1193.99510854347	1756.40002441406
1196.53942565142	1754.90002441406
1199.08294703133	1730.5
1201.62567310057	1706.30004882813
1204.16760427611	1707.69995117188
1206.70874097445	1675.80004882813
1209.24908361163	1690.5
1211.78863260327	1665.59997558594
1214.32738836454	1689.19995117188
1216.86535131017	1683.30004882813
1219.40252185445	1681.5
1221.93890041121	1672.80004882813
1224.47448739389	1653.40002441406
1227.00928321544	1663
1229.54328828842	1664
1232.07650302491	1666
1234.60892783662	1677.90002441406
1237.14056313477	1667
1239.67140933017	1665.90002441406
1242.2014668332	1678.59997558594
1244.73073605384	1679.90002441406
1247.25921740159	1694.5
1249.78691128558	1685.30004882813
1252.31381811448	1688.40002441406
1254.83993829655	1706.59997558594
1257.36527223962	1709.19995117188
1259.88982035112	1712.30004882813
1262.41358303803	1717.40002441406
1264.93656070696	1722.40002441406
1267.45875376405	1730.5
1269.98016261505	1732.59997558594
1272.50078766531	1740.30004882813
1275.02062931974	1750.19995117188
1277.53968798285	1757.69995117188
1280.05796405875	1745.80004882813
1282.57545795112	1714.69995117188
1285.09217006325	1733.19995117188
1287.60810079802	1726.90002441406
1290.12325055788	1716.19995117188
1292.63761974492	1691.30004882813
1295.15120876079	1724.90002441406
1297.66401800676	1717.69995117188
1300.17604788367	1714.30004882813
1302.687298792	1719.80004882813
1305.19777113181	1720.19995117188
1307.70746530274	1714.69995117188
1310.21638170408	1726.90002441406
1312.7245207347	1708.30004882813
1315.23188279307	1725.5
1317.73846827728	1704.5
1320.24427758502	1709.80004882813
1322.74931111359	1706.19995117188
1325.25356925991	1688
1327.75705242051	1708.09997558594
1330.25976099151	1694.09997558594
1332.76169536868	1701.80004882813
1335.26285594737	1709
1337.76324312256	1697.80004882813
1340.26285728887	1683.5
1342.76169884052	1687.5
1345.25976817132	1686.40002441406
1347.75706567474	1696.90002441406
1350.25359174387	1693.40002441406
1352.74934677141	1681.59997558594
1355.24433114968	1691.80004882813
1357.73854527062	1701.69995117188
1360.23198952583	1705.30004882813
1362.7246643065	1696.80004882813
1365.21657000347	1682.5
1367.7077070072	1683.19995117188
1370.19807570777	1701.59997558594
1372.68767649492	1680.40002441406
1375.176509758	1682
1377.66457588599	1699.40002441406
1380.15187526753	1706.90002441406
1382.63840829087	1692.5
1385.1241753439	1697.69995117188
1387.60917681417	1692.40002441406
1390.09341308884	1720.69995117188
1392.57688455474	1706.40002441406
1395.05959159829	1722.5
1397.54153460562	1710.90002441406
1400.02271396243	1708.5
1402.50313005414	1705.19995117188
1404.98278326576	1707
1407.46167398196	1707
1409.93980258707	1705.90002441406
1412.41716946504	1723.80004882813
1414.89377499951	1691.09997558594
1417.36961957373	1701.59997558594
1419.84470357062	1716.5
1422.31902737275	1698.90002441406
1424.79259136235	1717.30004882813
1427.26539592129	1715.40002441406
1429.73744143111	1740.59997558594
1432.20872827299	1745.80004882813
1434.67925682777	1752.59997558594
1437.14902747597	1764.59997558594
1439.61804059773	1775
1442.0862965729	1788.59997558594
1444.55379578093	1786.59997558594
1447.02053860099	1772.69995117188
1449.48652541188	1773.5
1451.95175659206	1762.90002441406
1454.41623251969	1783.69995117188
1456.87995357255	1764.5
1459.34292012811	1780.40002441406
1461.80513256351	1770.80004882813
1464.26659125557	1753.09997558594
1466.72729658073	1747.09997558594
1469.18724891517	1744.80004882813
1471.64644863469	1765.40002441406
1474.10489611478	1764.59997558594
1476.5625917306	1753.59997558594
1479.01953585699	1755
1481.47572886844	1739.19995117188
1483.93117113917	1741.19995117188
1486.38586304302	1775.5
1488.83980495354	1750.40002441406
1491.29299724395	1778.09997558594
1493.74544028715	1794.19995117188
1496.19713445573	1799.19995117188
1498.64808012193	1833.09997558594
1501.09827765772	1850.40002441406
1503.54772743471	1897.90002441406
1505.99642982421	1946.40002441406
1508.44438519723	2014.80004882813
1510.89159392446	2105
1513.33805637625	2160.80004882813
1515.78377292266	2248.60009765625
1518.22874393346	2284.19995117188
1520.67296977806	2271.80004882813
1523.11645082559	2207.69995117188
1525.55918744488	2147.80004882813
1528.00118000444	2064.30004882813
1530.44242887245	1968.69995117188
1532.88293441684	1906.09997558594
1535.32269700517	1828.09997558594
1537.76171700475	1804.59997558594
1540.19999478255	1772
1542.63753070526	1777.90002441406
1545.07432513925	1774
1547.5103784506	1749.59997558594
1549.94569100509	1739.5
1552.38026316819	1750
1554.8140953051	1730.40002441406
1557.24718778067	1739.40002441406
1559.67954095952	1739.40002441406
1562.11115520592	1756.69995117188
1564.54203088386	1739.19995117188
1566.97216835704	1737
1569.40156798888	1736.80004882813
1571.83023014248	1742.30004882813
1574.25815518067	1732.80004882813
1576.68534346597	1738
1579.11179536062	1736.59997558594
1581.53751122658	1752.40002441406
1583.9624914255	1751
1586.38673631876	1727
1588.81024626745	1734.5
1591.23302163235	1739.90002441406
1593.655062774	1737.5
1596.07637005262	1727
1598.49694382815	1742.90002441406
1600.91678446025	1743.69995117188
1603.33589230831	1753.80004882813
1605.75426773142	1731.90002441406
1608.1719110884	1727.90002441406
1610.58882273779	1722.40002441406
1613.00500303784	1735.69995117188
1615.42045234654	1721.19995117188
1617.83517102158	1719.69995117188
1620.24915942039	1729.30004882813
1622.66241790012	1754.59997558594
1625.07494681764	1729.30004882813
1627.48674652954	1733.09997558594
1629.89781739216	1718.30004882813
1632.30815976152	1728.19995117188
1634.71777399343	1721
1637.12666044338	1734.40002441406
1639.53481946661	1746.90002441406
1641.94225141808	1753.5
1644.34895665248	1758.80004882813
1646.75493552424	1757.5
1649.16018838752	1761.80004882813
1651.56471559621	1787.90002441406
1653.96851750392	1803.09997558594
1656.37159446403	1814.5
1658.7739468296	1797.19995117188
1661.17557495349	1794.69995117188
1663.57647918824	1788.69995117188
1665.97665988617	1771.90002441406
1668.37611739929	1781.59997558594
1670.77485207939	1755.09997558594
1673.17286427799	1745.19995117188
1675.57015434633	1749
1677.96672263542	1731.59997558594
1680.36256949598	1726.09997558594
1682.7576952785	1733.30004882813
1685.15210033318	1741.40002441406
1687.54578501	1737.30004882813
1689.93874965866	1736.09997558594
1692.33099462861	1724.19995117188
1694.72252026904	1735
1697.11332692889	1715.30004882813
1699.50341495686	1721.5
1701.89278470137	1738.59997558594
1704.28143651061	1730.40002441406
1706.66937073251	1731.90002441406
1709.05658771473	1717.59997558594
1711.44308780473	1716.90002441406
1713.82887134968	1745.19995117188
1716.21393869648	1740.5
1718.59829019185	1732
1720.98192618221	1745.40002441406
1723.36484701374	1739.90002441406
1725.74705303238	1730.59997558594
1728.12854458384	1727
1730.50932201356	1711.30004882813
1732.88938566673	1747.19995117188
1735.26873588834	1737.90002441406
1737.64737302307	1744
1740.02529741544	1740.40002441406
1742.40250940964	1728.69995117188
1744.77900934969	1740.59997558594
1747.15479757933	1735.5
1749.52987444206	1745.80004882813
1751.90424028116	1725.09997558594
1754.27789543967	1735.69995117188
1756.65084026037	1751.09997558594
1759.02307508582	1712.09997558594
1761.39460025833	1726.59997558594
1763.76541612	1726.5
1766.13552301265	1719.19995117188
1768.50492127791	1743.90002441406
1770.87361125714	1721.80004882813
1773.2415932915	1726.40002441406
1775.60886772188	1735.19995117188
1777.97543488896	1723.09997558594
1780.34129513318	1723.69995117188
1782.70644879475	1720.80004882813
1785.07089621365	1739.40002441406
1787.43463772964	1733.09997558594
1789.7976736822	1717.90002441406
1792.16000441066	1734.19995117188
1794.52163025405	1737.59997558594
1796.88255155121	1712
1799.24276864074	1719.90002441406
1801.60228186102	1755.30004882813
1803.96109155019	1718.30004882813
1806.31919804618	1744.59997558594
1808.67660168668	1735.69995117188
1811.03330280916	1739.5
1813.38930175088	1746.69995117188
1815.74459884884	1756.90002441406
1818.09919443984	1742.90002441406
1820.45308886047	1740.30004882813
1822.80628244708	1738.90002441406
1825.1587755358	1730.69995117188
1827.51056846254	1735.19995117188
1829.86166156297	1719.69995117188
1832.21205517258	1722.30004882813
1834.56174962661	1735.59997558594
1836.91074526009	1738.69995117188
1839.25904240783	1720.09997558594
1841.60664140443	1744.30004882813
1843.95354258425	1756.30004882813
1846.29974628146	1733.90002441406
1848.64525282998	1740.69995117188
1850.99006256356	1725.30004882813
1853.3341758157	1744.5
1855.67759291968	1724.59997558594
1858.02031420858	1749.69995117188
1860.36234001528	1743.59997558594
1862.70367067241	1718.59997558594
1865.04430651244	1723
1867.38424786755	1733.40002441406
1869.72349506978	1741.40002441406
1872.06204845094	1716.5
1874.39990834258	1720
1876.73707507612	1727.69995117188
1879.07354898269	1743.90002441406
1881.40933039328	1737.59997558594
1883.74441963861	1737.80004882813
1886.07881704925	1736.69995117188
1888.41252295551	1736.19995117188
1890.74553768751	1730
1893.07786157519	1744.30004882813
1895.40949494822	1736.69995117188
1897.74043813615	1712.69995117188
1900.07069146823	1714.5
1902.40025527357	1729.19995117188
1904.72912988106	1744.69995117188
1907.05731561938	1729.5
1909.38481281699	1740.30004882813
1911.71162180217	1734.69995117188
1914.037742903	1721
1916.36317644734	1739.19995117188
1918.68792276284	1734.59997558594
1921.01198217697	1739.80004882813
1923.33535501699	1721.40002441406
1925.65804160996	1726.09997558594
1927.98004228273	1724.09997558594
1930.30135736196	1720.69995117188
1932.6219871741	1734.09997558594
1934.94193204543	1727.90002441406
1937.26119230198	1741.59997558594
1939.57976826962	1737.40002441406
1941.89766027402	1738.19995117188
1944.21486864062	1731.5
1946.53139369472	1727.30004882813
1948.84723576137	1725.90002441406
1951.16239516543	1749.30004882813
1953.47687223159	1735.5
1955.79066728434	1724.59997558594
1958.10378064794	1749.90002441406
1960.4162126465	1741.09997558594
1962.7279636039	1730.59997558594
1965.03903384385	1739.30004882813
1967.34942368987	1726.59997558594
1969.65913346524	1734.30004882813
1971.96816349311	1734.5
1974.2765140964	1726.30004882813
1976.58418559784	1733
1978.89117831997	1739.19995117188
1981.19749258516	1740.30004882813
1983.50312871555	1741.69995117188
1985.80808703313	1732
1988.11236785967	1737.09997558594
1990.41597151676	1732.30004882813
1992.71889832581	1734.59997558594
1995.02114860801	1731.59997558594
1997.3227226844	1744.40002441406
1999.62362087581	1741.59997558594
2001.92384350288	1751.90002441406
2004.22339088608	1743
2006.52226334567	1726.30004882813
2008.82046120173	1741.59997558594
2011.11798477417	1727.80004882813
2013.41483438269	1741.09997558594
2015.71101034681	1756.69995117188
2018.00651298588	1725.40002441406
2020.30134261905	1737.80004882813
2022.59549956528	1722.5
2024.88898414337	1740.80004882813
2027.1817966719	1746.09997558594
2029.4739374693	1728.40002441406
2031.76540685379	1758.30004882813
2034.05620514342	1718.40002441406
2036.34633265607	1724.69995117188
2038.6357897094	1727.09997558594
2040.92457662092	1731.30004882813
2043.21269370795	1740.30004882813
2045.50014128763	1733.40002441406
2047.78691967691	1737.80004882813
2050.07302919256	1715.19995117188
2052.35847015118	1703.80004882813
2054.64324286919	1708.59997558594
2056.9273476628	1731.5
2059.21078484808	1732.80004882813
2061.4935547409	1739.09997558594
2063.77565765696	1728.69995117188
2066.05709391176	1742.09997558594
2068.33786382065	1732
2070.61796769879	1734.5
2072.89740586116	1726.19995117188
2075.17617862255	1716.80004882813
2077.45428629759	1718.90002441406
2079.73172920075	1723.19995117188
2082.00850764627	1738
2084.28462194827	1724.59997558594
2086.56007242065	1730.80004882813
2088.83485937717	1705.59997558594
2091.10898313139	1726.80004882813
2093.3824439967	1714.40002441406
2095.65524228632	1737.30004882813
2097.92737831328	1708.30004882813
2100.19885239047	1719.90002441406
2102.46966483057	1718.40002441406
2104.7398159461	1751.19995117188
2107.00930604941	1729.69995117188
2109.27813545267	1728.09997558594
2111.54630446787	1746.19995117188
2113.81381340685	1747.40002441406
2116.08066258126	1747.80004882813
2118.34685230257	1739.09997558594
2120.61238288211	1740.30004882813
2122.87725463099	1765
2125.1414678602	1733
2127.40502288052	1739.5
2129.66792000257	1730.5
2131.93015953682	1739.90002441406
2134.19174179353	1733
2136.45266708282	1742.40002441406
2138.71293571463	1736.80004882813
2140.97254799873	1733.59997558594
2143.23150424473	1725.30004882813
2145.48980476205	1735.69995117188
2147.74744985996	1735
2150.00443984754	1761.09997558594
2152.26077503373	1753.19995117188
2154.51645572728	1770.5
2156.77148223677	1751.90002441406
2159.02585487064	1761.80004882813
2161.27957393713	1763.90002441406
2163.53263974432	1768.5
2165.78505260012	1747.19995117188
2168.0368128123	1755.80004882813
2170.28792068844	1765.09997558594
2172.53837653595	1735.80004882813
2174.78818066207	1730
2177.03733337389	1741.59997558594
2179.28583497833	1741.90002441406
2181.53368578214	1738
2183.78088609192	1731.19995117188
2186.02743621406	1730.30004882813
2188.27333645484	1724.09997558594
2190.51858712033	1723.69995117188
2192.76318851646	1733.30004882813
2195.00714094901	1733
2197.25044472354	1738.59997558594
2199.49310014551	1726.90002441406
2201.73510752018	1721.40002441406
2203.97646715265	1714.80004882813
2206.21717934786	1735.90002441406
2208.45724441058	1720.69995117188
2210.69666264543	1729
2212.93543435686	1714.80004882813
2215.17355984914	1716.40002441406
2217.41103942642	1712.19995117188
2219.64787339264	1709.5
2221.8840620516	1726.09997558594
2224.11960570695	1709.09997558594
2226.35450466215	1710.59997558594
2228.58875922051	1714.40002441406
2230.82236968518	1705.80004882813
2233.05533635916	1729.30004882813
2235.28765954527	1712.59997558594
2237.51933954617	1721.30004882813
2239.75037666437	1706.09997558594
2241.98077120221	1703.80004882813
2244.21052346188	1705.59997558594
2246.4396337454	1715.80004882813
2248.66810235461	1711.5
2250.89592959125	1726.40002441406
2253.12311575681	1718.5
2255.34966115272	1709.19995117188
2257.57556608017	1723.09997558594
2259.80083084023	1730.59997558594
2262.02545573381	1720.5
2264.24944106163	1704.80004882813
2266.47278712429	1707.30004882813
2268.69549422221	1731.40002441406
2270.91756265564	1720.59997558594
2273.1389927247	1721.30004882813
2275.35978472934	1717.19995117188
2277.57993896933	1726.30004882813
2279.79945574431	1713.90002441406
2282.01833535375	1726.40002441406
2284.23657809696	1745.5
2286.45418427309	1743.30004882813
2288.67115418114	1739.69995117188
2290.88748811995	1744.69995117188
2293.10318638819	1722
2295.3182492844	1722.80004882813
2297.53267710693	1740.90002441406
2299.746470154	1745.30004882813
2301.95962872364	1730.09997558594
2304.17215311376	1742.69995117188
2306.3840436221	1767.19995117188
2308.59530054621	1749.90002441406
2310.80592418354	1761.19995117188
2313.01591483134	1741.90002441406
2315.22527278673	1756.5
2317.43399834666	1756.5
2319.64209180791	1745.30004882813
2321.84955346713	1746.90002441406
2324.05638362079	1735.30004882813
2326.26258256524	1736.59997558594
2328.46815059664	1732
2330.67308801098	1730.80004882813
2332.87739510415	1728.09997558594
2335.08107217184	1722.09997558594
2337.2841195096	1721.80004882813
2339.48653741281	1739.09997558594
2341.68832617672	1738.80004882813
2343.8894860964	1735.69995117188
2346.09001746678	1730.90002441406
2348.28992058261	1717
2350.48919573852	1736.5
2352.68784322898	1719.80004882813
2354.88586334826	1711.5
2357.08325639055	1720.5
2359.2800226498	1734.69995117188
2361.47616241988	1712.19995117188
2363.67167599445	1716.09997558594
2365.86656366706	1718.59997558594
2368.06082573107	1719.5
2370.2544624797	1712.19995117188
2372.44747420603	1712.69995117188
2374.63986120295	1708.5
2376.83162376322	1721.40002441406
2379.02276217945	1712.19995117188
2381.21327674408	1708.09997558594
2383.4031677494	1706.5
2385.59243548756	1710.09997558594
2387.78108025053	1716
2389.96910233014	1701.40002441406
2392.15650201809	1708.09997558594
2394.34327960587	1700.30004882813
2396.52943538486	1695.5
2398.71496964628	1698.40002441406
2400.89988268118	1684.80004882813
2403.08417478048	1690.80004882813
2405.26784623491	1704.90002441406
2407.45089733509	1704.80004882813
2409.63332837146	1693.59997558594
2411.81513963429	1690.09997558594
2413.99633141375	1688.69995117188
2416.1769039998	1698.80004882813
2418.35685768227	1699.40002441406
2420.53619275084	1684.30004882813
2422.71490949505	1699.40002441406
2424.89300820425	1715.5
2427.07048916765	1703.09997558594
2429.24735267433	1678.80004882813
2431.42359901319	1702.19995117188
2433.59922847297	1708.19995117188
2435.7742413423	1708.90002441406
2437.94863790961	1712
2440.12241846321	1697.5
2442.29558329121	1700.90002441406
2444.46813268162	1698.09997558594
2446.64006692228	1684
2448.81138630086	1698.19995117188
2450.98209110489	1704.40002441406
2453.15218162174	1687.30004882813
2455.32165813864	1708.90002441406
2457.49052094265	1714.19995117188
2459.65877032069	1700.59997558594
2461.8264065595	1720
2463.99342994572	1696.09997558594
2466.15984076579	1709.5
2468.325639306	1686.59997558594
2470.49082585251	1713.30004882813
2472.65540069131	1707.59997558594
2474.81936410824	1706.40002441406
2476.98271638899	1698.59997558594
2479.14545781909	1694.30004882813
2481.30758868392	1712.59997558594
2483.4691092687	1724.5
2485.63001985852	1710.19995117188
2487.79032073829	1687.69995117188
2489.95001219277	1705.90002441406
2492.10909450659	1702.40002441406
2494.26756796419	1716.69995117188
2496.42543284989	1714.5
2498.58268944783	1715.09997558594
2500.73933804202	1698.69995117188
2502.8953789163	1704.80004882813
2505.05081235436	1717.09997558594
2507.20563863974	1718.80004882813
2509.35985805582	1704
2511.51347088583	1732.80004882813
2513.66647741285	1716.69995117188
2515.81887791981	1715.69995117188
2517.97067268946	1717.69995117188
2520.12186200443	1708.09997558594
2522.27244614716	1711.90002441406
2524.42242539999	1712
2526.57180004504	1713.30004882813
2528.72057036433	1707.69995117188
2530.8687366397	1689.30004882813
2533.01629915284	1693.19995117188
2535.16325818527	1710.5
2537.30961401839	1707
2539.45536693343	1696.59997558594
2541.60051721145	1681.59997558594
2543.74506513338	1679.30004882813
2545.88901097997	1709.30004882813
2548.03235503185	1656
2550.17509756946	1674.09997558594
2552.31723887311	1677.69995117188
2554.45877922293	1683.30004882813
2556.59971889893	1669.40002441406
2558.74005818094	1684.09997558594
2560.87979734864	1674.30004882813
2563.01893668155	1672.90002441406
2565.15747645906	1685.59997558594
2567.29541696037	1680.19995117188
2569.43275846454	1683.19995117188
2571.56950125049	1678.19995117188
2573.70564559696	1692.59997558594
2575.84119178254	1683.40002441406
2577.97614008569	1669.80004882813
2580.11049078468	1685.80004882813
2582.24424415764	1668.19995117188
2584.37740048255	1695.90002441406
2586.50996003722	1675.30004882813
2588.64192309931	1688.09997558594
2590.77328994634	1665.5
2592.90406085564	1694.19995117188
2595.03423610442	1664.59997558594
2597.16381596971	1674.69995117188
2599.29280072839	1658.09997558594
2601.42119065719	1697.59997558594
2603.54898603267	1665.80004882813
2605.67618713125	1686.40002441406
2607.80279422919	1669.5
2609.92880760257	1688.5
2612.05422752735	1693.59997558594
2614.17905427932	1682.40002441406
2616.30328813408	1689.59997558594
2618.42692936713	1695.30004882813
2620.54997825377	1678.19995117188
2622.67243506915	1682.40002441406
2624.79430008828	1698.40002441406
2626.915573586	1692.09997558594
2629.03625583699	1713.69995117188
2631.15634711579	1693.90002441406
2633.27584769675	1695.59997558594
2635.39475785408	1684.69995117188
2637.51307786185	1702.90002441406
2639.63080799394	1710.5
2641.74794852409	1702.5
2643.86449972589	1716.59997558594
2645.98046187273	1710.09997558594
2648.0958352379	1723.40002441406
2650.21062009449	1720.30004882813
2652.32481671544	1731.19995117188
2654.43842537353	1730.69995117188
2656.5514463414	1734.90002441406
2658.66387989151	1740.09997558594
2660.77572629616	1735.40002441406
2662.88698582751	1752.90002441406
2664.99765875753	1746
2667.10774535806	1754.40002441406
2669.21724590076	1769.59997558594
2671.32616065714	1750.19995117188
2673.43448989857	1753.5
2675.5422338962	1730
2677.64939292108	1738.80004882813
2679.75596724408	1726
2681.86195713589	1721.69995117188
2683.96736286707	1728.40002441406
2686.07218470799	1721.90002441406
2688.17642292889	1689.69995117188
2690.28007779982	1694.80004882813
2692.38314959069	1695.19995117188
2694.48563857123	1674
2696.58754501103	1687.40002441406
2698.6888691795	1680.5
2700.78961134588	1677
2702.8897717793	1693.69995117188
2704.98935074864	1673.80004882813
2707.08834852271	1682
2709.18676537009	1669.69995117188
2711.28460155925	1676.30004882813
2713.38185735843	1696
2715.47853303577	1682.09997558594
2717.57462885924	1671
2719.67014509659	1664.5
2721.76508201548	1674
2723.85943988337	1669
2725.95321896754	1682.09997558594
2728.04641953515	1673.09997558594
2730.13904185316	1664.59997558594
2732.23108618837	1673.40002441406
2734.32255280744	1671.69995117188
2736.41344197683	1660.30004882813
2738.50375396288	1666.5
2740.5934890317	1658.69995117188
2742.68264744932	1670.19995117188
2744.77122948153	1662.30004882813
2746.85923539398	1663.80004882813
2748.94666545217	1642.69995117188
2751.03351992142	1648.90002441406
2753.11979906688	1642.5
2755.20550315355	1642.19995117188
2757.29063244624	1659.80004882813
2759.37518720963	1645.59997558594
2761.45916770819	1640.69995117188
2763.54257420625	1633
2765.62540696797	1644.90002441406
2767.70766625733	1653.19995117188
2769.78935233816	1641.69995117188
2771.87046547413	1640.19995117188
2773.95100592869	1637.09997558594
2776.03097396519	1648.40002441406
2778.11036984677	1642.90002441406
2780.18919383641	1639.80004882813
2782.26744619693	1648.30004882813
2784.34512719097	1650.30004882813
2786.42223708102	1660
2788.49877612937	1657.5
2790.57474459816	1656.69995117188
2792.65014274937	1661.19995117188
2794.7249708448	1655
2796.79922914607	1662.69995117188
2798.87291791465	1655.80004882813
2800.94603741181	1672.5
2803.01858789869	1649.30004882813
2805.09056963623	1655.5
2807.1619828852	1658.90002441406
2809.23282790621	1636.90002441406
2811.30310495971	1643.5
2813.37281430593	1671.90002441406
2815.441956205	1647.80004882813
2817.51053091682	1644.90002441406
2819.57853870114	1665.90002441406
2821.64597981753	1667.5
2823.7128545254	1658
2825.77916308399	1654.80004882813
2827.84490575233	1657
2829.91008278933	1672.30004882813
2831.97469445369	1674.69995117188
2834.03874100395	1689.40002441406
2836.10222269847	1681.19995117188
2838.16513979544	1683.69995117188
2840.22749255288	1703.90002441406
2842.28928122863	1727.69995117188
2844.35050608034	1757.40002441406
2846.41116736553	1791.30004882813
2848.47126534149	1830.40002441406
2850.53080026537	1848.09997558594
2852.58977239414	1866
2854.64818198459	1851.09997558594
2856.70602929332	1865.69995117188
2858.76331457678	1837.59997558594
2860.82003809123	1823.80004882813
2862.87620009274	1829.90002441406
2864.93180083723	1807.59997558594
2866.98684058043	1804
2869.04131957789	1803.90002441406
2871.09523808497	1811.40002441406
2873.14859635689	1848.80004882813
2875.20139464866	1829.40002441406
2877.2536332151	1812.69995117188
2879.30531231091	1823.09997558594
2881.35643219054	1822.5
2883.40699310831	1830.80004882813
2885.45699531834	1839.90002441406
2887.50643907457	1864.80004882813
2889.55532463077	1845.40002441406
2891.60365224053	1846.30004882813
2893.65142215724	1862.30004882813
2895.69863463414	1858.40002441406
2897.74528992426	1854.90002441406
2899.79138828046	1875.30004882813
2901.83692995544	1856.59997558594
2903.88191520168	1878.5
2905.92634427151	1852.19995117188
2907.97021741706	1842.09997558594
2910.01353489027	1835.30004882813
2912.05629694294	1842
2914.09850382663	1830.19995117188
2916.14015579276	1844.40002441406
2918.18125309254	1842.09997558594
2920.22179597702	1845.69995117188
2922.26178469705	1833.30004882813
2924.30121950329	1834.69995117188
2926.34010064624	1838.69995117188
2928.37842837619	1861.69995117188
2930.41620294326	1859.09997558594
2932.45342459737	1844.19995117188
2934.49009358828	1833.09997558594
2936.52621016555	1845.19995117188
2938.56177457854	1818.40002441406
2940.59678707645	1825.30004882813
2942.63124790827	1801.59997558594
2944.66515732282	1785.09997558594
2946.69851556873	1778.09997558594
2948.73132289443	1752.69995117188
2950.76357954817	1753.80004882813
2952.79528577803	1751.59997558594
2954.82644183188	1743.59997558594
2956.85704795741	1718.59997558594
2958.8871044021	1735.5
2960.91661141328	1726.90002441406
2962.94556923807	1709
2964.97397812339	1720.09997558594
2967.00183831598	1717.30004882813
2969.0291500624	1710.59997558594
2971.05591360902	1688.69995117188
2973.08212920199	1696.40002441406
2975.1077970873	1684.30004882813
2977.13291751074	1689.80004882813
2979.1574907179	1668.59997558594
2981.18151695419	1681.09997558594
2983.20499646482	1670.30004882813
2985.2279294948	1661.30004882813
2987.25031628898	1648.90002441406
2989.27215709199	1669.5
2991.29345214825	1661.69995117188
2993.31420170204	1663.19995117188
2995.33440599738	1658.09997558594
2997.35406527816	1646
2999.37317978802	1661
3001.39174977045	1677.40002441406
3003.40977546872	1682.59997558594
3005.42725712591	1678.5
3007.44419498491	1688.90002441406
3009.4605892884	1699.19995117188
3011.47644027889	1679.90002441406
3013.49174819865	1713.19995117188
3015.5065132898	1691.80004882813
3017.52073579424	1699.90002441406
3019.53441595366	1697.69995117188
3021.54755400959	1679.5
3023.56015020332	1662.80004882813
3025.57220477598	1666.69995117188
3027.58371796846	1664.40002441406
3029.5946900215	1646.5
3031.6051211756	1645.5
3033.61501167107	1647.90002441406
3035.62436174803	1658.69995117188
3037.6331716464	1649
3039.64144160588	1647.90002441406
3041.649171866	1634.30004882813
3043.65636266607	1606.09997558594
3045.6630142452	1622
3047.66912684229	1638.5
3049.67470069605	1600.09997558594
3051.679736045	1618.69995117188
3053.68423312742	1610.19995117188
3055.68819218143	1625.5
3057.6916134449	1622.80004882813
3059.69449715556	1628.5
3061.69684355086	1616.80004882813
3063.6986528681	1613
3065.69992534437	1607
3067.70066121653	1613.09997558594
3069.70086072126	1605.5
3071.700524095	1601.80004882813
3073.69965157405	1599.40002441406
3075.69824339442	1597.09997558594
3077.69629979197	1610.09997558594
3079.69382100235	1598.09997558594
3081.69080726098	1610
3083.68725880307	1593.30004882813
3085.68317586366	1600.19995117188
3087.67855867755	1579.19995117188
3089.67340747933	1594.59997558594
3091.6677225034	1599.59997558594
3093.66150398392	1588.40002441406
3095.6547521549	1610.90002441406
3097.64746725006	1598.5
3099.63964950297	1611.59997558594
3101.63129914698	1585.30004882813
3103.6224164152	1604.30004882813
3105.61300154056	1596.09997558594
3107.60305475576	1593.30004882813
3109.59257629331	1598.59997558594
3111.58156638547	1595
3113.57002526432	1595.80004882813
3115.55795316172	1592.30004882813
3117.54535030932	1604.30004882813
3119.53221693853	1594.19995117188
3121.51855328057	1613
3123.50435956646	1584.09997558594
3125.48963602698	1592.80004882813
3127.4743828927	1601.90002441406
3129.45860039397	1609.5
3131.44228876093	1604.5
3133.42544822353	1599.40002441406
3135.40807901145	1605.30004882813
3137.39018135418	1593.69995117188
3139.37175548102	1585.30004882813
3141.35280162101	1573
3143.33332000299	1615.09997558594
3145.31331085559	1592
3147.2927744072	1592.80004882813
3149.27171088602	1579
3151.25012052	1595.59997558594
3153.22800353689	1604.30004882813
3155.20536016422	1610.5
3157.18219062929	1611.30004882813
3159.15849515918	1609.09997558594
3161.13427398075	1593.5
3163.10952732066	1603.40002441406
3165.08425540532	1584.30004882813
3167.05845846092	1593.5
3169.03213671344	1602
3171.00529038863	1596.5
3172.97791971203	1588.59997558594
3174.95002490893	1590.90002441406
3176.92160620443	1592.69995117188
3178.89266382337	1594
3180.8631979904	1611.69995117188
3182.83320892991	1583.40002441406
3184.80269686609	1592.09997558594
3186.77166202289	1593.90002441406
3188.74010462406	1582.19995117188
3190.70802489307	1597.19995117188
3192.67542305323	1583.19995117188
3194.64229932757	1588.90002441406
3196.60865393892	1585.5
3198.57448710987	1591.90002441406
3200.53979906279	1584.19995117188
3202.50459001981	1603.19995117188
3204.46886020284	1583.30004882813
3206.43260983356	1590.09997558594
3208.39583913341	1599.40002441406
3210.35854832362	1608.59997558594
3212.32073762517	1570.5
3214.28240725881	1585.5
3216.24355744508	1585.09997558594
3218.20418840426	1584
3220.16430035642	1598.19995117188
3222.12389352137	1591.80004882813
3224.08296811873	1580.90002441406
3226.04152436784	1582.90002441406
3227.99956248784	1585.80004882813
3229.95708269762	1598.40002441406
3231.91408521584	1602.19995117188
3233.87057026092	1594.19995117188
3235.82653805105	1589.09997558594
3237.78198880419	1590.19995117188
3239.73692273806	1575.5
3241.69134007013	1575.40002441406
3243.64524101764	1583.40002441406
3245.59862579761	1616.5
3247.55149462681	1596.30004882813
3249.50384772176	1588.80004882813
3251.45568529877	1613
3253.40700757387	1595.30004882813
3255.35781476288	1602.09997558594
3257.3081070814	1596.80004882813
3259.25788474473	1585.90002441406
3261.20714796799	1593.5
3263.15589696602	1591.30004882813
3265.10413195345	1609
3267.05185314463	1588.80004882813
3268.9990607537	1580.40002441406
3270.94575499455	1580.19995117188
3272.89193608081	1581.40002441406
3274.8376042259	1606
3276.78275964296	1587.30004882813
3278.72740254492	1598.09997558594
3280.67153314443	1591.69995117188
3282.61515165393	1581.19995117188
3284.55825828559	1592.59997558594
3286.50085325135	1591
3288.44293676289	1581.59997558594
3290.38450903165	1601.90002441406
3292.32557026883	1575
3294.26612068537	1585.30004882813
3296.20616049198	1594.09997558594
3298.14568989911	1578.90002441406
3300.08470911695	1608.40002441406
3302.02321835546	1586
3303.96121782435	1585.59997558594
3305.89870773306	1574.90002441406
3307.83568829081	1578.59997558594
3309.77215970655	1586.69995117188
3311.70812218898	1592.09997558594
3313.64357594655	1592.69995117188
3315.57852118747	1571.59997558594
3317.51295811968	1583.30004882813
3319.44688695087	1585.5
3321.38030788849	1586.09997558594
3323.31322113973	1581.59997558594
3325.24562691152	1559.09997558594
3327.17752541055	1575.19995117188
3329.10891684322	1573.90002441406
3331.03980141573	1592.80004882813
3332.97017933399	1578.69995117188
3334.90005080364	1586.40002441406
3336.82941603011	1585.30004882813
3338.75827521852	1574.69995117188
3340.68662857377	1575.19995117188
3342.6144763005	1585
3344.54181860308	1589.80004882813
3346.46865568561	1569.80004882813
3348.39498775195	1581.59997558594
3350.32081500571	1580.09997558594
3352.24613765022	1588.59997558594
3354.17095588855	1577.69995117188
3356.09526992352	1578.40002441406
3358.01907995769	1577.19995117188
3359.94238619334	1576.09997558594
3361.86518883251	1581.30004882813
3363.78748807697	1572.5
3365.70928412823	1567.09997558594
3367.63057718752	1601.5
3369.55136745582	1580.5
3371.47165513386	1579.80004882813
3373.39144042208	1593.30004882813
3375.31072352066	1591.90002441406
3377.22950462953	1568.59997558594
3379.14778394834	1577.09997558594
3381.06556167648	1588.09997558594
3382.98283801308	1573.80004882813
3384.89961315697	1580.30004882813
3386.81588730676	1590.5
3388.73166066076	1584.5
3390.64693341702	1580.40002441406
3392.56170577332	1579.90002441406
3394.47597792716	1579.59997558594
3396.38975007581	1581.5
3398.30302241623	1574
3400.21579514512	1582.09997558594
3402.1280684589	1570.19995117188
3404.03984255374	1578.5
3405.95111762553	1580.09997558594
3407.86189386987	1580.90002441406
3409.77217148212	1593.69995117188
3411.68195065733	1560.30004882813
3413.5912315903	1565.59997558594
3415.50001447556	1579.40002441406
3417.40829950735	1569.40002441406
3419.31608687963	1581.69995117188
3421.22337678611	1569
3423.1301694202	1583.80004882813
3425.03646497504	1569.90002441406
3426.9422636435	1580.5
3428.84756561816	1550.90002441406
3430.75237109135	1557.19995117188
3432.65668025508	1555.90002441406
3434.56049330112	1570.69995117188
3436.46381042093	1562.5
3438.36663180571	1574.59997558594
3440.26895764638	1579.80004882813
3442.17078813357	1566.90002441406
3444.07212345762	1564.40002441406
3445.97296380863	1571.40002441406
3447.87330937636	1574.5
3449.77316035033	1581.69995117188
3451.67251691977	1565
3453.57137927361	1544.90002441406
3455.46974760052	1576.40002441406
3457.36762208886	1577.30004882813
3459.26500292671	1569.5
3461.16189030191	1558.30004882813
3463.05828440194	1562.40002441406
3464.95418541406	1557
3466.84959352519	1552.69995117188
3468.74450892201	1566.30004882813
3470.63893179088	1574.09997558594
3472.53286231788	1566.69995117188
3474.42630068881	1555.09997558594
3476.31924708918	1557.09997558594
3478.2117017042	1554.80004882813
3480.1036647188	1566.40002441406
3481.99513631761	1561
3483.88611668498	1548.40002441406
3485.77660600498	1551.40002441406
3487.66660446135	1570.19995117188
3489.55611223758	1572.69995117188
3491.44512951683	1548.59997558594
3493.333656482	1568.30004882813
3495.22169331568	1556.69995117188
3497.10924020016	1534.90002441406
3498.99629731746	1558
3500.88286484927	1547.30004882813
3502.76894297702	1561.5
3504.65453188182	1554.30004882813
3506.53963174449	1561.19995117188
3508.42424274555	1547.19995117188
3510.30836506524	1542.19995117188
3512.19199888349	1562.19995117188
3514.07514437992	1541.69995117188
3515.95780173387	1549.5
3517.83997112437	1538.09997558594
3519.72165273016	1533.30004882813
3521.60284672967	1544.69995117188
3523.48355330104	1551.40002441406
3525.36377262208	1553.19995117188
3527.24350487035	1533.59997558594
3529.12275022306	1537.59997558594
3531.00150885715	1534
3532.87978094923	1532.40002441406
3534.75756667562	1535
3536.63486621235	1545.59997558594
3538.51167973512	1528.59997558594
3540.38800741934	1516
3542.26384944011	1543.59997558594
3544.13920597223	1545
3546.01407719018	1528.69995117188
3547.88846326815	1527.59997558594
3549.76236438002	1521.19995117188
3551.63578069934	1516.80004882813
3553.50871239938	1520.19995117188
3555.38115965309	1528.90002441406
3557.25312263311	1531.90002441406
3559.12460151177	1512.69995117188
3560.99559646109	1526.59997558594
3562.86610765279	1518.80004882813
3564.73613525825	1528.80004882813
3566.60567944857	1529.80004882813
3568.47474039453	1531.19995117188
3570.34331826658	1521.90002441406
3572.21141323487	1524.90002441406
3574.07902546925	1519.80004882813
3575.94615513922	1532.40002441406
3577.81280241401	1523.69995117188
3579.67896746249	1522.09997558594
3581.54465045325	1532.69995117188
3583.40985155455	1517.80004882813
3585.27457093432	1513.5
3587.1388087602	1515.80004882813
3589.00256519949	1530.09997558594
3590.86584041919	1518.19995117188
3592.72863458597	1524.30004882813
3594.59094786618	1534.5
3596.45278042585	1519.90002441406
3598.31413243069	1530.40002441406
3600.17500404611	1517.5
3602.03539543717	1514.30004882813
3603.89530676861	1517.69995117188
3605.75473820488	1531.59997558594
3607.61368991007	1501.80004882813
3609.47216204797	1532.69995117188
3611.33015478203	1514.90002441406
3613.18766827539	1506.90002441406
3615.04470269087	1512.30004882813
3616.90125819094	1516.19995117188
3618.75733493776	1508.69995117188
3620.61293309318	1507.59997558594
3622.46805281869	1519
3624.32269427547	1511.40002441406
3626.17685762439	1515
3628.03054302596	1521.09997558594
3629.88375064038	1498.69995117188
3631.73648062751	1503.40002441406
3633.5887331469	1516.59997558594
3635.44050835775	1499.40002441406
3637.29180641893	1504.59997558594
3639.14262748899	1500.90002441406
3640.99297172614	1504.19995117188
3642.84283928828	1505.09997558594
3644.69223033294	1499.90002441406
3646.54114501734	1518.59997558594
3648.38958349836	1518.59997558594
3650.23754593256	1511.59997558594
3652.08503247614	1504.90002441406
3653.93204328497	1513.80004882813
3655.77857851462	1495.09997558594
3657.62463832028	1501.90002441406
3659.47022285682	1510.09997558594
3661.31533227877	1510.69995117188
3663.15996674033	1501.30004882813
3665.00412639535	1493.69995117188
3666.84781139736	1492.69995117188
3668.69102189953	1498.19995117188
3670.5337580547	1490
3672.37602001537	1503.30004882813
3674.21780793368	1496.90002441406
3676.05912196148	1499.30004882813
3677.89996225021	1485.90002441406
3679.74032895103	1494.59997558594
3681.58022221471	1490.80004882813
3683.41964219171	1480.80004882813
3685.25858903211	1489.09997558594
3687.0970628857	1504.80004882813
3688.93506390186	1492.90002441406
3690.77259222968	1502.69995117188
3692.60964801787	1492.69995117188
3694.44623141481	1494.59997558594
3696.28234256853	1495.30004882813
3698.11798162669	1491
3699.95314873665	1498.59997558594
3701.78784404537	1489.09997558594
3703.62206769951	1477.80004882813
3705.45581984533	1494.80004882813
3707.28910062877	1498
3709.12191019542	1490.09997558594
3710.95424869052	1499.80004882813
3712.78611625894	1498.5
3714.6175130452	1488.80004882813
3716.44843919349	1495.80004882813
3718.27889484764	1503.90002441406
3720.1088801511	1487.5
3721.93839524699	1483.90002441406
3723.76744027808	1486.80004882813
3725.59601538677	1487.09997558594
3727.4241207151	1481.90002441406
