40.2973356941271	1127.80004882813
43.2236257608418	1127.59997558594
46.1488808466109	1128
49.0731017336173	1127
51.9962892025666	1129.59997558594
54.9184440327569	1129.19995117188
57.8395670020446	1130.59997558594
60.7596588868509	1132.80004882813
63.6787204621708	1136
66.5967525015794	1138.59997558594
69.5137557772381	1142.09997558594
72.4297310598838	1147.59997558594
75.3446791188512	1151.90002441406
78.2586007220466	1152.59997558594
81.1714966360015	1162.30004882813
84.0833676258266	1171.40002441406
86.994214455242	1181.09997558594
89.9040378865662	1197
92.8128386807427	1200.30004882813
95.7206175973133	1211
98.6273753944444	1221.90002441406
101.533112828928	1228
104.437830656161	1226.5
107.34152963018	1226.09997558594
110.244210503676	1226.19995117188
113.145874027931	1225.19995117188
116.046520952895	1229.59997558594
118.946152027154	1220.40002441406
121.844767997933	1223.19995117188
124.74236961111	1208.09997558594
127.638957611212	1217.40002441406
130.534532741422	1212.59997558594
133.429095743606	1214
136.322647358252	1217.30004882813
139.215188324544	1216.19995117188
142.106719380311	1210.19995117188
144.997241262089	1216.09997558594
147.886754705057	1210.90002441406
150.775260443096	1216.30004882813
153.662759208748	1221
156.549251733282	1219.09997558594
159.434738746612	1211.90002441406
162.319220977376	1212.09997558594
165.20269915289	1212.90002441406
168.085173999178	1211.30004882813
170.966646240977	1209.59997558594
173.847116601709	1207.90002441406
176.726585803528	1207.59997558594
179.605054567295	1204.5
182.48252361259	1203.40002441406
185.358993657701	1198.59997558594
188.234465419645	1204.59997558594
191.108939614183	1196.90002441406
193.982416955795	1203.80004882813
196.854898157687	1206.5
199.726383931801	1205.19995117188
202.596874988835	1203.59997558594
205.466372038225	1200.19995117188
208.334875788145	1205.80004882813
211.202386945534	1194.80004882813
214.068906216069	1201.19995117188
216.934434304194	1199.19995117188
219.798971913111	1199.59997558594
222.662519744776	1195.5
225.525078499925	1197.5
228.386648878069	1198.09997558594
231.247231577465	1193.59997558594
234.106827295172	1197.19995117188
236.965436727012	1196
239.823060567597	1197.80004882813
242.679699510337	1195.40002441406
245.535354247396	1191.69995117188
248.390025469775	1196.40002441406
251.243713867223	1191.69995117188
254.096420128327	1191
256.948144940459	1194.80004882813
259.798888989788	1196.09997558594
262.648652961315	1185.09997558594
265.49743753883	1183.09997558594
268.345243404939	1187.5
271.192071241073	1189.90002441406
274.037921727485	1189.19995117188
276.882795543246	1192
279.72669336624	1195.69995117188
282.569615873213	1188.69995117188
285.411563739724	1192.90002441406
288.252537640165	1187.5
291.092538247763	1183.5
293.931566234616	1192.19995117188
296.769622271633	1193.19995117188
299.606707028594	1184.30004882813
302.442821174104	1199.30004882813
305.277965375652	1193.59997558594
308.112140299574	1189.90002441406
310.945346611062	1190.90002441406
313.777584974167	1193.90002441406
316.608856051813	1191.09997558594
319.439160505797	1190.09997558594
322.268498996783	1188.40002441406
325.096872184303	1195
327.924280726782	1191.69995117188
330.750725281521	1187.40002441406
333.576206504693	1185.69995117188
336.400725051388	1196.59997558594
339.224281575542	1185.19995117188
342.046876730026	1193
344.868511166586	1189.19995117188
347.689185535872	1190.19995117188
350.508900487421	1188.40002441406
353.327656669699	1187.59997558594
356.145454730079	1192.09997558594
358.962295314817	1195
361.778179069105	1191.59997558594
364.593106637051	1183.5
367.407078661675	1191.5
370.220095784913	1186.80004882813
373.032158647655	1189.80004882813
375.843267889676	1192
378.653424149715	1188.90002441406
381.462628065436	1191.90002441406
384.270880273432	1192.90002441406
387.078181409254	1198.80004882813
389.884532107358	1194.80004882813
392.689933001188	1192.90002441406
395.494384723112	1190.80004882813
398.29788790445	1192.5
401.100443175488	1192.09997558594
403.902051165437	1189.19995117188
406.702712502518	1192.40002441406
409.502427813866	1189.5
412.301197725607	1192.80004882813
415.099022862823	1194.09997558594
417.89590384957	1196.19995117188
420.691841308876	1192.30004882813
423.486835862752	1192.80004882813
426.280888132173	1200.80004882813
429.073998737112	1195.19995117188
431.866168296507	1197.30004882813
434.657397428298	1193.19995117188
437.447686749412	1194.5
440.237036875762	1196.90002441406
443.025448422257	1193.5
445.812922002813	1194.30004882813
448.599458230326	1195.09997558594
451.38505771672	1194.80004882813
454.169721072909	1190.59997558594
456.953448908819	1191.69995117188
459.736241833384	1198.69995117188
462.518100454555	1190.40002441406
465.2990253793	1198.5
468.079017213605	1191.80004882813
470.858076562476	1194.59997558594
473.636204029939	1202.09997558594
476.41340021906	1201
479.189665731938	1196.30004882813
481.965001169667	1197.19995117188
484.739407132419	1195.5
487.512884219391	1198.80004882813
490.285433028796	1198.40002441406
493.057054157921	1194.90002441406
495.827748203087	1195.90002441406
498.597515759658	1198.5
501.366357422061	1198.40002441406
504.134273783759	1195.40002441406
506.901265437278	1201.30004882813
509.66733297421	1198.90002441406
512.432476985198	1197.5
515.196698059945	1197.80004882813
517.959996787225	1196
520.722373754895	1196.80004882813
523.483829549856	1198.30004882813
526.24436475811	1198.59997558594
529.003979964696	1196.5
531.762675753779	1203.59997558594
534.520452708569	1192.90002441406
537.277311411375	1195.59997558594
540.03325244359	1196.90002441406
542.788276385682	1195.59997558594
545.54238381725	1201.5
548.295575316938	1200.90002441406
551.047851462516	1204.59997558594
553.799212830831	1200.5
556.549659997851	1200.80004882813
559.299193538643	1203.5
562.047814027381	1201.80004882813
564.795522037318	1195.80004882813
567.542318140861	1196.09997558594
570.288202909507	1198.30004882813
573.033176913873	1197.19995117188
575.7772407237	1197.69995117188
578.520394907829	1201.90002441406
581.26264003424	1200.40002441406
584.003976670046	1198.09997558594
586.744405381469	1201.59997558594
589.483926733869	1194.90002441406
592.222541291746	1206.80004882813
594.96024961872	1206.30004882813
597.697052277563	1200.30004882813
600.432949830166	1198.30004882813
603.167942837587	1206.80004882813
605.902031860012	1193.5
608.635217456783	1195.69995117188
611.367500186378	1203.40002441406
614.098880606429	1204.40002441406
616.82935927374	1200.09997558594
619.558936744248	1198.30004882813
622.287613573072	1202.19995117188
625.015390314457	1203.19995117188
627.742267521848	1198.19995117188
630.468245747829	1202.69995117188
633.193325544166	1205.5
635.917507461792	1196.40002441406
638.640792050804	1203.30004882813
641.36317986048	1201.90002441406
644.084671439281	1200.30004882813
646.805267334845	1203.69995117188
649.524968093967	1204.30004882813
652.24377426266	1204.30004882813
654.961686386106	1198
657.678705008678	1197.90002441406
660.394830673939	1206.19995117188
663.110063924628	1201.09997558594
665.824405302728	1205.19995117188
668.537855349351	1203.09997558594
671.250414604863	1199.69995117188
673.962083608812	1207.19995117188
676.672862899949	1196.59997558594
679.382753016218	1199
682.091754494801	1200.5
684.799867872061	1199
687.507093683595	1204.40002441406
690.213432464198	1200.30004882813
692.918884747899	1205.80004882813
695.623451067937	1201.69995117188
698.327131956755	1206.09997558594
701.029927946065	1207.69995117188
703.731839566754	1207.59997558594
706.43286734896	1199.30004882813
709.133011822067	1209.30004882813
711.832273514658	1201.5
714.53065295457	1200.30004882813
717.228150668879	1210.5
719.924767183889	1206.09997558594
722.620503025148	1208.90002441406
725.315358717446	1207.40002441406
728.009334784827	1205
730.702431750559	1209
733.394650137188	1206.80004882813
736.085990466498	1206.59997558594
738.776453259519	1202.80004882813
741.466039036542	1204.19995117188
744.154748317125	1203.19995117188
746.842581620074	1212.69995117188
749.529539463458	1203.90002441406
752.215622364608	1208.09997558594
754.900830840131	1206.90002441406
757.585165405892	1204.19995117188
760.26862657703	1209.30004882813
762.951214867957	1212.59997558594
765.632930792356	1201.80004882813
768.313774863181	1203.80004882813
770.993747592673	1212
773.672849492359	1212.19995117188
776.351081073017	1204.09997558594
779.028442844757	1207.69995117188
781.704935316928	1206.5
784.380558998208	1211.80004882813
787.055314396528	1207.69995117188
789.729202019141	1211.69995117188
792.402222372581	1203.19995117188
795.074375962669	1204.30004882813
797.745663294537	1211.90002441406
800.416084872622	1201.30004882813
803.085641200652	1201.59997558594
805.754332781664	1211.59997558594
808.422160117986	1208.30004882813
811.089123711292	1210.5
813.75522406252	1212.69995117188
816.420461671951	1214.59997558594
819.084837039164	1211.40002441406
821.748350663067	1209.19995117188
824.411003041866	1212.30004882813
827.072794673116	1210.80004882813
829.733726053668	1208.80004882813
832.39379767971	1215.90002441406
835.05301004674	1202.90002441406
837.711363649601	1211
840.368858982457	1215.30004882813
843.025496538805	1204.09997558594
845.681276811467	1209.80004882813
848.336200292618	1214.19995117188
850.99026747375	1212.30004882813
853.643478845713	1207.30004882813
856.29583489868	1216
858.947336122176	1216.69995117188
861.59798300506	1214.5
864.247776035556	1209.80004882813
866.896715701222	1211.40002441406
869.544802488959	1210.40002441406
872.192036885046	1209.90002441406
874.838419375087	1215.80004882813
877.483950444054	1209.59997558594
880.128630576285	1219.40002441406
882.772460255461	1218.59997558594
885.415439964628	1213.40002441406
888.057570186211	1216.80004882813
890.698851401966	1221.80004882813
893.339284093045	1211.69995117188
895.978868739961	1215.69995117188
898.617605822596	1209.5
901.255495820196	1217.80004882813
903.892539211396	1214
906.528736474184	1220
909.164088085949	1214.59997558594
911.798594523442	1210
914.432256262804	1215.09997558594
917.065073779549	1212.5
919.697047548589	1217.30004882813
922.328178044212	1220.5
924.9584657401	1205.59997558594
927.587911109317	1220.59997558594
930.216514624317	1213.80004882813
932.844276756963	1218.69995117188
935.471197978488	1216.5
938.097278759538	1219.09997558594
940.722519570163	1217.09997558594
943.346920879798	1218.69995117188
945.97048315729	1220.90002441406
948.593206870885	1219
951.215092488219	1216.59997558594
953.836140476366	1222.09997558594
956.456351301787	1215.30004882813
959.07572543037	1219.09997558594
961.694263327369	1221.90002441406
964.311965457521	1221
966.928832284933	1218
969.544864273135	1218.5
972.160061885076	1223.80004882813
974.774425583129	1221.19995117188
977.387955829099	1220.19995117188
980.000653084196	1214.30004882813
982.612517809061	1220.5
985.223550463768	1211.59997558594
987.833751507819	1215.19995117188
990.443121400135	1216.80004882813
993.051660599081	1219.59997558594
995.659369562449	1221.09997558594
998.266248747469	1223.40002441406
1000.87229861081	1226
1003.47751960857	1234.80004882813
1006.0819121963	1226.5
1008.68547682897	1221.5
1011.28821396104	1224.40002441406
1013.89012404635	1221.59997558594
1016.49120753824	1222.09997558594
1019.09146488947	1218.30004882813
1021.69089655226	1219.59997558594
1024.28950297827	1214.5
1026.88728461863	1214.69995117188
1029.48424192392	1224
1032.08037534416	1220.90002441406
1034.67568532886	1223.90002441406
1037.27017232694	1217.80004882813
1039.86383678682	1218.09997558594
1042.45667915637	1216.09997558594
1045.04869988293	1222.90002441406
1047.6398994133	1215.5
1050.23027819374	1225.90002441406
1052.81983666998	1219.69995117188
1055.40857528724	1222.30004882813
1057.99649449018	1217.90002441406
1060.58359472296	1218.30004882813
1063.1698764292	1228.69995117188
1065.755340052	1217.59997558594
1068.33998603393	1221.09997558594
1070.92381481706	1229.19995117188
1073.50682684291	1219.40002441406
1076.08902255251	1226.40002441406
1078.67040238637	1226.90002441406
1081.25096678445	1235.30004882813
1083.83071618624	1218.30004882813
1086.4096510307	1215.59997558594
1088.98777175629	1220.59997558594
1091.56507880094	1219.69995117188
1094.14157260208	1224.30004882813
1096.71725359664	1224
1099.29212222106	1216
1101.86617891125	1217.69995117188
1104.43942410262	1220.80004882813
1107.01185823011	1222.59997558594
1109.58348172812	1218.30004882813
1112.15429503057	1224
1114.7242985709	1218.09997558594
1117.29349278203	1222.90002441406
1119.86187809642	1214.09997558594
1122.42945494599	1222.30004882813
1124.99622376222	1224.90002441406
1127.56218497606	1222.09997558594
1130.12733901801	1224
1132.69168631804	1226.59997558594
1135.25522730568	1221.40002441406
1137.81796240995	1222.19995117188
1140.37989205941	1217.40002441406
1142.9410166821	1225.40002441406
1145.50133670561	1224.59997558594
1148.06085255708	1225.80004882813
1150.61956466311	1226.09997558594
1153.17747344987	1217.40002441406
1155.73457934305	1228.69995117188
1158.29088276786	1221.90002441406
1160.84638414903	1221.09997558594
1163.40108391085	1220.5
1165.95498247711	1223.40002441406
1168.50808027116	1221.09997558594
1171.06037771587	1222.09997558594
1173.61187523364	1230.5
1176.16257324643	1222.80004882813
1178.71247217573	1220.90002441406
1181.26157244255	1225
1183.80987446746	1224.30004882813
1186.35737867059	1230.19995117188
1188.90408547157	1219.90002441406
1191.44999528961	1222.40002441406
1193.99510854347	1218.30004882813
1196.53942565142	1225.90002441406
1199.08294703133	1215.59997558594
1201.62567310057	1217.30004882813
1204.16760427611	1224.19995117188
1206.70874097445	1224.59997558594
1209.24908361163	1223.59997558594
1211.78863260327	1223.90002441406
1214.32738836454	1233.19995117188
1216.86535131017	1230.59997558594
1219.40252185445	1222.30004882813
1221.93890041121	1234.30004882813
1224.47448739389	1224.59997558594
1227.00928321544	1224.69995117188
1229.54328828842	1231.90002441406
1232.07650302491	1227.19995117188
1234.60892783662	1230.69995117188
1237.14056313477	1227
1239.67140933017	1230.80004882813
1242.2014668332	1229.40002441406
1244.73073605384	1230.30004882813
1247.25921740159	1231.30004882813
1249.78691128558	1234.90002441406
1252.31381811448	1234
1254.83993829655	1241.80004882813
1257.36527223962	1226.59997558594
1259.88982035112	1231
1262.41358303803	1228.5
1264.93656070696	1222.80004882813
1267.45875376405	1235.80004882813
1269.98016261505	1235.09997558594
1272.50078766531	1234.19995117188
1275.02062931974	1234.5
1277.53968798285	1232.09997558594
1280.05796405875	1237.90002441406
1282.57545795112	1241.90002441406
1285.09217006325	1239.19995117188
1287.60810079802	1233.69995117188
1290.12325055788	1234.19995117188
1292.63761974492	1239.30004882813
1295.15120876079	1235.09997558594
1297.66401800676	1234.80004882813
1300.17604788367	1236.19995117188
1302.687298792	1239.5
1305.19777113181	1241
1307.70746530274	1234.5
1310.21638170408	1244.30004882813
1312.7245207347	1237.5
1315.23188279307	1238
1317.73846827728	1246.80004882813
1320.24427758502	1235.90002441406
1322.74931111359	1235.80004882813
1325.25356925991	1240
1327.75705242051	1240.5
1330.25976099151	1232.30004882813
1332.76169536868	1240.09997558594
1335.26285594737	1240.30004882813
1337.76324312256	1237.09997558594
1340.26285728887	1239.80004882813
1342.76169884052	1235.5
1345.25976817132	1230.5
1347.75706567474	1229
1350.25359174387	1237.40002441406
1352.74934677141	1244.59997558594
1355.24433114968	1236.5
1357.73854527062	1240.30004882813
1360.23198952583	1228.90002441406
1362.7246643065	1234
1365.21657000347	1238.19995117188
1367.7077070072	1237.40002441406
1370.19807570777	1236.09997558594
1372.68767649492	1237.40002441406
1375.176509758	1236.90002441406
1377.66457588599	1235
1380.15187526753	1241.30004882813
1382.63840829087	1243.90002441406
1385.1241753439	1237.40002441406
1387.60917681417	1234.80004882813
1390.09341308884	1240.19995117188
1392.57688455474	1236.19995117188
1395.05959159829	1238.59997558594
1397.54153460562	1242.09997558594
1400.02271396243	1242.19995117188
1402.50313005414	1238.09997558594
1404.98278326576	1238.90002441406
1407.46167398196	1239.5
1409.93980258707	1233.30004882813
1412.41716946504	1243.19995117188
1414.89377499951	1235.5
1417.36961957373	1242.30004882813
1419.84470357062	1240
1422.31902737275	1238.90002441406
1424.79259136235	1244.5
1427.26539592129	1233.80004882813
1429.73744143111	1241.59997558594
1432.20872827299	1235.19995117188
1434.67925682777	1241.69995117188
1437.14902747597	1234.19995117188
1439.61804059773	1243.40002441406
1442.0862965729	1244.40002441406
1444.55379578093	1243.30004882813
1447.02053860099	1254.40002441406
1449.48652541188	1244.90002441406
1451.95175659206	1250.19995117188
1454.41623251969	1239
1456.87995357255	1242.40002441406
1459.34292012811	1242.90002441406
1461.80513256351	1237.09997558594
1464.26659125557	1240.69995117188
1466.72729658073	1249.19995117188
1469.18724891517	1241
1471.64644863469	1244.69995117188
1474.10489611478	1232.09997558594
1476.5625917306	1236.80004882813
1479.01953585699	1243.40002441406
1481.47572886844	1243.59997558594
1483.93117113917	1236.19995117188
1486.38586304302	1233.30004882813
1488.83980495354	1238.90002441406
1491.29299724395	1246.59997558594
1493.74544028715	1242.59997558594
1496.19713445573	1237.69995117188
1498.64808012193	1237.90002441406
1501.09827765772	1233
1503.54772743471	1238.69995117188
1505.99642982421	1235.30004882813
1508.44438519723	1238.90002441406
1510.89159392446	1234.40002441406
1513.33805637625	1236.80004882813
1515.78377292266	1235
1518.22874393346	1242
1520.67296977806	1232.5
1523.11645082559	1240.40002441406
1525.55918744488	1234.80004882813
1528.00118000444	1242.90002441406
1530.44242887245	1240.40002441406
1532.88293441684	1241.59997558594
1535.32269700517	1237.69995117188
1537.76171700475	1241.30004882813
1540.19999478255	1232.80004882813
1542.63753070526	1243.30004882813
1545.07432513925	1238.80004882813
1547.5103784506	1241.90002441406
1549.94569100509	1248
1552.38026316819	1247.80004882813
1554.8140953051	1241
1557.24718778067	1241.19995117188
1559.67954095952	1246
1562.11115520592	1238.19995117188
1564.54203088386	1241.5
1566.97216835704	1249.09997558594
1569.40156798888	1235.5
1571.83023014248	1240.19995117188
1574.25815518067	1242.09997558594
1576.68534346597	1244.09997558594
1579.11179536062	1240.19995117188
1581.53751122658	1250.80004882813
1583.9624914255	1243
1586.38673631876	1246
1588.81024626745	1244.19995117188
1591.23302163235	1243.69995117188
1593.655062774	1242.90002441406
1596.07637005262	1245.90002441406
1598.49694382815	1242.80004882813
1600.91678446025	1235.40002441406
1603.33589230831	1249.69995117188
1605.75426773142	1248
1608.1719110884	1245.5
1610.58882273779	1244.19995117188
1613.00500303784	1244.19995117188
1615.42045234654	1251.69995117188
1617.83517102158	1254.80004882813
1620.24915942039	1249.30004882813
1622.66241790012	1246.80004882813
1625.07494681764	1250.09997558594
1627.48674652954	1249.19995117188
1629.89781739216	1257.09997558594
1632.30815976152	1249.59997558594
1634.71777399343	1244.90002441406
1637.12666044338	1257.40002441406
1639.53481946661	1261
1641.94225141808	1263.19995117188
1644.34895665248	1253.80004882813
1646.75493552424	1261.09997558594
1649.16018838752	1257.59997558594
1651.56471559621	1266.09997558594
1653.96851750392	1252.90002441406
1656.37159446403	1262
1658.7739468296	1249
1661.17557495349	1259
1663.57647918824	1255.30004882813
1665.97665988617	1259.40002441406
1668.37611739929	1250.90002441406
1670.77485207939	1251.40002441406
1673.17286427799	1248.30004882813
1675.57015434633	1261.69995117188
1677.96672263542	1259
1680.36256949598	1244.90002441406
1682.7576952785	1250.19995117188
1685.15210033318	1241.5
1687.54578501	1248.30004882813
1689.93874965866	1246
1692.33099462861	1248.59997558594
1694.72252026904	1238.19995117188
1697.11332692889	1242
1699.50341495686	1248.09997558594
1701.89278470137	1252.09997558594
1704.28143651061	1242.5
1706.66937073251	1243.5
1709.05658771473	1254.69995117188
1711.44308780473	1251.30004882813
1713.82887134968	1236.69995117188
1716.21393869648	1244.80004882813
1718.59829019185	1248.69995117188
1720.98192618221	1245.69995117188
1723.36484701374	1249.19995117188
1725.74705303238	1244.19995117188
1728.12854458384	1243.30004882813
1730.50932201356	1245.80004882813
1732.88938566673	1246.09997558594
1735.26873588834	1240.40002441406
1737.64737302307	1249.69995117188
1740.02529741544	1241.90002441406
1742.40250940964	1240
1744.77900934969	1231.19995117188
1747.15479757933	1246.69995117188
1749.52987444206	1243.19995117188
1751.90424028116	1237.30004882813
1754.27789543967	1241.40002441406
1756.65084026037	1246.5
1759.02307508582	1246.59997558594
1761.39460025833	1244.69995117188
1763.76541612	1246.40002441406
1766.13552301265	1243.69995117188
1768.50492127791	1246.59997558594
1770.87361125714	1245.5
1773.2415932915	1240
1775.60886772188	1244.5
1777.97543488896	1244.5
1780.34129513318	1239.69995117188
1782.70644879475	1243.19995117188
1785.07089621365	1250.19995117188
1787.43463772964	1245.69995117188
1789.7976736822	1249
1792.16000441066	1242.40002441406
1794.52163025405	1241.40002441406
1796.88255155121	1245.30004882813
1799.24276864074	1241.69995117188
1801.60228186102	1254
1803.96109155019	1249.30004882813
1806.31919804618	1243.90002441406
1808.67660168668	1247.09997558594
1811.03330280916	1249.09997558594
1813.38930175088	1245.19995117188
1815.74459884884	1246.59997558594
1818.09919443984	1252.30004882813
1820.45308886047	1247.69995117188
1822.80628244708	1255.30004882813
1825.1587755358	1246.90002441406
1827.51056846254	1245.40002441406
1829.86166156297	1249.40002441406
1832.21205517258	1236.19995117188
1834.56174962661	1246.5
1836.91074526009	1247.30004882813
1839.25904240783	1253.40002441406
1841.60664140443	1243.90002441406
1843.95354258425	1247.5
1846.29974628146	1247
1848.64525282998	1248.90002441406
1850.99006256356	1244.80004882813
1853.3341758157	1244.90002441406
1855.67759291968	1245.40002441406
1858.02031420858	1246.80004882813
1860.36234001528	1248.69995117188
1862.70367067241	1245.59997558594
1865.04430651244	1250.30004882813
1867.38424786755	1246.59997558594
1869.72349506978	1247.09997558594
1872.06204845094	1255.90002441406
1874.39990834258	1246.59997558594
1876.73707507612	1249.5
1879.07354898269	1249.69995117188
1881.40933039328	1255.69995117188
1883.74441963861	1258
1886.07881704925	1248.19995117188
1888.41252295551	1250.5
1890.74553768751	1249.40002441406
1893.07786157519	1254.30004882813
1895.40949494822	1257.40002441406
1897.74043813615	1248.19995117188
1900.07069146823	1251.30004882813
1902.40025527357	1243.5
1904.72912988106	1247.30004882813
1907.05731561938	1244
1909.38481281699	1251
1911.71162180217	1253.40002441406
1914.037742903	1251.59997558594
1916.36317644734	1253.09997558594
1918.68792276284	1252.09997558594
1921.01198217697	1243
1923.33535501699	1259.80004882813
1925.65804160996	1249.19995117188
1927.98004228273	1254.90002441406
1930.30135736196	1248.19995117188
1932.6219871741	1249.19995117188
1934.94193204543	1242.90002441406
1937.26119230198	1251.09997558594
1939.57976826962	1247.90002441406
1941.89766027402	1255.30004882813
1944.21486864062	1250.69995117188
1946.53139369472	1243.5
1948.84723576137	1259.19995117188
1951.16239516543	1254.5
1953.47687223159	1244.19995117188
1955.79066728434	1258.59997558594
1958.10378064794	1253.40002441406
1960.4162126465	1257.80004882813
1962.7279636039	1253.40002441406
1965.03903384385	1252.5
1967.34942368987	1254.80004882813
1969.65913346524	1250.19995117188
1971.96816349311	1256.40002441406
1974.2765140964	1247.69995117188
1976.58418559784	1251.40002441406
1978.89117831997	1241.59997558594
1981.19749258516	1258.90002441406
1983.50312871555	1253.09997558594
1985.80808703313	1258.69995117188
1988.11236785967	1253.40002441406
1990.41597151676	1256.5
1992.71889832581	1251.19995117188
1995.02114860801	1250.90002441406
1997.3227226844	1253.19995117188
1999.62362087581	1245.80004882813
2001.92384350288	1251.80004882813
2004.22339088608	1254.19995117188
2006.52226334567	1244.90002441406
2008.82046120173	1252.09997558594
2011.11798477417	1256.5
2013.41483438269	1258.19995117188
2015.71101034681	1246.40002441406
2018.00651298588	1255.59997558594
2020.30134261905	1243.90002441406
2022.59549956528	1257
2024.88898414337	1252.30004882813
2027.1817966719	1249.80004882813
2029.4739374693	1248.59997558594
2031.76540685379	1254.30004882813
2034.05620514342	1254.80004882813
2036.34633265607	1254.90002441406
2038.6357897094	1258.5
2040.92457662092	1256.69995117188
2043.21269370795	1250.59997558594
2045.50014128763	1256.09997558594
2047.78691967691	1251.19995117188
2050.07302919256	1256.80004882813
2052.35847015118	1257.90002441406
2054.64324286919	1258.09997558594
2056.9273476628	1252.59997558594
2059.21078484808	1247.80004882813
2061.4935547409	1257.59997558594
2063.77565765696	1264.19995117188
2066.05709391176	1251
2068.33786382065	1257.40002441406
2070.61796769879	1253
2072.89740586116	1260.40002441406
2075.17617862255	1258
2077.45428629759	1255.19995117188
2079.73172920075	1242.40002441406
2082.00850764627	1256.80004882813
2084.28462194827	1252.59997558594
2086.56007242065	1246.19995117188
2088.83485937717	1253.69995117188
2091.10898313139	1265.40002441406
2093.3824439967	1263.30004882813
2095.65524228632	1254.30004882813
2097.92737831328	1266.5
2100.19885239047	1255.69995117188
2102.46966483057	1251.80004882813
2104.7398159461	1258
2107.00930604941	1255.40002441406
2109.27813545267	1256.5
2111.54630446787	1257.5
2113.81381340685	1259.09997558594
2116.08066258126	1259.69995117188
2118.34685230257	1250.30004882813
2120.61238288211	1266.69995117188
2122.87725463099	1255.80004882813
2125.1414678602	1254.19995117188
2127.40502288052	1242
2129.66792000257	1251.59997558594
2131.93015953682	1246.90002441406
2134.19174179353	1260.19995117188
2136.45266708282	1256.40002441406
2138.71293571463	1258.5
2140.97254799873	1262
2143.23150424473	1259
2145.48980476205	1262.30004882813
2147.74744985996	1258.09997558594
2150.00443984754	1259.69995117188
2152.26077503373	1258.19995117188
2154.51645572728	1254.69995117188
2156.77148223677	1250.30004882813
2159.02585487064	1261.30004882813
2161.27957393713	1261.40002441406
2163.53263974432	1258.09997558594
2165.78505260012	1260.09997558594
2168.0368128123	1257.69995117188
2170.28792068844	1254.80004882813
2172.53837653595	1257.09997558594
2174.78818066207	1256.40002441406
2177.03733337389	1260.09997558594
2179.28583497833	1256.09997558594
2181.53368578214	1258
2183.78088609192	1262.09997558594
2186.02743621406	1256
2188.27333645484	1269.19995117188
2190.51858712033	1256.69995117188
2192.76318851646	1263
2195.00714094901	1257.69995117188
2197.25044472354	1259.30004882813
2199.49310014551	1258.30004882813
2201.73510752018	1256.80004882813
2203.97646715265	1259.59997558594
2206.21717934786	1248.59997558594
2208.45724441058	1259.80004882813
2210.69666264543	1259.69995117188
2212.93543435686	1264
2215.17355984914	1265.69995117188
2217.41103942642	1257.59997558594
2219.64787339264	1251.40002441406
2221.8840620516	1253.30004882813
2224.11960570695	1259
2226.35450466215	1252.30004882813
2228.58875922051	1254.80004882813
2230.82236968518	1261.19995117188
2233.05533635916	1261.09997558594
2235.28765954527	1265.19995117188
2237.51933954617	1260.30004882813
2239.75037666437	1265.69995117188
2241.98077120221	1251
2244.21052346188	1260.90002441406
2246.4396337454	1260.80004882813
2248.66810235461	1261.80004882813
2250.89592959125	1257.09997558594
2253.12311575681	1264.30004882813
2255.34966115272	1264.40002441406
2257.57556608017	1258.90002441406
2259.80083084023	1262.59997558594
2262.02545573381	1258.5
2264.24944106163	1271
2266.47278712429	1257.09997558594
2268.69549422221	1250
2270.91756265564	1252.40002441406
2273.1389927247	1263.19995117188
2275.35978472934	1264
2277.57993896933	1261.19995117188
2279.79945574431	1252.80004882813
2282.01833535375	1262.69995117188
2284.23657809696	1254.19995117188
2286.45418427309	1269.30004882813
2288.67115418114	1261.40002441406
2290.88748811995	1262.90002441406
2293.10318638819	1267.5
2295.3182492844	1261.09997558594
2297.53267710693	1252.59997558594
2299.746470154	1261.09997558594
2301.95962872364	1262.69995117188
2304.17215311376	1268.09997558594
2306.3840436221	1261.90002441406
2308.59530054621	1262.69995117188
2310.80592418354	1259.09997558594
2313.01591483134	1264.80004882813
2315.22527278673	1258.80004882813
2317.43399834666	1258.5
2319.64209180791	1253.40002441406
2321.84955346713	1255
2324.05638362079	1263.09997558594
2326.26258256524	1260.40002441406
2328.46815059664	1267.40002441406
2330.67308801098	1262.59997558594
2332.87739510415	1266.90002441406
2335.08107217184	1265.5
2337.2841195096	1261.09997558594
2339.48653741281	1266.09997558594
2341.68832617672	1269.09997558594
2343.8894860964	1266
2346.09001746678	1258.69995117188
2348.28992058261	1269.69995117188
2350.48919573852	1257.30004882813
2352.68784322898	1255.69995117188
2354.88586334826	1259.80004882813
2357.08325639055	1263
2359.2800226498	1262
2361.47616241988	1265.30004882813
2363.67167599445	1260.59997558594
2365.86656366706	1264.19995117188
2368.06082573107	1263.90002441406
2370.2544624797	1268.90002441406
2372.44747420603	1270.80004882813
2374.63986120295	1264.40002441406
2376.83162376322	1259.19995117188
2379.02276217945	1273.5
2381.21327674408	1260.5
2383.4031677494	1260.09997558594
2385.59243548756	1266.30004882813
2387.78108025053	1269
2389.96910233014	1262.69995117188
2392.15650201809	1264.5
2394.34327960587	1263.19995117188
2396.52943538486	1266.69995117188
2398.71496964628	1262.09997558594
2400.89988268118	1269.59997558594
2403.08417478048	1262.5
2405.26784623491	1264.5
2407.45089733509	1266.09997558594
2409.63332837146	1259.80004882813
2411.81513963429	1257.30004882813
2413.99633141375	1263.5
2416.1769039998	1255.30004882813
2418.35685768227	1261.69995117188
2420.53619275084	1256.90002441406
2422.71490949505	1255.59997558594
2424.89300820425	1263.40002441406
2427.07048916765	1267.09997558594
2429.24735267433	1265.5
2431.42359901319	1265
2433.59922847297	1261.19995117188
2435.7742413423	1266.09997558594
2437.94863790961	1257.69995117188
2440.12241846321	1262.80004882813
2442.29558329121	1258.69995117188
2444.46813268162	1259.69995117188
2446.64006692228	1267.40002441406
2448.81138630086	1260.09997558594
2450.98209110489	1263.19995117188
2453.15218162174	1273.30004882813
2455.32165813864	1254.59997558594
2457.49052094265	1256.59997558594
2459.65877032069	1264.80004882813
2461.8264065595	1270.19995117188
2463.99342994572	1263.30004882813
2466.15984076579	1264
2468.325639306	1278.19995117188
2470.49082585251	1257.90002441406
2472.65540069131	1268.40002441406
2474.81936410824	1266.40002441406
2476.98271638899	1267.30004882813
2479.14545781909	1262.59997558594
2481.30758868392	1274.09997558594
2483.4691092687	1266.59997558594
2485.63001985852	1269.59997558594
2487.79032073829	1268
2489.95001219277	1263.40002441406
2492.10909450659	1260.09997558594
2494.26756796419	1270.30004882813
2496.42543284989	1270
2498.58268944783	1271.30004882813
2500.73933804202	1269.40002441406
2502.8953789163	1274
2505.05081235436	1264
2507.20563863974	1261.80004882813
2509.35985805582	1266.80004882813
2511.51347088583	1271.40002441406
2513.66647741285	1268.09997558594
2515.81887791981	1264.09997558594
2517.97067268946	1267
2520.12186200443	1258.90002441406
2522.27244614716	1259.90002441406
2524.42242539999	1264.80004882813
2526.57180004504	1253.80004882813
2528.72057036433	1268.69995117188
2530.8687366397	1267.80004882813
2533.01629915284	1260.09997558594
2535.16325818527	1261.19995117188
2537.30961401839	1269.80004882813
2539.45536693343	1262.80004882813
2541.60051721145	1256.5
2543.74506513338	1262.40002441406
2545.88901097997	1255
2548.03235503185	1251.5
2550.17509756946	1251.19995117188
2552.31723887311	1262.5
2554.45877922293	1267.90002441406
2556.59971889893	1257.90002441406
2558.74005818094	1266.19995117188
2560.87979734864	1274.69995117188
2563.01893668155	1259.5
2565.15747645906	1262.80004882813
2567.29541696037	1264.69995117188
2569.43275846454	1258.09997558594
2571.56950125049	1260
2573.70564559696	1261.30004882813
2575.84119178254	1259.80004882813
2577.97614008569	1262.09997558594
2580.11049078468	1257.09997558594
2582.24424415764	1256.90002441406
2584.37740048255	1267.80004882813
2586.50996003722	1265.19995117188
2588.64192309931	1273
2590.77328994634	1263.90002441406
2592.90406085564	1273.09997558594
2595.03423610442	1262.69995117188
2597.16381596971	1260
2599.29280072839	1266.90002441406
2601.42119065719	1266.59997558594
2603.54898603267	1263
2605.67618713125	1275.30004882813
2607.80279422919	1274.40002441406
2609.92880760257	1272
2612.05422752735	1266.90002441406
2614.17905427932	1269.69995117188
2616.30328813408	1266.80004882813
2618.42692936713	1260.19995117188
2620.54997825377	1257.80004882813
2622.67243506915	1265.40002441406
2624.79430008828	1259.09997558594
2626.915573586	1262.40002441406
2629.03625583699	1269.40002441406
2631.15634711579	1263.5
2633.27584769675	1266.19995117188
2635.39475785408	1274.69995117188
2637.51307786185	1272.90002441406
2639.63080799394	1261.30004882813
2641.74794852409	1271.59997558594
2643.86449972589	1261.5
2645.98046187273	1261.09997558594
2648.0958352379	1254.59997558594
2650.21062009449	1257.69995117188
2652.32481671544	1269.5
2654.43842537353	1267.69995117188
2656.5514463414	1269.40002441406
2658.66387989151	1269.69995117188
2660.77572629616	1266.30004882813
2662.88698582751	1264.80004882813
2664.99765875753	1274.90002441406
2667.10774535806	1266.40002441406
2669.21724590076	1262
2671.32616065714	1272.69995117188
2673.43448989857	1270.09997558594
2675.5422338962	1269.30004882813
2677.64939292108	1264.40002441406
2679.75596724408	1260.59997558594
2681.86195713589	1256.59997558594
2683.96736286707	1272.30004882813
2686.07218470799	1261.40002441406
2688.17642292889	1270.90002441406
2690.28007779982	1274.40002441406
2692.38314959069	1272.19995117188
2694.48563857123	1269.30004882813
2696.58754501103	1272.90002441406
2698.6888691795	1268.09997558594
2700.78961134588	1267.5
2702.8897717793	1263.80004882813
2704.98935074864	1277.69995117188
2707.08834852271	1266.69995117188
2709.18676537009	1263.09997558594
2711.28460155925	1268.5
2713.38185735843	1269.80004882813
2715.47853303577	1273.40002441406
2717.57462885924	1270.30004882813
2719.67014509659	1266.69995117188
2721.76508201548	1272.19995117188
2723.85943988337	1264.69995117188
2725.95321896754	1267.40002441406
2728.04641953515	1267.19995117188
2730.13904185316	1259.59997558594
2732.23108618837	1268.90002441406
2734.32255280744	1270.19995117188
2736.41344197683	1267.69995117188
2738.50375396288	1273
2740.5934890317	1274.19995117188
2742.68264744932	1269.09997558594
2744.77122948153	1265.5
2746.85923539398	1266.5
2748.94666545217	1267.5
2751.03351992142	1269.5
2753.11979906688	1272
2755.20550315355	1265.90002441406
2757.29063244624	1254.30004882813
2759.37518720963	1263.40002441406
2761.45916770819	1267.09997558594
2763.54257420625	1264.69995117188
2765.62540696797	1260.30004882813
2767.70766625733	1267.09997558594
2769.78935233816	1258.59997558594
2771.87046547413	1271.80004882813
2773.95100592869	1267.09997558594
2776.03097396519	1261.59997558594
2778.11036984677	1269.5
2780.18919383641	1273
2782.26744619693	1264.40002441406
2784.34512719097	1265.90002441406
2786.42223708102	1272.19995117188
2788.49877612937	1266.59997558594
2790.57474459816	1264.40002441406
2792.65014274937	1261.19995117188
2794.7249708448	1266.5
2796.79922914607	1265.30004882813
2798.87291791465	1269.40002441406
2800.94603741181	1264.30004882813
2803.01858789869	1273.59997558594
2805.09056963623	1271
2807.1619828852	1262.69995117188
2809.23282790621	1266
2811.30310495971	1273.80004882813
2813.37281430593	1260.80004882813
2815.441956205	1269.40002441406
2817.51053091682	1264.40002441406
2819.57853870114	1268.69995117188
2821.64597981753	1264.19995117188
2823.7128545254	1264.80004882813
2825.77916308399	1269.59997558594
2827.84490575233	1270
2829.91008278933	1262.09997558594
2831.97469445369	1266.09997558594
2834.03874100395	1277
2836.10222269847	1260.5
2838.16513979544	1262.19995117188
2840.22749255288	1269.40002441406
2842.28928122863	1270.90002441406
2844.35050608034	1273
2846.41116736553	1282.90002441406
2848.47126534149	1287
2850.53080026537	1277
2852.58977239414	1270.40002441406
2854.64818198459	1280
2856.70602929332	1280.80004882813
2858.76331457678	1279.59997558594
2860.82003809123	1285.40002441406
2862.87620009274	1279.69995117188
2864.93180083723	1294.69995117188
2866.98684058043	1297.59997558594
2869.04131957789	1297.5
2871.09523808497	1305.69995117188
2873.14859635689	1294.5
2875.20139464866	1292.30004882813
2877.2536332151	1309.59997558594
2879.30531231091	1302.69995117188
2881.35643219054	1302.30004882813
2883.40699310831	1301.30004882813
2885.45699531834	1295.30004882813
2887.50643907457	1299.09997558594
2889.55532463077	1299.80004882813
2891.60365224053	1295.19995117188
2893.65142215724	1303.5
2895.69863463414	1304
2897.74528992426	1301.5
2899.79138828046	1304.5
2901.83692995544	1313.19995117188
2903.88191520168	1301.5
2905.92634427151	1309
2907.97021741706	1314.90002441406
2910.01353489027	1311.59997558594
2912.05629694294	1306.5
2914.09850382663	1310
2916.14015579276	1308.69995117188
2918.18125309254	1325.5
2920.22179597702	1326.5
2922.26178469705	1329.40002441406
2924.30121950329	1339.59997558594
2926.34010064624	1331.30004882813
2928.37842837619	1337.30004882813
2930.41620294326	1338.40002441406
2932.45342459737	1325.09997558594
2934.49009358828	1334.59997558594
2936.52621016555	1335.80004882813
2938.56177457854	1333.90002441406
2940.59678707645	1327.19995117188
2942.63124790827	1338.40002441406
2944.66515732282	1334.90002441406
2946.69851556873	1333.19995117188
2948.73132289443	1324
2950.76357954817	1319.19995117188
2952.79528577803	1318.19995117188
2954.82644183188	1322.19995117188
2956.85704795741	1311.40002441406
2958.8871044021	1314.40002441406
2960.91661141328	1316.5
2962.94556923807	1311.90002441406
2964.97397812339	1316.09997558594
2967.00183831598	1312.30004882813
2969.0291500624	1312.5
2971.05591360902	1315.40002441406
2973.08212920199	1309.30004882813
2975.1077970873	1312.90002441406
2977.13291751074	1308.59997558594
2979.1574907179	1308.30004882813
2981.18151695419	1299
2983.20499646482	1299.5
2985.2279294948	1303
2987.25031628898	1300.19995117188
2989.27215709199	1294.90002441406
2991.29345214825	1294.59997558594
2993.31420170204	1291.5
2995.33440599738	1299.09997558594
2997.35406527816	1282.80004882813
2999.37317978802	1293.59997558594
3001.39174977045	1283.80004882813
3003.40977546872	1303.59997558594
3005.42725712591	1294.69995117188
3007.44419498491	1290.40002441406
3009.4605892884	1293.59997558594
3011.47644027889	1295.5
3013.49174819865	1283.90002441406
3015.5065132898	1288.30004882813
3017.52073579424	1293.90002441406
3019.53441595366	1286.90002441406
3021.54755400959	1286.69995117188
3023.56015020332	1285
3025.57220477598	1288.30004882813
3027.58371796846	1288.59997558594
3029.5946900215	1287.19995117188
3031.6051211756	1287.80004882813
3033.61501167107	1290.30004882813
3035.62436174803	1288.09997558594
3037.6331716464	1285
3039.64144160588	1292.5
3041.649171866	1288.80004882813
3043.65636266607	1284.40002441406
3045.6630142452	1298.80004882813
3047.66912684229	1287.69995117188
3049.67470069605	1279.5
3051.679736045	1297.40002441406
3053.68423312742	1297.5
3055.68819218143	1300.5
3057.6916134449	1297
3059.69449715556	1297.69995117188
3061.69684355086	1297
3063.6986528681	1301.40002441406
3065.69992534437	1306.40002441406
3067.70066121653	1289.30004882813
3069.70086072126	1300.40002441406
3071.700524095	1302.40002441406
3073.69965157405	1301
3075.69824339442	1306.90002441406
3077.69629979197	1308.40002441406
3079.69382100235	1294.40002441406
3081.69080726098	1306
3083.68725880307	1302.09997558594
3085.68317586366	1301.80004882813
3087.67855867755	1298.5
3089.67340747933	1307.59997558594
3091.6677225034	1295.40002441406
3093.66150398392	1307.30004882813
3095.6547521549	1304.69995117188
3097.64746725006	1310.19995117188
3099.63964950297	1298.90002441406
3101.63129914698	1314.30004882813
3103.6224164152	1311.40002441406
3105.61300154056	1301.90002441406
3107.60305475576	1314.19995117188
3109.59257629331	1312.59997558594
3111.58156638547	1310.5
3113.57002526432	1317.90002441406
3115.55795316172	1310.40002441406
3117.54535030932	1320.40002441406
3119.53221693853	1320.69995117188
3121.51855328057	1323.30004882813
3123.50435956646	1315.80004882813
3125.48963602698	1309
3127.4743828927	1319
3129.45860039397	1324
3131.44228876093	1324.90002441406
3133.42544822353	1324.19995117188
3135.40807901145	1329.69995117188
3137.39018135418	1332.80004882813
3139.37175548102	1326.90002441406
3141.35280162101	1318.09997558594
3143.33332000299	1331.5
3145.31331085559	1324.5
3147.2927744072	1330.09997558594
3149.27171088602	1329.09997558594
3151.25012052	1331.40002441406
3153.22800353689	1335
3155.20536016422	1342.30004882813
3157.18219062929	1337.40002441406
3159.15849515918	1333
3161.13427398075	1331.19995117188
3163.10952732066	1336.90002441406
3165.08425540532	1334.80004882813
3167.05845846092	1341.80004882813
3169.03213671344	1335.5
3171.00529038863	1331.40002441406
3172.97791971203	1337.80004882813
3174.95002490893	1345.80004882813
3176.92160620443	1343.09997558594
3178.89266382337	1339.19995117188
3180.8631979904	1342.30004882813
3182.83320892991	1344.30004882813
3184.80269686609	1349
3186.77166202289	1348
3188.74010462406	1343.40002441406
3190.70802489307	1353.19995117188
3192.67542305323	1345.69995117188
3194.64229932757	1354.59997558594
3196.60865393892	1349.30004882813
3198.57448710987	1352.59997558594
3200.53979906279	1359.09997558594
3202.50459001981	1365.40002441406
3204.46886020284	1354.19995117188
3206.43260983356	1354.5
3208.39583913341	1358.59997558594
3210.35854832362	1366.30004882813
3212.32073762517	1362.09997558594
3214.28240725881	1367.30004882813
3216.24355744508	1364.69995117188
3218.20418840426	1361.40002441406
3220.16430035642	1358.69995117188
3222.12389352137	1361.19995117188
3224.08296811873	1361.30004882813
3226.04152436784	1375.59997558594
3227.99956248784	1359.19995117188
3229.95708269762	1370.59997558594
3231.91408521584	1376.5
3233.87057026092	1356.80004882813
3235.82653805105	1366.30004882813
3237.78198880419	1368.69995117188
3239.73692273806	1369.80004882813
3241.69134007013	1369.59997558594
3243.64524101764	1379.80004882813
3245.59862579761	1378.30004882813
3247.55149462681	1369.69995117188
3249.50384772176	1369.5
3251.45568529877	1376.5
3253.40700757387	1376.19995117188
3255.35781476288	1374.59997558594
3257.3081070814	1384.19995117188
3259.25788474473	1375.19995117188
3261.20714796799	1375.59997558594
3263.15589696602	1376.30004882813
3265.10413195345	1372.19995117188
3267.05185314463	1368.69995117188
3268.9990607537	1372.69995117188
3270.94575499455	1377.90002441406
3272.89193608081	1368.59997558594
3274.8376042259	1385.59997558594
3276.78275964296	1371.80004882813
3278.72740254492	1377.69995117188
3280.67153314443	1372.09997558594
3282.61515165393	1375.19995117188
3284.55825828559	1373
3286.50085325135	1374
3288.44293676289	1384.30004882813
3290.38450903165	1381.69995117188
3292.32557026883	1388.69995117188
3294.26612068537	1380.30004882813
3296.20616049198	1387.69995117188
3298.14568989911	1383.19995117188
3300.08470911695	1370.30004882813
3302.02321835546	1383.69995117188
3303.96121782435	1383.19995117188
3305.89870773306	1376.69995117188
3307.83568829081	1390
3309.77215970655	1385.90002441406
3311.70812218898	1380.80004882813
3313.64357594655	1376.5
3315.57852118747	1379.09997558594
3317.51295811968	1388.80004882813
3319.44688695087	1376.80004882813
3321.38030788849	1379.69995117188
3323.31322113973	1382.90002441406
3325.24562691152	1385.5
3327.17752541055	1381.80004882813
3329.10891684322	1379.40002441406
3331.03980141573	1391.69995117188
3332.97017933399	1377.30004882813
3334.90005080364	1396.80004882813
3336.82941603011	1389.40002441406
3338.75827521852	1380.40002441406
3340.68662857377	1378.5
3342.6144763005	1378.80004882813
3344.54181860308	1398.80004882813
3346.46865568561	1383.80004882813
3348.39498775195	1394.19995117188
3350.32081500571	1387.5
3352.24613765022	1390.5
3354.17095588855	1393.19995117188
3356.09526992352	1389.80004882813
3358.01907995769	1384.30004882813
3359.94238619334	1383.40002441406
3361.86518883251	1397.30004882813
3363.78748807697	1396
3365.70928412823	1398.09997558594
3367.63057718752	1393.09997558594
3369.55136745582	1401.90002441406
3371.47165513386	1388.30004882813
3373.39144042208	1387
3375.31072352066	1404.09997558594
3377.22950462953	1401.69995117188
3379.14778394834	1397.69995117188
3381.06556167648	1390
3382.98283801308	1406.5
3384.89961315697	1397.59997558594
3386.81588730676	1398.09997558594
3388.73166066076	1394.40002441406
3390.64693341702	1394.90002441406
3392.56170577332	1397.09997558594
3394.47597792716	1378.40002441406
3396.38975007581	1396
3398.30302241623	1401.30004882813
3400.21579514512	1387
3402.1280684589	1387.30004882813
3404.03984255374	1393.30004882813
3405.95111762553	1397.69995117188
3407.86189386987	1396
3409.77217148212	1385.30004882813
3411.68195065733	1402
3413.5912315903	1393.80004882813
3415.50001447556	1397.30004882813
3417.40829950735	1387.19995117188
3419.31608687963	1396
3421.22337678611	1389
3423.1301694202	1394.40002441406
3425.03646497504	1392.80004882813
3426.9422636435	1386.09997558594
3428.84756561816	1398.30004882813
3430.75237109135	1390.80004882813
3432.65668025508	1388.69995117188
3434.56049330112	1388.19995117188
3436.46381042093	1405.30004882813
3438.36663180571	1385.59997558594
3440.26895764638	1397.30004882813
3442.17078813357	1392.69995117188
3444.07212345762	1389.19995117188
3445.97296380863	1394.69995117188
3447.87330937636	1390
3449.77316035033	1386.30004882813
3451.67251691977	1385.5
3453.57137927361	1373.80004882813
3455.46974760052	1381
3457.36762208886	1376.30004882813
3459.26500292671	1383.19995117188
3461.16189030191	1378.69995117188
3463.05828440194	1381.40002441406
3464.95418541406	1382.80004882813
3466.84959352519	1389
3468.74450892201	1389.59997558594
3470.63893179088	1374.40002441406
3472.53286231788	1384.40002441406
3474.42630068881	1395.09997558594
3476.31924708918	1389.40002441406
3478.2117017042	1373
3480.1036647188	1371.90002441406
3481.99513631761	1374.59997558594
3483.88611668498	1382.09997558594
3485.77660600498	1377
3487.66660446135	1378
3489.55611223758	1387.40002441406
3491.44512951683	1376.30004882813
3493.333656482	1375.69995117188
3495.22169331568	1364.90002441406
3497.10924020016	1372.40002441406
3498.99629731746	1375
3500.88286484927	1356.19995117188
3502.76894297702	1371.90002441406
3504.65453188182	1356.69995117188
3506.53963174449	1368.90002441406
3508.42424274555	1369.09997558594
3510.30836506524	1361
3512.19199888349	1355
3514.07514437992	1358.09997558594
3515.95780173387	1363.09997558594
3517.83997112437	1361.90002441406
3519.72165273016	1359
3521.60284672967	1342.30004882813
3523.48355330104	1352.69995117188
3525.36377262208	1346
3527.24350487035	1342.09997558594
3529.12275022306	1337.5
3531.00150885715	1343.59997558594
3532.87978094923	1348.80004882813
3534.75756667562	1355.59997558594
3536.63486621235	1341.19995117188
3538.51167973512	1343.30004882813
3540.38800741934	1347.09997558594
3542.26384944011	1336.69995117188
3544.13920597223	1340.90002441406
3546.01407719018	1331.90002441406
3547.88846326815	1341.5
3549.76236438002	1341
3551.63578069934	1332.90002441406
3553.50871239938	1338.59997558594
3555.38115965309	1332
3557.25312263311	1326.40002441406
3559.12460151177	1334.5
3560.99559646109	1335.09997558594
3562.86610765279	1333.5
3564.73613525825	1334.09997558594
3566.60567944857	1328.40002441406
3568.47474039453	1321
3570.34331826658	1326.19995117188
3572.21141323487	1331.69995117188
3574.07902546925	1321.80004882813
3575.94615513922	1327.90002441406
3577.81280241401	1321.90002441406
3579.67896746249	1324.59997558594
3581.54465045325	1319.30004882813
3583.40985155455	1323.30004882813
3585.27457093432	1334.80004882813
3587.1388087602	1316.19995117188
3589.00256519949	1316.40002441406
3590.86584041919	1325.59997558594
3592.72863458597	1313.69995117188
3594.59094786618	1318.90002441406
3596.45278042585	1306.40002441406
3598.31413243069	1324.5
3600.17500404611	1310.90002441406
3602.03539543717	1312.5
3603.89530676861	1320.59997558594
3605.75473820488	1320.09997558594
3607.61368991007	1312.30004882813
3609.47216204797	1325.69995117188
3611.33015478203	1318.19995117188
3613.18766827539	1312.30004882813
3615.04470269087	1310.69995117188
3616.90125819094	1301.59997558594
3618.75733493776	1307.69995117188
3620.61293309318	1321.69995117188
3622.46805281869	1313.19995117188
3624.32269427547	1298.90002441406
3626.17685762439	1305.5
3628.03054302596	1313.40002441406
3629.88375064038	1309.5
3631.73648062751	1298.69995117188
3633.5887331469	1301.40002441406
3635.44050835775	1301.5
3637.29180641893	1309.5
3639.14262748899	1301.80004882813
3640.99297172614	1306.19995117188
3642.84283928828	1290.90002441406
3644.69223033294	1304.5
3646.54114501734	1293.09997558594
3648.38958349836	1305.19995117188
3650.23754593256	1297.90002441406
3652.08503247614	1296.40002441406
3653.93204328497	1286.09997558594
3655.77857851462	1300.90002441406
3657.62463832028	1286
3659.47022285682	1287.19995117188
3661.31533227877	1273.30004882813
3663.15996674033	1287.19995117188
3665.00412639535	1284.5
3666.84781139736	1277.09997558594
3668.69102189953	1284.19995117188
3670.5337580547	1286.90002441406
3672.37602001537	1275.59997558594
3674.21780793368	1279.69995117188
3676.05912196148	1279.90002441406
3677.89996225021	1281.59997558594
3679.74032895103	1283.59997558594
3681.58022221471	1274.5
3683.41964219171	1282.40002441406
3685.25858903211	1271
3687.0970628857	1268.40002441406
3688.93506390186	1272.5
3690.77259222968	1281.5
3692.60964801787	1277.5
3694.44623141481	1272.69995117188
3696.28234256853	1275.19995117188
3698.11798162669	1268.40002441406
3699.95314873665	1269.80004882813
3701.78784404537	1268.09997558594
3703.62206769951	1276.09997558594
3705.45581984533	1271.90002441406
3707.28910062877	1267.80004882813
3709.12191019542	1276
3710.95424869052	1271.80004882813
3712.78611625894	1271.30004882813
3714.6175130452	1276.59997558594
3716.44843919349	1274.40002441406
3718.27889484764	1268
3720.1088801511	1257.30004882813
3721.93839524699	1265.09997558594
3723.76744027808	1272.5
3725.59601538677	1269.69995117188
3727.4241207151	1272.30004882813
