40.2973356941271	1142.09997558594
43.2236257608418	1143
46.1488808466109	1144
49.0731017336173	1141.59997558594
51.9962892025666	1143
54.9184440327569	1145.80004882813
57.8395670020446	1151.80004882813
60.7596588868509	1155.90002441406
63.6787204621708	1163.40002441406
66.5967525015794	1165
69.5137557772381	1172.59997558594
72.4297310598838	1182.30004882813
75.3446791188512	1196.40002441406
78.2586007220466	1213.19995117188
81.1714966360015	1238.09997558594
84.0833676258266	1257.30004882813
86.994214455242	1287.5
89.9040378865662	1312.80004882813
92.8128386807427	1326.5
95.7206175973133	1354.40002441406
98.6273753944444	1372.09997558594
101.533112828928	1377.90002441406
104.437830656161	1374.69995117188
107.34152963018	1374.09997558594
110.244210503676	1372.69995117188
113.145874027931	1362.69995117188
116.046520952895	1352.09997558594
118.946152027154	1360.09997558594
121.844767997933	1350.40002441406
124.74236961111	1342.30004882813
127.638957611212	1336.90002441406
130.534532741422	1334.80004882813
133.429095743606	1325
136.322647358252	1329.30004882813
139.215188324544	1335.59997558594
142.106719380311	1329.5
144.997241262089	1331.30004882813
147.886754705057	1324.5
150.775260443096	1327.5
153.662759208748	1321.90002441406
156.549251733282	1314.09997558594
159.434738746612	1325.40002441406
162.319220977376	1306.69995117188
165.20269915289	1310.69995117188
168.085173999178	1305.90002441406
170.966646240977	1303.69995117188
173.847116601709	1291.40002441406
176.726585803528	1289.69995117188
179.605054567295	1294.80004882813
182.48252361259	1288.59997558594
185.358993657701	1287.30004882813
188.234465419645	1289.80004882813
191.108939614183	1282.5
193.982416955795	1282.5
196.854898157687	1271.59997558594
199.726383931801	1266.5
202.596874988835	1278.40002441406
205.466372038225	1265.19995117188
208.334875788145	1264.90002441406
211.202386945534	1274.80004882813
214.068906216069	1254.80004882813
216.934434304194	1261
219.798971913111	1262.59997558594
222.662519744776	1270.5
225.525078499925	1265.09997558594
228.386648878069	1269.19995117188
231.247231577465	1254.40002441406
234.106827295172	1259.59997558594
236.965436727012	1253.19995117188
239.823060567597	1247
242.679699510337	1243.40002441406
245.535354247396	1252.09997558594
248.390025469775	1245.90002441406
251.243713867223	1247.40002441406
254.096420128327	1237.09997558594
256.948144940459	1243.80004882813
259.798888989788	1242.09997558594
262.648652961315	1240.69995117188
265.49743753883	1228.09997558594
268.345243404939	1234.19995117188
271.192071241073	1237.30004882813
274.037921727485	1233
276.882795543246	1235.19995117188
279.72669336624	1228.09997558594
282.569615873213	1237
285.411563739724	1228.09997558594
288.252537640165	1226
291.092538247763	1231.69995117188
293.931566234616	1227.40002441406
296.769622271633	1224.5
299.606707028594	1230.19995117188
302.442821174104	1235.30004882813
305.277965375652	1230.19995117188
308.112140299574	1233.69995117188
310.945346611062	1227.19995117188
313.777584974167	1223.59997558594
316.608856051813	1225.80004882813
319.439160505797	1237.5
322.268498996783	1226.69995117188
325.096872184303	1229.09997558594
327.924280726782	1222.09997558594
330.750725281521	1223.59997558594
333.576206504693	1221.40002441406
336.400725051388	1221.30004882813
339.224281575542	1227.59997558594
342.046876730026	1216.40002441406
344.868511166586	1220.40002441406
347.689185535872	1226.5
350.508900487421	1222.69995117188
353.327656669699	1223.69995117188
356.145454730079	1217.59997558594
358.962295314817	1221.30004882813
361.778179069105	1222.40002441406
364.593106637051	1222.40002441406
367.407078661675	1219.80004882813
370.220095784913	1223.69995117188
373.032158647655	1225.30004882813
375.843267889676	1219.80004882813
378.653424149715	1225.19995117188
381.462628065436	1223.90002441406
384.270880273432	1221.69995117188
387.078181409254	1226.09997558594
389.884532107358	1219.5
392.689933001188	1227.19995117188
395.494384723112	1222.69995117188
398.29788790445	1221.5
401.100443175488	1222.59997558594
403.902051165437	1222.59997558594
406.702712502518	1228.09997558594
409.502427813866	1226.5
412.301197725607	1225.90002441406
415.099022862823	1221.90002441406
417.89590384957	1228.80004882813
420.691841308876	1224
423.486835862752	1221
426.280888132173	1219.09997558594
429.073998737112	1225.5
431.866168296507	1218.40002441406
434.657397428298	1226.80004882813
437.447686749412	1225.09997558594
440.237036875762	1223.69995117188
443.025448422257	1223
445.812922002813	1222
448.599458230326	1219.30004882813
451.38505771672	1222.30004882813
454.169721072909	1226
456.953448908819	1227.80004882813
459.736241833384	1225.80004882813
462.518100454555	1224.90002441406
465.2990253793	1224
468.079017213605	1226.59997558594
470.858076562476	1220.19995117188
473.636204029939	1224.30004882813
476.41340021906	1230.90002441406
479.189665731938	1221.19995117188
481.965001169667	1221.69995117188
484.739407132419	1223.90002441406
487.512884219391	1226.19995117188
490.285433028796	1225.90002441406
493.057054157921	1228.30004882813
495.827748203087	1227.09997558594
498.597515759658	1226.5
501.366357422061	1220.40002441406
504.134273783759	1232.40002441406
506.901265437278	1229.30004882813
509.66733297421	1224.40002441406
512.432476985198	1227.40002441406
515.196698059945	1232.69995117188
517.959996787225	1225.90002441406
520.722373754895	1227.90002441406
523.483829549856	1231.69995117188
526.24436475811	1234.30004882813
529.003979964696	1232
531.762675753779	1230.69995117188
534.520452708569	1235.09997558594
537.277311411375	1230.19995117188
540.03325244359	1230
542.788276385682	1228.09997558594
545.54238381725	1233.69995117188
548.295575316938	1228.30004882813
551.047851462516	1227.09997558594
553.799212830831	1228.40002441406
556.549659997851	1224.59997558594
559.299193538643	1231.5
562.047814027381	1227.90002441406
564.795522037318	1226.80004882813
567.542318140861	1234.19995117188
570.288202909507	1232.40002441406
573.033176913873	1224.69995117188
575.7772407237	1232.5
578.520394907829	1227.40002441406
581.26264003424	1226.19995117188
584.003976670046	1227.90002441406
586.744405381469	1220.09997558594
589.483926733869	1232.19995117188
592.222541291746	1226.90002441406
594.96024961872	1225.19995117188
597.697052277563	1234.69995117188
600.432949830166	1228
603.167942837587	1229.59997558594
605.902031860012	1226.59997558594
608.635217456783	1228.59997558594
611.367500186378	1231.30004882813
614.098880606429	1227.69995117188
616.82935927374	1228.09997558594
619.558936744248	1228.19995117188
622.287613573072	1229.80004882813
625.015390314457	1232.90002441406
627.742267521848	1225.5
630.468245747829	1222.30004882813
633.193325544166	1227.09997558594
635.917507461792	1221.5
638.640792050804	1225.80004882813
641.36317986048	1229.80004882813
644.084671439281	1232.19995117188
646.805267334845	1230
649.524968093967	1233.5
652.24377426266	1227.90002441406
654.961686386106	1230.30004882813
657.678705008678	1234.69995117188
660.394830673939	1228
663.110063924628	1233.59997558594
665.824405302728	1228
668.537855349351	1229.30004882813
671.250414604863	1223.40002441406
673.962083608812	1228.80004882813
676.672862899949	1228.09997558594
679.382753016218	1232.90002441406
682.091754494801	1238.5
684.799867872061	1238.90002441406
687.507093683595	1233
690.213432464198	1234.80004882813
692.918884747899	1229.69995117188
695.623451067937	1228.59997558594
698.327131956755	1229.90002441406
701.029927946065	1232.69995117188
703.731839566754	1239
706.43286734896	1227.90002441406
709.133011822067	1237.40002441406
711.832273514658	1228.30004882813
714.53065295457	1237.40002441406
717.228150668879	1234.80004882813
719.924767183889	1236.40002441406
722.620503025148	1236.59997558594
725.315358717446	1244.80004882813
728.009334784827	1231.09997558594
730.702431750559	1243.69995117188
733.394650137188	1242.09997558594
736.085990466498	1234.30004882813
738.776453259519	1238
741.466039036542	1245.30004882813
744.154748317125	1242
746.842581620074	1239.09997558594
749.529539463458	1239.69995117188
752.215622364608	1250.69995117188
754.900830840131	1249.19995117188
757.585165405892	1248.69995117188
760.26862657703	1259.59997558594
762.951214867957	1246.80004882813
765.632930792356	1247.90002441406
768.313774863181	1237.59997558594
770.993747592673	1241.30004882813
773.672849492359	1241.30004882813
776.351081073017	1229.5
779.028442844757	1229.40002441406
781.704935316928	1234
784.380558998208	1239.90002441406
787.055314396528	1229.59997558594
789.729202019141	1230.90002441406
792.402222372581	1235.59997558594
795.074375962669	1229.19995117188
797.745663294537	1224.80004882813
800.416084872622	1230.09997558594
803.085641200652	1235.19995117188
805.754332781664	1230
808.422160117986	1233.80004882813
811.089123711292	1232.69995117188
813.75522406252	1234.80004882813
816.420461671951	1243.90002441406
819.084837039164	1244.80004882813
821.748350663067	1241.30004882813
824.411003041866	1245.30004882813
827.072794673116	1245.09997558594
829.733726053668	1242.09997558594
832.39379767971	1234.40002441406
835.05301004674	1243.5
837.711363649601	1249.59997558594
840.368858982457	1239.90002441406
843.025496538805	1237.59997558594
845.681276811467	1241.80004882813
848.336200292618	1244.69995117188
850.99026747375	1256.80004882813
853.643478845713	1252.40002441406
856.29583489868	1247.5
858.947336122176	1256
861.59798300506	1249.69995117188
864.247776035556	1256.5
866.896715701222	1250
869.544802488959	1249.09997558594
872.192036885046	1249.5
874.838419375087	1244.5
877.483950444054	1249.19995117188
880.128630576285	1248.40002441406
882.772460255461	1250.69995117188
885.415439964628	1255.19995117188
888.057570186211	1248
890.698851401966	1254.59997558594
893.339284093045	1249.69995117188
895.978868739961	1255.69995117188
898.617605822596	1251.40002441406
901.255495820196	1257.19995117188
903.892539211396	1246.90002441406
906.528736474184	1257.59997558594
909.164088085949	1257
911.798594523442	1255
914.432256262804	1248.90002441406
917.065073779549	1254.80004882813
919.697047548589	1260.19995117188
922.328178044212	1253.19995117188
924.9584657401	1254
927.587911109317	1261.40002441406
930.216514624317	1256.09997558594
932.844276756963	1254.09997558594
935.471197978488	1272.30004882813
938.097278759538	1265.09997558594
940.722519570163	1265.30004882813
943.346920879798	1263.5
945.97048315729	1264.69995117188
948.593206870885	1266.09997558594
951.215092488219	1268.19995117188
953.836140476366	1265.69995117188
956.456351301787	1266.09997558594
959.07572543037	1267.5
961.694263327369	1259.80004882813
964.311965457521	1249.69995117188
966.928832284933	1255.09997558594
969.544864273135	1249.5
972.160061885076	1256.90002441406
974.774425583129	1262.19995117188
977.387955829099	1256.69995117188
980.000653084196	1247.69995117188
982.612517809061	1257.40002441406
985.223550463768	1259
987.833751507819	1254.5
990.443121400135	1258.69995117188
993.051660599081	1250.19995117188
995.659369562449	1266.69995117188
998.266248747469	1263.30004882813
1000.87229861081	1266.80004882813
1003.47751960857	1277.19995117188
1006.0819121963	1275.5
1008.68547682897	1257.80004882813
1011.28821396104	1249.09997558594
1013.89012404635	1254.69995117188
1016.49120753824	1260.09997558594
1019.09146488947	1248.80004882813
1021.69089655226	1249.69995117188
1024.28950297827	1246.19995117188
1026.88728461863	1250
1029.48424192392	1259
1032.08037534416	1263.19995117188
1034.67568532886	1254
1037.27017232694	1254.5
1039.86383678682	1256.69995117188
1042.45667915637	1253.59997558594
1045.04869988293	1254.80004882813
1047.6398994133	1256.5
1050.23027819374	1254
1052.81983666998	1260.09997558594
1055.40857528724	1260.09997558594
1057.99649449018	1252.69995117188
1060.58359472296	1258.30004882813
1063.1698764292	1259.30004882813
1065.755340052	1250.69995117188
1068.33998603393	1259
1070.92381481706	1263
1073.50682684291	1258.80004882813
1076.08902255251	1256
1078.67040238637	1260.30004882813
1081.25096678445	1260.80004882813
1083.83071618624	1261.19995117188
1086.4096510307	1262.19995117188
1088.98777175629	1259.5
1091.56507880094	1254.80004882813
1094.14157260208	1255.19995117188
1096.71725359664	1258.80004882813
1099.29212222106	1258
1101.86617891125	1250.40002441406
1104.43942410262	1254.69995117188
1107.01185823011	1259.19995117188
1109.58348172812	1256.80004882813
1112.15429503057	1251.09997558594
1114.7242985709	1260.09997558594
1117.29349278203	1253.40002441406
1119.86187809642	1253.59997558594
1122.42945494599	1260.80004882813
1124.99622376222	1262.40002441406
1127.56218497606	1260
1130.12733901801	1260.40002441406
1132.69168631804	1258.69995117188
1135.25522730568	1256.40002441406
1137.81796240995	1251.59997558594
1140.37989205941	1253.40002441406
1142.9410166821	1243.59997558594
1145.50133670561	1251
1148.06085255708	1250
1150.61956466311	1256.09997558594
1153.17747344987	1248.09997558594
1155.73457934305	1246.69995117188
1158.29088276786	1247.09997558594
1160.84638414903	1248.80004882813
1163.40108391085	1245.19995117188
1165.95498247711	1256.40002441406
1168.50808027116	1254.19995117188
1171.06037771587	1247.5
1173.61187523364	1252.19995117188
1176.16257324643	1254.5
1178.71247217573	1247.09997558594
1181.26157244255	1255.80004882813
1183.80987446746	1235.09997558594
1186.35737867059	1247
1188.90408547157	1248.30004882813
1191.44999528961	1251
1193.99510854347	1252.90002441406
1196.53942565142	1255
1199.08294703133	1257.30004882813
1201.62567310057	1258.09997558594
1204.16760427611	1259.09997558594
1206.70874097445	1259.80004882813
1209.24908361163	1263.40002441406
1211.78863260327	1257.59997558594
1214.32738836454	1258.69995117188
1216.86535131017	1256.30004882813
1219.40252185445	1255.69995117188
1221.93890041121	1256.40002441406
1224.47448739389	1260.09997558594
1227.00928321544	1266.5
1229.54328828842	1265.5
1232.07650302491	1274.69995117188
1234.60892783662	1263.90002441406
1237.14056313477	1266.69995117188
1239.67140933017	1272
1242.2014668332	1279.40002441406
1244.73073605384	1273.40002441406
1247.25921740159	1262.19995117188
1249.78691128558	1272.5
1252.31381811448	1272.40002441406
1254.83993829655	1276
1257.36527223962	1281.19995117188
1259.88982035112	1275.90002441406
1262.41358303803	1269.19995117188
1264.93656070696	1281.19995117188
1267.45875376405	1285.90002441406
1269.98016261505	1286.40002441406
1272.50078766531	1271.40002441406
1275.02062931974	1288.09997558594
1277.53968798285	1282.19995117188
1280.05796405875	1280.59997558594
1282.57545795112	1272
1285.09217006325	1278.90002441406
1287.60810079802	1270.30004882813
1290.12325055788	1279.69995117188
1292.63761974492	1270.30004882813
1295.15120876079	1280.09997558594
1297.66401800676	1279.09997558594
1300.17604788367	1282.80004882813
1302.687298792	1292.19995117188
1305.19777113181	1284.40002441406
1307.70746530274	1286.30004882813
1310.21638170408	1285.90002441406
1312.7245207347	1285.09997558594
1315.23188279307	1280.09997558594
1317.73846827728	1283.40002441406
1320.24427758502	1286.19995117188
1322.74931111359	1284.19995117188
1325.25356925991	1286.59997558594
1327.75705242051	1287.30004882813
1330.25976099151	1278.90002441406
1332.76169536868	1283.30004882813
1335.26285594737	1276.09997558594
1337.76324312256	1277.40002441406
1340.26285728887	1279.90002441406
1342.76169884052	1275
1345.25976817132	1281.30004882813
1347.75706567474	1281.80004882813
1350.25359174387	1278.19995117188
1352.74934677141	1273.30004882813
1355.24433114968	1260.90002441406
1357.73854527062	1266.40002441406
1360.23198952583	1271.80004882813
1362.7246643065	1262.69995117188
1365.21657000347	1249.40002441406
1367.7077070072	1262.90002441406
1370.19807570777	1268.59997558594
1372.68767649492	1257.40002441406
1375.176509758	1251.30004882813
1377.66457588599	1259.19995117188
1380.15187526753	1258.30004882813
1382.63840829087	1249.90002441406
1385.1241753439	1257.09997558594
1387.60917681417	1258
1390.09341308884	1264.40002441406
1392.57688455474	1260
1395.05959159829	1269.09997558594
1397.54153460562	1266.90002441406
1400.02271396243	1269
1402.50313005414	1273.30004882813
1404.98278326576	1269.5
1407.46167398196	1257.69995117188
1409.93980258707	1267.59997558594
1412.41716946504	1264.59997558594
1414.89377499951	1267.90002441406
1417.36961957373	1276
1419.84470357062	1256.5
1422.31902737275	1270.90002441406
1424.79259136235	1276.69995117188
1427.26539592129	1283.5
1429.73744143111	1276.90002441406
1432.20872827299	1281.40002441406
1434.67925682777	1284.09997558594
1437.14902747597	1291.59997558594
1439.61804059773	1304.40002441406
1442.0862965729	1303.90002441406
1444.55379578093	1317.40002441406
1447.02053860099	1320.19995117188
1449.48652541188	1323.69995117188
1451.95175659206	1301.80004882813
1454.41623251969	1302
1456.87995357255	1295
1459.34292012811	1294.5
1461.80513256351	1289.40002441406
1464.26659125557	1278.19995117188
1466.72729658073	1280.69995117188
1469.18724891517	1284.69995117188
1471.64644863469	1266.5
1474.10489611478	1264.30004882813
1476.5625917306	1265.80004882813
1479.01953585699	1266.30004882813
1481.47572886844	1262.5
1483.93117113917	1248.90002441406
1486.38586304302	1255.5
1488.83980495354	1259.30004882813
1491.29299724395	1251.69995117188
1493.74544028715	1249
1496.19713445573	1248.19995117188
1498.64808012193	1245.5
1501.09827765772	1260.19995117188
1503.54772743471	1242.69995117188
1505.99642982421	1261.5
1508.44438519723	1247.30004882813
1510.89159392446	1255.19995117188
1513.33805637625	1246.59997558594
1515.78377292266	1254.40002441406
1518.22874393346	1246.40002441406
1520.67296977806	1254.59997558594
1523.11645082559	1250.19995117188
1525.55918744488	1250.09997558594
1528.00118000444	1245.90002441406
1530.44242887245	1244.30004882813
1532.88293441684	1244.80004882813
1535.32269700517	1247.80004882813
1537.76171700475	1245.40002441406
1540.19999478255	1252.5
1542.63753070526	1258.19995117188
1545.07432513925	1254.69995117188
1547.5103784506	1263
1549.94569100509	1249.69995117188
1552.38026316819	1254.5
1554.8140953051	1255.5
1557.24718778067	1261.5
1559.67954095952	1253.80004882813
1562.11115520592	1254.59997558594
1564.54203088386	1250.69995117188
1566.97216835704	1258.59997558594
1569.40156798888	1259.90002441406
1571.83023014248	1250.30004882813
1574.25815518067	1259.09997558594
1576.68534346597	1258.80004882813
1579.11179536062	1258.19995117188
1581.53751122658	1256.09997558594
1583.9624914255	1261.40002441406
1586.38673631876	1254.30004882813
1588.81024626745	1248.90002441406
1591.23302163235	1258.80004882813
1593.655062774	1276.19995117188
1596.07637005262	1266
1598.49694382815	1263.69995117188
1600.91678446025	1269.09997558594
1603.33589230831	1262
1605.75426773142	1271.5
1608.1719110884	1270.90002441406
1610.58882273779	1276.69995117188
1613.00500303784	1268.69995117188
1615.42045234654	1277.5
1617.83517102158	1276.30004882813
1620.24915942039	1276.90002441406
1622.66241790012	1265.69995117188
1625.07494681764	1278.19995117188
1627.48674652954	1274.59997558594
1629.89781739216	1284.80004882813
1632.30815976152	1273.5
1634.71777399343	1285.69995117188
1637.12666044338	1291.69995117188
1639.53481946661	1282.69995117188
1641.94225141808	1302.19995117188
1644.34895665248	1299.59997558594
1646.75493552424	1307.59997558594
1649.16018838752	1311.40002441406
1651.56471559621	1317.09997558594
1653.96851750392	1329.5
1656.37159446403	1323.30004882813
1658.7739468296	1311.40002441406
1661.17557495349	1317.09997558594
1663.57647918824	1313.69995117188
1665.97665988617	1306.30004882813
1668.37611739929	1301.5
1670.77485207939	1284.19995117188
1673.17286427799	1290.09997558594
1675.57015434633	1286.59997558594
1677.96672263542	1273
1680.36256949598	1285.90002441406
1682.7576952785	1283.19995117188
1685.15210033318	1278.80004882813
1687.54578501	1268.09997558594
1689.93874965866	1264.69995117188
1692.33099462861	1258.30004882813
1694.72252026904	1256.59997558594
1697.11332692889	1253.69995117188
1699.50341495686	1252
1701.89278470137	1251.69995117188
1704.28143651061	1256.09997558594
1706.66937073251	1249.09997558594
1709.05658771473	1251.19995117188
1711.44308780473	1250.19995117188
1713.82887134968	1252.09997558594
1716.21393869648	1245.40002441406
1718.59829019185	1245.30004882813
1720.98192618221	1244.09997558594
1723.36484701374	1254.19995117188
1725.74705303238	1240.69995117188
1728.12854458384	1248.80004882813
1730.50932201356	1248.90002441406
1732.88938566673	1252.19995117188
1735.26873588834	1252.59997558594
1737.64737302307	1245.40002441406
1740.02529741544	1251.80004882813
1742.40250940964	1245.30004882813
1744.77900934969	1252.09997558594
1747.15479757933	1239.69995117188
1749.52987444206	1244.80004882813
1751.90424028116	1247.90002441406
1754.27789543967	1245.5
1756.65084026037	1245.90002441406
1759.02307508582	1247.5
1761.39460025833	1246
1763.76541612	1247.40002441406
1766.13552301265	1246.5
1768.50492127791	1254.80004882813
1770.87361125714	1245.40002441406
1773.2415932915	1254.09997558594
1775.60886772188	1239.59997558594
1777.97543488896	1252.40002441406
1780.34129513318	1245.19995117188
1782.70644879475	1245.09997558594
1785.07089621365	1238.5
1787.43463772964	1239.30004882813
1789.7976736822	1248.30004882813
1792.16000441066	1236.5
1794.52163025405	1238.5
1796.88255155121	1245.19995117188
1799.24276864074	1238.30004882813
1801.60228186102	1241.19995117188
1803.96109155019	1243.90002441406
1806.31919804618	1241.90002441406
1808.67660168668	1233.40002441406
1811.03330280916	1243.59997558594
1813.38930175088	1238.09997558594
1815.74459884884	1244.5
1818.09919443984	1245.40002441406
1820.45308886047	1248.5
1822.80628244708	1235.30004882813
1825.1587755358	1241
1827.51056846254	1239.40002441406
1829.86166156297	1242.19995117188
1832.21205517258	1243.90002441406
1834.56174962661	1242
1836.91074526009	1238.80004882813
1839.25904240783	1238.09997558594
1841.60664140443	1242.40002441406
1843.95354258425	1243.19995117188
1846.29974628146	1235.19995117188
1848.64525282998	1244.40002441406
1850.99006256356	1237.09997558594
1853.3341758157	1237.80004882813
1855.67759291968	1236.09997558594
1858.02031420858	1241.5
1860.36234001528	1229.09997558594
1862.70367067241	1243.69995117188
1865.04430651244	1242.90002441406
1867.38424786755	1245.59997558594
1869.72349506978	1245.90002441406
1872.06204845094	1240
1874.39990834258	1239.5
1876.73707507612	1247.69995117188
1879.07354898269	1244.19995117188
1881.40933039328	1239
1883.74441963861	1237.80004882813
1886.07881704925	1248.69995117188
1888.41252295551	1238.5
1890.74553768751	1245.5
1893.07786157519	1244.09997558594
1895.40949494822	1239.09997558594
1897.74043813615	1242.69995117188
1900.07069146823	1240.09997558594
1902.40025527357	1245.90002441406
1904.72912988106	1244.09997558594
1907.05731561938	1236.5
1909.38481281699	1240.40002441406
1911.71162180217	1241.40002441406
1914.037742903	1246.69995117188
1916.36317644734	1241.30004882813
1918.68792276284	1242.59997558594
1921.01198217697	1237.09997558594
1923.33535501699	1247.19995117188
1925.65804160996	1240.59997558594
1927.98004228273	1242.09997558594
1930.30135736196	1239.5
1932.6219871741	1250.90002441406
1934.94193204543	1237.5
1937.26119230198	1246.90002441406
1939.57976826962	1246
1941.89766027402	1243.80004882813
1944.21486864062	1243.5
1946.53139369472	1233.90002441406
1948.84723576137	1251.69995117188
1951.16239516543	1251.80004882813
1953.47687223159	1243.19995117188
1955.79066728434	1248.69995117188
1958.10378064794	1252.30004882813
1960.4162126465	1240.90002441406
1962.7279636039	1239.30004882813
1965.03903384385	1238.5
1967.34942368987	1239.59997558594
1969.65913346524	1234.59997558594
1971.96816349311	1238.69995117188
1974.2765140964	1246.69995117188
1976.58418559784	1239.69995117188
1978.89117831997	1240.5
1981.19749258516	1249.69995117188
1983.50312871555	1249.90002441406
1985.80808703313	1233.40002441406
1988.11236785967	1246.40002441406
1990.41597151676	1247
1992.71889832581	1240.80004882813
1995.02114860801	1250.59997558594
1997.3227226844	1244.40002441406
1999.62362087581	1250.40002441406
2001.92384350288	1239
2004.22339088608	1242.80004882813
2006.52226334567	1246.19995117188
2008.82046120173	1244.40002441406
2011.11798477417	1243.80004882813
2013.41483438269	1242.80004882813
2015.71101034681	1244.19995117188
2018.00651298588	1251.40002441406
2020.30134261905	1241.59997558594
2022.59549956528	1250.19995117188
2024.88898414337	1243.90002441406
2027.1817966719	1248.30004882813
2029.4739374693	1241.30004882813
2031.76540685379	1245
2034.05620514342	1233.90002441406
2036.34633265607	1236.30004882813
2038.6357897094	1239.59997558594
2040.92457662092	1245.59997558594
2043.21269370795	1242.5
2045.50014128763	1232.59997558594
2047.78691967691	1238.69995117188
2050.07302919256	1243.80004882813
2052.35847015118	1249.30004882813
2054.64324286919	1241
2056.9273476628	1246.5
2059.21078484808	1242.40002441406
2061.4935547409	1244.30004882813
2063.77565765696	1248.90002441406
2066.05709391176	1244.40002441406
2068.33786382065	1242.19995117188
2070.61796769879	1249.30004882813
2072.89740586116	1252
2075.17617862255	1242.90002441406
2077.45428629759	1249.30004882813
2079.73172920075	1239.80004882813
2082.00850764627	1244.19995117188
2084.28462194827	1238.19995117188
2086.56007242065	1244.5
2088.83485937717	1249.5
2091.10898313139	1246.09997558594
2093.3824439967	1245.09997558594
2095.65524228632	1246.69995117188
2097.92737831328	1249
2100.19885239047	1244.59997558594
2102.46966483057	1240.5
2104.7398159461	1247
2107.00930604941	1248.5
2109.27813545267	1245.19995117188
2111.54630446787	1236.5
2113.81381340685	1245.90002441406
2116.08066258126	1249.40002441406
2118.34685230257	1243.09997558594
2120.61238288211	1250.30004882813
2122.87725463099	1256
2125.1414678602	1246.69995117188
2127.40502288052	1247.80004882813
2129.66792000257	1247.80004882813
2131.93015953682	1242.5
2134.19174179353	1249.80004882813
2136.45266708282	1255.09997558594
2138.71293571463	1250.69995117188
2140.97254799873	1251.80004882813
2143.23150424473	1240.69995117188
2145.48980476205	1254.40002441406
2147.74744985996	1248.30004882813
2150.00443984754	1244.69995117188
2152.26077503373	1248.90002441406
2154.51645572728	1251.40002441406
2156.77148223677	1243.09997558594
2159.02585487064	1251.69995117188
2161.27957393713	1248.40002441406
2163.53263974432	1247.80004882813
2165.78505260012	1235.19995117188
2168.0368128123	1247.09997558594
2170.28792068844	1236.5
2172.53837653595	1242.59997558594
2174.78818066207	1249.40002441406
2177.03733337389	1249.90002441406
2179.28583497833	1239.19995117188
2181.53368578214	1249.59997558594
2183.78088609192	1251
2186.02743621406	1238.40002441406
2188.27333645484	1246.30004882813
2190.51858712033	1254.90002441406
2192.76318851646	1245.90002441406
2195.00714094901	1250.59997558594
2197.25044472354	1240.80004882813
2199.49310014551	1239.19995117188
2201.73510752018	1243.80004882813
2203.97646715265	1245.40002441406
2206.21717934786	1245.40002441406
2208.45724441058	1244.09997558594
2210.69666264543	1249.40002441406
2212.93543435686	1240.19995117188
2215.17355984914	1245.19995117188
2217.41103942642	1246.19995117188
2219.64787339264	1239
2221.8840620516	1237.59997558594
2224.11960570695	1248.90002441406
2226.35450466215	1245.80004882813
2228.58875922051	1236.90002441406
2230.82236968518	1238.80004882813
2233.05533635916	1233.80004882813
2235.28765954527	1246.09997558594
2237.51933954617	1248.19995117188
2239.75037666437	1246
2241.98077120221	1246.80004882813
2244.21052346188	1239.69995117188
2246.4396337454	1239.5
2248.66810235461	1242.69995117188
2250.89592959125	1240.30004882813
2253.12311575681	1243.59997558594
2255.34966115272	1238.5
2257.57556608017	1237.09997558594
2259.80083084023	1242.40002441406
2262.02545573381	1251
2264.24944106163	1242.40002441406
2266.47278712429	1246.90002441406
2268.69549422221	1239.09997558594
2270.91756265564	1239.80004882813
2273.1389927247	1245
2275.35978472934	1239.09997558594
2277.57993896933	1239.19995117188
2279.79945574431	1246.69995117188
2282.01833535375	1237.30004882813
2284.23657809696	1241.5
2286.45418427309	1240.5
2288.67115418114	1240.80004882813
2290.88748811995	1243
2293.10318638819	1235.30004882813
2295.3182492844	1243.09997558594
2297.53267710693	1244.59997558594
2299.746470154	1242.19995117188
2301.95962872364	1240.19995117188
2304.17215311376	1242.90002441406
2306.3840436221	1242.40002441406
2308.59530054621	1239.90002441406
2310.80592418354	1240.90002441406
2313.01591483134	1244.09997558594
2315.22527278673	1240.90002441406
2317.43399834666	1243.40002441406
2319.64209180791	1238.19995117188
2321.84955346713	1233.5
2324.05638362079	1247
2326.26258256524	1245.90002441406
2328.46815059664	1252.59997558594
2330.67308801098	1245
2332.87739510415	1239.40002441406
2335.08107217184	1245.5
2337.2841195096	1231.80004882813
2339.48653741281	1243.90002441406
2341.68832617672	1242.5
2343.8894860964	1250.19995117188
2346.09001746678	1248.30004882813
2348.28992058261	1243.59997558594
2350.48919573852	1238
2352.68784322898	1238.80004882813
2354.88586334826	1247
2357.08325639055	1243
2359.2800226498	1246.59997558594
2361.47616241988	1242.19995117188
2363.67167599445	1242.19995117188
2365.86656366706	1243.90002441406
2368.06082573107	1247.5
2370.2544624797	1246.09997558594
2372.44747420603	1239.59997558594
2374.63986120295	1245.80004882813
2376.83162376322	1246.69995117188
2379.02276217945	1248.09997558594
2381.21327674408	1248.40002441406
2383.4031677494	1235.90002441406
2385.59243548756	1237.19995117188
2387.78108025053	1240
2389.96910233014	1247.09997558594
2392.15650201809	1233.40002441406
2394.34327960587	1235.69995117188
2396.52943538486	1231.40002441406
2398.71496964628	1243.59997558594
2400.89988268118	1243.40002441406
2403.08417478048	1237.19995117188
2405.26784623491	1243.5
2407.45089733509	1242.40002441406
2409.63332837146	1245.69995117188
2411.81513963429	1239.69995117188
2413.99633141375	1245.5
2416.1769039998	1241.69995117188
2418.35685768227	1240.69995117188
2420.53619275084	1243.69995117188
2422.71490949505	1236.59997558594
2424.89300820425	1245.90002441406
2427.07048916765	1237.30004882813
2429.24735267433	1238
2431.42359901319	1246.5
2433.59922847297	1246.19995117188
2435.7742413423	1241
2437.94863790961	1242.80004882813
2440.12241846321	1244.80004882813
2442.29558329121	1244.59997558594
2444.46813268162	1239.90002441406
2446.64006692228	1237.59997558594
2448.81138630086	1234.69995117188
2450.98209110489	1248.30004882813
2453.15218162174	1240.40002441406
2455.32165813864	1234.90002441406
2457.49052094265	1243.69995117188
2459.65877032069	1243.90002441406
2461.8264065595	1241.09997558594
2463.99342994572	1242.5
2466.15984076579	1237.40002441406
2468.325639306	1239.90002441406
2470.49082585251	1236
2472.65540069131	1246.80004882813
2474.81936410824	1239.80004882813
2476.98271638899	1239
2479.14545781909	1245.19995117188
2481.30758868392	1238.5
2483.4691092687	1243.5
2485.63001985852	1244.30004882813
2487.79032073829	1248.59997558594
2489.95001219277	1232.40002441406
2492.10909450659	1243.5
2494.26756796419	1234.30004882813
2496.42543284989	1249.09997558594
2498.58268944783	1239.40002441406
2500.73933804202	1245.59997558594
2502.8953789163	1244.09997558594
2505.05081235436	1240.09997558594
2507.20563863974	1234.69995117188
2509.35985805582	1245.80004882813
2511.51347088583	1240.40002441406
2513.66647741285	1235.59997558594
2515.81887791981	1241
2517.97067268946	1245.40002441406
2520.12186200443	1235.90002441406
2522.27244614716	1238.40002441406
2524.42242539999	1240.19995117188
2526.57180004504	1247.30004882813
2528.72057036433	1244.09997558594
2530.8687366397	1241.90002441406
2533.01629915284	1242.5
2535.16325818527	1243.19995117188
2537.30961401839	1242.90002441406
2539.45536693343	1233.40002441406
2541.60051721145	1235.40002441406
2543.74506513338	1240.19995117188
2545.88901097997	1241.5
2548.03235503185	1248.69995117188
2550.17509756946	1239.30004882813
2552.31723887311	1240.69995117188
2554.45877922293	1245.30004882813
2556.59971889893	1239.19995117188
2558.74005818094	1239.69995117188
2560.87979734864	1247.59997558594
2563.01893668155	1236.5
2565.15747645906	1245.09997558594
2567.29541696037	1238.40002441406
2569.43275846454	1239.80004882813
2571.56950125049	1243.40002441406
2573.70564559696	1239.69995117188
2575.84119178254	1243.19995117188
2577.97614008569	1237.69995117188
2580.11049078468	1250.59997558594
2582.24424415764	1241.69995117188
2584.37740048255	1243.80004882813
2586.50996003722	1246.69995117188
2588.64192309931	1241
2590.77328994634	1237
2592.90406085564	1248.90002441406
2595.03423610442	1243.80004882813
2597.16381596971	1246
2599.29280072839	1249.5
2601.42119065719	1241.40002441406
2603.54898603267	1242.30004882813
2605.67618713125	1244.5
2607.80279422919	1240.19995117188
2609.92880760257	1242.80004882813
2612.05422752735	1244.30004882813
2614.17905427932	1253.80004882813
2616.30328813408	1245.09997558594
2618.42692936713	1240.59997558594
2620.54997825377	1252.5
2622.67243506915	1249.59997558594
2624.79430008828	1240
2626.915573586	1243.19995117188
2629.03625583699	1240
2631.15634711579	1242.69995117188
2633.27584769675	1251.69995117188
2635.39475785408	1240.09997558594
2637.51307786185	1253.69995117188
2639.63080799394	1238.09997558594
2641.74794852409	1237.69995117188
2643.86449972589	1246.5
2645.98046187273	1239.80004882813
2648.0958352379	1238
2650.21062009449	1249.90002441406
2652.32481671544	1239.40002441406
2654.43842537353	1246.80004882813
2656.5514463414	1252.40002441406
2658.66387989151	1252.40002441406
2660.77572629616	1243.30004882813
2662.88698582751	1246.19995117188
2664.99765875753	1254.5
2667.10774535806	1251.5
2669.21724590076	1239
2671.32616065714	1249.30004882813
2673.43448989857	1245.40002441406
2675.5422338962	1246.5
2677.64939292108	1251
2679.75596724408	1246.19995117188
2681.86195713589	1243.90002441406
2683.96736286707	1251.30004882813
2686.07218470799	1242.19995117188
2688.17642292889	1247.40002441406
2690.28007779982	1241.40002441406
2692.38314959069	1244.09997558594
2694.48563857123	1253.5
2696.58754501103	1255.80004882813
2698.6888691795	1242.59997558594
2700.78961134588	1248.69995117188
2702.8897717793	1253.30004882813
2704.98935074864	1238.19995117188
2707.08834852271	1243.5
2709.18676537009	1241.09997558594
2711.28460155925	1250
2713.38185735843	1255.19995117188
2715.47853303577	1258.90002441406
2717.57462885924	1254.09997558594
2719.67014509659	1255.90002441406
2721.76508201548	1261.80004882813
2723.85943988337	1251.40002441406
2725.95321896754	1252.40002441406
2728.04641953515	1253.80004882813
2730.13904185316	1260.30004882813
2732.23108618837	1256.19995117188
2734.32255280744	1260
2736.41344197683	1260.40002441406
2738.50375396288	1257.19995117188
2740.5934890317	1249.30004882813
2742.68264744932	1255.09997558594
2744.77122948153	1249.80004882813
2746.85923539398	1253.5
2748.94666545217	1253.5
2751.03351992142	1245.69995117188
2753.11979906688	1262.19995117188
2755.20550315355	1262.09997558594
2757.29063244624	1240.09997558594
2759.37518720963	1249.90002441406
2761.45916770819	1248.80004882813
2763.54257420625	1250.80004882813
2765.62540696797	1257.5
2767.70766625733	1245.19995117188
2769.78935233816	1244.69995117188
2771.87046547413	1249.69995117188
2773.95100592869	1244.69995117188
2776.03097396519	1258.09997558594
2778.11036984677	1249.09997558594
2780.18919383641	1248.69995117188
2782.26744619693	1248.40002441406
2784.34512719097	1253.09997558594
2786.42223708102	1247
2788.49877612937	1250.09997558594
2790.57474459816	1252.80004882813
2792.65014274937	1262.09997558594
2794.7249708448	1251.30004882813
2796.79922914607	1258.80004882813
2798.87291791465	1257.59997558594
2800.94603741181	1257.30004882813
2803.01858789869	1248
2805.09056963623	1262.09997558594
2807.1619828852	1253.19995117188
2809.23282790621	1251.59997558594
2811.30310495971	1256.80004882813
2813.37281430593	1259.30004882813
2815.441956205	1248.09997558594
2817.51053091682	1260
2819.57853870114	1252.09997558594
2821.64597981753	1255.30004882813
2823.7128545254	1267
2825.77916308399	1266.69995117188
2827.84490575233	1274.69995117188
2829.91008278933	1272.09997558594
2831.97469445369	1273.30004882813
2834.03874100395	1273.09997558594
2836.10222269847	1282.59997558594
2838.16513979544	1286.5
2840.22749255288	1286.40002441406
2842.28928122863	1291.59997558594
2844.35050608034	1317.59997558594
2846.41116736553	1343.90002441406
2848.47126534149	1348.90002441406
2850.53080026537	1351.30004882813
2852.58977239414	1358.69995117188
2854.64818198459	1371.59997558594
2856.70602929332	1366.09997558594
2858.76331457678	1374.90002441406
2860.82003809123	1383.80004882813
2862.87620009274	1400.40002441406
2864.93180083723	1403.90002441406
2866.98684058043	1404
2869.04131957789	1438.69995117188
2871.09523808497	1437.90002441406
2873.14859635689	1440.09997558594
2875.20139464866	1437.30004882813
2877.2536332151	1450.69995117188
2879.30531231091	1431.80004882813
2881.35643219054	1453.80004882813
2883.40699310831	1450.80004882813
2885.45699531834	1452.80004882813
2887.50643907457	1457.69995117188
2889.55532463077	1468.69995117188
2891.60365224053	1465.30004882813
2893.65142215724	1473.19995117188
2895.69863463414	1488.80004882813
2897.74528992426	1470.30004882813
2899.79138828046	1473.09997558594
2901.83692995544	1481.80004882813
2903.88191520168	1480.59997558594
2905.92634427151	1494.40002441406
2907.97021741706	1479.19995117188
2910.01353489027	1504.80004882813
2912.05629694294	1514.30004882813
2914.09850382663	1528.40002441406
2916.14015579276	1542.40002441406
2918.18125309254	1583.80004882813
2920.22179597702	1576.30004882813
2922.26178469705	1579.30004882813
2924.30121950329	1582.90002441406
2926.34010064624	1610.30004882813
2928.37842837619	1601.19995117188
2930.41620294326	1622.30004882813
2932.45342459737	1620.19995117188
2934.49009358828	1606.30004882813
2936.52621016555	1628.59997558594
2938.56177457854	1620.5
2940.59678707645	1590.5
2942.63124790827	1582.69995117188
2944.66515732282	1559.40002441406
2946.69851556873	1567.90002441406
2948.73132289443	1539.40002441406
2950.76357954817	1523.30004882813
2952.79528577803	1520
2954.82644183188	1499.09997558594
2956.85704795741	1500.09997558594
2958.8871044021	1483.80004882813
2960.91661141328	1484.5
2962.94556923807	1477.40002441406
2964.97397812339	1472
2967.00183831598	1463.69995117188
2969.0291500624	1466.59997558594
2971.05591360902	1476.90002441406
2973.08212920199	1473.59997558594
2975.1077970873	1465.09997558594
2977.13291751074	1455.40002441406
2979.1574907179	1449.19995117188
2981.18151695419	1431.5
2983.20499646482	1418.40002441406
2985.2279294948	1405.09997558594
2987.25031628898	1404.30004882813
2989.27215709199	1410.19995117188
2991.29345214825	1382.5
2993.31420170204	1374.5
2995.33440599738	1376.69995117188
2997.35406527816	1376.19995117188
2999.37317978802	1362.09997558594
3001.39174977045	1363.09997558594
3003.40977546872	1368
3005.42725712591	1359.80004882813
3007.44419498491	1350.30004882813
3009.4605892884	1351.30004882813
3011.47644027889	1345.90002441406
3013.49174819865	1336
3015.5065132898	1348.59997558594
3017.52073579424	1344.5
3019.53441595366	1336.19995117188
3021.54755400959	1337.09997558594
3023.56015020332	1324.09997558594
3025.57220477598	1326.19995117188
3027.58371796846	1331.30004882813
3029.5946900215	1333.80004882813
3031.6051211756	1335
3033.61501167107	1340.30004882813
3035.62436174803	1333.09997558594
3037.6331716464	1325.90002441406
3039.64144160588	1336
3041.649171866	1349.19995117188
3043.65636266607	1338.69995117188
3045.6630142452	1348.09997558594
3047.66912684229	1346.69995117188
3049.67470069605	1347.09997558594
3051.679736045	1356.90002441406
3053.68423312742	1356.80004882813
3055.68819218143	1344.5
3057.6916134449	1361.09997558594
3059.69449715556	1352.09997558594
3061.69684355086	1359
3063.6986528681	1357.69995117188
3065.69992534437	1356.90002441406
3067.70066121653	1362.5
3069.70086072126	1362.30004882813
3071.700524095	1352.30004882813
3073.69965157405	1352.69995117188
3075.69824339442	1354.80004882813
3077.69629979197	1357.80004882813
3079.69382100235	1353.30004882813
3081.69080726098	1352.69995117188
3083.68725880307	1355.09997558594
3085.68317586366	1361
3087.67855867755	1354.19995117188
3089.67340747933	1356.80004882813
3091.6677225034	1357.69995117188
3093.66150398392	1359.09997558594
3095.6547521549	1370.90002441406
3097.64746725006	1357.90002441406
3099.63964950297	1366.90002441406
3101.63129914698	1371.09997558594
3103.6224164152	1360.80004882813
3105.61300154056	1368.19995117188
3107.60305475576	1375.5
3109.59257629331	1382.59997558594
3111.58156638547	1392.19995117188
3113.57002526432	1375.30004882813
3115.55795316172	1389.30004882813
3117.54535030932	1385
3119.53221693853	1393.40002441406
3121.51855328057	1405.19995117188
3123.50435956646	1399.40002441406
3125.48963602698	1412.80004882813
3127.4743828927	1416.19995117188
3129.45860039397	1401.80004882813
3131.44228876093	1422.90002441406
3133.42544822353	1409.40002441406
3135.40807901145	1412.90002441406
3137.39018135418	1423.5
3139.37175548102	1433.80004882813
3141.35280162101	1427.19995117188
3143.33332000299	1435.40002441406
3145.31331085559	1423.69995117188
3147.2927744072	1434.40002441406
3149.27171088602	1440.90002441406
3151.25012052	1439.40002441406
3153.22800353689	1439.59997558594
3155.20536016422	1448.19995117188
3157.18219062929	1466.90002441406
3159.15849515918	1454.09997558594
3161.13427398075	1454.90002441406
3163.10952732066	1455.19995117188
3165.08425540532	1474.19995117188
3167.05845846092	1467.30004882813
3169.03213671344	1471.80004882813
3171.00529038863	1479.69995117188
3172.97791971203	1479.80004882813
3174.95002490893	1469.69995117188
3176.92160620443	1490.80004882813
3178.89266382337	1493.40002441406
3180.8631979904	1506.59997558594
3182.83320892991	1505.59997558594
3184.80269686609	1493
3186.77166202289	1486.69995117188
3188.74010462406	1493.69995117188
3190.70802489307	1510.5
3192.67542305323	1529.09997558594
3194.64229932757	1516.80004882813
3196.60865393892	1522.90002441406
3198.57448710987	1533.30004882813
3200.53979906279	1521.69995117188
3202.50459001981	1525
3204.46886020284	1514.40002441406
3206.43260983356	1536.09997558594
3208.39583913341	1527
3210.35854832362	1543.19995117188
3212.32073762517	1538.59997558594
3214.28240725881	1540.80004882813
3216.24355744508	1532.5
3218.20418840426	1541.5
3220.16430035642	1536.40002441406
3222.12389352137	1558.30004882813
3224.08296811873	1560.80004882813
3226.04152436784	1567.69995117188
3227.99956248784	1567.69995117188
3229.95708269762	1543.40002441406
3231.91408521584	1572.80004882813
3233.87057026092	1577.19995117188
3235.82653805105	1567.80004882813
3237.78198880419	1573.09997558594
3239.73692273806	1553.30004882813
3241.69134007013	1552.30004882813
3243.64524101764	1576
3245.59862579761	1582.90002441406
3247.55149462681	1554.19995117188
3249.50384772176	1573.19995117188
3251.45568529877	1589
3253.40700757387	1591.80004882813
3255.35781476288	1579.09997558594
3257.3081070814	1588
3259.25788474473	1599.30004882813
3261.20714796799	1580.80004882813
3263.15589696602	1589.80004882813
3265.10413195345	1589.09997558594
3267.05185314463	1592.19995117188
3268.9990607537	1585.59997558594
3270.94575499455	1600.30004882813
3272.89193608081	1590.30004882813
3274.8376042259	1607.90002441406
3276.78275964296	1607.90002441406
3278.72740254492	1591.30004882813
3280.67153314443	1600.09997558594
3282.61515165393	1600.90002441406
3284.55825828559	1589.5
3286.50085325135	1589.30004882813
3288.44293676289	1583.5
3290.38450903165	1597.5
3292.32557026883	1598.19995117188
3294.26612068537	1585.59997558594
3296.20616049198	1605
3298.14568989911	1591
3300.08470911695	1598.30004882813
3302.02321835546	1595.90002441406
3303.96121782435	1599.5
3305.89870773306	1603.5
3307.83568829081	1611.90002441406
3309.77215970655	1613.90002441406
3311.70812218898	1607
3313.64357594655	1603.90002441406
3315.57852118747	1582.90002441406
3317.51295811968	1608.5
3319.44688695087	1621.09997558594
3321.38030788849	1608.59997558594
3323.31322113973	1592.5
3325.24562691152	1599.40002441406
3327.17752541055	1591.59997558594
3329.10891684322	1593.80004882813
3331.03980141573	1603.80004882813
3332.97017933399	1613.09997558594
3334.90005080364	1600.90002441406
3336.82941603011	1602.09997558594
3338.75827521852	1611.90002441406
3340.68662857377	1599.09997558594
3342.6144763005	1607.40002441406
3344.54181860308	1610.30004882813
3346.46865568561	1629.59997558594
3348.39498775195	1624.5
3350.32081500571	1620.90002441406
3352.24613765022	1611.40002441406
3354.17095588855	1614.80004882813
3356.09526992352	1607.30004882813
3358.01907995769	1630.09997558594
3359.94238619334	1619.40002441406
3361.86518883251	1618.09997558594
3363.78748807697	1610.80004882813
3365.70928412823	1618.40002441406
3367.63057718752	1621.69995117188
3369.55136745582	1632.40002441406
3371.47165513386	1614.5
3373.39144042208	1633.19995117188
3375.31072352066	1618.30004882813
3377.22950462953	1636.5
3379.14778394834	1629.5
3381.06556167648	1607.40002441406
3382.98283801308	1631.5
3384.89961315697	1635.30004882813
3386.81588730676	1632.69995117188
3388.73166066076	1636.5
3390.64693341702	1613.40002441406
3392.56170577332	1622.80004882813
3394.47597792716	1634.09997558594
3396.38975007581	1611.90002441406
3398.30302241623	1641.40002441406
3400.21579514512	1607.5
3402.1280684589	1629.5
3404.03984255374	1618.40002441406
3405.95111762553	1641.09997558594
3407.86189386987	1627.59997558594
3409.77217148212	1651.69995117188
3411.68195065733	1628.69995117188
3413.5912315903	1628.69995117188
3415.50001447556	1623.59997558594
3417.40829950735	1630.59997558594
3419.31608687963	1624.90002441406
3421.22337678611	1625.90002441406
3423.1301694202	1608.5
3425.03646497504	1620.09997558594
3426.9422636435	1623.09997558594
3428.84756561816	1630.59997558594
3430.75237109135	1620.19995117188
3432.65668025508	1627.5
3434.56049330112	1611.30004882813
3436.46381042093	1629.5
3438.36663180571	1620.5
3440.26895764638	1622.30004882813
3442.17078813357	1621.69995117188
3444.07212345762	1625
3445.97296380863	1599.09997558594
3447.87330937636	1608.19995117188
3449.77316035033	1606.30004882813
3451.67251691977	1612.30004882813
3453.57137927361	1607.59997558594
3455.46974760052	1604.90002441406
3457.36762208886	1599.90002441406
3459.26500292671	1604.59997558594
3461.16189030191	1589.40002441406
3463.05828440194	1610.40002441406
3464.95418541406	1594.19995117188
3466.84959352519	1595.59997558594
3468.74450892201	1584.80004882813
3470.63893179088	1591.5
3472.53286231788	1588.69995117188
3474.42630068881	1578.69995117188
3476.31924708918	1585.19995117188
3478.2117017042	1585.69995117188
3480.1036647188	1566
3481.99513631761	1564.19995117188
3483.88611668498	1569.19995117188
3485.77660600498	1570.09997558594
3487.66660446135	1560.59997558594
3489.55611223758	1570.19995117188
3491.44512951683	1558.09997558594
3493.333656482	1547.09997558594
3495.22169331568	1539
3497.10924020016	1549.69995117188
3498.99629731746	1546.5
3500.88286484927	1526.19995117188
3502.76894297702	1537.5
3504.65453188182	1532.5
3506.53963174449	1529.90002441406
3508.42424274555	1524.59997558594
3510.30836506524	1517.69995117188
3512.19199888349	1514.90002441406
3514.07514437992	1511.59997558594
3515.95780173387	1504.5
3517.83997112437	1504.5
3519.72165273016	1511.69995117188
3521.60284672967	1490.40002441406
3523.48355330104	1501.19995117188
3525.36377262208	1488.59997558594
3527.24350487035	1489.90002441406
3529.12275022306	1468.80004882813
3531.00150885715	1479.30004882813
3532.87978094923	1466.69995117188
3534.75756667562	1476.5
3536.63486621235	1471.59997558594
3538.51167973512	1471.30004882813
3540.38800741934	1462.40002441406
3542.26384944011	1454.19995117188
3544.13920597223	1453.90002441406
3546.01407719018	1451.30004882813
3547.88846326815	1455.80004882813
3549.76236438002	1453.59997558594
3551.63578069934	1437.80004882813
3553.50871239938	1444.30004882813
3555.38115965309	1433.80004882813
3557.25312263311	1436.40002441406
3559.12460151177	1438.90002441406
3560.99559646109	1432.19995117188
3562.86610765279	1430.5
3564.73613525825	1425.90002441406
3566.60567944857	1429
3568.47474039453	1425
3570.34331826658	1424.40002441406
3572.21141323487	1423.80004882813
3574.07902546925	1403.30004882813
3575.94615513922	1403.30004882813
3577.81280241401	1405.19995117188
3579.67896746249	1402.19995117188
3581.54465045325	1407.09997558594
3583.40985155455	1406.90002441406
3585.27457093432	1408.30004882813
3587.1388087602	1387.90002441406
3589.00256519949	1395.09997558594
3590.86584041919	1404.19995117188
3592.72863458597	1398.5
3594.59094786618	1382.90002441406
3596.45278042585	1388.90002441406
3598.31413243069	1405.69995117188
3600.17500404611	1380.40002441406
3602.03539543717	1376.90002441406
3603.89530676861	1369.69995117188
3605.75473820488	1366.40002441406
3607.61368991007	1372.5
3609.47216204797	1379.40002441406
3611.33015478203	1363.19995117188
3613.18766827539	1369.40002441406
3615.04470269087	1364.5
3616.90125819094	1350.5
3618.75733493776	1353.30004882813
3620.61293309318	1358.80004882813
3622.46805281869	1351.69995117188
3624.32269427547	1343.09997558594
3626.17685762439	1351.5
3628.03054302596	1354.80004882813
3629.88375064038	1349.80004882813
3631.73648062751	1348.40002441406
3633.5887331469	1336
3635.44050835775	1340.5
3637.29180641893	1334.80004882813
3639.14262748899	1337.19995117188
3640.99297172614	1347.40002441406
3642.84283928828	1322.5
3644.69223033294	1328.90002441406
3646.54114501734	1318.09997558594
3648.38958349836	1322
3650.23754593256	1324.30004882813
3652.08503247614	1321.09997558594
3653.93204328497	1310
3655.77857851462	1310.59997558594
3657.62463832028	1301.30004882813
3659.47022285682	1304.09997558594
3661.31533227877	1304.5
3663.15996674033	1301.19995117188
3665.00412639535	1289.19995117188
3666.84781139736	1298.09997558594
3668.69102189953	1289.5
3670.5337580547	1289.5
3672.37602001537	1282.80004882813
3674.21780793368	1279.30004882813
3676.05912196148	1280.59997558594
3677.89996225021	1265.30004882813
3679.74032895103	1272.5
3681.58022221471	1269.40002441406
3683.41964219171	1264.5
3685.25858903211	1261.59997558594
3687.0970628857	1264
3688.93506390186	1257.30004882813
3690.77259222968	1255.59997558594
3692.60964801787	1258.59997558594
3694.44623141481	1266.5
3696.28234256853	1252.19995117188
3698.11798162669	1243.90002441406
3699.95314873665	1255.19995117188
3701.78784404537	1252
3703.62206769951	1247
3705.45581984533	1239.80004882813
3707.28910062877	1247
3709.12191019542	1245.30004882813
3710.95424869052	1241.80004882813
3712.78611625894	1243.30004882813
3714.6175130452	1239.19995117188
3716.44843919349	1243.59997558594
3718.27889484764	1239.5
3720.1088801511	1240.90002441406
3721.93839524699	1240
3723.76744027808	1242.19995117188
3725.59601538677	1239.30004882813
3727.4241207151	1226.30004882813
