40.2973356941271	1128.80004882813
43.2236257608418	1130
46.1488808466109	1129
49.0731017336173	1131.69995117188
51.9962892025666	1131.5
54.9184440327569	1133.30004882813
57.8395670020446	1134.59997558594
60.7596588868509	1138.09997558594
63.6787204621708	1137.40002441406
66.5967525015794	1139.40002441406
69.5137557772381	1143.19995117188
72.4297310598838	1150.69995117188
75.3446791188512	1159.90002441406
78.2586007220466	1158.09997558594
81.1714966360015	1176.59997558594
84.0833676258266	1183.69995117188
86.994214455242	1198.59997558594
89.9040378865662	1211.19995117188
92.8128386807427	1227.69995117188
95.7206175973133	1232
98.6273753944444	1237.5
101.533112828928	1239
104.437830656161	1243
107.34152963018	1241.09997558594
110.244210503676	1233.19995117188
113.145874027931	1227.5
116.046520952895	1230.80004882813
118.946152027154	1221.90002441406
121.844767997933	1229
124.74236961111	1214.69995117188
127.638957611212	1223.5
130.534532741422	1215.30004882813
133.429095743606	1215.5
136.322647358252	1213.80004882813
139.215188324544	1217.69995117188
142.106719380311	1216.69995117188
144.997241262089	1213.59997558594
147.886754705057	1211.59997558594
150.775260443096	1211.19995117188
153.662759208748	1220
156.549251733282	1204.59997558594
159.434738746612	1205.19995117188
162.319220977376	1199.90002441406
165.20269915289	1202.59997558594
168.085173999178	1204.5
170.966646240977	1200.5
173.847116601709	1201.09997558594
176.726585803528	1195.40002441406
179.605054567295	1198.90002441406
182.48252361259	1195.5
185.358993657701	1198
188.234465419645	1197.59997558594
191.108939614183	1194.19995117188
193.982416955795	1193.5
196.854898157687	1191.5
199.726383931801	1193.90002441406
202.596874988835	1200.30004882813
205.466372038225	1191.5
208.334875788145	1190.30004882813
211.202386945534	1190.40002441406
214.068906216069	1187.30004882813
216.934434304194	1185.80004882813
219.798971913111	1184.80004882813
222.662519744776	1186.30004882813
225.525078499925	1183.80004882813
228.386648878069	1187.09997558594
231.247231577465	1186.59997558594
234.106827295172	1191.5
236.965436727012	1178.19995117188
239.823060567597	1184
242.679699510337	1186.69995117188
245.535354247396	1178.09997558594
248.390025469775	1183.80004882813
251.243713867223	1177.69995117188
254.096420128327	1177.80004882813
256.948144940459	1175
259.798888989788	1176.80004882813
262.648652961315	1173.69995117188
265.49743753883	1181.09997558594
268.345243404939	1177.09997558594
271.192071241073	1177.90002441406
274.037921727485	1176
276.882795543246	1179.19995117188
279.72669336624	1173.80004882813
282.569615873213	1171
285.411563739724	1174.80004882813
288.252537640165	1178
291.092538247763	1175
293.931566234616	1171.80004882813
296.769622271633	1171.30004882813
299.606707028594	1171.69995117188
302.442821174104	1171.19995117188
305.277965375652	1172.80004882813
308.112140299574	1172
310.945346611062	1171.19995117188
313.777584974167	1170.09997558594
316.608856051813	1169.59997558594
319.439160505797	1169.19995117188
322.268498996783	1169.40002441406
325.096872184303	1172
327.924280726782	1170.19995117188
330.750725281521	1173.90002441406
333.576206504693	1169.09997558594
336.400725051388	1172.59997558594
339.224281575542	1175.59997558594
342.046876730026	1173.5
344.868511166586	1175.69995117188
347.689185535872	1168.69995117188
350.508900487421	1169.59997558594
353.327656669699	1166.19995117188
356.145454730079	1170.80004882813
358.962295314817	1166.30004882813
361.778179069105	1172.80004882813
364.593106637051	1165.59997558594
367.407078661675	1170.40002441406
370.220095784913	1172.19995117188
373.032158647655	1172.90002441406
375.843267889676	1169
378.653424149715	1168.5
381.462628065436	1168.90002441406
384.270880273432	1171.5
387.078181409254	1172.80004882813
389.884532107358	1170.09997558594
392.689933001188	1170.40002441406
395.494384723112	1167.59997558594
398.29788790445	1172
401.100443175488	1172
403.902051165437	1168.5
406.702712502518	1166.80004882813
409.502427813866	1170.30004882813
412.301197725607	1169.80004882813
415.099022862823	1167.90002441406
417.89590384957	1172
420.691841308876	1168.19995117188
423.486835862752	1169.09997558594
426.280888132173	1168.19995117188
429.073998737112	1171.40002441406
431.866168296507	1170.69995117188
434.657397428298	1168.40002441406
437.447686749412	1173.30004882813
440.237036875762	1169.30004882813
443.025448422257	1172.19995117188
445.812922002813	1168.19995117188
448.599458230326	1169.40002441406
451.38505771672	1171
454.169721072909	1169.40002441406
456.953448908819	1173.80004882813
459.736241833384	1173.30004882813
462.518100454555	1172.09997558594
465.2990253793	1169.09997558594
468.079017213605	1168.30004882813
470.858076562476	1170.40002441406
473.636204029939	1171.19995117188
476.41340021906	1166.80004882813
479.189665731938	1172.90002441406
481.965001169667	1169.09997558594
484.739407132419	1176.40002441406
487.512884219391	1167.09997558594
490.285433028796	1173.30004882813
493.057054157921	1170.5
495.827748203087	1172.69995117188
498.597515759658	1171.09997558594
501.366357422061	1171.09997558594
504.134273783759	1173
506.901265437278	1171.59997558594
509.66733297421	1173.90002441406
512.432476985198	1171.09997558594
515.196698059945	1169.30004882813
517.959996787225	1170.90002441406
520.722373754895	1175.09997558594
523.483829549856	1179.30004882813
526.24436475811	1170.09997558594
529.003979964696	1171.59997558594
531.762675753779	1172
534.520452708569	1169
537.277311411375	1174.19995117188
540.03325244359	1174.5
542.788276385682	1170.19995117188
545.54238381725	1174.90002441406
548.295575316938	1171.90002441406
551.047851462516	1173.80004882813
553.799212830831	1174.80004882813
556.549659997851	1171.80004882813
559.299193538643	1172.90002441406
562.047814027381	1176.09997558594
564.795522037318	1168.5
567.542318140861	1170.40002441406
570.288202909507	1169.40002441406
573.033176913873	1172.5
575.7772407237	1167.09997558594
578.520394907829	1175.69995117188
581.26264003424	1171.30004882813
584.003976670046	1169.90002441406
586.744405381469	1172.09997558594
589.483926733869	1171.5
592.222541291746	1172.5
594.96024961872	1170.40002441406
597.697052277563	1176.90002441406
600.432949830166	1170.59997558594
603.167942837587	1167
605.902031860012	1171
608.635217456783	1171
611.367500186378	1168.90002441406
614.098880606429	1170.90002441406
616.82935927374	1163.69995117188
619.558936744248	1173.90002441406
622.287613573072	1168.40002441406
625.015390314457	1173.59997558594
627.742267521848	1170.59997558594
630.468245747829	1168.30004882813
633.193325544166	1173.80004882813
635.917507461792	1172.69995117188
638.640792050804	1172.5
641.36317986048	1175.80004882813
644.084671439281	1165.5
646.805267334845	1173.09997558594
649.524968093967	1173.90002441406
652.24377426266	1164.09997558594
654.961686386106	1169.40002441406
657.678705008678	1172.59997558594
660.394830673939	1174
663.110063924628	1176
665.824405302728	1169.40002441406
668.537855349351	1172.30004882813
671.250414604863	1171.5
673.962083608812	1170.90002441406
676.672862899949	1172.80004882813
679.382753016218	1174.69995117188
682.091754494801	1174.59997558594
684.799867872061	1172.19995117188
687.507093683595	1177.5
690.213432464198	1173.59997558594
692.918884747899	1166.09997558594
695.623451067937	1170.69995117188
698.327131956755	1166.30004882813
701.029927946065	1177.59997558594
703.731839566754	1173
706.43286734896	1174.69995117188
709.133011822067	1167.19995117188
711.832273514658	1174.40002441406
714.53065295457	1175.09997558594
717.228150668879	1178
719.924767183889	1170.19995117188
722.620503025148	1173.90002441406
725.315358717446	1172.59997558594
728.009334784827	1175.09997558594
730.702431750559	1175.5
733.394650137188	1172.19995117188
736.085990466498	1175
738.776453259519	1173.69995117188
741.466039036542	1171
744.154748317125	1174.59997558594
746.842581620074	1176.30004882813
749.529539463458	1178.30004882813
752.215622364608	1178.80004882813
754.900830840131	1184.30004882813
757.585165405892	1180.59997558594
760.26862657703	1180.59997558594
762.951214867957	1172.59997558594
765.632930792356	1181.90002441406
768.313774863181	1172.5
770.993747592673	1173.80004882813
773.672849492359	1172
776.351081073017	1178.40002441406
779.028442844757	1175.09997558594
781.704935316928	1180.09997558594
784.380558998208	1172.69995117188
787.055314396528	1175.19995117188
789.729202019141	1173.09997558594
792.402222372581	1173
795.074375962669	1172.19995117188
797.745663294537	1177.59997558594
800.416084872622	1172.80004882813
803.085641200652	1170.90002441406
805.754332781664	1169.09997558594
808.422160117986	1173.90002441406
811.089123711292	1170.40002441406
813.75522406252	1175.5
816.420461671951	1178.5
819.084837039164	1171.5
821.748350663067	1173.59997558594
824.411003041866	1173.40002441406
827.072794673116	1178.09997558594
829.733726053668	1175.80004882813
832.39379767971	1176.40002441406
835.05301004674	1176.30004882813
837.711363649601	1178.09997558594
840.368858982457	1171.69995117188
843.025496538805	1171.5
845.681276811467	1177.69995117188
848.336200292618	1179.09997558594
850.99026747375	1181.30004882813
853.643478845713	1177.5
856.29583489868	1174.09997558594
858.947336122176	1182.69995117188
861.59798300506	1184.90002441406
864.247776035556	1178.09997558594
866.896715701222	1179.40002441406
869.544802488959	1177.40002441406
872.192036885046	1173.40002441406
874.838419375087	1176.59997558594
877.483950444054	1179.30004882813
880.128630576285	1178
882.772460255461	1176.19995117188
885.415439964628	1177.30004882813
888.057570186211	1180.40002441406
890.698851401966	1177.40002441406
893.339284093045	1180.30004882813
895.978868739961	1175.69995117188
898.617605822596	1179.69995117188
901.255495820196	1180
903.892539211396	1183
906.528736474184	1175.09997558594
909.164088085949	1177.80004882813
911.798594523442	1179.30004882813
914.432256262804	1181.5
917.065073779549	1178.09997558594
919.697047548589	1176.19995117188
922.328178044212	1182.59997558594
924.9584657401	1177.5
927.587911109317	1176.69995117188
930.216514624317	1182
932.844276756963	1177.30004882813
935.471197978488	1180.5
938.097278759538	1187.59997558594
940.722519570163	1186.5
943.346920879798	1180
945.97048315729	1178.90002441406
948.593206870885	1181.5
951.215092488219	1184.19995117188
953.836140476366	1177.59997558594
956.456351301787	1185.59997558594
959.07572543037	1180.59997558594
961.694263327369	1182
964.311965457521	1184.5
966.928832284933	1176.30004882813
969.544864273135	1178.80004882813
972.160061885076	1184
974.774425583129	1181.90002441406
977.387955829099	1181.09997558594
980.000653084196	1178.80004882813
982.612517809061	1176.90002441406
985.223550463768	1180.09997558594
987.833751507819	1181
990.443121400135	1177.19995117188
993.051660599081	1188.09997558594
995.659369562449	1175.90002441406
998.266248747469	1175.69995117188
1000.87229861081	1182.90002441406
1003.47751960857	1181.69995117188
1006.0819121963	1183.59997558594
1008.68547682897	1184.69995117188
1011.28821396104	1174.30004882813
1013.89012404635	1181.59997558594
1016.49120753824	1179
1019.09146488947	1182.69995117188
1021.69089655226	1179.69995117188
1024.28950297827	1176.90002441406
1026.88728461863	1178.5
1029.48424192392	1174.80004882813
1032.08037534416	1180.09997558594
1034.67568532886	1182.80004882813
1037.27017232694	1172.90002441406
1039.86383678682	1181.90002441406
1042.45667915637	1182
1045.04869988293	1175.30004882813
1047.6398994133	1177.5
1050.23027819374	1179.69995117188
1052.81983666998	1180.80004882813
1055.40857528724	1179.40002441406
1057.99649449018	1179.19995117188
1060.58359472296	1177.30004882813
1063.1698764292	1181.59997558594
1065.755340052	1178.19995117188
1068.33998603393	1181.30004882813
1070.92381481706	1180
1073.50682684291	1179.80004882813
1076.08902255251	1182.90002441406
1078.67040238637	1182
1081.25096678445	1180.5
1083.83071618624	1181.90002441406
1086.4096510307	1178.30004882813
1088.98777175629	1184
1091.56507880094	1183.80004882813
1094.14157260208	1180.09997558594
1096.71725359664	1182
1099.29212222106	1181.69995117188
1101.86617891125	1176.69995117188
1104.43942410262	1181
1107.01185823011	1183
1109.58348172812	1176.80004882813
1112.15429503057	1178.90002441406
1114.7242985709	1177.09997558594
1117.29349278203	1173.19995117188
1119.86187809642	1179.40002441406
1122.42945494599	1179.30004882813
1124.99622376222	1179.69995117188
1127.56218497606	1179
1130.12733901801	1176
1132.69168631804	1184.19995117188
1135.25522730568	1181.19995117188
1137.81796240995	1176.09997558594
1140.37989205941	1177.5
1142.9410166821	1177.80004882813
1145.50133670561	1180.40002441406
1148.06085255708	1173.09997558594
1150.61956466311	1174.80004882813
1153.17747344987	1176.80004882813
1155.73457934305	1184.59997558594
1158.29088276786	1175.59997558594
1160.84638414903	1175.80004882813
1163.40108391085	1177.69995117188
1165.95498247711	1178.69995117188
1168.50808027116	1179.80004882813
1171.06037771587	1175.40002441406
1173.61187523364	1177.80004882813
1176.16257324643	1182.59997558594
1178.71247217573	1173.30004882813
1181.26157244255	1178.09997558594
1183.80987446746	1178.5
1186.35737867059	1182.30004882813
1188.90408547157	1177.59997558594
1191.44999528961	1176
1193.99510854347	1176.80004882813
1196.53942565142	1175.5
1199.08294703133	1182.09997558594
1201.62567310057	1172.40002441406
1204.16760427611	1180.19995117188
1206.70874097445	1179.40002441406
1209.24908361163	1181.40002441406
1211.78863260327	1184.59997558594
1214.32738836454	1181.30004882813
1216.86535131017	1185.19995117188
1219.40252185445	1177.90002441406
1221.93890041121	1178.09997558594
1224.47448739389	1182.5
1227.00928321544	1184.09997558594
1229.54328828842	1180.40002441406
1232.07650302491	1186.30004882813
1234.60892783662	1179.59997558594
1237.14056313477	1179.80004882813
1239.67140933017	1182.5
1242.2014668332	1181.09997558594
1244.73073605384	1185.5
1247.25921740159	1190.80004882813
1249.78691128558	1186.5
1252.31381811448	1189.59997558594
1254.83993829655	1185.69995117188
1257.36527223962	1176.90002441406
1259.88982035112	1180.69995117188
1262.41358303803	1183.30004882813
1264.93656070696	1187.30004882813
1267.45875376405	1188.90002441406
1269.98016261505	1185
1272.50078766531	1183.90002441406
1275.02062931974	1184.19995117188
1277.53968798285	1190.69995117188
1280.05796405875	1183.09997558594
1282.57545795112	1186.30004882813
1285.09217006325	1185.30004882813
1287.60810079802	1188.69995117188
1290.12325055788	1182.40002441406
1292.63761974492	1186.40002441406
1295.15120876079	1188.30004882813
1297.66401800676	1192.40002441406
1300.17604788367	1182.90002441406
1302.687298792	1189.59997558594
1305.19777113181	1183.90002441406
1307.70746530274	1188.30004882813
1310.21638170408	1186.5
1312.7245207347	1185.80004882813
1315.23188279307	1188.09997558594
1317.73846827728	1192.30004882813
1320.24427758502	1187.59997558594
1322.74931111359	1191.09997558594
1325.25356925991	1187.30004882813
1327.75705242051	1184.30004882813
1330.25976099151	1187
1332.76169536868	1189.90002441406
1335.26285594737	1187
1337.76324312256	1186
1340.26285728887	1192.69995117188
1342.76169884052	1188.90002441406
1345.25976817132	1188.5
1347.75706567474	1183.19995117188
1350.25359174387	1186.80004882813
1352.74934677141	1188.30004882813
1355.24433114968	1188.19995117188
1357.73854527062	1185.59997558594
1360.23198952583	1184.90002441406
1362.7246643065	1178.5
1365.21657000347	1182.59997558594
1367.7077070072	1176.19995117188
1370.19807570777	1174.09997558594
1372.68767649492	1181
1375.176509758	1173.5
1377.66457588599	1177.59997558594
1380.15187526753	1179.69995117188
1382.63840829087	1181.30004882813
1385.1241753439	1179.69995117188
1387.60917681417	1175.90002441406
1390.09341308884	1181.80004882813
1392.57688455474	1180.90002441406
1395.05959159829	1183
1397.54153460562	1186.30004882813
1400.02271396243	1182.90002441406
1402.50313005414	1180.5
1404.98278326576	1184.69995117188
1407.46167398196	1186.59997558594
1409.93980258707	1185.69995117188
1412.41716946504	1184.19995117188
1414.89377499951	1186.5
1417.36961957373	1187.30004882813
1419.84470357062	1180.80004882813
1422.31902737275	1184.90002441406
1424.79259136235	1182.40002441406
1427.26539592129	1183.5
1429.73744143111	1183.09997558594
1432.20872827299	1189.69995117188
1434.67925682777	1182
1437.14902747597	1192.09997558594
1439.61804059773	1187.19995117188
1442.0862965729	1189.69995117188
1444.55379578093	1193.30004882813
1447.02053860099	1198.19995117188
1449.48652541188	1194.59997558594
1451.95175659206	1190.19995117188
1454.41623251969	1194.59997558594
1456.87995357255	1197.59997558594
1459.34292012811	1188.09997558594
1461.80513256351	1186.5
1464.26659125557	1193.30004882813
1466.72729658073	1186.59997558594
1469.18724891517	1186.69995117188
1471.64644863469	1182
1474.10489611478	1183.90002441406
1476.5625917306	1178.69995117188
1479.01953585699	1182.30004882813
1481.47572886844	1182.09997558594
1483.93117113917	1177.90002441406
1486.38586304302	1176.59997558594
1488.83980495354	1180
1491.29299724395	1175.5
1493.74544028715	1171.40002441406
1496.19713445573	1176.90002441406
1498.64808012193	1176.80004882813
1501.09827765772	1172.59997558594
1503.54772743471	1180.40002441406
1505.99642982421	1179
1508.44438519723	1182.19995117188
1510.89159392446	1172.80004882813
1513.33805637625	1176.40002441406
1515.78377292266	1180.59997558594
1518.22874393346	1181.80004882813
1520.67296977806	1181.5
1523.11645082559	1179.80004882813
1525.55918744488	1177.5
1528.00118000444	1175.59997558594
1530.44242887245	1177
1532.88293441684	1179
1535.32269700517	1181.69995117188
1537.76171700475	1176.19995117188
1540.19999478255	1178.59997558594
1542.63753070526	1173.09997558594
1545.07432513925	1176.5
1547.5103784506	1179.80004882813
1549.94569100509	1178.30004882813
1552.38026316819	1180.69995117188
1554.8140953051	1181.5
1557.24718778067	1174.09997558594
1559.67954095952	1180.69995117188
1562.11115520592	1183.59997558594
1564.54203088386	1177.5
1566.97216835704	1175.30004882813
1569.40156798888	1175.69995117188
1571.83023014248	1178.30004882813
1574.25815518067	1184.09997558594
1576.68534346597	1181.90002441406
1579.11179536062	1177.40002441406
1581.53751122658	1180.80004882813
1583.9624914255	1180.40002441406
1586.38673631876	1181.09997558594
1588.81024626745	1180.90002441406
1591.23302163235	1179.40002441406
1593.655062774	1179.90002441406
1596.07637005262	1182.69995117188
1598.49694382815	1182.19995117188
1600.91678446025	1177.90002441406
1603.33589230831	1187.19995117188
1605.75426773142	1179.30004882813
1608.1719110884	1189.90002441406
1610.58882273779	1182.80004882813
1613.00500303784	1185.09997558594
1615.42045234654	1182.30004882813
1617.83517102158	1190.40002441406
1620.24915942039	1184.69995117188
1622.66241790012	1186.5
1625.07494681764	1182.59997558594
1627.48674652954	1185.19995117188
1629.89781739216	1195.59997558594
1632.30815976152	1191.40002441406
1634.71777399343	1183.80004882813
1637.12666044338	1196.19995117188
1639.53481946661	1193
1641.94225141808	1186.90002441406
1644.34895665248	1190.69995117188
1646.75493552424	1197.59997558594
1649.16018838752	1192.19995117188
1651.56471559621	1197.80004882813
1653.96851750392	1189.59997558594
1656.37159446403	1196.40002441406
1658.7739468296	1198.09997558594
1661.17557495349	1195.40002441406
1663.57647918824	1196.19995117188
1665.97665988617	1192.69995117188
1668.37611739929	1193.30004882813
1670.77485207939	1188
1673.17286427799	1193.09997558594
1675.57015434633	1187.30004882813
1677.96672263542	1188.5
1680.36256949598	1182.30004882813
1682.7576952785	1184.40002441406
1685.15210033318	1182.40002441406
1687.54578501	1183.19995117188
1689.93874965866	1177.59997558594
1692.33099462861	1181.40002441406
1694.72252026904	1178.69995117188
1697.11332692889	1176.19995117188
1699.50341495686	1174.90002441406
1701.89278470137	1180.09997558594
1704.28143651061	1177.80004882813
1706.66937073251	1173.80004882813
1709.05658771473	1181.30004882813
1711.44308780473	1171.80004882813
1713.82887134968	1171.69995117188
1716.21393869648	1178.40002441406
1718.59829019185	1175.40002441406
1720.98192618221	1180.30004882813
1723.36484701374	1173.09997558594
1725.74705303238	1174.19995117188
1728.12854458384	1171.40002441406
1730.50932201356	1174.40002441406
1732.88938566673	1176.59997558594
1735.26873588834	1176.5
1737.64737302307	1180.59997558594
1740.02529741544	1170
1742.40250940964	1171.40002441406
1744.77900934969	1175.59997558594
1747.15479757933	1173.90002441406
1749.52987444206	1176.59997558594
1751.90424028116	1177.5
1754.27789543967	1170.30004882813
1756.65084026037	1175
1759.02307508582	1172.90002441406
1761.39460025833	1171.09997558594
1763.76541612	1173.30004882813
1766.13552301265	1173
1768.50492127791	1175.90002441406
1770.87361125714	1172.09997558594
1773.2415932915	1171.90002441406
1775.60886772188	1168.30004882813
1777.97543488896	1173.90002441406
1780.34129513318	1172.80004882813
1782.70644879475	1170.90002441406
1785.07089621365	1177.59997558594
1787.43463772964	1170.09997558594
1789.7976736822	1167.40002441406
1792.16000441066	1171.40002441406
1794.52163025405	1175.19995117188
1796.88255155121	1176.59997558594
1799.24276864074	1178.30004882813
1801.60228186102	1174
1803.96109155019	1177.80004882813
1806.31919804618	1166.80004882813
1808.67660168668	1167.19995117188
1811.03330280916	1167.90002441406
1813.38930175088	1173.09997558594
1815.74459884884	1175.40002441406
1818.09919443984	1172.90002441406
1820.45308886047	1174.59997558594
1822.80628244708	1167.69995117188
1825.1587755358	1174.5
1827.51056846254	1175.59997558594
1829.86166156297	1171.80004882813
1832.21205517258	1175.80004882813
1834.56174962661	1172.30004882813
1836.91074526009	1173.80004882813
1839.25904240783	1175.5
1841.60664140443	1170.80004882813
1843.95354258425	1175.69995117188
1846.29974628146	1174
1848.64525282998	1175.40002441406
1850.99006256356	1166.19995117188
1853.3341758157	1171.59997558594
1855.67759291968	1171.59997558594
1858.02031420858	1175.09997558594
1860.36234001528	1180.09997558594
1862.70367067241	1171
1865.04430651244	1167.30004882813
1867.38424786755	1173.19995117188
1869.72349506978	1175.69995117188
1872.06204845094	1179.19995117188
1874.39990834258	1166.09997558594
1876.73707507612	1176.59997558594
1879.07354898269	1168.30004882813
1881.40933039328	1168.5
1883.74441963861	1173.09997558594
1886.07881704925	1171.5
1888.41252295551	1172.90002441406
1890.74553768751	1172.30004882813
1893.07786157519	1171.5
1895.40949494822	1173.19995117188
1897.74043813615	1169.59997558594
1900.07069146823	1169
1902.40025527357	1168.40002441406
1904.72912988106	1168.80004882813
1907.05731561938	1175
1909.38481281699	1175.69995117188
1911.71162180217	1172.80004882813
1914.037742903	1171.09997558594
1916.36317644734	1167.30004882813
1918.68792276284	1165.80004882813
1921.01198217697	1172.59997558594
1923.33535501699	1174.90002441406
1925.65804160996	1167.40002441406
1927.98004228273	1172.09997558594
1930.30135736196	1169.40002441406
1932.6219871741	1168.30004882813
1934.94193204543	1178.5
1937.26119230198	1175.69995117188
1939.57976826962	1172.40002441406
1941.89766027402	1170.69995117188
1944.21486864062	1171.30004882813
1946.53139369472	1174
1948.84723576137	1174.59997558594
1951.16239516543	1177.69995117188
1953.47687223159	1172.69995117188
1955.79066728434	1167.90002441406
1958.10378064794	1178.30004882813
1960.4162126465	1169.40002441406
1962.7279636039	1170.09997558594
1965.03903384385	1172.80004882813
1967.34942368987	1171.30004882813
1969.65913346524	1177.19995117188
1971.96816349311	1170.19995117188
1974.2765140964	1176
1976.58418559784	1174.90002441406
1978.89117831997	1172
1981.19749258516	1174.19995117188
1983.50312871555	1176
1985.80808703313	1172
1988.11236785967	1164.90002441406
1990.41597151676	1169.69995117188
1992.71889832581	1174.19995117188
1995.02114860801	1172.69995117188
1997.3227226844	1171.59997558594
1999.62362087581	1176.59997558594
2001.92384350288	1168.30004882813
2004.22339088608	1175.40002441406
2006.52226334567	1174
2008.82046120173	1172.19995117188
2011.11798477417	1176
2013.41483438269	1171.80004882813
2015.71101034681	1179.30004882813
2018.00651298588	1175.09997558594
2020.30134261905	1175.80004882813
2022.59549956528	1177.59997558594
2024.88898414337	1169.59997558594
2027.1817966719	1170.69995117188
2029.4739374693	1167.40002441406
2031.76540685379	1175.30004882813
2034.05620514342	1173.5
2036.34633265607	1176.19995117188
2038.6357897094	1169.30004882813
2040.92457662092	1177.19995117188
2043.21269370795	1173.09997558594
2045.50014128763	1169.40002441406
2047.78691967691	1173.40002441406
2050.07302919256	1169
2052.35847015118	1178
2054.64324286919	1171.19995117188
2056.9273476628	1176.90002441406
2059.21078484808	1173
2061.4935547409	1173.80004882813
2063.77565765696	1172.59997558594
2066.05709391176	1171.59997558594
2068.33786382065	1177.19995117188
2070.61796769879	1170.5
2072.89740586116	1168.80004882813
2075.17617862255	1174.5
2077.45428629759	1170.5
2079.73172920075	1173.59997558594
2082.00850764627	1170.59997558594
2084.28462194827	1167.30004882813
2086.56007242065	1174.59997558594
2088.83485937717	1177.80004882813
2091.10898313139	1181.30004882813
2093.3824439967	1176.09997558594
2095.65524228632	1175.30004882813
2097.92737831328	1172
2100.19885239047	1172.80004882813
2102.46966483057	1178.09997558594
2104.7398159461	1175.90002441406
2107.00930604941	1169.19995117188
2109.27813545267	1173
2111.54630446787	1175.5
2113.81381340685	1173.30004882813
2116.08066258126	1172.19995117188
2118.34685230257	1180.40002441406
2120.61238288211	1174.90002441406
2122.87725463099	1174.40002441406
2125.1414678602	1172.30004882813
2127.40502288052	1175.59997558594
2129.66792000257	1171.59997558594
2131.93015953682	1176.69995117188
2134.19174179353	1175.90002441406
2136.45266708282	1173.19995117188
2138.71293571463	1174.19995117188
2140.97254799873	1170.59997558594
2143.23150424473	1166.80004882813
2145.48980476205	1170.30004882813
2147.74744985996	1177.40002441406
2150.00443984754	1174.19995117188
2152.26077503373	1171.19995117188
2154.51645572728	1176.80004882813
2156.77148223677	1172
2159.02585487064	1176
2161.27957393713	1173.40002441406
2163.53263974432	1175.59997558594
2165.78505260012	1171.40002441406
2168.0368128123	1170
2170.28792068844	1168.80004882813
2172.53837653595	1174.90002441406
2174.78818066207	1170.59997558594
2177.03733337389	1170.80004882813
2179.28583497833	1172.59997558594
2181.53368578214	1176.69995117188
2183.78088609192	1174.19995117188
2186.02743621406	1175.09997558594
2188.27333645484	1170.5
2190.51858712033	1174.09997558594
2192.76318851646	1167.90002441406
2195.00714094901	1173.40002441406
2197.25044472354	1172.80004882813
2199.49310014551	1173.09997558594
2201.73510752018	1172.90002441406
2203.97646715265	1166
2206.21717934786	1174.30004882813
2208.45724441058	1173
2210.69666264543	1170.69995117188
2212.93543435686	1176.40002441406
2215.17355984914	1172.09997558594
2217.41103942642	1167
2219.64787339264	1170
2221.8840620516	1165.69995117188
2224.11960570695	1165
2226.35450466215	1169
2228.58875922051	1173.69995117188
2230.82236968518	1173.09997558594
2233.05533635916	1175.19995117188
2235.28765954527	1177.69995117188
2237.51933954617	1173.09997558594
2239.75037666437	1169.30004882813
2241.98077120221	1173.19995117188
2244.21052346188	1174.5
2246.4396337454	1179.69995117188
2248.66810235461	1176.5
2250.89592959125	1170.30004882813
2253.12311575681	1172.19995117188
2255.34966115272	1176
2257.57556608017	1173.80004882813
2259.80083084023	1171.40002441406
2262.02545573381	1168.90002441406
2264.24944106163	1172.40002441406
2266.47278712429	1170.09997558594
2268.69549422221	1174.69995117188
2270.91756265564	1173.30004882813
2273.1389927247	1169.59997558594
2275.35978472934	1173.69995117188
2277.57993896933	1172.80004882813
2279.79945574431	1172.40002441406
2282.01833535375	1175.59997558594
2284.23657809696	1172.90002441406
2286.45418427309	1173.09997558594
2288.67115418114	1174.30004882813
2290.88748811995	1173.5
2293.10318638819	1174.09997558594
2295.3182492844	1167.69995117188
2297.53267710693	1175
2299.746470154	1169.69995117188
2301.95962872364	1175.80004882813
2304.17215311376	1169.40002441406
2306.3840436221	1172.30004882813
2308.59530054621	1165.69995117188
2310.80592418354	1167
2313.01591483134	1172.69995117188
2315.22527278673	1171.90002441406
2317.43399834666	1173.69995117188
2319.64209180791	1172.90002441406
2321.84955346713	1176.5
2324.05638362079	1167.80004882813
2326.26258256524	1172.40002441406
2328.46815059664	1174
2330.67308801098	1173.80004882813
2332.87739510415	1171.90002441406
2335.08107217184	1176.80004882813
2337.2841195096	1176.80004882813
2339.48653741281	1171.69995117188
2341.68832617672	1170.40002441406
2343.8894860964	1172.09997558594
2346.09001746678	1174.69995117188
2348.28992058261	1165.80004882813
2350.48919573852	1170.5
2352.68784322898	1170.09997558594
2354.88586334826	1171.90002441406
2357.08325639055	1169.90002441406
2359.2800226498	1171.40002441406
2361.47616241988	1172.80004882813
2363.67167599445	1169.19995117188
2365.86656366706	1170
2368.06082573107	1169.5
2370.2544624797	1170.59997558594
2372.44747420603	1172
2374.63986120295	1171.59997558594
2376.83162376322	1173
2379.02276217945	1171.19995117188
2381.21327674408	1167.09997558594
2383.4031677494	1171.5
2385.59243548756	1163.90002441406
2387.78108025053	1169.09997558594
2389.96910233014	1170
2392.15650201809	1171.90002441406
2394.34327960587	1168.80004882813
2396.52943538486	1173
2398.71496964628	1170.69995117188
2400.89988268118	1176
2403.08417478048	1167.69995117188
2405.26784623491	1171.80004882813
2407.45089733509	1170.80004882813
2409.63332837146	1174.80004882813
2411.81513963429	1168.59997558594
2413.99633141375	1165.40002441406
2416.1769039998	1175.69995117188
2418.35685768227	1168.59997558594
2420.53619275084	1172.09997558594
2422.71490949505	1170.40002441406
2424.89300820425	1168.90002441406
2427.07048916765	1176.30004882813
2429.24735267433	1172.5
2431.42359901319	1171.09997558594
2433.59922847297	1174.30004882813
2435.7742413423	1174.40002441406
2437.94863790961	1163.80004882813
2440.12241846321	1169.90002441406
2442.29558329121	1167.30004882813
2444.46813268162	1170.09997558594
2446.64006692228	1169
2448.81138630086	1171.90002441406
2450.98209110489	1170.30004882813
2453.15218162174	1166.30004882813
2455.32165813864	1171.19995117188
2457.49052094265	1176.19995117188
2459.65877032069	1174
2461.8264065595	1164.59997558594
2463.99342994572	1168.59997558594
2466.15984076579	1167.09997558594
2468.325639306	1172.30004882813
2470.49082585251	1169.30004882813
2472.65540069131	1170.59997558594
2474.81936410824	1175.80004882813
2476.98271638899	1177.59997558594
2479.14545781909	1178.69995117188
2481.30758868392	1166.30004882813
2483.4691092687	1168.5
2485.63001985852	1168.69995117188
2487.79032073829	1171.80004882813
2489.95001219277	1176.19995117188
2492.10909450659	1170.59997558594
2494.26756796419	1171
2496.42543284989	1174.30004882813
2498.58268944783	1173.19995117188
2500.73933804202	1169.30004882813
2502.8953789163	1169.30004882813
2505.05081235436	1171.19995117188
2507.20563863974	1172.69995117188
2509.35985805582	1172.09997558594
2511.51347088583	1172.19995117188
2513.66647741285	1166.80004882813
2515.81887791981	1167.59997558594
2517.97067268946	1170.5
2520.12186200443	1172.09997558594
2522.27244614716	1174.30004882813
2524.42242539999	1176.30004882813
2526.57180004504	1171.40002441406
2528.72057036433	1172.5
2530.8687366397	1170.80004882813
2533.01629915284	1170.09997558594
2535.16325818527	1173.09997558594
2537.30961401839	1169.90002441406
2539.45536693343	1169.40002441406
2541.60051721145	1168.40002441406
2543.74506513338	1171.80004882813
2545.88901097997	1172
2548.03235503185	1172.30004882813
2550.17509756946	1169.80004882813
2552.31723887311	1170.90002441406
2554.45877922293	1170.30004882813
2556.59971889893	1166.5
2558.74005818094	1173
2560.87979734864	1169
2563.01893668155	1172.69995117188
2565.15747645906	1170.30004882813
2567.29541696037	1169.90002441406
2569.43275846454	1170.19995117188
2571.56950125049	1169
2573.70564559696	1170
2575.84119178254	1170.09997558594
2577.97614008569	1170
2580.11049078468	1172.40002441406
2582.24424415764	1169
2584.37740048255	1166.40002441406
2586.50996003722	1173
2588.64192309931	1175.19995117188
2590.77328994634	1166.90002441406
2592.90406085564	1171.19995117188
2595.03423610442	1165.30004882813
2597.16381596971	1172.59997558594
2599.29280072839	1171.69995117188
2601.42119065719	1175.09997558594
2603.54898603267	1164.30004882813
2605.67618713125	1168.19995117188
2607.80279422919	1171.90002441406
2609.92880760257	1169.90002441406
2612.05422752735	1177.19995117188
2614.17905427932	1173.69995117188
2616.30328813408	1170.59997558594
2618.42692936713	1170
2620.54997825377	1172.69995117188
2622.67243506915	1169.30004882813
2624.79430008828	1176.19995117188
2626.915573586	1173.80004882813
2629.03625583699	1169
2631.15634711579	1173
2633.27584769675	1162.19995117188
2635.39475785408	1167.5
2637.51307786185	1172.40002441406
2639.63080799394	1169.30004882813
2641.74794852409	1169.09997558594
2643.86449972589	1166.59997558594
2645.98046187273	1170.19995117188
2648.0958352379	1169.59997558594
2650.21062009449	1171.40002441406
2652.32481671544	1170.69995117188
2654.43842537353	1172.19995117188
2656.5514463414	1171.09997558594
2658.66387989151	1175.59997558594
2660.77572629616	1172.59997558594
2662.88698582751	1171.30004882813
2664.99765875753	1172.69995117188
2667.10774535806	1167.09997558594
2669.21724590076	1171.80004882813
2671.32616065714	1174.40002441406
2673.43448989857	1168.59997558594
2675.5422338962	1172.19995117188
2677.64939292108	1170.59997558594
2679.75596724408	1171
2681.86195713589	1171.90002441406
2683.96736286707	1172.19995117188
2686.07218470799	1166.59997558594
2688.17642292889	1173
2690.28007779982	1169.19995117188
2692.38314959069	1171.69995117188
2694.48563857123	1171.19995117188
2696.58754501103	1175.09997558594
2698.6888691795	1170.59997558594
2700.78961134588	1168.5
2702.8897717793	1165.90002441406
2704.98935074864	1175.5
2707.08834852271	1171.40002441406
2709.18676537009	1176.40002441406
2711.28460155925	1172.69995117188
2713.38185735843	1169.90002441406
2715.47853303577	1170
2717.57462885924	1171.19995117188
2719.67014509659	1170.19995117188
2721.76508201548	1174.59997558594
2723.85943988337	1174.40002441406
2725.95321896754	1175.09997558594
2728.04641953515	1175.30004882813
2730.13904185316	1167.19995117188
2732.23108618837	1172.90002441406
2734.32255280744	1172.80004882813
2736.41344197683	1173
2738.50375396288	1171.30004882813
2740.5934890317	1176.30004882813
2742.68264744932	1176.59997558594
2744.77122948153	1176.80004882813
2746.85923539398	1173.59997558594
2748.94666545217	1177.30004882813
2751.03351992142	1168.80004882813
2753.11979906688	1175.80004882813
2755.20550315355	1169.5
2757.29063244624	1174
2759.37518720963	1175.19995117188
2761.45916770819	1174.5
2763.54257420625	1173.80004882813
2765.62540696797	1171.09997558594
2767.70766625733	1168.40002441406
2769.78935233816	1173.90002441406
2771.87046547413	1172.40002441406
2773.95100592869	1177
2776.03097396519	1173.40002441406
2778.11036984677	1173.30004882813
2780.18919383641	1173.09997558594
2782.26744619693	1167.90002441406
2784.34512719097	1175
2786.42223708102	1172.09997558594
2788.49877612937	1172.40002441406
2790.57474459816	1170
2792.65014274937	1170.19995117188
2794.7249708448	1171.09997558594
2796.79922914607	1173.30004882813
2798.87291791465	1175.69995117188
2800.94603741181	1168.40002441406
2803.01858789869	1168.5
2805.09056963623	1168.69995117188
2807.1619828852	1174.69995117188
2809.23282790621	1179.30004882813
2811.30310495971	1170.30004882813
2813.37281430593	1171.80004882813
2815.441956205	1165.69995117188
2817.51053091682	1176.69995117188
2819.57853870114	1173.09997558594
2821.64597981753	1175.80004882813
2823.7128545254	1175.19995117188
2825.77916308399	1178.30004882813
2827.84490575233	1169
2829.91008278933	1175.59997558594
2831.97469445369	1180.40002441406
2834.03874100395	1175.5
2836.10222269847	1179.69995117188
2838.16513979544	1175.5
2840.22749255288	1184.80004882813
2842.28928122863	1182.69995117188
2844.35050608034	1185.80004882813
2846.41116736553	1192.5
2848.47126534149	1192.5
2850.53080026537	1195.69995117188
2852.58977239414	1192.80004882813
2854.64818198459	1203.59997558594
2856.70602929332	1198.19995117188
2858.76331457678	1202.30004882813
2860.82003809123	1202.40002441406
2862.87620009274	1207.5
2864.93180083723	1221.5
2866.98684058043	1217.69995117188
2869.04131957789	1224.19995117188
2871.09523808497	1222.90002441406
2873.14859635689	1225.69995117188
2875.20139464866	1229.69995117188
2877.2536332151	1231.59997558594
2879.30531231091	1225.09997558594
2881.35643219054	1235.09997558594
2883.40699310831	1230
2885.45699531834	1232.30004882813
2887.50643907457	1231.80004882813
2889.55532463077	1232.90002441406
2891.60365224053	1227.90002441406
2893.65142215724	1232.90002441406
2895.69863463414	1235.69995117188
2897.74528992426	1243.09997558594
2899.79138828046	1237.59997558594
2901.83692995544	1234.69995117188
2903.88191520168	1241.09997558594
2905.92634427151	1240.90002441406
2907.97021741706	1246.59997558594
2910.01353489027	1246
2912.05629694294	1258.30004882813
2914.09850382663	1258.30004882813
2916.14015579276	1268.40002441406
2918.18125309254	1264
2920.22179597702	1275.19995117188
2922.26178469705	1275.69995117188
2924.30121950329	1284.30004882813
2926.34010064624	1273.09997558594
2928.37842837619	1286.80004882813
2930.41620294326	1283.80004882813
2932.45342459737	1290.90002441406
2934.49009358828	1285.30004882813
2936.52621016555	1290.80004882813
2938.56177457854	1296.90002441406
2940.59678707645	1289.80004882813
2942.63124790827	1283.40002441406
2944.66515732282	1271.90002441406
2946.69851556873	1274
2948.73132289443	1262.59997558594
2950.76357954817	1259.09997558594
2952.79528577803	1249.69995117188
2954.82644183188	1254.09997558594
2956.85704795741	1249.19995117188
2958.8871044021	1250.19995117188
2960.91661141328	1244.69995117188
2962.94556923807	1248
2964.97397812339	1244.40002441406
2967.00183831598	1248.19995117188
2969.0291500624	1247.59997558594
2971.05591360902	1238.80004882813
2973.08212920199	1250.5
2975.1077970873	1241.40002441406
2977.13291751074	1243
2979.1574907179	1231.09997558594
2981.18151695419	1227
2983.20499646482	1233.19995117188
2985.2279294948	1228.59997558594
2987.25031628898	1219.69995117188
2989.27215709199	1222.5
2991.29345214825	1207.80004882813
2993.31420170204	1220.19995117188
2995.33440599738	1213.09997558594
2997.35406527816	1208.09997558594
2999.37317978802	1204
3001.39174977045	1199.90002441406
3003.40977546872	1205.59997558594
3005.42725712591	1205.90002441406
3007.44419498491	1206.30004882813
3009.4605892884	1202.90002441406
3011.47644027889	1204.5
3013.49174819865	1203.30004882813
3015.5065132898	1199.59997558594
3017.52073579424	1200.69995117188
3019.53441595366	1201.19995117188
3021.54755400959	1200.90002441406
3023.56015020332	1191.19995117188
3025.57220477598	1194
3027.58371796846	1195
3029.5946900215	1197.69995117188
3031.6051211756	1201
3033.61501167107	1202.80004882813
3035.62436174803	1194.40002441406
3037.6331716464	1210.80004882813
3039.64144160588	1201.90002441406
3041.649171866	1207.30004882813
3043.65636266607	1205.69995117188
3045.6630142452	1206.90002441406
3047.66912684229	1197.40002441406
3049.67470069605	1204.5
3051.679736045	1209.40002441406
3053.68423312742	1203.59997558594
3055.68819218143	1209.19995117188
3057.6916134449	1204.30004882813
3059.69449715556	1208.59997558594
3061.69684355086	1208.5
3063.6986528681	1202.30004882813
3065.69992534437	1210.09997558594
3067.70066121653	1217.30004882813
3069.70086072126	1212.90002441406
3071.700524095	1204.59997558594
3073.69965157405	1208.5
3075.69824339442	1205.09997558594
3077.69629979197	1204.09997558594
3079.69382100235	1201.90002441406
3081.69080726098	1210.19995117188
3083.68725880307	1203.19995117188
3085.68317586366	1207.5
3087.67855867755	1214.90002441406
3089.67340747933	1198.30004882813
3091.6677225034	1211.59997558594
3093.66150398392	1208.5
3095.6547521549	1201.09997558594
3097.64746725006	1208.30004882813
3099.63964950297	1208.90002441406
3101.63129914698	1216.5
3103.6224164152	1219.19995117188
3105.61300154056	1206.30004882813
3107.60305475576	1211.09997558594
3109.59257629331	1220
3111.58156638547	1220.59997558594
3113.57002526432	1220
3115.55795316172	1216.09997558594
3117.54535030932	1223.69995117188
3119.53221693853	1220.40002441406
3121.51855328057	1228.40002441406
3123.50435956646	1219.69995117188
3125.48963602698	1228.19995117188
3127.4743828927	1221.90002441406
3129.45860039397	1220.09997558594
3131.44228876093	1222.59997558594
3133.42544822353	1228.09997558594
3135.40807901145	1233.30004882813
3137.39018135418	1232.5
3139.37175548102	1229.19995117188
3141.35280162101	1241.5
3143.33332000299	1230.80004882813
3145.31331085559	1231.19995117188
3147.2927744072	1240.19995117188
3149.27171088602	1241.19995117188
3151.25012052	1247.90002441406
3153.22800353689	1241.90002441406
3155.20536016422	1236.09997558594
3157.18219062929	1244.19995117188
3159.15849515918	1241.30004882813
3161.13427398075	1242.30004882813
3163.10952732066	1244.5
3165.08425540532	1248.40002441406
3167.05845846092	1246.69995117188
3169.03213671344	1246.09997558594
3171.00529038863	1250.90002441406
3172.97791971203	1253.19995117188
3174.95002490893	1247.69995117188
3176.92160620443	1257.5
3178.89266382337	1245.5
3180.8631979904	1258.40002441406
3182.83320892991	1254.5
3184.80269686609	1256.69995117188
3186.77166202289	1261.80004882813
3188.74010462406	1258.30004882813
3190.70802489307	1261.30004882813
3192.67542305323	1260.30004882813
3194.64229932757	1262.40002441406
3196.60865393892	1254.59997558594
3198.57448710987	1268
3200.53979906279	1260.5
3202.50459001981	1261.80004882813
3204.46886020284	1266.30004882813
3206.43260983356	1259.30004882813
3208.39583913341	1268.40002441406
3210.35854832362	1265
3212.32073762517	1265.19995117188
3214.28240725881	1267.30004882813
3216.24355744508	1269
3218.20418840426	1273.59997558594
3220.16430035642	1268.19995117188
3222.12389352137	1270
3224.08296811873	1272.30004882813
3226.04152436784	1276.40002441406
3227.99956248784	1271.30004882813
3229.95708269762	1276.59997558594
3231.91408521584	1267.30004882813
3233.87057026092	1293.5
3235.82653805105	1287.5
3237.78198880419	1283.69995117188
3239.73692273806	1286.90002441406
3241.69134007013	1278.80004882813
3243.64524101764	1274.5
3245.59862579761	1276.90002441406
3247.55149462681	1267.09997558594
3249.50384772176	1281.30004882813
3251.45568529877	1277.19995117188
3253.40700757387	1285.09997558594
3255.35781476288	1276.69995117188
3257.3081070814	1285.30004882813
3259.25788474473	1277
3261.20714796799	1282.30004882813
3263.15589696602	1286.80004882813
3265.10413195345	1293.59997558594
3267.05185314463	1282.5
3268.9990607537	1282.09997558594
3270.94575499455	1290.30004882813
3272.89193608081	1295.30004882813
3274.8376042259	1284.19995117188
3276.78275964296	1292.09997558594
3278.72740254492	1291.19995117188
3280.67153314443	1282.09997558594
3282.61515165393	1286.59997558594
3284.55825828559	1292.19995117188
3286.50085325135	1285.80004882813
3288.44293676289	1287.5
3290.38450903165	1281.80004882813
3292.32557026883	1289.59997558594
3294.26612068537	1292
3296.20616049198	1293.90002441406
3298.14568989911	1289.69995117188
3300.08470911695	1289.40002441406
3302.02321835546	1280.30004882813
3303.96121782435	1284.59997558594
3305.89870773306	1285.30004882813
3307.83568829081	1282.5
3309.77215970655	1277.19995117188
3311.70812218898	1281
3313.64357594655	1290
3315.57852118747	1281.69995117188
3317.51295811968	1282.69995117188
3319.44688695087	1288.90002441406
3321.38030788849	1288.5
3323.31322113973	1299.40002441406
3325.24562691152	1281
3327.17752541055	1286.80004882813
3329.10891684322	1289.09997558594
3331.03980141573	1294.80004882813
3332.97017933399	1292.30004882813
3334.90005080364	1296.90002441406
3336.82941603011	1290.5
3338.75827521852	1297
3340.68662857377	1301.5
3342.6144763005	1294.40002441406
3344.54181860308	1284.69995117188
3346.46865568561	1296.80004882813
3348.39498775195	1288.19995117188
3350.32081500571	1293.90002441406
3352.24613765022	1294.80004882813
3354.17095588855	1297.40002441406
3356.09526992352	1297.80004882813
3358.01907995769	1295.30004882813
3359.94238619334	1303.09997558594
3361.86518883251	1290.5
3363.78748807697	1295.69995117188
3365.70928412823	1299.40002441406
3367.63057718752	1298.40002441406
3369.55136745582	1289.90002441406
3371.47165513386	1296.09997558594
3373.39144042208	1300.40002441406
3375.31072352066	1296.80004882813
3377.22950462953	1292.59997558594
3379.14778394834	1307.80004882813
3381.06556167648	1290.90002441406
3382.98283801308	1290.19995117188
3384.89961315697	1301.30004882813
3386.81588730676	1295.30004882813
3388.73166066076	1292.69995117188
3390.64693341702	1305.59997558594
3392.56170577332	1300.40002441406
3394.47597792716	1297.09997558594
3396.38975007581	1292.5
3398.30302241623	1296.19995117188
3400.21579514512	1303.69995117188
3402.1280684589	1294.30004882813
3404.03984255374	1302.90002441406
3405.95111762553	1298.69995117188
3407.86189386987	1308.5
3409.77217148212	1304.90002441406
3411.68195065733	1303.69995117188
3413.5912315903	1315.80004882813
3415.50001447556	1302.40002441406
3417.40829950735	1306.30004882813
3419.31608687963	1306.69995117188
3421.22337678611	1293.5
3423.1301694202	1299.09997558594
3425.03646497504	1302.69995117188
3426.9422636435	1310.5
3428.84756561816	1307.69995117188
3430.75237109135	1291.09997558594
3432.65668025508	1291.30004882813
3434.56049330112	1303.5
3436.46381042093	1305.30004882813
3438.36663180571	1302.19995117188
3440.26895764638	1301.90002441406
3442.17078813357	1295.90002441406
3444.07212345762	1306.59997558594
3445.97296380863	1299.80004882813
3447.87330937636	1291.69995117188
3449.77316035033	1287.90002441406
3451.67251691977	1284.80004882813
3453.57137927361	1293.5
3455.46974760052	1292.80004882813
3457.36762208886	1283.09997558594
3459.26500292671	1292.19995117188
3461.16189030191	1280.30004882813
3463.05828440194	1289
3464.95418541406	1292.30004882813
3466.84959352519	1291.5
3468.74450892201	1295.30004882813
3470.63893179088	1287
3472.53286231788	1297.09997558594
3474.42630068881	1280.40002441406
3476.31924708918	1280.5
3478.2117017042	1283.19995117188
3480.1036647188	1284.5
3481.99513631761	1285
3483.88611668498	1281.90002441406
3485.77660600498	1273.90002441406
3487.66660446135	1278.40002441406
3489.55611223758	1277.19995117188
3491.44512951683	1271.80004882813
3493.333656482	1271.90002441406
3495.22169331568	1279
3497.10924020016	1271.69995117188
3498.99629731746	1273.59997558594
3500.88286484927	1270.40002441406
3502.76894297702	1275.19995117188
3504.65453188182	1274.5
3506.53963174449	1257
3508.42424274555	1259
3510.30836506524	1264.30004882813
3512.19199888349	1257.80004882813
3514.07514437992	1255.69995117188
3515.95780173387	1260
3517.83997112437	1258.90002441406
3519.72165273016	1262.09997558594
3521.60284672967	1253.40002441406
3523.48355330104	1253.80004882813
3525.36377262208	1259.30004882813
3527.24350487035	1253.19995117188
3529.12275022306	1255.19995117188
3531.00150885715	1259.5
3532.87978094923	1249.5
3534.75756667562	1252.19995117188
3536.63486621235	1240.90002441406
3538.51167973512	1252.69995117188
3540.38800741934	1248.69995117188
3542.26384944011	1240.90002441406
3544.13920597223	1246.30004882813
3546.01407719018	1244.80004882813
3547.88846326815	1241.09997558594
3549.76236438002	1239
3551.63578069934	1235.19995117188
3553.50871239938	1234.5
3555.38115965309	1234.80004882813
3557.25312263311	1228.5
3559.12460151177	1226.40002441406
3560.99559646109	1231.40002441406
3562.86610765279	1229.5
3564.73613525825	1235.09997558594
3566.60567944857	1232.59997558594
3568.47474039453	1230.69995117188
3570.34331826658	1232.30004882813
3572.21141323487	1223.40002441406
3574.07902546925	1236.30004882813
3575.94615513922	1226.80004882813
3577.81280241401	1230
3579.67896746249	1228.19995117188
3581.54465045325	1219.90002441406
3583.40985155455	1226.90002441406
3585.27457093432	1220.30004882813
3587.1388087602	1222.59997558594
3589.00256519949	1215.09997558594
3590.86584041919	1220.80004882813
3592.72863458597	1221.19995117188
3594.59094786618	1221.5
3596.45278042585	1215.09997558594
3598.31413243069	1213.30004882813
3600.17500404611	1214.5
3602.03539543717	1215.19995117188
3603.89530676861	1208.69995117188
3605.75473820488	1213.40002441406
3607.61368991007	1214.90002441406
3609.47216204797	1207.40002441406
3611.33015478203	1213.30004882813
3613.18766827539	1212.90002441406
3615.04470269087	1208.80004882813
3616.90125819094	1203.40002441406
3618.75733493776	1204.80004882813
3620.61293309318	1204
3622.46805281869	1205.30004882813
3624.32269427547	1206.40002441406
3626.17685762439	1200.90002441406
3628.03054302596	1205.30004882813
3629.88375064038	1196.40002441406
3631.73648062751	1198.09997558594
3633.5887331469	1202.90002441406
3635.44050835775	1197.69995117188
3637.29180641893	1207.09997558594
3639.14262748899	1201.5
3640.99297172614	1195.19995117188
3642.84283928828	1196.5
3644.69223033294	1194.80004882813
3646.54114501734	1194.19995117188
3648.38958349836	1195.19995117188
3650.23754593256	1191.09997558594
3652.08503247614	1196.59997558594
3653.93204328497	1190.19995117188
3655.77857851462	1192.09997558594
3657.62463832028	1187.90002441406
3659.47022285682	1184.40002441406
3661.31533227877	1183.80004882813
3663.15996674033	1187.09997558594
3665.00412639535	1195
3666.84781139736	1186.30004882813
3668.69102189953	1185.30004882813
3670.5337580547	1186.40002441406
3672.37602001537	1180.90002441406
3674.21780793368	1177.30004882813
3676.05912196148	1176
3677.89996225021	1175.19995117188
3679.74032895103	1182.30004882813
3681.58022221471	1185.69995117188
3683.41964219171	1176.5
3685.25858903211	1179.40002441406
3687.0970628857	1174.5
3688.93506390186	1166.30004882813
3690.77259222968	1176.09997558594
3692.60964801787	1178
3694.44623141481	1177.59997558594
3696.28234256853	1168.40002441406
3698.11798162669	1167.30004882813
3699.95314873665	1167.19995117188
3701.78784404537	1168.5
3703.62206769951	1171.80004882813
3705.45581984533	1166.59997558594
3707.28910062877	1169
3709.12191019542	1173.69995117188
3710.95424869052	1169.40002441406
3712.78611625894	1168.90002441406
3714.6175130452	1164
3716.44843919349	1164.69995117188
3718.27889484764	1166.5
3720.1088801511	1166.90002441406
3721.93839524699	1166.5
3723.76744027808	1166.59997558594
3725.59601538677	1164.40002441406
3727.4241207151	1162.80004882813
