40.2973356941271	1130
43.2236257608418	1130.69995117188
46.1488808466109	1130.5
49.0731017336173	1134.90002441406
51.9962892025666	1139
54.9184440327569	1143.69995117188
57.8395670020446	1144
60.7596588868509	1145.5
63.6787204621708	1153.69995117188
66.5967525015794	1160.19995117188
69.5137557772381	1171.19995117188
72.4297310598838	1181.19995117188
75.3446791188512	1197.80004882813
78.2586007220466	1214.59997558594
81.1714966360015	1249.90002441406
84.0833676258266	1283.19995117188
86.994214455242	1318
89.9040378865662	1353.5
92.8128386807427	1385.09997558594
95.7206175973133	1439.30004882813
98.6273753944444	1466.40002441406
101.533112828928	1466.19995117188
104.437830656161	1467.90002441406
107.34152963018	1457.69995117188
110.244210503676	1473.69995117188
113.145874027931	1460.69995117188
116.046520952895	1443.30004882813
118.946152027154	1439.5
121.844767997933	1444.69995117188
124.74236961111	1444.09997558594
127.638957611212	1448.09997558594
130.534532741422	1461.40002441406
133.429095743606	1446.59997558594
136.322647358252	1453.59997558594
139.215188324544	1462.5
142.106719380311	1453.90002441406
144.997241262089	1456.40002441406
147.886754705057	1457.09997558594
150.775260443096	1459.69995117188
153.662759208748	1469
156.549251733282	1464.80004882813
159.434738746612	1468.90002441406
162.319220977376	1454.80004882813
165.20269915289	1454.90002441406
168.085173999178	1467.19995117188
170.966646240977	1437.30004882813
173.847116601709	1455.59997558594
176.726585803528	1455.80004882813
179.605054567295	1464.30004882813
182.48252361259	1451.5
185.358993657701	1442.19995117188
188.234465419645	1455.40002441406
191.108939614183	1445.59997558594
193.982416955795	1449.30004882813
196.854898157687	1448.80004882813
199.726383931801	1438.09997558594
202.596874988835	1448.80004882813
205.466372038225	1438.30004882813
208.334875788145	1443.59997558594
211.202386945534	1452.5
214.068906216069	1460.90002441406
216.934434304194	1447.59997558594
219.798971913111	1451.90002441406
222.662519744776	1461
225.525078499925	1449.30004882813
228.386648878069	1447.40002441406
231.247231577465	1455.09997558594
234.106827295172	1444.40002441406
236.965436727012	1444.40002441406
239.823060567597	1445.09997558594
242.679699510337	1441.09997558594
245.535354247396	1434.90002441406
248.390025469775	1446.40002441406
251.243713867223	1444.59997558594
254.096420128327	1451.59997558594
256.948144940459	1440.5
259.798888989788	1447.30004882813
262.648652961315	1449.80004882813
265.49743753883	1438.09997558594
268.345243404939	1445.90002441406
271.192071241073	1456.40002441406
274.037921727485	1449.5
276.882795543246	1460.5
279.72669336624	1445.5
282.569615873213	1460.5
285.411563739724	1446.19995117188
288.252537640165	1468.30004882813
291.092538247763	1466
293.931566234616	1458.59997558594
296.769622271633	1460.59997558594
299.606707028594	1457.40002441406
302.442821174104	1447.69995117188
305.277965375652	1456.59997558594
308.112140299574	1450.40002441406
310.945346611062	1460.09997558594
313.777584974167	1466.09997558594
316.608856051813	1470.5
319.439160505797	1467.80004882813
322.268498996783	1462
325.096872184303	1464.40002441406
327.924280726782	1473.80004882813
330.750725281521	1452.19995117188
333.576206504693	1470.19995117188
336.400725051388	1453.5
339.224281575542	1467
342.046876730026	1453
344.868511166586	1462.30004882813
347.689185535872	1459.69995117188
350.508900487421	1467.59997558594
353.327656669699	1462.80004882813
356.145454730079	1461.80004882813
358.962295314817	1456.19995117188
361.778179069105	1459.30004882813
364.593106637051	1463.59997558594
367.407078661675	1467.30004882813
370.220095784913	1449.5
373.032158647655	1453.59997558594
375.843267889676	1464.59997558594
378.653424149715	1464.19995117188
381.462628065436	1458.90002441406
384.270880273432	1471.80004882813
387.078181409254	1461.40002441406
389.884532107358	1477.40002441406
392.689933001188	1484.80004882813
395.494384723112	1464.5
398.29788790445	1473.19995117188
401.100443175488	1469.90002441406
403.902051165437	1485.19995117188
406.702712502518	1474.59997558594
409.502427813866	1479.5
412.301197725607	1477.09997558594
415.099022862823	1464
417.89590384957	1473.90002441406
420.691841308876	1478
423.486835862752	1464.30004882813
426.280888132173	1488.09997558594
429.073998737112	1487.30004882813
431.866168296507	1469.09997558594
434.657397428298	1482.59997558594
437.447686749412	1486.59997558594
440.237036875762	1478.80004882813
443.025448422257	1487.90002441406
445.812922002813	1476.90002441406
448.599458230326	1479.59997558594
451.38505771672	1470.69995117188
454.169721072909	1466.90002441406
456.953448908819	1470.59997558594
459.736241833384	1471.90002441406
462.518100454555	1482.09997558594
465.2990253793	1487.19995117188
468.079017213605	1477.69995117188
470.858076562476	1476.40002441406
473.636204029939	1487.59997558594
476.41340021906	1487.90002441406
479.189665731938	1479.69995117188
481.965001169667	1495.90002441406
484.739407132419	1473.09997558594
487.512884219391	1477.80004882813
490.285433028796	1481.69995117188
493.057054157921	1488.59997558594
495.827748203087	1496.80004882813
498.597515759658	1484.19995117188
501.366357422061	1493.5
504.134273783759	1494.30004882813
506.901265437278	1485.59997558594
509.66733297421	1509.40002441406
512.432476985198	1495.59997558594
515.196698059945	1488
517.959996787225	1488.5
520.722373754895	1509.30004882813
523.483829549856	1491
526.24436475811	1495.90002441406
529.003979964696	1487.80004882813
531.762675753779	1493.09997558594
534.520452708569	1485.80004882813
537.277311411375	1488.30004882813
540.03325244359	1489.90002441406
542.788276385682	1475.90002441406
545.54238381725	1481.69995117188
548.295575316938	1506.90002441406
551.047851462516	1479.5
553.799212830831	1482.09997558594
556.549659997851	1488.30004882813
559.299193538643	1483.59997558594
562.047814027381	1484.59997558594
564.795522037318	1495
567.542318140861	1500.59997558594
570.288202909507	1474.5
573.033176913873	1488.69995117188
575.7772407237	1487.30004882813
578.520394907829	1489.59997558594
581.26264003424	1505
584.003976670046	1491.09997558594
586.744405381469	1490.69995117188
589.483926733869	1492.19995117188
592.222541291746	1494
594.96024961872	1505.5
597.697052277563	1493.90002441406
600.432949830166	1505.40002441406
603.167942837587	1494.30004882813
605.902031860012	1492
608.635217456783	1516.40002441406
611.367500186378	1489.09997558594
614.098880606429	1494.09997558594
616.82935927374	1490.40002441406
619.558936744248	1503
622.287613573072	1510.5
625.015390314457	1498.90002441406
627.742267521848	1496.90002441406
630.468245747829	1494.30004882813
633.193325544166	1500.69995117188
635.917507461792	1501.30004882813
638.640792050804	1507.5
641.36317986048	1505.09997558594
644.084671439281	1499.5
646.805267334845	1499.90002441406
649.524968093967	1511.19995117188
652.24377426266	1499.09997558594
654.961686386106	1479.80004882813
657.678705008678	1496.09997558594
660.394830673939	1493.09997558594
663.110063924628	1505.69995117188
665.824405302728	1491.5
668.537855349351	1507.90002441406
671.250414604863	1488.30004882813
673.962083608812	1507.90002441406
676.672862899949	1519.90002441406
679.382753016218	1511.5
682.091754494801	1506.90002441406
684.799867872061	1499.30004882813
687.507093683595	1518.80004882813
690.213432464198	1511
692.918884747899	1510.59997558594
695.623451067937	1506.19995117188
698.327131956755	1507.19995117188
701.029927946065	1511.09997558594
703.731839566754	1515
706.43286734896	1511.30004882813
709.133011822067	1528.5
711.832273514658	1516.90002441406
714.53065295457	1514.19995117188
717.228150668879	1519.69995117188
719.924767183889	1503.80004882813
722.620503025148	1518.90002441406
725.315358717446	1513.30004882813
728.009334784827	1508.19995117188
730.702431750559	1511.19995117188
733.394650137188	1514
736.085990466498	1505.30004882813
738.776453259519	1517.69995117188
741.466039036542	1514.69995117188
744.154748317125	1520.5
746.842581620074	1510.19995117188
749.529539463458	1514.69995117188
752.215622364608	1506
754.900830840131	1513.40002441406
757.585165405892	1523.30004882813
760.26862657703	1512.69995117188
762.951214867957	1517.59997558594
765.632930792356	1529.40002441406
768.313774863181	1514
770.993747592673	1525
773.672849492359	1508.59997558594
776.351081073017	1518.90002441406
779.028442844757	1509.40002441406
781.704935316928	1517.19995117188
784.380558998208	1524.69995117188
787.055314396528	1510.90002441406
789.729202019141	1510.90002441406
792.402222372581	1512.69995117188
795.074375962669	1517.19995117188
797.745663294537	1517.5
800.416084872622	1528.90002441406
803.085641200652	1534.19995117188
805.754332781664	1537
808.422160117986	1536.5
811.089123711292	1529.90002441406
813.75522406252	1529.59997558594
816.420461671951	1522.19995117188
819.084837039164	1541.19995117188
821.748350663067	1523.80004882813
824.411003041866	1520.59997558594
827.072794673116	1530.80004882813
829.733726053668	1533.69995117188
832.39379767971	1543
835.05301004674	1544.80004882813
837.711363649601	1530.5
840.368858982457	1526.90002441406
843.025496538805	1545.19995117188
845.681276811467	1547.59997558594
848.336200292618	1541.40002441406
850.99026747375	1552.09997558594
853.643478845713	1543.90002441406
856.29583489868	1553.80004882813
858.947336122176	1570.09997558594
861.59798300506	1544.40002441406
864.247776035556	1548.90002441406
866.896715701222	1556.80004882813
869.544802488959	1557.09997558594
872.192036885046	1555.09997558594
874.838419375087	1565.5
877.483950444054	1569.80004882813
880.128630576285	1556.80004882813
882.772460255461	1571.59997558594
885.415439964628	1555.80004882813
888.057570186211	1561
890.698851401966	1563.59997558594
893.339284093045	1540.59997558594
895.978868739961	1569.30004882813
898.617605822596	1542.80004882813
901.255495820196	1542.90002441406
903.892539211396	1558.30004882813
906.528736474184	1553.19995117188
909.164088085949	1555.40002441406
911.798594523442	1557.09997558594
914.432256262804	1550.5
917.065073779549	1544.80004882813
919.697047548589	1565.30004882813
922.328178044212	1558.30004882813
924.9584657401	1564.80004882813
927.587911109317	1570.09997558594
930.216514624317	1564.30004882813
932.844276756963	1569.30004882813
935.471197978488	1571.59997558594
938.097278759538	1571.09997558594
940.722519570163	1571.19995117188
943.346920879798	1575.5
945.97048315729	1583.09997558594
948.593206870885	1593.5
951.215092488219	1616.40002441406
953.836140476366	1620.90002441406
956.456351301787	1625.90002441406
959.07572543037	1627.80004882813
961.694263327369	1629.5
964.311965457521	1631.69995117188
966.928832284933	1643
969.544864273135	1637
972.160061885076	1623
974.774425583129	1616.40002441406
977.387955829099	1600
980.000653084196	1602.69995117188
982.612517809061	1615.5
985.223550463768	1603.5
987.833751507819	1606.69995117188
990.443121400135	1621.80004882813
993.051660599081	1627.09997558594
995.659369562449	1644.19995117188
998.266248747469	1672.90002441406
1000.87229861081	1714.19995117188
1003.47751960857	1778.09997558594
1006.0819121963	1759.19995117188
1008.68547682897	1757.80004882813
1011.28821396104	1758.19995117188
1013.89012404635	1710.40002441406
1016.49120753824	1688.80004882813
1019.09146488947	1659.80004882813
1021.69089655226	1634.40002441406
1024.28950297827	1639.90002441406
1026.88728461863	1637.90002441406
1029.48424192392	1635.80004882813
1032.08037534416	1608.69995117188
1034.67568532886	1622
1037.27017232694	1616.30004882813
1039.86383678682	1619.80004882813
1042.45667915637	1625.59997558594
1045.04869988293	1617.59997558594
1047.6398994133	1607.19995117188
1050.23027819374	1617.30004882813
1052.81983666998	1619.69995117188
1055.40857528724	1611.90002441406
1057.99649449018	1623
1060.58359472296	1598.5
1063.1698764292	1608.40002441406
1065.755340052	1625.59997558594
1068.33998603393	1616.59997558594
1070.92381481706	1630.59997558594
1073.50682684291	1619
1076.08902255251	1615.69995117188
1078.67040238637	1616.09997558594
1081.25096678445	1623.80004882813
1083.83071618624	1609.90002441406
1086.4096510307	1608.19995117188
1088.98777175629	1619.69995117188
1091.56507880094	1613
1094.14157260208	1613.30004882813
1096.71725359664	1625.09997558594
1099.29212222106	1617.80004882813
1101.86617891125	1618
1104.43942410262	1634
1107.01185823011	1629
1109.58348172812	1623.80004882813
1112.15429503057	1636.80004882813
1114.7242985709	1636.40002441406
1117.29349278203	1642.30004882813
1119.86187809642	1638.09997558594
1122.42945494599	1641.30004882813
1124.99622376222	1664.80004882813
1127.56218497606	1676.30004882813
1130.12733901801	1674.69995117188
1132.69168631804	1705.19995117188
1135.25522730568	1701
1137.81796240995	1741.90002441406
1140.37989205941	1740.80004882813
1142.9410166821	1784.19995117188
1145.50133670561	1834.5
1148.06085255708	1894.80004882813
1150.61956466311	2013
1153.17747344987	2132.19995117188
1155.73457934305	2223
1158.29088276786	2279.39990234375
1160.84638414903	2234
1163.40108391085	2099.60009765625
1165.95498247711	1969.5
1168.50808027116	1871.19995117188
1171.06037771587	1802.69995117188
1173.61187523364	1759
1176.16257324643	1727.09997558594
1178.71247217573	1719.19995117188
1181.26157244255	1720.90002441406
1183.80987446746	1721.5
1186.35737867059	1733.90002441406
1188.90408547157	1749.5
1191.44999528961	1762.69995117188
1193.99510854347	1779.80004882813
1196.53942565142	1776.5
1199.08294703133	1764.09997558594
1201.62567310057	1731.80004882813
1204.16760427611	1711.40002441406
1206.70874097445	1708.19995117188
1209.24908361163	1700.5
1211.78863260327	1685.40002441406
1214.32738836454	1682.69995117188
1216.86535131017	1661.69995117188
1219.40252185445	1667
1221.93890041121	1669.59997558594
1224.47448739389	1659.19995117188
1227.00928321544	1659.40002441406
1229.54328828842	1661.80004882813
1232.07650302491	1655
1234.60892783662	1640.90002441406
1237.14056313477	1662.80004882813
1239.67140933017	1656.59997558594
1242.2014668332	1641.19995117188
1244.73073605384	1667.5
1247.25921740159	1652
1249.78691128558	1671.69995117188
1252.31381811448	1665.19995117188
1254.83993829655	1691.69995117188
1257.36527223962	1675.80004882813
1259.88982035112	1688.69995117188
1262.41358303803	1709.09997558594
1264.93656070696	1702.90002441406
1267.45875376405	1730.69995117188
1269.98016261505	1729.5
1272.50078766531	1715.30004882813
1275.02062931974	1731.90002441406
1277.53968798285	1735.69995117188
1280.05796405875	1723.40002441406
1282.57545795112	1708
1285.09217006325	1716.19995117188
1287.60810079802	1687.59997558594
1290.12325055788	1710.69995117188
1292.63761974492	1691.59997558594
1295.15120876079	1685.40002441406
1297.66401800676	1694.19995117188
1300.17604788367	1695.59997558594
1302.687298792	1687.19995117188
1305.19777113181	1694.69995117188
1307.70746530274	1706.59997558594
1310.21638170408	1690.09997558594
1312.7245207347	1689.30004882813
1315.23188279307	1703.90002441406
1317.73846827728	1692.19995117188
1320.24427758502	1686.69995117188
1322.74931111359	1700.5
1325.25356925991	1662.69995117188
1327.75705242051	1703.80004882813
1330.25976099151	1693.5
1332.76169536868	1677.19995117188
1335.26285594737	1665.59997558594
1337.76324312256	1672.09997558594
1340.26285728887	1681.19995117188
1342.76169884052	1671.59997558594
1345.25976817132	1681.30004882813
1347.75706567474	1689.69995117188
1350.25359174387	1692.59997558594
1352.74934677141	1672.5
1355.24433114968	1674.5
1357.73854527062	1666.09997558594
1360.23198952583	1665.19995117188
1362.7246643065	1683.5
1365.21657000347	1677.5
1367.7077070072	1679.09997558594
1370.19807570777	1665.40002441406
1372.68767649492	1666.80004882813
1375.176509758	1682.19995117188
1377.66457588599	1680.90002441406
1380.15187526753	1673.5
1382.63840829087	1677.80004882813
1385.1241753439	1668.19995117188
1387.60917681417	1705.80004882813
1390.09341308884	1695.69995117188
1392.57688455474	1697.19995117188
1395.05959159829	1702.40002441406
1397.54153460562	1694.30004882813
1400.02271396243	1691.5
1402.50313005414	1687.59997558594
1404.98278326576	1689.90002441406
1407.46167398196	1688.19995117188
1409.93980258707	1690
1412.41716946504	1681.30004882813
1414.89377499951	1689.30004882813
1417.36961957373	1702.69995117188
1419.84470357062	1689
1422.31902737275	1705.59997558594
1424.79259136235	1707.09997558594
1427.26539592129	1689.69995117188
1429.73744143111	1698.80004882813
1432.20872827299	1723.59997558594
1434.67925682777	1721.59997558594
1437.14902747597	1712.59997558594
1439.61804059773	1738.5
1442.0862965729	1741.5
1444.55379578093	1754.19995117188
1447.02053860099	1737.09997558594
1449.48652541188	1774.09997558594
1451.95175659206	1737.09997558594
1454.41623251969	1743.30004882813
1456.87995357255	1768.90002441406
1459.34292012811	1749.30004882813
1461.80513256351	1745
1464.26659125557	1740.90002441406
1466.72729658073	1729.90002441406
1469.18724891517	1747.5
1471.64644863469	1745.5
1474.10489611478	1759.30004882813
1476.5625917306	1742.40002441406
1479.01953585699	1754.69995117188
1481.47572886844	1740.40002441406
1483.93117113917	1761.69995117188
1486.38586304302	1753.30004882813
1488.83980495354	1774.5
1491.29299724395	1770.69995117188
1493.74544028715	1798.09997558594
1496.19713445573	1839.59997558594
1498.64808012193	1864.90002441406
1501.09827765772	1900.69995117188
1503.54772743471	1955.19995117188
1505.99642982421	2051.39990234375
1508.44438519723	2138.10009765625
1510.89159392446	2268.5
1513.33805637625	2392.80004882813
1515.78377292266	2502.39990234375
1518.22874393346	2538.19995117188
1520.67296977806	2514.5
1523.11645082559	2424.69995117188
1525.55918744488	2337.89990234375
1528.00118000444	2214.89990234375
1530.44242887245	2070.69995117188
1532.88293441684	1962.19995117188
1535.32269700517	1877.40002441406
1537.76171700475	1843.19995117188
1540.19999478255	1807
1542.63753070526	1782.19995117188
1545.07432513925	1763.80004882813
1547.5103784506	1749.09997558594
1549.94569100509	1746.90002441406
1552.38026316819	1766.09997558594
1554.8140953051	1750.80004882813
1557.24718778067	1750
1559.67954095952	1738.30004882813
1562.11115520592	1741.5
1564.54203088386	1739.80004882813
1566.97216835704	1731.80004882813
1569.40156798888	1744.80004882813
1571.83023014248	1740
1574.25815518067	1740.40002441406
1576.68534346597	1739.30004882813
1579.11179536062	1741.09997558594
1581.53751122658	1735.09997558594
1583.9624914255	1739.19995117188
1586.38673631876	1734.5
1588.81024626745	1734.19995117188
1591.23302163235	1734
1593.655062774	1738.19995117188
1596.07637005262	1724.80004882813
1598.49694382815	1727.80004882813
1600.91678446025	1727.69995117188
1603.33589230831	1727.69995117188
1605.75426773142	1727
1608.1719110884	1712
1610.58882273779	1714.09997558594
1613.00500303784	1706.40002441406
1615.42045234654	1727
1617.83517102158	1720.80004882813
1620.24915942039	1712.5
1622.66241790012	1715.59997558594
1625.07494681764	1693.30004882813
1627.48674652954	1728.09997558594
1629.89781739216	1707.5
1632.30815976152	1713
1634.71777399343	1710.30004882813
1637.12666044338	1733.09997558594
1639.53481946661	1735.40002441406
1641.94225141808	1723.30004882813
1644.34895665248	1746.80004882813
1646.75493552424	1732.90002441406
1649.16018838752	1731.30004882813
1651.56471559621	1745.90002441406
1653.96851750392	1742.90002441406
1656.37159446403	1765.19995117188
1658.7739468296	1753.5
1661.17557495349	1760.19995117188
1663.57647918824	1737.80004882813
1665.97665988617	1742.19995117188
1668.37611739929	1724.90002441406
1670.77485207939	1746.59997558594
1673.17286427799	1726.30004882813
1675.57015434633	1721.59997558594
1677.96672263542	1724.09997558594
1680.36256949598	1710.30004882813
1682.7576952785	1730.80004882813
1685.15210033318	1714.90002441406
1687.54578501	1711
1689.93874965866	1712.69995117188
1692.33099462861	1706.69995117188
1694.72252026904	1702
1697.11332692889	1712.40002441406
1699.50341495686	1728.19995117188
1701.89278470137	1727.5
1704.28143651061	1702.40002441406
1706.66937073251	1710.80004882813
1709.05658771473	1685.30004882813
1711.44308780473	1702.59997558594
1713.82887134968	1696
1716.21393869648	1682.30004882813
1718.59829019185	1693.40002441406
1720.98192618221	1706.40002441406
1723.36484701374	1703.90002441406
1725.74705303238	1691.30004882813
1728.12854458384	1710.59997558594
1730.50932201356	1707.59997558594
1732.88938566673	1704.59997558594
1735.26873588834	1696.80004882813
1737.64737302307	1689.5
1740.02529741544	1697.40002441406
1742.40250940964	1699.80004882813
1744.77900934969	1696.5
1747.15479757933	1699.40002441406
1749.52987444206	1693.69995117188
1751.90424028116	1704.19995117188
1754.27789543967	1706.40002441406
1756.65084026037	1699.80004882813
1759.02307508582	1692.09997558594
1761.39460025833	1695
1763.76541612	1701.40002441406
1766.13552301265	1683.59997558594
1768.50492127791	1698.69995117188
1770.87361125714	1706.30004882813
1773.2415932915	1693
1775.60886772188	1683.69995117188
1777.97543488896	1700.59997558594
1780.34129513318	1702.90002441406
1782.70644879475	1709.90002441406
1785.07089621365	1696.40002441406
1787.43463772964	1694.59997558594
1789.7976736822	1694.80004882813
1792.16000441066	1700.30004882813
1794.52163025405	1704.69995117188
1796.88255155121	1702.30004882813
1799.24276864074	1705.30004882813
1801.60228186102	1692.30004882813
1803.96109155019	1681.59997558594
1806.31919804618	1705.09997558594
1808.67660168668	1698.40002441406
1811.03330280916	1704.5
1813.38930175088	1709.80004882813
1815.74459884884	1713.5
1818.09919443984	1713.90002441406
1820.45308886047	1697.30004882813
1822.80628244708	1701.80004882813
1825.1587755358	1709.09997558594
1827.51056846254	1698.90002441406
1829.86166156297	1717.5
1832.21205517258	1688.90002441406
1834.56174962661	1702.69995117188
1836.91074526009	1695.59997558594
1839.25904240783	1704.40002441406
1841.60664140443	1715.59997558594
1843.95354258425	1704.59997558594
1846.29974628146	1696.30004882813
1848.64525282998	1691.30004882813
1850.99006256356	1693.09997558594
1853.3341758157	1700.59997558594
1855.67759291968	1704.40002441406
1858.02031420858	1691.30004882813
1860.36234001528	1705.80004882813
1862.70367067241	1689.59997558594
1865.04430651244	1700.80004882813
1867.38424786755	1688.30004882813
1869.72349506978	1701.40002441406
1872.06204845094	1693.09997558594
1874.39990834258	1687.30004882813
1876.73707507612	1687.30004882813
1879.07354898269	1692.5
1881.40933039328	1700.30004882813
1883.74441963861	1705.30004882813
1886.07881704925	1698.30004882813
1888.41252295551	1702.30004882813
1890.74553768751	1712.40002441406
1893.07786157519	1689.30004882813
1895.40949494822	1710.59997558594
1897.74043813615	1703.19995117188
1900.07069146823	1690.19995117188
1902.40025527357	1674.5
1904.72912988106	1689.30004882813
1907.05731561938	1695.40002441406
1909.38481281699	1689.40002441406
1911.71162180217	1698.30004882813
1914.037742903	1700.59997558594
1916.36317644734	1696
1918.68792276284	1700.40002441406
1921.01198217697	1692.59997558594
1923.33535501699	1704
1925.65804160996	1694
1927.98004228273	1689.59997558594
1930.30135736196	1682.30004882813
1932.6219871741	1697.19995117188
1934.94193204543	1688.40002441406
1937.26119230198	1699.19995117188
1939.57976826962	1702.69995117188
1941.89766027402	1714.30004882813
1944.21486864062	1697.19995117188
1946.53139369472	1704.30004882813
1948.84723576137	1700.5
1951.16239516543	1707.69995117188
1953.47687223159	1690.30004882813
1955.79066728434	1692.59997558594
1958.10378064794	1697.19995117188
1960.4162126465	1679.19995117188
1962.7279636039	1692.30004882813
1965.03903384385	1707.69995117188
1967.34942368987	1709.90002441406
1969.65913346524	1712.59997558594
1971.96816349311	1720.80004882813
1974.2765140964	1682.59997558594
1976.58418559784	1709
1978.89117831997	1689.59997558594
1981.19749258516	1695
1983.50312871555	1712
1985.80808703313	1692.80004882813
1988.11236785967	1682.09997558594
1990.41597151676	1707.09997558594
1992.71889832581	1700.30004882813
1995.02114860801	1712.90002441406
1997.3227226844	1693.5
1999.62362087581	1711.40002441406
2001.92384350288	1714.90002441406
2004.22339088608	1699.40002441406
2006.52226334567	1698.09997558594
2008.82046120173	1695.5
2011.11798477417	1708.69995117188
2013.41483438269	1703.40002441406
2015.71101034681	1710.90002441406
2018.00651298588	1713.40002441406
2020.30134261905	1697.19995117188
2022.59549956528	1701.59997558594
2024.88898414337	1710.90002441406
2027.1817966719	1729.5
2029.4739374693	1701.59997558594
2031.76540685379	1686.09997558594
2034.05620514342	1727.5
2036.34633265607	1699.30004882813
2038.6357897094	1692.90002441406
2040.92457662092	1692.59997558594
2043.21269370795	1709.59997558594
2045.50014128763	1699.5
2047.78691967691	1699.40002441406
2050.07302919256	1712.69995117188
2052.35847015118	1695
2054.64324286919	1679
2056.9273476628	1696.69995117188
2059.21078484808	1695
2061.4935547409	1684.69995117188
2063.77565765696	1697.09997558594
2066.05709391176	1693.59997558594
2068.33786382065	1691.40002441406
2070.61796769879	1690.80004882813
2072.89740586116	1682
2075.17617862255	1680.90002441406
2077.45428629759	1685.19995117188
2079.73172920075	1691
2082.00850764627	1686.59997558594
2084.28462194827	1674.09997558594
2086.56007242065	1680.69995117188
2088.83485937717	1675.59997558594
2091.10898313139	1683.69995117188
2093.3824439967	1709.19995117188
2095.65524228632	1688.19995117188
2097.92737831328	1675.69995117188
2100.19885239047	1713.09997558594
2102.46966483057	1693.19995117188
2104.7398159461	1703
2107.00930604941	1697.09997558594
2109.27813545267	1694.90002441406
2111.54630446787	1705.90002441406
2113.81381340685	1698.5
2116.08066258126	1714.90002441406
2118.34685230257	1714.5
2120.61238288211	1717.59997558594
2122.87725463099	1716.59997558594
2125.1414678602	1718.69995117188
2127.40502288052	1715
2129.66792000257	1713.59997558594
2131.93015953682	1699.30004882813
2134.19174179353	1703.5
2136.45266708282	1711.90002441406
2138.71293571463	1720.09997558594
2140.97254799873	1712.40002441406
2143.23150424473	1711.09997558594
2145.48980476205	1722.40002441406
2147.74744985996	1719.90002441406
2150.00443984754	1721.69995117188
2152.26077503373	1728.80004882813
2154.51645572728	1716.09997558594
2156.77148223677	1728.19995117188
2159.02585487064	1738.90002441406
2161.27957393713	1744.69995117188
2163.53263974432	1720
2165.78505260012	1721.19995117188
2168.0368128123	1732.69995117188
2170.28792068844	1727.80004882813
2172.53837653595	1722.40002441406
2174.78818066207	1710.5
2177.03733337389	1706.30004882813
2179.28583497833	1694.40002441406
2181.53368578214	1697.09997558594
2183.78088609192	1701.5
2186.02743621406	1700.69995117188
2188.27333645484	1691.90002441406
2190.51858712033	1710.59997558594
2192.76318851646	1691.80004882813
2195.00714094901	1699.40002441406
2197.25044472354	1706.30004882813
2199.49310014551	1686.80004882813
2201.73510752018	1705.09997558594
2203.97646715265	1685.30004882813
2206.21717934786	1692.5
2208.45724441058	1681.80004882813
2210.69666264543	1679.19995117188
2212.93543435686	1682.80004882813
2215.17355984914	1683.40002441406
2217.41103942642	1687.69995117188
2219.64787339264	1680.19995117188
2221.8840620516	1676.09997558594
2224.11960570695	1696.59997558594
2226.35450466215	1686.19995117188
2228.58875922051	1684.5
2230.82236968518	1689.40002441406
2233.05533635916	1681.69995117188
2235.28765954527	1688
2237.51933954617	1664.80004882813
2239.75037666437	1694.19995117188
2241.98077120221	1699.30004882813
2244.21052346188	1703.5
2246.4396337454	1698.30004882813
2248.66810235461	1695.90002441406
2250.89592959125	1701.5
2253.12311575681	1686.40002441406
2255.34966115272	1685.80004882813
2257.57556608017	1672.69995117188
2259.80083084023	1682.5
2262.02545573381	1685.90002441406
2264.24944106163	1674.69995117188
2266.47278712429	1684.40002441406
2268.69549422221	1684.69995117188
2270.91756265564	1700.09997558594
2273.1389927247	1709
2275.35978472934	1695.30004882813
2277.57993896933	1695.30004882813
2279.79945574431	1695.5
2282.01833535375	1687.69995117188
2284.23657809696	1705.5
2286.45418427309	1686.19995117188
2288.67115418114	1706.09997558594
2290.88748811995	1695.80004882813
2293.10318638819	1693.5
2295.3182492844	1708.19995117188
2297.53267710693	1715.59997558594
2299.746470154	1715.30004882813
2301.95962872364	1699
2304.17215311376	1705.30004882813
2306.3840436221	1741.90002441406
2308.59530054621	1732.5
2310.80592418354	1745.09997558594
2313.01591483134	1740.90002441406
2315.22527278673	1727.90002441406
2317.43399834666	1741.09997558594
2319.64209180791	1728.5
2321.84955346713	1733.40002441406
2324.05638362079	1712.30004882813
2326.26258256524	1715.19995117188
2328.46815059664	1727.19995117188
2330.67308801098	1708.90002441406
2332.87739510415	1701.40002441406
2335.08107217184	1694.80004882813
2337.2841195096	1717.69995117188
2339.48653741281	1700.30004882813
2341.68832617672	1703.30004882813
2343.8894860964	1699.90002441406
2346.09001746678	1700.80004882813
2348.28992058261	1699.69995117188
2350.48919573852	1703
2352.68784322898	1697.59997558594
2354.88586334826	1695
2357.08325639055	1691.59997558594
2359.2800226498	1699.59997558594
2361.47616241988	1692.69995117188
2363.67167599445	1684.40002441406
2365.86656366706	1692.30004882813
2368.06082573107	1676.5
2370.2544624797	1708
2372.44747420603	1680.5
2374.63986120295	1663.69995117188
2376.83162376322	1666.40002441406
2379.02276217945	1666.30004882813
2381.21327674408	1690.59997558594
2383.4031677494	1666.19995117188
2385.59243548756	1663.09997558594
2387.78108025053	1667
2389.96910233014	1670.40002441406
2392.15650201809	1670.5
2394.34327960587	1698.5
2396.52943538486	1686.40002441406
2398.71496964628	1671.5
2400.89988268118	1670.19995117188
2403.08417478048	1671.69995117188
2405.26784623491	1667.80004882813
2407.45089733509	1665.30004882813
2409.63332837146	1674.40002441406
2411.81513963429	1679.69995117188
2413.99633141375	1665
2416.1769039998	1676.19995117188
2418.35685768227	1675.5
2420.53619275084	1667.69995117188
2422.71490949505	1664.09997558594
2424.89300820425	1680.5
2427.07048916765	1674.59997558594
2429.24735267433	1651.90002441406
2431.42359901319	1667.30004882813
2433.59922847297	1684.59997558594
2435.7742413423	1669.30004882813
2437.94863790961	1669.59997558594
2440.12241846321	1675.80004882813
2442.29558329121	1668.09997558594
2444.46813268162	1673.59997558594
2446.64006692228	1672.59997558594
2448.81138630086	1667.5
2450.98209110489	1656.69995117188
2453.15218162174	1672.59997558594
2455.32165813864	1653.30004882813
2457.49052094265	1677.90002441406
2459.65877032069	1677.19995117188
2461.8264065595	1685.19995117188
2463.99342994572	1671.09997558594
2466.15984076579	1662.5
2468.325639306	1677.30004882813
2470.49082585251	1677.40002441406
2472.65540069131	1671.09997558594
2474.81936410824	1693.69995117188
2476.98271638899	1675.59997558594
2479.14545781909	1695.80004882813
2481.30758868392	1666.90002441406
2483.4691092687	1680.09997558594
2485.63001985852	1685.40002441406
2487.79032073829	1675.09997558594
2489.95001219277	1681.19995117188
2492.10909450659	1688.40002441406
2494.26756796419	1674.19995117188
2496.42543284989	1683
2498.58268944783	1677.90002441406
2500.73933804202	1663.09997558594
2502.8953789163	1692.40002441406
2505.05081235436	1661.30004882813
2507.20563863974	1685
2509.35985805582	1661.5
2511.51347088583	1679.5
2513.66647741285	1690.90002441406
2515.81887791981	1691.59997558594
2517.97067268946	1715.90002441406
2520.12186200443	1685.40002441406
2522.27244614716	1678.5
2524.42242539999	1688.19995117188
2526.57180004504	1679.5
2528.72057036433	1696
2530.8687366397	1679
2533.01629915284	1677
2535.16325818527	1667.30004882813
2537.30961401839	1654.19995117188
2539.45536693343	1671.5
2541.60051721145	1654.80004882813
2543.74506513338	1653.40002441406
2545.88901097997	1645.5
2548.03235503185	1647.80004882813
2550.17509756946	1641.69995117188
2552.31723887311	1656.30004882813
2554.45877922293	1647.09997558594
2556.59971889893	1653.5
2558.74005818094	1647.80004882813
2560.87979734864	1647.19995117188
2563.01893668155	1639.19995117188
2565.15747645906	1614.40002441406
2567.29541696037	1646.09997558594
2569.43275846454	1638.90002441406
2571.56950125049	1644.80004882813
2573.70564559696	1662.40002441406
2575.84119178254	1636
2577.97614008569	1631.80004882813
2580.11049078468	1644.19995117188
2582.24424415764	1640.80004882813
2584.37740048255	1642.90002441406
2586.50996003722	1641.90002441406
2588.64192309931	1653.19995117188
2590.77328994634	1641.19995117188
2592.90406085564	1654.69995117188
2595.03423610442	1635.19995117188
2597.16381596971	1647.30004882813
2599.29280072839	1642.69995117188
2601.42119065719	1643.80004882813
2603.54898603267	1656.30004882813
2605.67618713125	1634
2607.80279422919	1643.80004882813
2609.92880760257	1647.5
2612.05422752735	1658.5
2614.17905427932	1654.80004882813
2616.30328813408	1663.40002441406
2618.42692936713	1668.19995117188
2620.54997825377	1650
2622.67243506915	1657.90002441406
2624.79430008828	1655.80004882813
2626.915573586	1655.09997558594
2629.03625583699	1668
2631.15634711579	1666.09997558594
2633.27584769675	1673.09997558594
2635.39475785408	1652.5
2637.51307786185	1677.69995117188
2639.63080799394	1673.09997558594
2641.74794852409	1675
2643.86449972589	1687.30004882813
2645.98046187273	1697.30004882813
2648.0958352379	1705.30004882813
2650.21062009449	1692.09997558594
2652.32481671544	1721.90002441406
2654.43842537353	1722.30004882813
2656.5514463414	1726.80004882813
2658.66387989151	1725.30004882813
2660.77572629616	1728.5
2662.88698582751	1742.80004882813
2664.99765875753	1742
2667.10774535806	1755.5
2669.21724590076	1760.19995117188
2671.32616065714	1758.5
2673.43448989857	1752
2675.5422338962	1729.19995117188
2677.64939292108	1729.90002441406
2679.75596724408	1712.80004882813
2681.86195713589	1692.90002441406
2683.96736286707	1702.40002441406
2686.07218470799	1696.19995117188
2688.17642292889	1681.09997558594
2690.28007779982	1672.90002441406
2692.38314959069	1653
2694.48563857123	1649.09997558594
2696.58754501103	1646.80004882813
2698.6888691795	1653.80004882813
2700.78961134588	1640.5
2702.8897717793	1659.09997558594
2704.98935074864	1637.5
2707.08834852271	1663.19995117188
2709.18676537009	1663.5
2711.28460155925	1646.69995117188
2713.38185735843	1639.80004882813
2715.47853303577	1649.30004882813
2717.57462885924	1654.59997558594
2719.67014509659	1640.5
2721.76508201548	1624.80004882813
2723.85943988337	1621.69995117188
2725.95321896754	1642.19995117188
2728.04641953515	1641.19995117188
2730.13904185316	1624.09997558594
2732.23108618837	1627.59997558594
2734.32255280744	1640.30004882813
2736.41344197683	1626.19995117188
2738.50375396288	1636.30004882813
2740.5934890317	1618.59997558594
2742.68264744932	1621.30004882813
2744.77122948153	1619.90002441406
2746.85923539398	1604.69995117188
2748.94666545217	1619.19995117188
2751.03351992142	1609.5
2753.11979906688	1620.40002441406
2755.20550315355	1614.09997558594
2757.29063244624	1594
2759.37518720963	1613.59997558594
2761.45916770819	1612.09997558594
2763.54257420625	1609.09997558594
2765.62540696797	1597.69995117188
2767.70766625733	1612.40002441406
2769.78935233816	1629.90002441406
2771.87046547413	1616.5
2773.95100592869	1598.69995117188
2776.03097396519	1607.59997558594
2778.11036984677	1621.19995117188
2780.18919383641	1622.69995117188
2782.26744619693	1610.30004882813
2784.34512719097	1613
2786.42223708102	1630
2788.49877612937	1621.5
2790.57474459816	1622.5
2792.65014274937	1616.80004882813
2794.7249708448	1607.5
2796.79922914607	1612.30004882813
2798.87291791465	1617.69995117188
2800.94603741181	1607.09997558594
2803.01858789869	1608.30004882813
2805.09056963623	1601
2807.1619828852	1600.69995117188
2809.23282790621	1607.5
2811.30310495971	1630
2813.37281430593	1608.09997558594
2815.441956205	1596.30004882813
2817.51053091682	1596
2819.57853870114	1613.90002441406
2821.64597981753	1625.09997558594
2823.7128545254	1616.40002441406
2825.77916308399	1619.59997558594
2827.84490575233	1596.30004882813
2829.91008278933	1602.69995117188
2831.97469445369	1618.90002441406
2834.03874100395	1610.30004882813
2836.10222269847	1607.90002441406
2838.16513979544	1627.30004882813
2840.22749255288	1632.19995117188
2842.28928122863	1646
2844.35050608034	1658.09997558594
2846.41116736553	1673.59997558594
2848.47126534149	1666.09997558594
2850.53080026537	1667.69995117188
2852.58977239414	1680.59997558594
2854.64818198459	1686.30004882813
2856.70602929332	1681.69995117188
2858.76331457678	1662.59997558594
2860.82003809123	1669.90002441406
2862.87620009274	1661.90002441406
2864.93180083723	1663.30004882813
2866.98684058043	1678.09997558594
2869.04131957789	1683.19995117188
2871.09523808497	1690.59997558594
2873.14859635689	1704.80004882813
2875.20139464866	1700.90002441406
2877.2536332151	1687
2879.30531231091	1700.40002441406
2881.35643219054	1696.90002441406
2883.40699310831	1695.80004882813
2885.45699531834	1691.19995117188
2887.50643907457	1693.30004882813
2889.55532463077	1719.80004882813
2891.60365224053	1707.09997558594
2893.65142215724	1711.40002441406
2895.69863463414	1711.40002441406
2897.74528992426	1707.59997558594
2899.79138828046	1725.59997558594
2901.83692995544	1745.5
2903.88191520168	1697.19995117188
2905.92634427151	1716.59997558594
2907.97021741706	1697.80004882813
2910.01353489027	1717.90002441406
2912.05629694294	1721
2914.09850382663	1719.40002441406
2916.14015579276	1724.80004882813
2918.18125309254	1738
2920.22179597702	1724.5
2922.26178469705	1731
2924.30121950329	1740.90002441406
2926.34010064624	1737.30004882813
2928.37842837619	1764.90002441406
2930.41620294326	1744.80004882813
2932.45342459737	1749
2934.49009358828	1754
2936.52621016555	1759.5
2938.56177457854	1763.30004882813
2940.59678707645	1738.09997558594
2942.63124790827	1721.90002441406
2944.66515732282	1710.59997558594
2946.69851556873	1713.19995117188
2948.73132289443	1710.09997558594
2950.76357954817	1706.80004882813
2952.79528577803	1694.5
2954.82644183188	1690.90002441406
2956.85704795741	1693.59997558594
2958.8871044021	1674.30004882813
2960.91661141328	1690.09997558594
2962.94556923807	1673.90002441406
2964.97397812339	1671.90002441406
2967.00183831598	1667.40002441406
2969.0291500624	1683.69995117188
2971.05591360902	1672.69995117188
2973.08212920199	1656.5
2975.1077970873	1653.19995117188
2977.13291751074	1636
2979.1574907179	1651.40002441406
2981.18151695419	1649.09997558594
2983.20499646482	1645.19995117188
2985.2279294948	1665.30004882813
2987.25031628898	1637.09997558594
2989.27215709199	1643.80004882813
2991.29345214825	1641.59997558594
2993.31420170204	1616.69995117188
2995.33440599738	1625.69995117188
2997.35406527816	1617.30004882813
2999.37317978802	1625.90002441406
3001.39174977045	1623.59997558594
3003.40977546872	1623.09997558594
3005.42725712591	1613.80004882813
3007.44419498491	1640.30004882813
3009.4605892884	1618
3011.47644027889	1622.30004882813
3013.49174819865	1616.80004882813
3015.5065132898	1641.40002441406
3017.52073579424	1645.90002441406
3019.53441595366	1634.80004882813
3021.54755400959	1633.09997558594
3023.56015020332	1623.09997558594
3025.57220477598	1630.40002441406
3027.58371796846	1611.30004882813
3029.5946900215	1616.80004882813
3031.6051211756	1624.40002441406
3033.61501167107	1618.80004882813
3035.62436174803	1615.19995117188
3037.6331716464	1611.80004882813
3039.64144160588	1605.80004882813
3041.649171866	1611.5
3043.65636266607	1613.09997558594
3045.6630142452	1591
3047.66912684229	1609.30004882813
3049.67470069605	1587.09997558594
3051.679736045	1604.69995117188
3053.68423312742	1584
3055.68819218143	1588.19995117188
3057.6916134449	1583.80004882813
3059.69449715556	1587.19995117188
3061.69684355086	1589.09997558594
3063.6986528681	1589.40002441406
3065.69992534437	1588.90002441406
3067.70066121653	1570.69995117188
3069.70086072126	1562.69995117188
3071.700524095	1562.09997558594
3073.69965157405	1572.19995117188
3075.69824339442	1572.69995117188
3077.69629979197	1559.90002441406
3079.69382100235	1571.90002441406
3081.69080726098	1571.90002441406
3083.68725880307	1565
3085.68317586366	1560.5
3087.67855867755	1562.5
3089.67340747933	1553.80004882813
3091.6677225034	1551.30004882813
3093.66150398392	1546.30004882813
3095.6547521549	1559.59997558594
3097.64746725006	1558.80004882813
3099.63964950297	1542.90002441406
3101.63129914698	1548.09997558594
3103.6224164152	1553.40002441406
3105.61300154056	1562.09997558594
3107.60305475576	1568.19995117188
3109.59257629331	1573
3111.58156638547	1556.30004882813
3113.57002526432	1565.90002441406
3115.55795316172	1570.5
3117.54535030932	1562.90002441406
3119.53221693853	1563
3121.51855328057	1557.19995117188
3123.50435956646	1573.80004882813
3125.48963602698	1559.69995117188
3127.4743828927	1566.30004882813
3129.45860039397	1575.69995117188
3131.44228876093	1557
3133.42544822353	1554.5
3135.40807901145	1574.80004882813
3137.39018135418	1570.5
3139.37175548102	1557.80004882813
3141.35280162101	1562.19995117188
3143.33332000299	1552.90002441406
3145.31331085559	1560.5
3147.2927744072	1558.80004882813
3149.27171088602	1574
3151.25012052	1562.30004882813
3153.22800353689	1570.09997558594
3155.20536016422	1549.5
3157.18219062929	1571.09997558594
3159.15849515918	1547.80004882813
3161.13427398075	1555.40002441406
3163.10952732066	1566.69995117188
3165.08425540532	1550
3167.05845846092	1557.30004882813
3169.03213671344	1564.09997558594
3171.00529038863	1541.90002441406
3172.97791971203	1551.5
3174.95002490893	1550.59997558594
3176.92160620443	1544.80004882813
3178.89266382337	1550.5
3180.8631979904	1571.09997558594
3182.83320892991	1560.5
3184.80269686609	1558
3186.77166202289	1552.5
3188.74010462406	1546.40002441406
3190.70802489307	1566.69995117188
3192.67542305323	1566
3194.64229932757	1571.40002441406
3196.60865393892	1537.19995117188
3198.57448710987	1555.69995117188
3200.53979906279	1549.19995117188
3202.50459001981	1552.30004882813
3204.46886020284	1559.90002441406
3206.43260983356	1552.59997558594
3208.39583913341	1550.40002441406
3210.35854832362	1558.40002441406
3212.32073762517	1554.59997558594
3214.28240725881	1555.80004882813
3216.24355744508	1553.19995117188
3218.20418840426	1551.69995117188
3220.16430035642	1552.09997558594
3222.12389352137	1562.69995117188
3224.08296811873	1555.09997558594
3226.04152436784	1555.5
3227.99956248784	1555.90002441406
3229.95708269762	1557.09997558594
3231.91408521584	1544.5
3233.87057026092	1552.59997558594
3235.82653805105	1555
3237.78198880419	1557.19995117188
3239.73692273806	1559.90002441406
3241.69134007013	1572.69995117188
3243.64524101764	1558.30004882813
3245.59862579761	1559.80004882813
3247.55149462681	1561.09997558594
3249.50384772176	1561.19995117188
3251.45568529877	1565.59997558594
3253.40700757387	1580.30004882813
3255.35781476288	1558.19995117188
3257.3081070814	1574.30004882813
3259.25788474473	1555.09997558594
3261.20714796799	1563.30004882813
3263.15589696602	1569.59997558594
3265.10413195345	1580.59997558594
3267.05185314463	1576.69995117188
3268.9990607537	1559.59997558594
3270.94575499455	1563.09997558594
3272.89193608081	1571.90002441406
3274.8376042259	1563
3276.78275964296	2524.30004882813
3278.72740254492	1581.69995117188
3280.67153314443	1562.69995117188
3282.61515165393	1569.5
3284.55825828559	1558.19995117188
3286.50085325135	1545
3288.44293676289	1558
3290.38450903165	1562.09997558594
3292.32557026883	1572.09997558594
3294.26612068537	1549.09997558594
3296.20616049198	1560.19995117188
3298.14568989911	1553.69995117188
3300.08470911695	1561.40002441406
3302.02321835546	1552.69995117188
3303.96121782435	1554.19995117188
3305.89870773306	1556.40002441406
3307.83568829081	1551.90002441406
3309.77215970655	1555.5
3311.70812218898	1567.69995117188
3313.64357594655	1569.69995117188
3315.57852118747	1535.80004882813
3317.51295811968	1553.19995117188
3319.44688695087	1535.90002441406
3321.38030788849	1549.59997558594
3323.31322113973	1549.40002441406
3325.24562691152	1540.19995117188
3327.17752541055	1556.5
3329.10891684322	1559.5
3331.03980141573	1549.5
3332.97017933399	1557.90002441406
3334.90005080364	1554.80004882813
3336.82941603011	1535.40002441406
3338.75827521852	1545.19995117188
3340.68662857377	1551.5
3342.6144763005	1551.40002441406
3344.54181860308	1552.30004882813
3346.46865568561	1540.19995117188
3348.39498775195	1544.30004882813
3350.32081500571	1558
3352.24613765022	1540.59997558594
3354.17095588855	1543.80004882813
3356.09526992352	1545.5
3358.01907995769	1543.80004882813
3359.94238619334	1543.5
3361.86518883251	1540.80004882813
3363.78748807697	1539.59997558594
3365.70928412823	1549.69995117188
3367.63057718752	1537.59997558594
3369.55136745582	1546.19995117188
3371.47165513386	1545.40002441406
3373.39144042208	1538.30004882813
3375.31072352066	1546.59997558594
3377.22950462953	1542
3379.14778394834	1551.59997558594
3381.06556167648	1549.30004882813
3382.98283801308	1556.80004882813
3384.89961315697	1540
3386.81588730676	1550.09997558594
3388.73166066076	1544.90002441406
3390.64693341702	1558.30004882813
3392.56170577332	1547.09997558594
3394.47597792716	1538.80004882813
3396.38975007581	1524.30004882813
3398.30302241623	1529.09997558594
3400.21579514512	1545.59997558594
3402.1280684589	1541.5
3404.03984255374	1538.40002441406
3405.95111762553	1533.5
3407.86189386987	1533.90002441406
3409.77217148212	1529.5
3411.68195065733	1526.09997558594
3413.5912315903	1536.40002441406
3415.50001447556	1538.90002441406
3417.40829950735	1533.09997558594
3419.31608687963	1508.40002441406
3421.22337678611	1520.59997558594
3423.1301694202	1540.30004882813
3425.03646497504	1527.19995117188
3426.9422636435	1532.69995117188
3428.84756561816	1546.40002441406
3430.75237109135	1534.69995117188
3432.65668025508	1527.59997558594
3434.56049330112	1528.30004882813
3436.46381042093	1531.19995117188
3438.36663180571	1538.30004882813
3440.26895764638	1534
3442.17078813357	1533.5
3444.07212345762	1518.30004882813
3445.97296380863	1519
3447.87330937636	1539.09997558594
3449.77316035033	1525
3451.67251691977	1526.80004882813
3453.57137927361	1533.90002441406
3455.46974760052	1547.59997558594
3457.36762208886	1514.90002441406
3459.26500292671	1527.09997558594
3461.16189030191	1520.59997558594
3463.05828440194	1525.5
3464.95418541406	1522.80004882813
3466.84959352519	1531.09997558594
3468.74450892201	1534
3470.63893179088	1522.09997558594
3472.53286231788	1524.40002441406
3474.42630068881	1534
3476.31924708918	1536.40002441406
3478.2117017042	1517.90002441406
3480.1036647188	1516
3481.99513631761	1507.90002441406
3483.88611668498	1503.30004882813
3485.77660600498	1508.80004882813
3487.66660446135	1520.40002441406
3489.55611223758	1514.19995117188
3491.44512951683	1512.80004882813
3493.333656482	1527.19995117188
3495.22169331568	1523.90002441406
3497.10924020016	1518.80004882813
3498.99629731746	1520
3500.88286484927	1508.90002441406
3502.76894297702	1510.90002441406
3504.65453188182	1511.5
3506.53963174449	1512.80004882813
3508.42424274555	1517.5
3510.30836506524	1499.30004882813
3512.19199888349	1507.5
3514.07514437992	1495.30004882813
3515.95780173387	1493.5
3517.83997112437	1506.19995117188
3519.72165273016	1513.5
3521.60284672967	1504.69995117188
3523.48355330104	1507.19995117188
3525.36377262208	1499.5
3527.24350487035	1504.19995117188
3529.12275022306	1510.59997558594
3531.00150885715	1480.80004882813
3532.87978094923	1496.80004882813
3534.75756667562	1490.19995117188
3536.63486621235	1480.19995117188
3538.51167973512	1504.09997558594
3540.38800741934	1499
3542.26384944011	1474
3544.13920597223	1472.69995117188
3546.01407719018	1481.5
3547.88846326815	1482.80004882813
3549.76236438002	1492.69995117188
3551.63578069934	1488.19995117188
3553.50871239938	1491.40002441406
3555.38115965309	1486.40002441406
3557.25312263311	1482.30004882813
3559.12460151177	1495
3560.99559646109	1479.59997558594
3562.86610765279	1484.80004882813
3564.73613525825	1479.80004882813
3566.60567944857	1479.80004882813
3568.47474039453	1492.69995117188
3570.34331826658	1484.59997558594
3572.21141323487	1481.80004882813
3574.07902546925	1476.09997558594
3575.94615513922	1474.59997558594
3577.81280241401	1471.59997558594
3579.67896746249	1472.90002441406
3581.54465045325	1464.69995117188
3583.40985155455	1471.59997558594
3585.27457093432	1472
3587.1388087602	1487.69995117188
3589.00256519949	1466.59997558594
3590.86584041919	1469.40002441406
3592.72863458597	1475.40002441406
3594.59094786618	1464.30004882813
3596.45278042585	1467.59997558594
3598.31413243069	1474.40002441406
3600.17500404611	1483.59997558594
3602.03539543717	1484.30004882813
3603.89530676861	1475.5
3605.75473820488	1457.19995117188
3607.61368991007	1486.09997558594
3609.47216204797	1480.40002441406
3611.33015478203	1468.19995117188
3613.18766827539	1480.90002441406
3615.04470269087	1450
3616.90125819094	1457.30004882813
3618.75733493776	1470.19995117188
3620.61293309318	1461.80004882813
3622.46805281869	1464.90002441406
3624.32269427547	1469.40002441406
3626.17685762439	1462.5
3628.03054302596	1459.90002441406
3629.88375064038	1457.59997558594
3631.73648062751	1466.5
3633.5887331469	1462.19995117188
3635.44050835775	1463.80004882813
3637.29180641893	1469.5
3639.14262748899	1472.90002441406
3640.99297172614	1461.80004882813
3642.84283928828	1461.69995117188
3644.69223033294	1462.09997558594
3646.54114501734	1444.09997558594
3648.38958349836	1448.90002441406
3650.23754593256	1452.19995117188
3652.08503247614	1449.30004882813
3653.93204328497	1456
3655.77857851462	1462.5
3657.62463832028	1458
3659.47022285682	1461.80004882813
3661.31533227877	1463.59997558594
3663.15996674033	1455.90002441406
3665.00412639535	1441.69995117188
3666.84781139736	1454.19995117188
3668.69102189953	1444.30004882813
3670.5337580547	1453
3672.37602001537	1450.59997558594
3674.21780793368	1462.30004882813
3676.05912196148	1448
3677.89996225021	1442.59997558594
3679.74032895103	1450.90002441406
3681.58022221471	1441.59997558594
3683.41964219171	1427.09997558594
3685.25858903211	1437.40002441406
3687.0970628857	1441.90002441406
3688.93506390186	1446.09997558594
3690.77259222968	1435.59997558594
3692.60964801787	1440.69995117188
3694.44623141481	1442.40002441406
3696.28234256853	1435.30004882813
3698.11798162669	1446.19995117188
3699.95314873665	1430.80004882813
3701.78784404537	1435.40002441406
3703.62206769951	1433.40002441406
3705.45581984533	1443
3707.28910062877	1436.40002441406
3709.12191019542	1435.69995117188
3710.95424869052	1425.40002441406
3712.78611625894	1437.30004882813
3714.6175130452	1425.59997558594
3716.44843919349	1436.80004882813
3718.27889484764	1435.40002441406
3720.1088801511	1427.40002441406
3721.93839524699	1429.59997558594
3723.76744027808	1436.30004882813
3725.59601538677	1422.5
3727.4241207151	1426.09997558594
