40.2973356941271	1128.875
43.2236257608418	1131
46.1488808466109	1135.5
49.0731017336173	1139.125
51.9962892025666	1142.125
54.9184440327569	1145.75
57.8395670020446	1155.5
60.7596588868509	1156.625
63.6787204621708	1159.25
66.5967525015794	1173.375
69.5137557772381	1191.125
72.4297310598838	1205.75
75.3446791188512	1224.625
78.2586007220466	1267.5
81.1714966360015	1293.125
84.0833676258266	1350.125
86.994214455242	1396.375
89.9040378865662	1476.125
92.8128386807427	1516.375
95.7206175973133	1567.125
98.6273753944444	1624
101.533112828928	1640.25
104.437830656161	1650.25
107.34152963018	1664.625
110.244210503676	1650.5
113.145874027931	1637.125
116.046520952895	1656.625
118.946152027154	1631.75
121.844767997933	1623.875
124.74236961111	1629.5
127.638957611212	1655.25
130.534532741422	1637.125
133.429095743606	1641.375
136.322647358252	1630.875
139.215188324544	1662.125
142.106719380311	1685.875
144.997241262089	1671.375
147.886754705057	1655.875
150.775260443096	1679.875
153.662759208748	1681.5
156.549251733282	1673.5
159.434738746612	1683.125
162.319220977376	1689.25
165.20269915289	1679.125
168.085173999178	1684.25
170.966646240977	1690.375
173.847116601709	1687.125
176.726585803528	1677.625
179.605054567295	1649.25
182.48252361259	1675.375
185.358993657701	1666.5
188.234465419645	1671.375
191.108939614183	1662
193.982416955795	1657.5
196.854898157687	1660
199.726383931801	1678.25
202.596874988835	1680.375
205.466372038225	1666.875
208.334875788145	1682.375
211.202386945534	1693.625
214.068906216069	1693.25
216.934434304194	1672.125
219.798971913111	1694.125
222.662519744776	1678.75
225.525078499925	1701.5
228.386648878069	1679.625
231.247231577465	1689.75
234.106827295172	1692.75
236.965436727012	1685.625
239.823060567597	1683.875
242.679699510337	1683.625
245.535354247396	1677
248.390025469775	1681.25
251.243713867223	1678.625
254.096420128327	1666.75
256.948144940459	1684.125
259.798888989788	1707.25
262.648652961315	1672.75
265.49743753883	1692.375
268.345243404939	1679.625
271.192071241073	1717.5
274.037921727485	1678.625
276.882795543246	1682.625
279.72669336624	1697.125
282.569615873213	1695.875
285.411563739724	1699.125
288.252537640165	1692
291.092538247763	1713.625
293.931566234616	1688.625
296.769622271633	1709.75
299.606707028594	1728.375
302.442821174104	1701.375
305.277965375652	1707.75
308.112140299574	1713.625
310.945346611062	1717.25
313.777584974167	1716.625
316.608856051813	1731.375
319.439160505797	1708.375
322.268498996783	1729
325.096872184303	1729.125
327.924280726782	1741.5
330.750725281521	1712.75
333.576206504693	1721
336.400725051388	1730.125
339.224281575542	1718.625
342.046876730026	1714.125
344.868511166586	1701
347.689185535872	1713.5
350.508900487421	1712
353.327656669699	1718.125
356.145454730079	1711.375
358.962295314817	1729.125
361.778179069105	1721.625
364.593106637051	1705
367.407078661675	1721.125
370.220095784913	1712
373.032158647655	1714.125
375.843267889676	1716.375
378.653424149715	1734
381.462628065436	1717.875
384.270880273432	1731.375
387.078181409254	1720.125
389.884532107358	1716.625
392.689933001188	1738
395.494384723112	1741.625
398.29788790445	1764.125
401.100443175488	1740.375
403.902051165437	1761.125
406.702712502518	1736.125
409.502427813866	1752.375
412.301197725607	1732.125
415.099022862823	1752
417.89590384957	1741.375
420.691841308876	1739.25
423.486835862752	1731.25
426.280888132173	1738.125
429.073998737112	1729.25
431.866168296507	1751
434.657397428298	1731.875
437.447686749412	1741.125
440.237036875762	1733.875
443.025448422257	1753
445.812922002813	1751.5
448.599458230326	1749.875
451.38505771672	1752.25
454.169721072909	1744.375
456.953448908819	1741.625
459.736241833384	1752.75
462.518100454555	1748.375
465.2990253793	1780.75
468.079017213605	1749.5
470.858076562476	1770
473.636204029939	1770.375
476.41340021906	1742
479.189665731938	1761.75
481.965001169667	1766.375
484.739407132419	1757
487.512884219391	1764.25
490.285433028796	1773.375
493.057054157921	1762.25
495.827748203087	1765.125
498.597515759658	1756.75
501.366357422061	1774.25
504.134273783759	1746
506.901265437278	1750.375
509.66733297421	1744.625
512.432476985198	1771
515.196698059945	1759
517.959996787225	1756.5
520.722373754895	1767.75
523.483829549856	1787.625
526.24436475811	1765.375
529.003979964696	1766
531.762675753779	1774.375
534.520452708569	1746.625
537.277311411375	1758.625
540.03325244359	1738.75
542.788276385682	1759.75
545.54238381725	1764.875
548.295575316938	1762.875
551.047851462516	1756.125
553.799212830831	1744.25
556.549659997851	1781
559.299193538643	1750.125
562.047814027381	1731.625
564.795522037318	1786.375
567.542318140861	1740.5
570.288202909507	1748.5
573.033176913873	1757.125
575.7772407237	1753
578.520394907829	1752.75
581.26264003424	1755.375
584.003976670046	1746.625
586.744405381469	1762.625
589.483926733869	1758.25
592.222541291746	1776.875
594.96024961872	1770.375
597.697052277563	1796.75
600.432949830166	1781.625
603.167942837587	1765.25
605.902031860012	1768.875
608.635217456783	1765.25
611.367500186378	1782.25
614.098880606429	1785.75
616.82935927374	1760.25
619.558936744248	1786
622.287613573072	1785.5
625.015390314457	1787.5
627.742267521848	1780.25
630.468245747829	1761.25
633.193325544166	1757.625
635.917507461792	1773.75
638.640792050804	1752
641.36317986048	1782.625
644.084671439281	1769.875
646.805267334845	1762.5
649.524968093967	1748.625
652.24377426266	1749.75
654.961686386106	1770.5
657.678705008678	1767.75
660.394830673939	1759.625
663.110063924628	1779.625
665.824405302728	1782.5
668.537855349351	1786.875
671.250414604863	1777.75
673.962083608812	1788.5
676.672862899949	1792.5
679.382753016218	1782.75
682.091754494801	1783.75
684.799867872061	1781.125
687.507093683595	1771.75
690.213432464198	1783.625
692.918884747899	1795.875
695.623451067937	1781.25
698.327131956755	1796.625
701.029927946065	1808.875
703.731839566754	1804.875
706.43286734896	1817.875
709.133011822067	1796.375
711.832273514658	1787.625
714.53065295457	1791.125
717.228150668879	1807.5
719.924767183889	1803.5
722.620503025148	1793.625
725.315358717446	1807.875
728.009334784827	1807.375
730.702431750559	1794.25
733.394650137188	1780.375
736.085990466498	1798
738.776453259519	1797.75
741.466039036542	1777.125
744.154748317125	1799.75
746.842581620074	1789.25
749.529539463458	1809
752.215622364608	1809.375
754.900830840131	1786.875
757.585165405892	1803.375
760.26862657703	1804.75
762.951214867957	1801.5
765.632930792356	1812.875
768.313774863181	1799.75
770.993747592673	1786.125
773.672849492359	1796.625
776.351081073017	1794.375
779.028442844757	1803.25
781.704935316928	1802.125
784.380558998208	1793.625
787.055314396528	1812.375
789.729202019141	1812.875
792.402222372581	1812.875
795.074375962669	1828.125
797.745663294537	1789.5
800.416084872622	1815.875
803.085641200652	1807.375
805.754332781664	1823.125
808.422160117986	1814.875
811.089123711292	1817.125
813.75522406252	1811.625
816.420461671951	1801.625
819.084837039164	1827.5
821.748350663067	1824.25
824.411003041866	1809.5
827.072794673116	1825.375
829.733726053668	1819.625
832.39379767971	1843
835.05301004674	1844
837.711363649601	1826.375
840.368858982457	1844
843.025496538805	1853.25
845.681276811467	1836.625
848.336200292618	1850.375
850.99026747375	1839.5
853.643478845713	1840.875
856.29583489868	1850
858.947336122176	1841
861.59798300506	1857.75
864.247776035556	1890.375
866.896715701222	1856.375
869.544802488959	1879.875
872.192036885046	1870.75
874.838419375087	1869.25
877.483950444054	1879.375
880.128630576285	1900.875
882.772460255461	1877.5
885.415439964628	1861
888.057570186211	1868.875
890.698851401966	1884.625
893.339284093045	1853.875
895.978868739961	1847.375
898.617605822596	1839.875
901.255495820196	1848.875
903.892539211396	1858.25
906.528736474184	1867
909.164088085949	1851
911.798594523442	1860.375
914.432256262804	1863.25
917.065073779549	1887.75
919.697047548589	1861
922.328178044212	1866.75
924.9584657401	1885.75
927.587911109317	1880.875
930.216514624317	1876.5
932.844276756963	1864.625
935.471197978488	1885.125
938.097278759538	1892.625
940.722519570163	1898.75
943.346920879798	1906.375
945.97048315729	1946
948.593206870885	1924.125
951.215092488219	1963
953.836140476366	1977.625
956.456351301787	1990.5
959.07572543037	1984.75
961.694263327369	1980
964.311965457521	1985.5
966.928832284933	1993.75
969.544864273135	1968.625
972.160061885076	1981.5
974.774425583129	1961.5
977.387955829099	1976.75
980.000653084196	1952.75
982.612517809061	1964.125
985.223550463768	1946.375
987.833751507819	1973.625
990.443121400135	1982
993.051660599081	1966.75
995.659369562449	2007.125
998.266248747469	2056.75
1000.87229861081	2139.875
1003.47751960857	2174
1006.0819121963	2224.125
1008.68547682897	2251.625
1011.28821396104	2148.875
1013.89012404635	2095.75
1016.49120753824	2055.375
1019.09146488947	2051
1021.69089655226	2020.625
1024.28950297827	2004.25
1026.88728461863	1996
1029.48424192392	1995.75
1032.08037534416	1964.125
1034.67568532886	1946
1037.27017232694	1951.125
1039.86383678682	1953.375
1042.45667915637	1954
1045.04869988293	1953.25
1047.6398994133	1963.625
1050.23027819374	1952.125
1052.81983666998	1964.75
1055.40857528724	1962.375
1057.99649449018	1979.5
1060.58359472296	1951.375
1063.1698764292	1976.75
1065.755340052	1953.125
1068.33998603393	1959
1070.92381481706	1971.5
1073.50682684291	1976
1076.08902255251	1987.75
1078.67040238637	1955.5
1081.25096678445	1967.375
1083.83071618624	1964.25
1086.4096510307	1970
1088.98777175629	1941.25
1091.56507880094	1977.5
1094.14157260208	1969.75
1096.71725359664	1960.375
1099.29212222106	1960.125
1101.86617891125	1975.625
1104.43942410262	1968
1107.01185823011	1990.125
1109.58348172812	1995.375
1112.15429503057	1986.75
1114.7242985709	1992.5
1117.29349278203	2015.125
1119.86187809642	2005.625
1122.42945494599	2024
1124.99622376222	2071
1127.56218497606	2053.125
1130.12733901801	2090.875
1132.69168631804	2092
1135.25522730568	2132.75
1137.81796240995	2139.875
1140.37989205941	2195.75
1142.9410166821	2240.25
1145.50133670561	2337.125
1148.06085255708	2457.25
1150.61956466311	2632.125
1153.17747344987	2825.125
1155.73457934305	3018.125
1158.29088276786	3095.875
1160.84638414903	3015
1163.40108391085	2786
1165.95498247711	2560.125
1168.50808027116	2365.125
1171.06037771587	2259.625
1173.61187523364	2203.625
1176.16257324643	2157.375
1178.71247217573	2148.625
1181.26157244255	2134.125
1183.80987446746	2157.125
1186.35737867059	2163.375
1188.90408547157	2173.75
1191.44999528961	2226.875
1193.99510854347	2227.375
1196.53942565142	2194.25
1199.08294703133	2199.25
1201.62567310057	2157.875
1204.16760427611	2157.375
1206.70874097445	2086.875
1209.24908361163	2071.875
1211.78863260327	2055.25
1214.32738836454	2063.375
1216.86535131017	2084.25
1219.40252185445	2018
1221.93890041121	2020.125
1224.47448739389	2021.875
1227.00928321544	2032.875
1229.54328828842	2012.25
1232.07650302491	2018.375
1234.60892783662	2003.5
1237.14056313477	2046.75
1239.67140933017	2044
1242.2014668332	2008.375
1244.73073605384	2048.875
1247.25921740159	2056.625
1249.78691128558	2059.375
1252.31381811448	2085.75
1254.83993829655	2069.625
1257.36527223962	2083.875
1259.88982035112	2091.375
1262.41358303803	2097
1264.93656070696	2106.5
1267.45875376405	2150.625
1269.98016261505	2147.875
1272.50078766531	2165.75
1275.02062931974	2189.25
1277.53968798285	2169.375
1280.05796405875	2153.875
1282.57545795112	2099.625
1285.09217006325	2143.5
1287.60810079802	2119.875
1290.12325055788	2088.5
1292.63761974492	2103.625
1295.15120876079	2099.125
1297.66401800676	2092
1300.17604788367	2100.375
1302.687298792	2095
1305.19777113181	2121.625
1307.70746530274	2096.25
1310.21638170408	2088.25
1312.7245207347	2098
1315.23188279307	2097
1317.73846827728	2054.625
1320.24427758502	2092.125
1322.74931111359	2094.625
1325.25356925991	2050.125
1327.75705242051	2050.5
1330.25976099151	2065.875
1332.76169536868	2060.25
1335.26285594737	2081.75
1337.76324312256	2047.375
1340.26285728887	2044.625
1342.76169884052	2061
1345.25976817132	2051.25
1347.75706567474	2040.25
1350.25359174387	2047.125
1352.74934677141	2059.25
1355.24433114968	2063.25
1357.73854527062	2072.25
1360.23198952583	2065.75
1362.7246643065	2055.875
1365.21657000347	2073.125
1367.7077070072	2084.875
1370.19807570777	2062.125
1372.68767649492	2048.375
1375.176509758	2065.375
1377.66457588599	2059
1380.15187526753	2066.375
1382.63840829087	2052.125
1385.1241753439	2046.5
1387.60917681417	2079.25
1390.09341308884	2089.125
1392.57688455474	2081.125
1395.05959159829	2076.5
1397.54153460562	2112.25
1400.02271396243	2092.625
1402.50313005414	2069.375
1404.98278326576	2066.75
1407.46167398196	2089.75
1409.93980258707	2075.25
1412.41716946504	2098.75
1414.89377499951	2089.75
1417.36961957373	2087.375
1419.84470357062	2125
1422.31902737275	2093.875
1424.79259136235	2106.625
1427.26539592129	2119.5
1429.73744143111	2132.25
1432.20872827299	2137.375
1434.67925682777	2155.5
1437.14902747597	2170.75
1439.61804059773	2168.5
1442.0862965729	2229.125
1444.55379578093	2217.875
1447.02053860099	2199.875
1449.48652541188	2182
1451.95175659206	2217.5
1454.41623251969	2207.75
1456.87995357255	2208.75
1459.34292012811	2197.5
1461.80513256351	2191
1464.26659125557	2176.75
1466.72729658073	2178.875
1469.18724891517	2186.625
1471.64644863469	2209
1474.10489611478	2187
1476.5625917306	2214.875
1479.01953585699	2192.75
1481.47572886844	2200.375
1483.93117113917	2210.125
1486.38586304302	2227.75
1488.83980495354	2227.75
1491.29299724395	2251.25
1493.74544028715	2286.25
1496.19713445573	2341
1498.64808012193	2396.375
1501.09827765772	2462.25
1503.54772743471	2571.25
1505.99642982421	2688.125
1508.44438519723	2844
1510.89159392446	3003
1513.33805637625	3234
1515.78377292266	3426.75
1518.22874393346	3469.5
1520.67296977806	3472.625
1523.11645082559	3383
1525.55918744488	3149.5
1528.00118000444	2941.5
1530.44242887245	2750.25
1532.88293441684	2559.25
1535.32269700517	2417.25
1537.76171700475	2348.625
1540.19999478255	2275.375
1542.63753070526	2213.75
1545.07432513925	2207.25
1547.5103784506	2191.125
1549.94569100509	2209.375
1552.38026316819	2197.75
1554.8140953051	2180
1557.24718778067	2165.875
1559.67954095952	2165.25
1562.11115520592	2143.25
1564.54203088386	2168.375
1566.97216835704	2182.75
1569.40156798888	2150.375
1571.83023014248	2159.75
1574.25815518067	2176.75
1576.68534346597	2167.25
1579.11179536062	2169.25
1581.53751122658	2162.875
1583.9624914255	2184
1586.38673631876	2190
1588.81024626745	2168.375
1591.23302163235	2165.75
1593.655062774	2177.25
1596.07637005262	2163.5
1598.49694382815	2163.875
1600.91678446025	2159
1603.33589230831	2147.125
1605.75426773142	2137.375
1608.1719110884	2158.625
1610.58882273779	2133.5
1613.00500303784	2109.625
1615.42045234654	2141
1617.83517102158	2149
1620.24915942039	2137.125
1622.66241790012	2145.75
1625.07494681764	2139.375
1627.48674652954	2154.125
1629.89781739216	2141.375
1632.30815976152	2129.125
1634.71777399343	2141.875
1637.12666044338	2145.125
1639.53481946661	2166.375
1641.94225141808	2151
1644.34895665248	2169.875
1646.75493552424	2157.625
1649.16018838752	2168.125
1651.56471559621	2198.875
1653.96851750392	2218.375
1656.37159446403	2231.875
1658.7739468296	2196
1661.17557495349	2213.75
1663.57647918824	2200.375
1665.97665988617	2180.125
1668.37611739929	2190.625
1670.77485207939	2140.25
1673.17286427799	2134.625
1675.57015434633	2156.625
1677.96672263542	2113.625
1680.36256949598	2164
1682.7576952785	2138
1685.15210033318	2110.375
1687.54578501	2135.875
1689.93874965866	2123
1692.33099462861	2151.375
1694.72252026904	2120.875
1697.11332692889	2119.625
1699.50341495686	2148.875
1701.89278470137	2141.25
1704.28143651061	2105.125
1706.66937073251	2137.5
1709.05658771473	2140.5
1711.44308780473	2105.875
1713.82887134968	2132.875
1716.21393869648	2120
1718.59829019185	2106
1720.98192618221	2137.875
1723.36484701374	2120.125
1725.74705303238	2131.375
1728.12854458384	2106.125
1730.50932201356	2142.375
1732.88938566673	2134.75
1735.26873588834	2109.25
1737.64737302307	2117.625
1740.02529741544	2122.125
1742.40250940964	2133.75
1744.77900934969	2137.625
1747.15479757933	2124.875
1749.52987444206	2092.5
1751.90424028116	2110.375
1754.27789543967	2116
1756.65084026037	2129
1759.02307508582	2150.875
1761.39460025833	2116.75
1763.76541612	2133.375
1766.13552301265	2139.875
1768.50492127791	2119.375
1770.87361125714	2114.25
1773.2415932915	2122.75
1775.60886772188	2114.75
1777.97543488896	2129.875
1780.34129513318	2092.125
1782.70644879475	2131.625
1785.07089621365	2104.625
1787.43463772964	2115.125
1789.7976736822	2142.375
1792.16000441066	2103.625
1794.52163025405	2095.625
1796.88255155121	2116.375
1799.24276864074	2134.125
1801.60228186102	2114.375
1803.96109155019	2128.375
1806.31919804618	2105.625
1808.67660168668	2114.625
1811.03330280916	2137.5
1813.38930175088	2148.125
1815.74459884884	2145.25
1818.09919443984	2133.125
1820.45308886047	2125.375
1822.80628244708	2120.75
1825.1587755358	2139.375
1827.51056846254	2118.375
1829.86166156297	2119
1832.21205517258	2132.375
1834.56174962661	2136
1836.91074526009	2105.875
1839.25904240783	2124.25
1841.60664140443	2111.125
1843.95354258425	2128.875
1846.29974628146	2133.375
1848.64525282998	2121.5
1850.99006256356	2111.5
1853.3341758157	2109.125
1855.67759291968	2103.125
1858.02031420858	2114.625
1860.36234001528	2114.75
1862.70367067241	2106.5
1865.04430651244	2088
1867.38424786755	2108
1869.72349506978	2117.375
1872.06204845094	2089.75
1874.39990834258	2115.375
1876.73707507612	2101
1879.07354898269	2121.625
1881.40933039328	2116.5
1883.74441963861	2104.5
1886.07881704925	2107.25
1888.41252295551	2093.625
1890.74553768751	2148.25
1893.07786157519	2089.875
1895.40949494822	2115.125
1897.74043813615	2134
1900.07069146823	2109.5
1902.40025527357	2076.375
1904.72912988106	2115.375
1907.05731561938	2125.625
1909.38481281699	2131.125
1911.71162180217	2092.75
1914.037742903	2125.625
1916.36317644734	2120.125
1918.68792276284	2114.75
1921.01198217697	2117.875
1923.33535501699	2098.5
1925.65804160996	2109.25
1927.98004228273	2112
1930.30135736196	2091.125
1932.6219871741	2118
1934.94193204543	2141.5
1937.26119230198	2116.375
1939.57976826962	2119.25
1941.89766027402	2098.375
1944.21486864062	2105.75
1946.53139369472	2142
1948.84723576137	2104.75
1951.16239516543	2124.75
1953.47687223159	2118.875
1955.79066728434	2127.25
1958.10378064794	2136.125
1960.4162126465	2118.25
1962.7279636039	2115.5
1965.03903384385	2099.5
1967.34942368987	2101.875
1969.65913346524	2106.25
1971.96816349311	2111.25
1974.2765140964	2112.625
1976.58418559784	2109.375
1978.89117831997	2104.375
1981.19749258516	2128.25
1983.50312871555	2112
1985.80808703313	2099
1988.11236785967	2099.75
1990.41597151676	2116.5
1992.71889832581	2114
1995.02114860801	2119
1997.3227226844	2099.125
1999.62362087581	2119.125
2001.92384350288	2132.75
2004.22339088608	2150.625
2006.52226334567	2110.375
2008.82046120173	2088.125
2011.11798477417	2161.25
2013.41483438269	2127.375
2015.71101034681	2113
2018.00651298588	2104.25
2020.30134261905	2138.125
2022.59549956528	2121.25
2024.88898414337	2128.75
2027.1817966719	2118.125
2029.4739374693	2117
2031.76540685379	2127.5
2034.05620514342	2104.125
2036.34633265607	2106.25
2038.6357897094	2097.25
2040.92457662092	2100.75
2043.21269370795	2101.125
2045.50014128763	2088.625
2047.78691967691	2101.875
2050.07302919256	2107.75
2052.35847015118	2104.625
2054.64324286919	2101.75
2056.9273476628	2095.75
2059.21078484808	2089
2061.4935547409	2111.75
2063.77565765696	2094.75
2066.05709391176	2078
2068.33786382065	2098.75
2070.61796769879	2086.625
2072.89740586116	2063
2075.17617862255	2068
2077.45428629759	2055
2079.73172920075	2077.25
2082.00850764627	2088.375
2084.28462194827	2082.875
2086.56007242065	2070.75
2088.83485937717	2111.25
2091.10898313139	2092.75
2093.3824439967	2124
2095.65524228632	2114
2097.92737831328	2105.375
2100.19885239047	2104.75
2102.46966483057	2110.5
2104.7398159461	2122.125
2107.00930604941	2131.25
2109.27813545267	2107.875
2111.54630446787	2139.5
2113.81381340685	2137.5
2116.08066258126	2140
2118.34685230257	2100.125
2120.61238288211	2123
2122.87725463099	2144.375
2125.1414678602	2113.625
2127.40502288052	2134.25
2129.66792000257	2119.625
2131.93015953682	2115.25
2134.19174179353	2106
2136.45266708282	2130.375
2138.71293571463	2119.875
2140.97254799873	2114.75
2143.23150424473	2125
2145.48980476205	2122.875
2147.74744985996	2131.25
2150.00443984754	2138.875
2152.26077503373	2132
2154.51645572728	2172.25
2156.77148223677	2131
2159.02585487064	2138.625
2161.27957393713	2146.875
2163.53263974432	2156.25
2165.78505260012	2148.125
2168.0368128123	2148.125
2170.28792068844	2125.25
2172.53837653595	2146
2174.78818066207	2129
2177.03733337389	2094.625
2179.28583497833	2077
2181.53368578214	2122.5
2183.78088609192	2107.375
2186.02743621406	2077.125
2188.27333645484	2099
2190.51858712033	2090.375
2192.76318851646	2075.125
2195.00714094901	2060.375
2197.25044472354	2066.375
2199.49310014551	2099.625
2201.73510752018	2100.75
2203.97646715265	2080.125
2206.21717934786	2060.125
2208.45724441058	2068.5
2210.69666264543	2075.25
2212.93543435686	2066.75
2215.17355984914	2067.375
2217.41103942642	2078.75
2219.64787339264	2054.875
2221.8840620516	2066.625
2224.11960570695	2076.625
2226.35450466215	2069.375
2228.58875922051	2071.5
2230.82236968518	2068.875
2233.05533635916	2046.25
2235.28765954527	2048.375
2237.51933954617	2063
2239.75037666437	2076.125
2241.98077120221	2090.125
2244.21052346188	2091.375
2246.4396337454	2066.875
2248.66810235461	2073
2250.89592959125	2070.5
2253.12311575681	2060.625
2255.34966115272	2078.25
2257.57556608017	2057.875
2259.80083084023	2068.125
2262.02545573381	2081.375
2264.24944106163	2047
2266.47278712429	2051.75
2268.69549422221	2076.125
2270.91756265564	2061.5
2273.1389927247	2074.5
2275.35978472934	2080.125
2277.57993896933	2078.125
2279.79945574431	2085.25
2282.01833535375	2062.875
2284.23657809696	2091
2286.45418427309	2078.75
2288.67115418114	2096.25
2290.88748811995	2099.875
2293.10318638819	2108
2295.3182492844	2093.625
2297.53267710693	2121
2299.746470154	2118
2301.95962872364	2135.875
2304.17215311376	2132.625
2306.3840436221	2149.625
2308.59530054621	2138.5
2310.80592418354	2159
2313.01591483134	2131.625
2315.22527278673	2134.25
2317.43399834666	2153.625
2319.64209180791	2124.5
2321.84955346713	2098.5
2324.05638362079	2126.75
2326.26258256524	2091.25
2328.46815059664	2085.5
2330.67308801098	2108.625
2332.87739510415	2088.25
2335.08107217184	2094.875
2337.2841195096	2101.25
2339.48653741281	2083.625
2341.68832617672	2095.375
2343.8894860964	2097.375
2346.09001746678	2079
2348.28992058261	2099.375
2350.48919573852	2080
2352.68784322898	2085.625
2354.88586334826	2078.25
2357.08325639055	2079.625
2359.2800226498	2048
2361.47616241988	2079.875
2363.67167599445	2068.625
2365.86656366706	2038.625
2368.06082573107	2061.875
2370.2544624797	2064.875
2372.44747420603	2033.625
2374.63986120295	2058.5
2376.83162376322	2087.5
2379.02276217945	2061.625
2381.21327674408	2060
2383.4031677494	2024.125
2385.59243548756	2039
2387.78108025053	2041.75
2389.96910233014	2030
2392.15650201809	2017.25
2394.34327960587	2040.75
2396.52943538486	2035.75
2398.71496964628	2042.125
2400.89988268118	2045.25
2403.08417478048	2042.125
2405.26784623491	2017.875
2407.45089733509	2061.25
2409.63332837146	2028.375
2411.81513963429	2050.625
2413.99633141375	2044.25
2416.1769039998	2027.625
2418.35685768227	2035.375
2420.53619275084	2002.5
2422.71490949505	2044.25
2424.89300820425	2035.75
2427.07048916765	2041.125
2429.24735267433	2049.625
2431.42359901319	2041
2433.59922847297	2025.625
2435.7742413423	2045.625
2437.94863790961	2038.25
2440.12241846321	2049.375
2442.29558329121	2028.375
2444.46813268162	2006.375
2446.64006692228	2012.375
2448.81138630086	2006.625
2450.98209110489	2013.75
2453.15218162174	2030.75
2455.32165813864	2010.875
2457.49052094265	2023.125
2459.65877032069	2043.625
2461.8264065595	2045.375
2463.99342994572	2042.75
2466.15984076579	2034
2468.325639306	2040.875
2470.49082585251	2046.25
2472.65540069131	2076.125
2474.81936410824	2079.875
2476.98271638899	2055.875
2479.14545781909	2073.25
2481.30758868392	2028.25
2483.4691092687	2047.375
2485.63001985852	2042.625
2487.79032073829	2034.625
2489.95001219277	2034.75
2492.10909450659	2038.125
2494.26756796419	2033
2496.42543284989	2015.875
2498.58268944783	2036.75
2500.73933804202	2039.25
2502.8953789163	2050.875
2505.05081235436	2051.875
2507.20563863974	2032.25
2509.35985805582	2024.125
2511.51347088583	2067.5
2513.66647741285	2045.75
2515.81887791981	2075.25
2517.97067268946	2097.75
2520.12186200443	2069.5
2522.27244614716	2054.375
2524.42242539999	2060
2526.57180004504	2036
2528.72057036433	2037
2530.8687366397	2060.75
2533.01629915284	2016.875
2535.16325818527	2032.875
2537.30961401839	2044.25
2539.45536693343	2023.5
2541.60051721145	2027.75
2543.74506513338	2002.25
2545.88901097997	2003.875
2548.03235503185	1988.375
2550.17509756946	2002.25
2552.31723887311	1995
2554.45877922293	2000.5
2556.59971889893	1971.125
2558.74005818094	1980
2560.87979734864	1991.5
2563.01893668155	1975.125
2565.15747645906	1971.75
2567.29541696037	1992
2569.43275846454	1966.5
2571.56950125049	1966.375
2573.70564559696	1974.125
2575.84119178254	1962.125
2577.97614008569	1991.625
2580.11049078468	1986.125
2582.24424415764	1965.875
2584.37740048255	1990.375
2586.50996003722	1988.25
2588.64192309931	1993.25
2590.77328994634	2002.625
2592.90406085564	2004.625
2595.03423610442	1969.25
2597.16381596971	1985.25
2599.29280072839	1992
2601.42119065719	2001.875
2603.54898603267	2000.875
2605.67618713125	1988.875
2607.80279422919	1997.25
2609.92880760257	2007.625
2612.05422752735	2016.125
2614.17905427932	1980.5
2616.30328813408	1979.875
2618.42692936713	2022.5
2620.54997825377	2006.125
2622.67243506915	1980.25
2624.79430008828	2022.125
2626.915573586	2011.75
2629.03625583699	1988.125
2631.15634711579	2022
2633.27584769675	2024.5
2635.39475785408	2050.5
2637.51307786185	2020.25
2639.63080799394	2044.125
2641.74794852409	2046.375
2643.86449972589	2039.375
2645.98046187273	2080.25
2648.0958352379	2040.625
2650.21062009449	2088.125
2652.32481671544	2079.25
2654.43842537353	2085.25
2656.5514463414	2099.625
2658.66387989151	2110.125
2660.77572629616	2103.875
2662.88698582751	2138.375
2664.99765875753	2153.5
2667.10774535806	2153
2669.21724590076	2156.625
2671.32616065714	2137.625
2673.43448989857	2137.75
2675.5422338962	2131.875
2677.64939292108	2116.75
2679.75596724408	2099.625
2681.86195713589	2068.625
2683.96736286707	2036.125
2686.07218470799	2063.375
2688.17642292889	2035.625
2690.28007779982	2027.25
2692.38314959069	2005.625
2694.48563857123	2005.25
2696.58754501103	2001.375
2698.6888691795	1978
2700.78961134588	2011
2702.8897717793	1977.375
2704.98935074864	2000.125
2707.08834852271	2005
2709.18676537009	1993.875
2711.28460155925	2005
2713.38185735843	1956.5
2715.47853303577	1986
2717.57462885924	1974.125
2719.67014509659	1944.875
2721.76508201548	1974.75
2723.85943988337	1971.375
2725.95321896754	1983
2728.04641953515	1948.875
2730.13904185316	1958.75
2732.23108618837	1941.75
2734.32255280744	1948.375
2736.41344197683	1939.875
2738.50375396288	1948.125
2740.5934890317	1962.125
2742.68264744932	1943.25
2744.77122948153	1942
2746.85923539398	1941.625
2748.94666545217	1931.375
2751.03351992142	1924.375
2753.11979906688	1942.5
2755.20550315355	1927.25
2757.29063244624	1905.75
2759.37518720963	1910.375
2761.45916770819	1924.25
2763.54257420625	1919.25
2765.62540696797	1915
2767.70766625733	1936.375
2769.78935233816	1918.625
2771.87046547413	1909.75
2773.95100592869	1908.375
2776.03097396519	1930
2778.11036984677	1929.875
2780.18919383641	1913.75
2782.26744619693	1941.875
2784.34512719097	1909.875
2786.42223708102	1936.5
2788.49877612937	1917.375
2790.57474459816	1934.875
2792.65014274937	1935.625
2794.7249708448	1913.75
2796.79922914607	1913.625
2798.87291791465	1917.625
2800.94603741181	1916.375
2803.01858789869	1891.625
2805.09056963623	1903.375
2807.1619828852	1919.375
2809.23282790621	1914.75
2811.30310495971	1908.625
2813.37281430593	1908.875
2815.441956205	1910.75
2817.51053091682	1946
2819.57853870114	1910.5
2821.64597981753	1910.5
2823.7128545254	1896.875
2825.77916308399	1922.625
2827.84490575233	1932.25
2829.91008278933	1915.75
2831.97469445369	1936.5
2834.03874100395	1936.625
2836.10222269847	1932
2838.16513979544	1943.5
2840.22749255288	1983.625
2842.28928122863	2007.5
2844.35050608034	2029.125
2846.41116736553	2061.25
2848.47126534149	2112.5
2850.53080026537	2119.5
2852.58977239414	2156.75
2854.64818198459	2129.125
2856.70602929332	2133.25
2858.76331457678	2091.875
2860.82003809123	2085.875
2862.87620009274	2069.375
2864.93180083723	2106.125
2866.98684058043	2082.125
2869.04131957789	2099.625
2871.09523808497	2093.375
2873.14859635689	2105.375
2875.20139464866	2084.25
2877.2536332151	2102.25
2879.30531231091	2085.625
2881.35643219054	2108.25
2883.40699310831	2089.375
2885.45699531834	2125.75
2887.50643907457	2092.25
2889.55532463077	2122.375
2891.60365224053	2135.75
2893.65142215724	2119.375
2895.69863463414	2133.25
2897.74528992426	2108.5
2899.79138828046	2129.875
2901.83692995544	2095
2903.88191520168	2134.375
2905.92634427151	2128.375
2907.97021741706	2125.625
2910.01353489027	2148.5
2912.05629694294	2116.875
2914.09850382663	2113.5
2916.14015579276	2123.25
2918.18125309254	2110.375
2920.22179597702	2132
2922.26178469705	2100.875
2924.30121950329	2119.25
2926.34010064624	2132.125
2928.37842837619	2123
2930.41620294326	2114.25
2932.45342459737	2121.25
2934.49009358828	2094.875
2936.52621016555	2101.125
2938.56177457854	2080.375
2940.59678707645	2072.5
2942.63124790827	2077.75
2944.66515732282	2044
2946.69851556873	2046.375
2948.73132289443	2001
2950.76357954817	2018
2952.79528577803	1998.875
2954.82644183188	1985.125
2956.85704795741	1985.875
2958.8871044021	1999.75
2960.91661141328	2003.625
2962.94556923807	1982.125
2964.97397812339	1973.625
2967.00183831598	1952.125
2969.0291500624	1959.25
2971.05591360902	1979.125
2973.08212920199	1960.5
2975.1077970873	1908.375
2977.13291751074	1944
2979.1574907179	1931.75
2981.18151695419	1926.375
2983.20499646482	1920.5
2985.2279294948	1947.625
2987.25031628898	1917.625
2989.27215709199	1925
2991.29345214825	1901.25
2993.31420170204	1916
2995.33440599738	1887.875
2997.35406527816	1917.875
2999.37317978802	1903.375
3001.39174977045	1927
3003.40977546872	1917.5
3005.42725712591	1929.875
3007.44419498491	1949.875
3009.4605892884	1947.875
3011.47644027889	1957.125
3013.49174819865	1944.5
3015.5065132898	1946.25
3017.52073579424	1972.625
3019.53441595366	1958
3021.54755400959	1954.625
3023.56015020332	1944.875
3025.57220477598	1941.125
3027.58371796846	1948.375
3029.5946900215	1926.875
3031.6051211756	1913.25
3033.61501167107	1912.5
3035.62436174803	1912.75
3037.6331716464	1910.5
3039.64144160588	1915.25
3041.649171866	1905.375
3043.65636266607	1902
3045.6630142452	1879.125
3047.66912684229	1876.125
3049.67470069605	1867.5
3051.679736045	1843.5
3053.68423312742	1838.75
3055.68819218143	1866.5
3057.6916134449	1850.375
3059.69449715556	1832.25
3061.69684355086	1854.625
3063.6986528681	1825.875
3065.69992534437	1835.25
3067.70066121653	1820.125
3069.70086072126	1830.625
3071.700524095	1830.25
3073.69965157405	1825.125
3075.69824339442	1821.75
3077.69629979197	1818.5
3079.69382100235	1819
3081.69080726098	1834.75
3083.68725880307	1807.75
3085.68317586366	1805.875
3087.67855867755	1808.625
3089.67340747933	1823.125
3091.6677225034	1826.75
3093.66150398392	1810.625
3095.6547521549	1811.125
3097.64746725006	1803.875
3099.63964950297	1804
3101.63129914698	1799.625
3103.6224164152	1822
3105.61300154056	1817.375
3107.60305475576	1836.125
3109.59257629331	1806.625
3111.58156638547	1799.625
3113.57002526432	1808.125
3115.55795316172	1785.875
3117.54535030932	1802.25
3119.53221693853	1795
3121.51855328057	1805.625
3123.50435956646	1814.25
3125.48963602698	1796.125
3127.4743828927	1802
3129.45860039397	1831.5
3131.44228876093	1812.25
3133.42544822353	1793.375
3135.40807901145	1813.375
3137.39018135418	1809.75
3139.37175548102	1804.75
3141.35280162101	1802.875
3143.33332000299	1807
3145.31331085559	1820.5
3147.2927744072	1794.375
3149.27171088602	1791.875
3151.25012052	1806.125
3153.22800353689	1790.375
3155.20536016422	1792.875
3157.18219062929	1817.875
3159.15849515918	1780.125
3161.13427398075	1802.875
3163.10952732066	1794.5
3165.08425540532	1790.125
3167.05845846092	1796.125
3169.03213671344	1807.25
3171.00529038863	1790
3172.97791971203	1796.75
3174.95002490893	1769.125
3176.92160620443	1812.375
3178.89266382337	1772
3180.8631979904	1786.875
3182.83320892991	1785.75
3184.80269686609	1790.125
3186.77166202289	1786.5
3188.74010462406	1782.875
3190.70802489307	1770.25
3192.67542305323	1785
3194.64229932757	1786
3196.60865393892	1772
3198.57448710987	1771.875
3200.53979906279	1768.875
3202.50459001981	1788
3204.46886020284	1781.25
3206.43260983356	1780.375
3208.39583913341	1762.5
3210.35854832362	1768.75
3212.32073762517	1793
3214.28240725881	1769.375
3216.24355744508	1767.25
3218.20418840426	1788.875
3220.16430035642	1778.875
3222.12389352137	1755
3224.08296811873	1776.5
3226.04152436784	1775.5
3227.99956248784	1774.25
3229.95708269762	1777.625
3231.91408521584	1792.375
3233.87057026092	1787.75
3235.82653805105	1781.375
3237.78198880419	1759.375
3239.73692273806	1774
3241.69134007013	1772.25
3243.64524101764	1776.75
3245.59862579761	1775.75
3247.55149462681	1767.875
3249.50384772176	1784.375
3251.45568529877	1777.75
3253.40700757387	1770.875
3255.35781476288	1770.5
3257.3081070814	1769.625
3259.25788474473	1773
3261.20714796799	1764
3263.15589696602	1772.625
3265.10413195345	1784.625
3267.05185314463	1767.375
3268.9990607537	1769.25
3270.94575499455	1769.875
3272.89193608081	1783.125
3274.8376042259	1760.875
3276.78275964296	1786.5
3278.72740254492	1791.375
3280.67153314443	1764.375
3282.61515165393	1771.125
3284.55825828559	1758.25
3286.50085325135	1761.875
3288.44293676289	1773.125
3290.38450903165	1762.625
3292.32557026883	1777.625
3294.26612068537	1777.625
3296.20616049198	1758.375
3298.14568989911	1760.125
3300.08470911695	1769.625
3302.02321835546	1744.25
3303.96121782435	1760.25
3305.89870773306	1743.625
3307.83568829081	1759.25
3309.77215970655	1753
3311.70812218898	1744.75
3313.64357594655	1754.25
3315.57852118747	1751.125
3317.51295811968	1747.625
3319.44688695087	1728.625
3321.38030788849	1768.875
3323.31322113973	1731.625
3325.24562691152	1751.5
3327.17752541055	1751.75
3329.10891684322	1732.875
3331.03980141573	1744.125
3332.97017933399	1749.5
3334.90005080364	1748.75
3336.82941603011	1733.625
3338.75827521852	1732.625
3340.68662857377	1733.75
3342.6144763005	1744.125
3344.54181860308	1750.375
3346.46865568561	1742.375
3348.39498775195	1728.625
3350.32081500571	1750
3352.24613765022	1747.875
3354.17095588855	1726.5
3356.09526992352	1727.5
3358.01907995769	1726.625
3359.94238619334	1742
3361.86518883251	1735.125
3363.78748807697	1743.625
3365.70928412823	1712.375
3367.63057718752	1751.5
3369.55136745582	1718.375
3371.47165513386	1751.625
3373.39144042208	1728.25
3375.31072352066	1740.5
3377.22950462953	1739.625
3379.14778394834	1744.25
3381.06556167648	1726
3382.98283801308	1741.375
3384.89961315697	1737.75
3386.81588730676	1728.375
3388.73166066076	1742.125
3390.64693341702	1723.625
3392.56170577332	1723.875
3394.47597792716	1729
3396.38975007581	1723
3398.30302241623	1726
3400.21579514512	1729.5
3402.1280684589	1737.875
3404.03984255374	1728.75
3405.95111762553	1717.625
3407.86189386987	1747
3409.77217148212	1736.125
3411.68195065733	1734.125
3413.5912315903	1715.375
3415.50001447556	1729
3417.40829950735	1713.875
3419.31608687963	1713.5
3421.22337678611	1723.875
3423.1301694202	1722.25
3425.03646497504	1733.125
3426.9422636435	1710.25
3428.84756561816	1717.75
3430.75237109135	1724.875
3432.65668025508	1704.375
3434.56049330112	1723.125
3436.46381042093	1727.875
3438.36663180571	1718.125
3440.26895764638	1730.25
3442.17078813357	1698.375
3444.07212345762	1728
3445.97296380863	1728.75
3447.87330937636	1732.75
3449.77316035033	1709.625
3451.67251691977	1725.375
3453.57137927361	1726.75
3455.46974760052	1713.625
3457.36762208886	1704.625
3459.26500292671	1723
3461.16189030191	1712.375
3463.05828440194	1732.375
3464.95418541406	1707.25
3466.84959352519	1689
3468.74450892201	1688.375
3470.63893179088	1710
3472.53286231788	1714.625
3474.42630068881	1726.5
3476.31924708918	1702.625
3478.2117017042	1699.625
3480.1036647188	1696.875
3481.99513631761	1677.25
3483.88611668498	1700.25
3485.77660600498	1702.375
3487.66660446135	1714.875
3489.55611223758	1705.5
3491.44512951683	1680.75
3493.333656482	1706.625
3495.22169331568	1710.5
3497.10924020016	1684.875
3498.99629731746	1674.25
3500.88286484927	1706.375
3502.76894297702	1698.5
3504.65453188182	1688.875
3506.53963174449	1701.125
3508.42424274555	1687.375
3510.30836506524	1698.5
3512.19199888349	1693.25
3514.07514437992	1687.625
3515.95780173387	1688.625
3517.83997112437	1678.125
3519.72165273016	1675.625
3521.60284672967	1678.625
3523.48355330104	1679
3525.36377262208	1668.875
3527.24350487035	1687.5
3529.12275022306	1673.625
3531.00150885715	1687.5
3532.87978094923	1693.5
3534.75756667562	1671.25
3536.63486621235	1679.375
3538.51167973512	1664
3540.38800741934	1663.25
3542.26384944011	1683.375
3544.13920597223	1666.875
3546.01407719018	1645
3547.88846326815	1676.875
3549.76236438002	1663.875
3551.63578069934	1645.125
3553.50871239938	1640.25
3555.38115965309	1643.75
3557.25312263311	1655.875
3559.12460151177	1651
3560.99559646109	1648
3562.86610765279	1664.625
3564.73613525825	1657.625
3566.60567944857	1652.375
3568.47474039453	1652.25
3570.34331826658	1642.875
3572.21141323487	1655.125
3574.07902546925	1639.875
3575.94615513922	1658.125
3577.81280241401	1666.25
3579.67896746249	1652.75
3581.54465045325	1649.5
3583.40985155455	1679.5
3585.27457093432	1658.25
3587.1388087602	1665.625
3589.00256519949	1645.5
3590.86584041919	1656.875
3592.72863458597	1642
3594.59094786618	1655.5
3596.45278042585	1655.25
3598.31413243069	1668.75
3600.17500404611	1665.75
3602.03539543717	1654.625
3603.89530676861	1666.625
3605.75473820488	1667.375
3607.61368991007	1648.25
3609.47216204797	1654.25
3611.33015478203	1660.5
3613.18766827539	1651.75
3615.04470269087	1649.875
3616.90125819094	1645.875
3618.75733493776	1649.125
3620.61293309318	1646.5
3622.46805281869	1647.875
3624.32269427547	1629.125
3626.17685762439	1647.125
3628.03054302596	1655.375
3629.88375064038	1636.375
3631.73648062751	1649.125
3633.5887331469	1637.125
3635.44050835775	1626
3637.29180641893	1627.125
3639.14262748899	1609.75
3640.99297172614	1640.75
3642.84283928828	1640.75
3644.69223033294	1627.125
3646.54114501734	1638.75
3648.38958349836	1627.625
3650.23754593256	1627.125
3652.08503247614	1619.875
3653.93204328497	1630.125
3655.77857851462	1633
3657.62463832028	1611.875
3659.47022285682	1640.875
3661.31533227877	1625.5
3663.15996674033	1632.875
3665.00412639535	1616.5
3666.84781139736	1629
3668.69102189953	1620.375
3670.5337580547	1615
3672.37602001537	1626.625
3674.21780793368	1636.75
3676.05912196148	1625.125
3677.89996225021	1620.625
3679.74032895103	1628.25
3681.58022221471	1610.75
3683.41964219171	1627.875
3685.25858903211	1619.5
3687.0970628857	1600.5
3688.93506390186	1606
3690.77259222968	1613.75
3692.60964801787	1616.625
3694.44623141481	1607.625
3696.28234256853	1596.375
3698.11798162669	1607.625
3699.95314873665	1594.25
3701.78784404537	1605
3703.62206769951	1594.125
3705.45581984533	1599.875
3707.28910062877	1615.625
3709.12191019542	1609.5
3710.95424869052	1614
3712.78611625894	1608.125
3714.6175130452	1581.375
3716.44843919349	1603.5
3718.27889484764	1604.375
3720.1088801511	1594.75
3721.93839524699	1604.125
3723.76744027808	1595.125
3725.59601538677	1589.25
3727.4241207151	1605.125
