40.2973356941271	1132.09997558594
43.2236257608418	1133.90002441406
46.1488808466109	1131.59997558594
49.0731017336173	1136.69995117188
51.9962892025666	1138.5
54.9184440327569	1142.5
57.8395670020446	1149.19995117188
60.7596588868509	1155.80004882813
63.6787204621708	1158.90002441406
66.5967525015794	1172.69995117188
69.5137557772381	1184.90002441406
72.4297310598838	1198.40002441406
75.3446791188512	1206.5
78.2586007220466	1234.59997558594
81.1714966360015	1269.69995117188
84.0833676258266	1311.5
86.994214455242	1357.80004882813
89.9040378865662	1415.09997558594
92.8128386807427	1461.90002441406
95.7206175973133	1500.59997558594
98.6273753944444	1519.19995117188
101.533112828928	1543.40002441406
104.437830656161	1548.40002441406
107.34152963018	1563.09997558594
110.244210503676	1545.69995117188
113.145874027931	1528.09997558594
116.046520952895	1533.09997558594
118.946152027154	1524.19995117188
121.844767997933	1530.5
124.74236961111	1508.09997558594
127.638957611212	1524.40002441406
130.534532741422	1539.90002441406
133.429095743606	1532.09997558594
136.322647358252	1553.80004882813
139.215188324544	1533.80004882813
142.106719380311	1548.40002441406
144.997241262089	1544
147.886754705057	1526.90002441406
150.775260443096	1531.90002441406
153.662759208748	1549.59997558594
156.549251733282	1534.5
159.434738746612	1537.19995117188
162.319220977376	1540.30004882813
165.20269915289	1537.30004882813
168.085173999178	1527.09997558594
170.966646240977	1531.09997558594
173.847116601709	1526.69995117188
176.726585803528	1533.90002441406
179.605054567295	1529.90002441406
182.48252361259	1508.19995117188
185.358993657701	1518.19995117188
188.234465419645	1505.59997558594
191.108939614183	1512.19995117188
193.982416955795	1510.40002441406
196.854898157687	1520.30004882813
199.726383931801	1504.69995117188
202.596874988835	1497
205.466372038225	1504.69995117188
208.334875788145	1521.80004882813
211.202386945534	1513.5
214.068906216069	1535.80004882813
216.934434304194	1519.5
219.798971913111	1525.5
222.662519744776	1515.19995117188
225.525078499925	1516.69995117188
228.386648878069	1515.19995117188
231.247231577465	1518.5
234.106827295172	1520.80004882813
236.965436727012	1526.80004882813
239.823060567597	1508
242.679699510337	1519.40002441406
245.535354247396	1513.09997558594
248.390025469775	1501.69995117188
251.243713867223	1527.40002441406
254.096420128327	1521.5
256.948144940459	1519
259.798888989788	1513.90002441406
262.648652961315	1517.59997558594
265.49743753883	1527.30004882813
268.345243404939	1510.30004882813
271.192071241073	1515.19995117188
274.037921727485	1522.40002441406
276.882795543246	1508.09997558594
279.72669336624	1506.09997558594
282.569615873213	1513
285.411563739724	1522.69995117188
288.252537640165	1520
291.092538247763	1521.40002441406
293.931566234616	1520.59997558594
296.769622271633	1524.09997558594
299.606707028594	1517.90002441406
302.442821174104	1522.69995117188
305.277965375652	1523.30004882813
308.112140299574	1544.80004882813
310.945346611062	1530.09997558594
313.777584974167	1559.19995117188
316.608856051813	1552
319.439160505797	1538.09997558594
322.268498996783	1549.59997558594
325.096872184303	1535.59997558594
327.924280726782	1540.40002441406
330.750725281521	1510.90002441406
333.576206504693	1544.59997558594
336.400725051388	1528.59997558594
339.224281575542	1539.09997558594
342.046876730026	1517.09997558594
344.868511166586	1536.59997558594
347.689185535872	1516.90002441406
350.508900487421	1528.40002441406
353.327656669699	1525.59997558594
356.145454730079	1510.19995117188
358.962295314817	1524.69995117188
361.778179069105	1518.90002441406
364.593106637051	1520.40002441406
367.407078661675	1520.90002441406
370.220095784913	1527.80004882813
373.032158647655	1534.5
375.843267889676	1526
378.653424149715	1531.59997558594
381.462628065436	1544.90002441406
384.270880273432	1532.30004882813
387.078181409254	1523.30004882813
389.884532107358	1548.19995117188
392.689933001188	1542.19995117188
395.494384723112	1548.30004882813
398.29788790445	1538.5
401.100443175488	1544.59997558594
403.902051165437	1547.80004882813
406.702712502518	1536.80004882813
409.502427813866	1542.5
412.301197725607	1562.09997558594
415.099022862823	1531.30004882813
417.89590384957	1554.80004882813
420.691841308876	1549.19995117188
423.486835862752	1557.80004882813
426.280888132173	1542.80004882813
429.073998737112	1539.5
431.866168296507	1535.09997558594
434.657397428298	1545
437.447686749412	1547.69995117188
440.237036875762	1540.40002441406
443.025448422257	1541.59997558594
445.812922002813	1550.30004882813
448.599458230326	1555.59997558594
451.38505771672	1554.40002441406
454.169721072909	1537.40002441406
456.953448908819	1556
459.736241833384	1553.90002441406
462.518100454555	1556.40002441406
465.2990253793	1570.59997558594
468.079017213605	1556.5
470.858076562476	1557.80004882813
473.636204029939	1557.90002441406
476.41340021906	1552.90002441406
479.189665731938	1562.90002441406
481.965001169667	1549.09997558594
484.739407132419	1559.5
487.512884219391	1548.19995117188
490.285433028796	1545.40002441406
493.057054157921	1563.30004882813
495.827748203087	1544.40002441406
498.597515759658	1558.19995117188
501.366357422061	1558.19995117188
504.134273783759	1562.30004882813
506.901265437278	1578.40002441406
509.66733297421	1561.80004882813
512.432476985198	1547.40002441406
515.196698059945	1556.19995117188
517.959996787225	1563.5
520.722373754895	1558.80004882813
523.483829549856	1543.30004882813
526.24436475811	1562.80004882813
529.003979964696	1555.40002441406
531.762675753779	1558.40002441406
534.520452708569	1562.69995117188
537.277311411375	1542.5
540.03325244359	1557.90002441406
542.788276385682	1550
545.54238381725	1560.30004882813
548.295575316938	1559
551.047851462516	1546.5
553.799212830831	1552.09997558594
556.549659997851	1559.80004882813
559.299193538643	1562.40002441406
562.047814027381	1539.30004882813
564.795522037318	1559
567.542318140861	1559.09997558594
570.288202909507	1571.09997558594
573.033176913873	1559.30004882813
575.7772407237	1569.19995117188
578.520394907829	1548.59997558594
581.26264003424	1566.19995117188
584.003976670046	1569
586.744405381469	1548.59997558594
589.483926733869	1562.80004882813
592.222541291746	1559.30004882813
594.96024961872	1566.59997558594
597.697052277563	1566.59997558594
600.432949830166	1567.59997558594
603.167942837587	1557.69995117188
605.902031860012	1565.40002441406
608.635217456783	1561.30004882813
611.367500186378	1572.69995117188
614.098880606429	1558
616.82935927374	1551.69995117188
619.558936744248	1562.40002441406
622.287613573072	1557.80004882813
625.015390314457	1559.09997558594
627.742267521848	1574.69995117188
630.468245747829	1560.5
633.193325544166	1551.69995117188
635.917507461792	1557.90002441406
638.640792050804	1561.19995117188
641.36317986048	1557.19995117188
644.084671439281	1563.59997558594
646.805267334845	1572.69995117188
649.524968093967	1570
652.24377426266	1561.80004882813
654.961686386106	1558.80004882813
657.678705008678	1564.30004882813
660.394830673939	1564.19995117188
663.110063924628	1563.5
665.824405302728	1546.90002441406
668.537855349351	1547
671.250414604863	1563.19995117188
673.962083608812	1564.30004882813
676.672862899949	1562.80004882813
679.382753016218	1571.80004882813
682.091754494801	1573.30004882813
684.799867872061	1571.90002441406
687.507093683595	1584.19995117188
690.213432464198	1578
692.918884747899	1571
695.623451067937	1582.19995117188
698.327131956755	1585.59997558594
701.029927946065	1575.19995117188
703.731839566754	1580.40002441406
706.43286734896	1577.90002441406
709.133011822067	1579.5
711.832273514658	1584.80004882813
714.53065295457	1588.5
717.228150668879	1596
719.924767183889	1573.80004882813
722.620503025148	1588.80004882813
725.315358717446	1591.30004882813
728.009334784827	1585.69995117188
730.702431750559	1576.30004882813
733.394650137188	1586.59997558594
736.085990466498	1574.09997558594
738.776453259519	1573.30004882813
741.466039036542	1584.30004882813
744.154748317125	1577.09997558594
746.842581620074	1580.80004882813
749.529539463458	1584.19995117188
752.215622364608	1568.40002441406
754.900830840131	1567.09997558594
757.585165405892	1572.09997558594
760.26862657703	1576
762.951214867957	1581.30004882813
765.632930792356	1579.69995117188
768.313774863181	1568.09997558594
770.993747592673	1583.80004882813
773.672849492359	1568.5
776.351081073017	1582.40002441406
779.028442844757	1579.09997558594
781.704935316928	1584.5
784.380558998208	1582.40002441406
787.055314396528	1572.09997558594
789.729202019141	1584.5
792.402222372581	1577
795.074375962669	1593.30004882813
797.745663294537	1587
800.416084872622	1591.19995117188
803.085641200652	1577.30004882813
805.754332781664	1594
808.422160117986	1586.40002441406
811.089123711292	1568.69995117188
813.75522406252	1581
816.420461671951	1584.30004882813
819.084837039164	1598.80004882813
821.748350663067	1582
824.411003041866	1589
827.072794673116	1606.40002441406
829.733726053668	1604.19995117188
832.39379767971	1602.19995117188
835.05301004674	1586.5
837.711363649601	1612.09997558594
840.368858982457	1594.59997558594
843.025496538805	1596.80004882813
845.681276811467	1605.40002441406
848.336200292618	1607
850.99026747375	1625.69995117188
853.643478845713	1614.30004882813
856.29583489868	1604.30004882813
858.947336122176	1620.40002441406
861.59798300506	1603.90002441406
864.247776035556	1627.59997558594
866.896715701222	1629.30004882813
869.544802488959	1623.80004882813
872.192036885046	1611.5
874.838419375087	1628.90002441406
877.483950444054	1627.30004882813
880.128630576285	1630.40002441406
882.772460255461	1601.30004882813
885.415439964628	1608.5
888.057570186211	1629.69995117188
890.698851401966	1630.09997558594
893.339284093045	1613.40002441406
895.978868739961	1616.09997558594
898.617605822596	1629.40002441406
901.255495820196	1631.90002441406
903.892539211396	1615.59997558594
906.528736474184	1622.59997558594
909.164088085949	1614
911.798594523442	1603.90002441406
914.432256262804	1610.40002441406
917.065073779549	1640.30004882813
919.697047548589	1618.5
922.328178044212	1628.59997558594
924.9584657401	1605.59997558594
927.587911109317	1619.69995117188
930.216514624317	1635.80004882813
932.844276756963	1617.5
935.471197978488	1635.19995117188
938.097278759538	1640.80004882813
940.722519570163	1653.90002441406
943.346920879798	1624.19995117188
945.97048315729	1648.09997558594
948.593206870885	1680.09997558594
951.215092488219	1675.09997558594
953.836140476366	1674.09997558594
956.456351301787	1677.69995117188
959.07572543037	1684
961.694263327369	1699.90002441406
964.311965457521	1689.40002441406
966.928832284933	1712
969.544864273135	1678.40002441406
972.160061885076	1691.40002441406
974.774425583129	1674.5
977.387955829099	1671.59997558594
980.000653084196	1699.30004882813
982.612517809061	1665.09997558594
985.223550463768	1653.40002441406
987.833751507819	1679.40002441406
990.443121400135	1699.69995117188
993.051660599081	1681.30004882813
995.659369562449	1711.59997558594
998.266248747469	1758.30004882813
1000.87229861081	1779.59997558594
1003.47751960857	1830.40002441406
1006.0819121963	1864.69995117188
1008.68547682897	1845.30004882813
1011.28821396104	1830.19995117188
1013.89012404635	1775.5
1016.49120753824	1756.5
1019.09146488947	1723.69995117188
1021.69089655226	1706.30004882813
1024.28950297827	1697.90002441406
1026.88728461863	1691.30004882813
1029.48424192392	1683.59997558594
1032.08037534416	1703.5
1034.67568532886	1685.59997558594
1037.27017232694	1679
1039.86383678682	1677.80004882813
1042.45667915637	1684.09997558594
1045.04869988293	1678
1047.6398994133	1670.09997558594
1050.23027819374	1675.09997558594
1052.81983666998	1680.90002441406
1055.40857528724	1664.69995117188
1057.99649449018	1669.5
1060.58359472296	1673
1063.1698764292	1685.30004882813
1065.755340052	1679.5
1068.33998603393	1676.5
1070.92381481706	1673.5
1073.50682684291	1676.90002441406
1076.08902255251	1688.80004882813
1078.67040238637	1682.80004882813
1081.25096678445	1666.09997558594
1083.83071618624	1676.59997558594
1086.4096510307	1655.30004882813
1088.98777175629	1688.80004882813
1091.56507880094	1682.90002441406
1094.14157260208	1677.80004882813
1096.71725359664	1674.80004882813
1099.29212222106	1683.40002441406
1101.86617891125	1692.30004882813
1104.43942410262	1694.19995117188
1107.01185823011	1696.5
1109.58348172812	1706.09997558594
1112.15429503057	1692.19995117188
1114.7242985709	1692.80004882813
1117.29349278203	1706.59997558594
1119.86187809642	1710.5
1122.42945494599	1734.09997558594
1124.99622376222	1743.09997558594
1127.56218497606	1765
1130.12733901801	1773.09997558594
1132.69168631804	1755.5
1135.25522730568	1795.40002441406
1137.81796240995	1789
1140.37989205941	1823.19995117188
1142.9410166821	1848.19995117188
1145.50133670561	1899
1148.06085255708	1976.90002441406
1150.61956466311	2054.5
1153.17747344987	2177.80004882813
1155.73457934305	2316.30004882813
1158.29088276786	2376.89990234375
1160.84638414903	2314.5
1163.40108391085	2191.10009765625
1165.95498247711	2052.80004882813
1168.50808027116	1939.30004882813
1171.06037771587	1846.30004882813
1173.61187523364	1826
1176.16257324643	1803.69995117188
1178.71247217573	1779.80004882813
1181.26157244255	1789.5
1183.80987446746	1795.19995117188
1186.35737867059	1777.09997558594
1188.90408547157	1824.09997558594
1191.44999528961	1830.30004882813
1193.99510854347	1846.40002441406
1196.53942565142	1832
1199.08294703133	1804.40002441406
1201.62567310057	1798.5
1204.16760427611	1766
1206.70874097445	1749.80004882813
1209.24908361163	1743.5
1211.78863260327	1758.19995117188
1214.32738836454	1742
1216.86535131017	1745.80004882813
1219.40252185445	1715.30004882813
1221.93890041121	1720.30004882813
1224.47448739389	1712
1227.00928321544	1723.30004882813
1229.54328828842	1709.90002441406
1232.07650302491	1724.30004882813
1234.60892783662	1715.19995117188
1237.14056313477	1719.90002441406
1239.67140933017	1714.40002441406
1242.2014668332	1714.19995117188
1244.73073605384	1713.80004882813
1247.25921740159	1722.69995117188
1249.78691128558	1729.30004882813
1252.31381811448	1734.90002441406
1254.83993829655	1761
1257.36527223962	1742.30004882813
1259.88982035112	1757.69995117188
1262.41358303803	1776.40002441406
1264.93656070696	1785.80004882813
1267.45875376405	1783.5
1269.98016261505	1789
1272.50078766531	1789.09997558594
1275.02062931974	1824.30004882813
1277.53968798285	1818
1280.05796405875	1797.5
1282.57545795112	1779.59997558594
1285.09217006325	1796.69995117188
1287.60810079802	1742.30004882813
1290.12325055788	1759.5
1292.63761974492	1758
1295.15120876079	1763.69995117188
1297.66401800676	1745.59997558594
1300.17604788367	1757.40002441406
1302.687298792	1756.59997558594
1305.19777113181	1768.40002441406
1307.70746530274	1776.5
1310.21638170408	1766
1312.7245207347	1760.5
1315.23188279307	1776.19995117188
1317.73846827728	1758
1320.24427758502	1741.19995117188
1322.74931111359	1741.80004882813
1325.25356925991	1748.30004882813
1327.75705242051	1741.30004882813
1330.25976099151	1743.69995117188
1332.76169536868	1752
1335.26285594737	1724
1337.76324312256	1758.80004882813
1340.26285728887	1739
1342.76169884052	1749.80004882813
1345.25976817132	1738.90002441406
1347.75706567474	1748.69995117188
1350.25359174387	1759.30004882813
1352.74934677141	1731.80004882813
1355.24433114968	1731.40002441406
1357.73854527062	1727.09997558594
1360.23198952583	1729.40002441406
1362.7246643065	1727.19995117188
1365.21657000347	1734.19995117188
1367.7077070072	1728.19995117188
1370.19807570777	1731.40002441406
1372.68767649492	1729.19995117188
1375.176509758	1727.09997558594
1377.66457588599	1756.69995117188
1380.15187526753	1724.40002441406
1382.63840829087	1745.69995117188
1385.1241753439	1747.80004882813
1387.60917681417	1734.40002441406
1390.09341308884	1769.69995117188
1392.57688455474	1745.19995117188
1395.05959159829	1748.90002441406
1397.54153460562	1749.80004882813
1400.02271396243	1763.80004882813
1402.50313005414	1750.69995117188
1404.98278326576	1750.19995117188
1407.46167398196	1738.19995117188
1409.93980258707	1757.5
1412.41716946504	1760.09997558594
1414.89377499951	1758.5
1417.36961957373	1754.90002441406
1419.84470357062	1768.40002441406
1422.31902737275	1772.59997558594
1424.79259136235	1760.59997558594
1427.26539592129	1743.69995117188
1429.73744143111	1765.09997558594
1432.20872827299	1786.30004882813
1434.67925682777	1810
1437.14902747597	1800
1439.61804059773	1818.59997558594
1442.0862965729	1807.5
1444.55379578093	1828.90002441406
1447.02053860099	1823.69995117188
1449.48652541188	1820
1451.95175659206	1822.19995117188
1454.41623251969	1824.90002441406
1456.87995357255	1832.19995117188
1459.34292012811	1819.59997558594
1461.80513256351	1817.90002441406
1464.26659125557	1807.19995117188
1466.72729658073	1825.30004882813
1469.18724891517	1807
1471.64644863469	1798.90002441406
1474.10489611478	1801.59997558594
1476.5625917306	1814.5
1479.01953585699	1836.5
1481.47572886844	1811
1483.93117113917	1816.30004882813
1486.38586304302	1833.19995117188
1488.83980495354	1838.5
1491.29299724395	1848.09997558594
1493.74544028715	1859.40002441406
1496.19713445573	1890.30004882813
1498.64808012193	1920.69995117188
1501.09827765772	1968.19995117188
1503.54772743471	2042.80004882813
1505.99642982421	2101.69995117188
1508.44438519723	2209.19995117188
1510.89159392446	2341.69995117188
1513.33805637625	2465.60009765625
1515.78377292266	2545.60009765625
1518.22874393346	2618.69995117188
1520.67296977806	2588.10009765625
1523.11645082559	2493.30004882813
1525.55918744488	2392
1528.00118000444	2262.10009765625
1530.44242887245	2127.80004882813
1532.88293441684	2033.80004882813
1535.32269700517	1940
1537.76171700475	1892.80004882813
1540.19999478255	1850.09997558594
1542.63753070526	1827.90002441406
1545.07432513925	1841.59997558594
1547.5103784506	1822.09997558594
1549.94569100509	1818.80004882813
1552.38026316819	1800.09997558594
1554.8140953051	1812.80004882813
1557.24718778067	1799.19995117188
1559.67954095952	1801.09997558594
1562.11115520592	1793.90002441406
1564.54203088386	1811.59997558594
1566.97216835704	1804.80004882813
1569.40156798888	1812.59997558594
1571.83023014248	1802.80004882813
1574.25815518067	1794
1576.68534346597	1796.09997558594
1579.11179536062	1810.69995117188
1581.53751122658	1793.19995117188
1583.9624914255	1811.80004882813
1586.38673631876	1779.5
1588.81024626745	1802.30004882813
1591.23302163235	1781.90002441406
1593.655062774	1813.59997558594
1596.07637005262	1798.5
1598.49694382815	1806.30004882813
1600.91678446025	1775.90002441406
1603.33589230831	1792
1605.75426773142	1801
1608.1719110884	1763.19995117188
1610.58882273779	1772.19995117188
1613.00500303784	1785.80004882813
1615.42045234654	1781.09997558594
1617.83517102158	1790.40002441406
1620.24915942039	1766.80004882813
1622.66241790012	1782.19995117188
1625.07494681764	1772.30004882813
1627.48674652954	1798.69995117188
1629.89781739216	1781.69995117188
1632.30815976152	1776.5
1634.71777399343	1781.5
1637.12666044338	1799.30004882813
1639.53481946661	1786.80004882813
1641.94225141808	1812.09997558594
1644.34895665248	1778.09997558594
1646.75493552424	1797.59997558594
1649.16018838752	1817.5
1651.56471559621	1822.19995117188
1653.96851750392	1808.90002441406
1656.37159446403	1805
1658.7739468296	1809.90002441406
1661.17557495349	1823.59997558594
1663.57647918824	1807
1665.97665988617	1807.19995117188
1668.37611739929	1802
1670.77485207939	1785.5
1673.17286427799	1788
1675.57015434633	1782.59997558594
1677.96672263542	1781.59997558594
1680.36256949598	1760.59997558594
1682.7576952785	1777.5
1685.15210033318	1784.80004882813
1687.54578501	1767.30004882813
1689.93874965866	1779.40002441406
1692.33099462861	1762.59997558594
1694.72252026904	1762.59997558594
1697.11332692889	1767.90002441406
1699.50341495686	1774
1701.89278470137	1775.09997558594
1704.28143651061	1767.5
1706.66937073251	1755.59997558594
1709.05658771473	1782.40002441406
1711.44308780473	1765
1713.82887134968	1734.09997558594
1716.21393869648	1747.09997558594
1718.59829019185	1752.5
1720.98192618221	1764.30004882813
1723.36484701374	1778.69995117188
1725.74705303238	1769.40002441406
1728.12854458384	1767.90002441406
1730.50932201356	1758.19995117188
1732.88938566673	1750
1735.26873588834	1753.09997558594
1737.64737302307	1732.30004882813
1740.02529741544	1745.40002441406
1742.40250940964	1737.40002441406
1744.77900934969	1768.80004882813
1747.15479757933	1751.69995117188
1749.52987444206	1765.59997558594
1751.90424028116	1757.30004882813
1754.27789543967	1766.59997558594
1756.65084026037	1761.09997558594
1759.02307508582	1754
1761.39460025833	1759.59997558594
1763.76541612	1771.09997558594
1766.13552301265	1752.19995117188
1768.50492127791	1773.69995117188
1770.87361125714	1763.40002441406
1773.2415932915	1766.30004882813
1775.60886772188	1749.09997558594
1777.97543488896	1746
1780.34129513318	1743
1782.70644879475	1768
1785.07089621365	1768.19995117188
1787.43463772964	1754
1789.7976736822	1757.80004882813
1792.16000441066	1760.80004882813
1794.52163025405	1739.5
1796.88255155121	1758.69995117188
1799.24276864074	1752.90002441406
1801.60228186102	1749.90002441406
1803.96109155019	1742.19995117188
1806.31919804618	1741.5
1808.67660168668	1756
1811.03330280916	1771.19995117188
1813.38930175088	1763.59997558594
1815.74459884884	1761.69995117188
1818.09919443984	1774.40002441406
1820.45308886047	1765.40002441406
1822.80628244708	1738.30004882813
1825.1587755358	1764.59997558594
1827.51056846254	1747.09997558594
1829.86166156297	1768.30004882813
1832.21205517258	1749.09997558594
1834.56174962661	1759.30004882813
1836.91074526009	1759.5
1839.25904240783	1763.09997558594
1841.60664140443	1765.09997558594
1843.95354258425	1775
1846.29974628146	1725.90002441406
1848.64525282998	1739.30004882813
1850.99006256356	1735.40002441406
1853.3341758157	1740.30004882813
1855.67759291968	1745.30004882813
1858.02031420858	1749.40002441406
1860.36234001528	1762.5
1862.70367067241	1743.80004882813
1865.04430651244	1751.09997558594
1867.38424786755	1757.69995117188
1869.72349506978	1755.80004882813
1872.06204845094	1750.5
1874.39990834258	1766.69995117188
1876.73707507612	1749
1879.07354898269	1740.09997558594
1881.40933039328	1752.19995117188
1883.74441963861	1756.59997558594
1886.07881704925	1750
1888.41252295551	1767.59997558594
1890.74553768751	1741.59997558594
1893.07786157519	1736.59997558594
1895.40949494822	1738.09997558594
1897.74043813615	1746.90002441406
1900.07069146823	1740.5
1902.40025527357	1738.5
1904.72912988106	1752.80004882813
1907.05731561938	1755.59997558594
1909.38481281699	1757.59997558594
1911.71162180217	1747.40002441406
1914.037742903	1750
1916.36317644734	1740.59997558594
1918.68792276284	1746.09997558594
1921.01198217697	1750.30004882813
1923.33535501699	1760.90002441406
1925.65804160996	1750.69995117188
1927.98004228273	1740.69995117188
1930.30135736196	1734.19995117188
1932.6219871741	1747.30004882813
1934.94193204543	1747
1937.26119230198	1755.69995117188
1939.57976826962	1735.90002441406
1941.89766027402	1729.30004882813
1944.21486864062	1749.19995117188
1946.53139369472	1741.59997558594
1948.84723576137	1733.69995117188
1951.16239516543	1750.69995117188
1953.47687223159	1749.30004882813
1955.79066728434	1741.69995117188
1958.10378064794	1749.40002441406
1960.4162126465	1735.59997558594
1962.7279636039	1747.80004882813
1965.03903384385	1746.30004882813
1967.34942368987	1759.30004882813
1969.65913346524	1765.09997558594
1971.96816349311	1748
1974.2765140964	1748.69995117188
1976.58418559784	1747.90002441406
1978.89117831997	1741.59997558594
1981.19749258516	1735.5
1983.50312871555	1756.5
1985.80808703313	1755.5
1988.11236785967	1757.19995117188
1990.41597151676	1720.90002441406
1992.71889832581	1729.80004882813
1995.02114860801	1755.5
1997.3227226844	1762.80004882813
1999.62362087581	1765.5
2001.92384350288	1739.59997558594
2004.22339088608	1753.90002441406
2006.52226334567	1747
2008.82046120173	1744
2011.11798477417	1754.69995117188
2013.41483438269	1767.69995117188
2015.71101034681	1743.19995117188
2018.00651298588	1763.90002441406
2020.30134261905	1750.69995117188
2022.59549956528	1749.30004882813
2024.88898414337	1743.19995117188
2027.1817966719	1774.90002441406
2029.4739374693	1738.40002441406
2031.76540685379	1738.5
2034.05620514342	1732.69995117188
2036.34633265607	1738.5
2038.6357897094	1736.69995117188
2040.92457662092	1720.40002441406
2043.21269370795	1733
2045.50014128763	1765.90002441406
2047.78691967691	1739.30004882813
2050.07302919256	1721.40002441406
2052.35847015118	1727.19995117188
2054.64324286919	1720.59997558594
2056.9273476628	1725.5
2059.21078484808	1742
2061.4935547409	1728.69995117188
2063.77565765696	1746
2066.05709391176	1725.80004882813
2068.33786382065	1712.40002441406
2070.61796769879	1738.19995117188
2072.89740586116	1741
2075.17617862255	1717.5
2077.45428629759	1743.5
2079.73172920075	1735.90002441406
2082.00850764627	1738.90002441406
2084.28462194827	1716.30004882813
2086.56007242065	1734
2088.83485937717	1732.90002441406
2091.10898313139	1743.90002441406
2093.3824439967	1729.59997558594
2095.65524228632	1722.90002441406
2097.92737831328	1733.80004882813
2100.19885239047	1718
2102.46966483057	1736.59997558594
2104.7398159461	1748.90002441406
2107.00930604941	1744.5
2109.27813545267	1741.30004882813
2111.54630446787	1727.59997558594
2113.81381340685	1733.90002441406
2116.08066258126	1753.40002441406
2118.34685230257	1758.30004882813
2120.61238288211	1753.59997558594
2122.87725463099	1748.19995117188
2125.1414678602	1760.69995117188
2127.40502288052	1751.80004882813
2129.66792000257	1764.09997558594
2131.93015953682	1751.30004882813
2134.19174179353	1752.90002441406
2136.45266708282	1742.5
2138.71293571463	1760.40002441406
2140.97254799873	1746.69995117188
2143.23150424473	1746
2145.48980476205	1729.5
2147.74744985996	1746.69995117188
2150.00443984754	1764.09997558594
2152.26077503373	1760.80004882813
2154.51645572728	1766
2156.77148223677	1763.59997558594
2159.02585487064	1754.59997558594
2161.27957393713	1773.09997558594
2163.53263974432	1776
2165.78505260012	1763.80004882813
2168.0368128123	1763
2170.28792068844	1764.09997558594
2172.53837653595	1743.69995117188
2174.78818066207	1739.40002441406
2177.03733337389	1738.30004882813
2179.28583497833	1756.5
2181.53368578214	1742.80004882813
2183.78088609192	1730
2186.02743621406	1739.59997558594
2188.27333645484	1739.09997558594
2190.51858712033	1736.09997558594
2192.76318851646	1715.40002441406
2195.00714094901	1718.09997558594
2197.25044472354	1724
2199.49310014551	1736.80004882813
2201.73510752018	1729.90002441406
2203.97646715265	1715.40002441406
2206.21717934786	1729.59997558594
2208.45724441058	1726.90002441406
2210.69666264543	1727.5
2212.93543435686	1723.40002441406
2215.17355984914	1737
2217.41103942642	1709.90002441406
2219.64787339264	1706.80004882813
2221.8840620516	1719.80004882813
2224.11960570695	1723.40002441406
2226.35450466215	1725.80004882813
2228.58875922051	1718.40002441406
2230.82236968518	1718.90002441406
2233.05533635916	1712.40002441406
2235.28765954527	1723.30004882813
2237.51933954617	1703.69995117188
2239.75037666437	1711.30004882813
2241.98077120221	1708.90002441406
2244.21052346188	1714.5
2246.4396337454	1728.90002441406
2248.66810235461	1711.09997558594
2250.89592959125	1726.40002441406
2253.12311575681	1721.09997558594
2255.34966115272	1751.69995117188
2257.57556608017	1724.59997558594
2259.80083084023	1706.19995117188
2262.02545573381	1715.5
2264.24944106163	1723.90002441406
2266.47278712429	1724.80004882813
2268.69549422221	1708
2270.91756265564	1723.59997558594
2273.1389927247	1717.19995117188
2275.35978472934	1711.30004882813
2277.57993896933	1719.80004882813
2279.79945574431	1729.40002441406
2282.01833535375	1729.69995117188
2284.23657809696	1722.40002441406
2286.45418427309	1741.59997558594
2288.67115418114	1727.69995117188
2290.88748811995	1747.59997558594
2293.10318638819	1724.19995117188
2295.3182492844	1726.09997558594
2297.53267710693	1753.40002441406
2299.746470154	1732.5
2301.95962872364	1731.40002441406
2304.17215311376	1750.90002441406
2306.3840436221	1775.59997558594
2308.59530054621	1772.69995117188
2310.80592418354	1775
2313.01591483134	1771.80004882813
2315.22527278673	1776.90002441406
2317.43399834666	1760.19995117188
2319.64209180791	1759.69995117188
2321.84955346713	1767.5
2324.05638362079	1753.69995117188
2326.26258256524	1749.30004882813
2328.46815059664	1744.09997558594
2330.67308801098	1758.09997558594
2332.87739510415	1737.59997558594
2335.08107217184	1726.69995117188
2337.2841195096	1734.59997558594
2339.48653741281	1728.59997558594
2341.68832617672	1716.5
2343.8894860964	1720.19995117188
2346.09001746678	1746.90002441406
2348.28992058261	1738.69995117188
2350.48919573852	1725.90002441406
2352.68784322898	1724
2354.88586334826	1725.90002441406
2357.08325639055	1712.5
2359.2800226498	1716.69995117188
2361.47616241988	1707.09997558594
2363.67167599445	1706.80004882813
2365.86656366706	1728.40002441406
2368.06082573107	1728.19995117188
2370.2544624797	1713.09997558594
2372.44747420603	1715.5
2374.63986120295	1703.19995117188
2376.83162376322	1694.80004882813
2379.02276217945	1704.59997558594
2381.21327674408	1718.90002441406
2383.4031677494	1687.90002441406
2385.59243548756	1715
2387.78108025053	1699.19995117188
2389.96910233014	1715.80004882813
2392.15650201809	1702.90002441406
2394.34327960587	1695
2396.52943538486	1703.5
2398.71496964628	1697.09997558594
2400.89988268118	1687.59997558594
2403.08417478048	1711.59997558594
2405.26784623491	1687.40002441406
2407.45089733509	1706
2409.63332837146	1695.30004882813
2411.81513963429	1696.09997558594
2413.99633141375	1689
2416.1769039998	1699.80004882813
2418.35685768227	1698.69995117188
2420.53619275084	1696.5
2422.71490949505	1697
2424.89300820425	1723.80004882813
2427.07048916765	1679
2429.24735267433	1684.09997558594
2431.42359901319	1685.30004882813
2433.59922847297	1691.59997558594
2435.7742413423	1707.30004882813
2437.94863790961	1700.09997558594
2440.12241846321	1694.5
2442.29558329121	1687.90002441406
2444.46813268162	1701.69995117188
2446.64006692228	1684
2448.81138630086	1690.59997558594
2450.98209110489	1686.40002441406
2453.15218162174	1703.09997558594
2455.32165813864	1694.5
2457.49052094265	1701.19995117188
2459.65877032069	1710.69995117188
2461.8264065595	1722.90002441406
2463.99342994572	1698.59997558594
2466.15984076579	1696.90002441406
2468.325639306	1702.90002441406
2470.49082585251	1688.80004882813
2472.65540069131	1705.30004882813
2474.81936410824	1719.69995117188
2476.98271638899	1714.09997558594
2479.14545781909	1710.90002441406
2481.30758868392	1684.09997558594
2483.4691092687	1710.90002441406
2485.63001985852	1711.90002441406
2487.79032073829	1689.90002441406
2489.95001219277	1708.30004882813
2492.10909450659	1703.59997558594
2494.26756796419	1693.90002441406
2496.42543284989	1706.40002441406
2498.58268944783	1701.30004882813
2500.73933804202	1709.80004882813
2502.8953789163	1703.59997558594
2505.05081235436	1694.30004882813
2507.20563863974	1714.90002441406
2509.35985805582	1711.09997558594
2511.51347088583	1703.59997558594
2513.66647741285	1708.59997558594
2515.81887791981	1714.30004882813
2517.97067268946	1714.30004882813
2520.12186200443	1701.09997558594
2522.27244614716	1738.19995117188
2524.42242539999	1715.90002441406
2526.57180004504	1700.80004882813
2528.72057036433	1707.90002441406
2530.8687366397	1700.69995117188
2533.01629915284	1683.59997558594
2535.16325818527	1683
2537.30961401839	1687.90002441406
2539.45536693343	1698.19995117188
2541.60051721145	1679.5
2543.74506513338	1666.30004882813
2545.88901097997	1675
2548.03235503185	1652.69995117188
2550.17509756946	1670.80004882813
2552.31723887311	1659.40002441406
2554.45877922293	1671.59997558594
2556.59971889893	1649.40002441406
2558.74005818094	1677
2560.87979734864	1674.30004882813
2563.01893668155	1668.59997558594
2565.15747645906	1653.80004882813
2567.29541696037	1673.19995117188
2569.43275846454	1658.40002441406
2571.56950125049	1669.59997558594
2573.70564559696	1656.19995117188
2575.84119178254	1665.5
2577.97614008569	1661.40002441406
2580.11049078468	1667.09997558594
2582.24424415764	1660.40002441406
2584.37740048255	1664.19995117188
2586.50996003722	1672.69995117188
2588.64192309931	1661
2590.77328994634	1657.80004882813
2592.90406085564	1662.5
2595.03423610442	1668.5
2597.16381596971	1673.40002441406
2599.29280072839	1677.5
2601.42119065719	1665
2603.54898603267	1683.30004882813
2605.67618713125	1654.59997558594
2607.80279422919	1679
2609.92880760257	1659.80004882813
2612.05422752735	1676.30004882813
2614.17905427932	1678.69995117188
2616.30328813408	1673.19995117188
2618.42692936713	1681.80004882813
2620.54997825377	1671.69995117188
2622.67243506915	1678
2624.79430008828	1680.80004882813
2626.915573586	1680.19995117188
2629.03625583699	1672.69995117188
2631.15634711579	1694.90002441406
2633.27584769675	1683.40002441406
2635.39475785408	1684.09997558594
2637.51307786185	1695.69995117188
2639.63080799394	1688.80004882813
2641.74794852409	1699.40002441406
2643.86449972589	1723
2645.98046187273	1723.59997558594
2648.0958352379	1708
2650.21062009449	1714.69995117188
2652.32481671544	1725.90002441406
2654.43842537353	1725.90002441406
2656.5514463414	1729.5
2658.66387989151	1733.90002441406
2660.77572629616	1745
2662.88698582751	1752.19995117188
2664.99765875753	1750.59997558594
2667.10774535806	1772.5
2669.21724590076	1762.90002441406
2671.32616065714	1778.5
2673.43448989857	1764
2675.5422338962	1739.5
2677.64939292108	1753.90002441406
2679.75596724408	1724.69995117188
2681.86195713589	1720.69995117188
2683.96736286707	1722.30004882813
2686.07218470799	1716.40002441406
2688.17642292889	1693.59997558594
2690.28007779982	1694.59997558594
2692.38314959069	1679.90002441406
2694.48563857123	1661.90002441406
2696.58754501103	1673.90002441406
2698.6888691795	1678.80004882813
2700.78961134588	1672.09997558594
2702.8897717793	1683.30004882813
2704.98935074864	1668
2707.08834852271	1674.30004882813
2709.18676537009	1680.5
2711.28460155925	1672.09997558594
2713.38185735843	1662.59997558594
2715.47853303577	1672.80004882813
2717.57462885924	1669.80004882813
2719.67014509659	1661
2721.76508201548	1656.69995117188
2723.85943988337	1660.80004882813
2725.95321896754	1659
2728.04641953515	1659
2730.13904185316	1651
2732.23108618837	1635.80004882813
2734.32255280744	1642.19995117188
2736.41344197683	1637.90002441406
2738.50375396288	1637.69995117188
2740.5934890317	1640.59997558594
2742.68264744932	1641.69995117188
2744.77122948153	1616.80004882813
2746.85923539398	1641
2748.94666545217	1641.40002441406
2751.03351992142	1638.30004882813
2753.11979906688	1641.30004882813
2755.20550315355	1634.40002441406
2757.29063244624	1632.80004882813
2759.37518720963	1636
2761.45916770819	1623.59997558594
2763.54257420625	1634.80004882813
2765.62540696797	1617.59997558594
2767.70766625733	1622
2769.78935233816	1646
2771.87046547413	1607.90002441406
2773.95100592869	1628.5
2776.03097396519	1644.90002441406
2778.11036984677	1632.40002441406
2780.18919383641	1632.80004882813
2782.26744619693	1630.5
2784.34512719097	1617.80004882813
2786.42223708102	1644.80004882813
2788.49877612937	1625.40002441406
2790.57474459816	1637.40002441406
2792.65014274937	1616.69995117188
2794.7249708448	1632.69995117188
2796.79922914607	1623.40002441406
2798.87291791465	1624.80004882813
2800.94603741181	1632.09997558594
2803.01858789869	1632.90002441406
2805.09056963623	1624.69995117188
2807.1619828852	1623
2809.23282790621	1621.59997558594
2811.30310495971	1626.30004882813
2813.37281430593	1626.19995117188
2815.441956205	1618.5
2817.51053091682	1620.59997558594
2819.57853870114	1622
2821.64597981753	1626.80004882813
2823.7128545254	1622.30004882813
2825.77916308399	1634
2827.84490575233	1627.80004882813
2829.91008278933	1621.90002441406
2831.97469445369	1620.30004882813
2834.03874100395	1644.19995117188
2836.10222269847	1641.80004882813
2838.16513979544	1634.30004882813
2840.22749255288	1648
2842.28928122863	1655.69995117188
2844.35050608034	1665.30004882813
2846.41116736553	1673.09997558594
2848.47126534149	1707.09997558594
2850.53080026537	1710.90002441406
2852.58977239414	1723.40002441406
2854.64818198459	1727.30004882813
2856.70602929332	1714.40002441406
2858.76331457678	1707.5
2860.82003809123	1699.09997558594
2862.87620009274	1715
2864.93180083723	1721.90002441406
2866.98684058043	1721.19995117188
2869.04131957789	1716.59997558594
2871.09523808497	1716.69995117188
2873.14859635689	1753.09997558594
2875.20139464866	1729.19995117188
2877.2536332151	1732.30004882813
2879.30531231091	1731.30004882813
2881.35643219054	1719.90002441406
2883.40699310831	1738.80004882813
2885.45699531834	1757.5
2887.50643907457	1743.09997558594
2889.55532463077	1741
2891.60365224053	1740.40002441406
2893.65142215724	1746.19995117188
2895.69863463414	1752.09997558594
2897.74528992426	1753
2899.79138828046	1758.90002441406
2901.83692995544	1745.40002441406
2903.88191520168	1758.90002441406
2905.92634427151	1760.19995117188
2907.97021741706	1751.40002441406
2910.01353489027	1763
2912.05629694294	1753.69995117188
2914.09850382663	1771.69995117188
2916.14015579276	1788
2918.18125309254	1779.80004882813
2920.22179597702	1787
2922.26178469705	1797.59997558594
2924.30121950329	1763.90002441406
2926.34010064624	1776
2928.37842837619	1793.69995117188
2930.41620294326	1815.09997558594
2932.45342459737	1791.80004882813
2934.49009358828	1802.30004882813
2936.52621016555	1780.90002441406
2938.56177457854	1794.90002441406
2940.59678707645	1797.30004882813
2942.63124790827	1774.69995117188
2944.66515732282	1772.69995117188
2946.69851556873	1749.09997558594
2948.73132289443	1741.80004882813
2950.76357954817	1729.09997558594
2952.79528577803	1736.09997558594
2954.82644183188	1735.59997558594
2956.85704795741	1707.90002441406
2958.8871044021	1723.5
2960.91661141328	1730.59997558594
2962.94556923807	1716.40002441406
2964.97397812339	1707.69995117188
2967.00183831598	1696.5
2969.0291500624	1696
2971.05591360902	1689.90002441406
2973.08212920199	1683.5
2975.1077970873	1678.69995117188
2977.13291751074	1691.19995117188
2979.1574907179	1692.69995117188
2981.18151695419	1676.09997558594
2983.20499646482	1677
2985.2279294948	1691.90002441406
2987.25031628898	1671.5
2989.27215709199	1685.80004882813
2991.29345214825	1675.69995117188
2993.31420170204	1650.19995117188
2995.33440599738	1659.69995117188
2997.35406527816	1652
2999.37317978802	1640.69995117188
3001.39174977045	1655.59997558594
3003.40977546872	1656.5
3005.42725712591	1650.5
3007.44419498491	1649
3009.4605892884	1665.19995117188
3011.47644027889	1646.5
3013.49174819865	1648.30004882813
3015.5065132898	1657.69995117188
3017.52073579424	1652.19995117188
3019.53441595366	1646
3021.54755400959	1649.19995117188
3023.56015020332	1658.30004882813
3025.57220477598	1643.90002441406
3027.58371796846	1640.19995117188
3029.5946900215	1644.80004882813
3031.6051211756	1646.59997558594
3033.61501167107	1636.90002441406
3035.62436174803	1642.40002441406
3037.6331716464	1639.69995117188
3039.64144160588	1616.09997558594
3041.649171866	1624.5
3043.65636266607	1629.19995117188
3045.6630142452	1608.90002441406
3047.66912684229	1619
3049.67470069605	1615.80004882813
3051.679736045	1619.69995117188
3053.68423312742	1609.59997558594
3055.68819218143	1607.40002441406
3057.6916134449	1619.09997558594
3059.69449715556	1600
3061.69684355086	1630.59997558594
3063.6986528681	1604
3065.69992534437	1612.80004882813
3067.70066121653	1609.69995117188
3069.70086072126	1605.59997558594
3071.700524095	1610.5
3073.69965157405	1588.40002441406
3075.69824339442	1590.69995117188
3077.69629979197	1596.5
3079.69382100235	1580.69995117188
3081.69080726098	1598.19995117188
3083.68725880307	1582.5
3085.68317586366	1579.90002441406
3087.67855867755	1574.19995117188
3089.67340747933	1580.19995117188
3091.6677225034	1581.80004882813
3093.66150398392	1597.80004882813
3095.6547521549	1598.30004882813
3097.64746725006	1578.19995117188
3099.63964950297	1569.40002441406
3101.63129914698	1592.90002441406
3103.6224164152	1587.09997558594
3105.61300154056	1598.40002441406
3107.60305475576	1605.90002441406
3109.59257629331	1580.09997558594
3111.58156638547	1570.40002441406
3113.57002526432	1595.5
3115.55795316172	1573.09997558594
3117.54535030932	1580.5
3119.53221693853	1589.80004882813
3121.51855328057	1589.40002441406
3123.50435956646	1577.80004882813
3125.48963602698	1580.5
3127.4743828927	1596.09997558594
3129.45860039397	1596.30004882813
3131.44228876093	1595.30004882813
3133.42544822353	1585.30004882813
3135.40807901145	1595.80004882813
3137.39018135418	1594
3139.37175548102	1590.90002441406
3141.35280162101	1597.80004882813
3143.33332000299	1591.30004882813
3145.31331085559	1574.09997558594
3147.2927744072	1588.19995117188
3149.27171088602	1591.5
3151.25012052	1581.19995117188
3153.22800353689	1592.5
3155.20536016422	1592.80004882813
3157.18219062929	1593.30004882813
3159.15849515918	1590.30004882813
3161.13427398075	1582.80004882813
3163.10952732066	1596.40002441406
3165.08425540532	1583.5
3167.05845846092	1610.19995117188
3169.03213671344	1598.40002441406
3171.00529038863	1600.5
3172.97791971203	1597.80004882813
3174.95002490893	1576.5
3176.92160620443	1602.80004882813
3178.89266382337	1581.59997558594
3180.8631979904	1605.80004882813
3182.83320892991	1594.40002441406
3184.80269686609	1612.69995117188
3186.77166202289	1583.30004882813
3188.74010462406	1603.90002441406
3190.70802489307	1603.40002441406
3192.67542305323	1602.09997558594
3194.64229932757	1592.30004882813
3196.60865393892	1605.19995117188
3198.57448710987	1610.5
3200.53979906279	1609.19995117188
3202.50459001981	1599.19995117188
3204.46886020284	1587.5
3206.43260983356	1595.90002441406
3208.39583913341	1601.09997558594
3210.35854832362	1604.69995117188
3212.32073762517	1619.40002441406
3214.28240725881	1618.90002441406
3216.24355744508	1605.09997558594
3218.20418840426	1596.30004882813
3220.16430035642	1599.59997558594
3222.12389352137	1616.40002441406
3224.08296811873	1619.59997558594
3226.04152436784	1602.59997558594
3227.99956248784	1602.90002441406
3229.95708269762	1601.59997558594
3231.91408521584	1609.30004882813
3233.87057026092	1608
3235.82653805105	1608.5
3237.78198880419	1611.09997558594
3239.73692273806	1609.30004882813
3241.69134007013	1621.09997558594
3243.64524101764	1607.80004882813
3245.59862579761	1602
3247.55149462681	1628.80004882813
3249.50384772176	1611.40002441406
3251.45568529877	1607.59997558594
3253.40700757387	1606.69995117188
3255.35781476288	1603.30004882813
3257.3081070814	1625.30004882813
3259.25788474473	1599.09997558594
3261.20714796799	1604.59997558594
3263.15589696602	1617.90002441406
3265.10413195345	1625.80004882813
3267.05185314463	1593.90002441406
3268.9990607537	1604.80004882813
3270.94575499455	1610.09997558594
3272.89193608081	1615.69995117188
3274.8376042259	1611.80004882813
3276.78275964296	1629.19995117188
3278.72740254492	1623
3280.67153314443	1622.90002441406
3282.61515165393	1613.09997558594
3284.55825828559	1606.19995117188
3286.50085325135	1607.69995117188
3288.44293676289	1606.80004882813
3290.38450903165	1623.5
3292.32557026883	1600.19995117188
3294.26612068537	1594
3296.20616049198	1612.30004882813
3298.14568989911	1613.90002441406
3300.08470911695	1605.30004882813
3302.02321835546	1611.09997558594
3303.96121782435	1603.90002441406
3305.89870773306	1604.80004882813
3307.83568829081	1598.5
3309.77215970655	1610.90002441406
3311.70812218898	1609.30004882813
3313.64357594655	1590.90002441406
3315.57852118747	1598.90002441406
3317.51295811968	1604.30004882813
3319.44688695087	1604.59997558594
3321.38030788849	1615.59997558594
3323.31322113973	1614.69995117188
3325.24562691152	1597.5
3327.17752541055	1601.30004882813
3329.10891684322	1598.09997558594
3331.03980141573	1605.90002441406
3332.97017933399	1604.40002441406
3334.90005080364	1591.80004882813
3336.82941603011	1604.80004882813
3338.75827521852	1597.90002441406
3340.68662857377	1599.5
3342.6144763005	1598.09997558594
3344.54181860308	1609.80004882813
3346.46865568561	1608.80004882813
3348.39498775195	1602.5
3350.32081500571	1609.09997558594
3352.24613765022	1606
3354.17095588855	1591.59997558594
3356.09526992352	1598.80004882813
3358.01907995769	1596.80004882813
3359.94238619334	1604.19995117188
3361.86518883251	1614.90002441406
3363.78748807697	1612.69995117188
3365.70928412823	1619.30004882813
3367.63057718752	1612.59997558594
3369.55136745582	1605.40002441406
3371.47165513386	1622.90002441406
3373.39144042208	1604.19995117188
3375.31072352066	1605.30004882813
3377.22950462953	1587.69995117188
3379.14778394834	1611.80004882813
3381.06556167648	1604.09997558594
3382.98283801308	1601.19995117188
3384.89961315697	1610.40002441406
3386.81588730676	1602.59997558594
3388.73166066076	1589.40002441406
3390.64693341702	1599
3392.56170577332	1603.5
3394.47597792716	1613
3396.38975007581	1604.90002441406
3398.30302241623	1591.19995117188
3400.21579514512	1595.69995117188
3402.1280684589	1599.80004882813
3404.03984255374	1602.40002441406
3405.95111762553	1600.80004882813
3407.86189386987	1606.69995117188
3409.77217148212	1606.5
3411.68195065733	1611.5
3413.5912315903	1600.90002441406
3415.50001447556	1582
3417.40829950735	1599.09997558594
3419.31608687963	1593.09997558594
3421.22337678611	1577.80004882813
3423.1301694202	1581.30004882813
3425.03646497504	1594.69995117188
3426.9422636435	1591.80004882813
3428.84756561816	1599.59997558594
3430.75237109135	1592.40002441406
3432.65668025508	1575.09997558594
3434.56049330112	1593.19995117188
3436.46381042093	1590
3438.36663180571	1580
3440.26895764638	1592.80004882813
3442.17078813357	1585.59997558594
3444.07212345762	1581.40002441406
3445.97296380863	1589.40002441406
3447.87330937636	1598.19995117188
3449.77316035033	1590.30004882813
3451.67251691977	1595.19995117188
3453.57137927361	1566.80004882813
3455.46974760052	1579.5
3457.36762208886	1583.09997558594
3459.26500292671	1579.09997558594
3461.16189030191	1584.09997558594
3463.05828440194	1588
3464.95418541406	1556.80004882813
3466.84959352519	1580.40002441406
3468.74450892201	1580.69995117188
3470.63893179088	1583.5
3472.53286231788	1578.30004882813
3474.42630068881	1574.5
3476.31924708918	1591
3478.2117017042	1570.5
3480.1036647188	1559.40002441406
3481.99513631761	1567.5
3483.88611668498	1575.19995117188
3485.77660600498	1572.90002441406
3487.66660446135	1585.19995117188
3489.55611223758	1568.30004882813
3491.44512951683	1574.69995117188
3493.333656482	1571.19995117188
3495.22169331568	1553.90002441406
3497.10924020016	1573.30004882813
3498.99629731746	1563.5
3500.88286484927	1562.19995117188
3502.76894297702	1569
3504.65453188182	1555.59997558594
3506.53963174449	1554.59997558594
3508.42424274555	1556.80004882813
3510.30836506524	1565.40002441406
3512.19199888349	1555.90002441406
3514.07514437992	1555.69995117188
3515.95780173387	1545.59997558594
3517.83997112437	1558.69995117188
3519.72165273016	1571.19995117188
3521.60284672967	1550.5
3523.48355330104	1542.30004882813
3525.36377262208	1552.19995117188
3527.24350487035	1541.09997558594
3529.12275022306	1538.19995117188
3531.00150885715	1531.80004882813
3532.87978094923	1544.30004882813
3534.75756667562	1523.40002441406
3536.63486621235	1540.19995117188
3538.51167973512	1528.5
3540.38800741934	1530.59997558594
3542.26384944011	1526.80004882813
3544.13920597223	1526.80004882813
3546.01407719018	1528.30004882813
3547.88846326815	1537.30004882813
3549.76236438002	1522.19995117188
3551.63578069934	1522.09997558594
3553.50871239938	1512.5
3555.38115965309	1529.90002441406
3557.25312263311	1504.90002441406
3559.12460151177	1517.90002441406
3560.99559646109	1527
3562.86610765279	1504
3564.73613525825	1512.40002441406
3566.60567944857	1518.90002441406
3568.47474039453	1497.40002441406
3570.34331826658	1510.69995117188
3572.21141323487	1489.80004882813
3574.07902546925	1499
3575.94615513922	1520.80004882813
3577.81280241401	1503.80004882813
3579.67896746249	1518.19995117188
3581.54465045325	1498.5
3583.40985155455	1496.90002441406
3585.27457093432	1501
3587.1388087602	1480.30004882813
3589.00256519949	1500
3590.86584041919	1495.59997558594
3592.72863458597	1506.09997558594
3594.59094786618	1500.90002441406
3596.45278042585	1499.90002441406
3598.31413243069	1508.30004882813
3600.17500404611	1490.90002441406
3602.03539543717	1491.5
3603.89530676861	1511.30004882813
3605.75473820488	1502.40002441406
3607.61368991007	1492.19995117188
3609.47216204797	1504.09997558594
3611.33015478203	1483.5
3613.18766827539	1490.69995117188
3615.04470269087	1482.19995117188
3616.90125819094	1479.19995117188
3618.75733493776	1500.80004882813
3620.61293309318	1494.69995117188
3622.46805281869	1498.19995117188
3624.32269427547	1484.59997558594
3626.17685762439	1488.30004882813
3628.03054302596	1491.5
3629.88375064038	1486.80004882813
3631.73648062751	1481.90002441406
3633.5887331469	1479.09997558594
3635.44050835775	1488.30004882813
3637.29180641893	1474.80004882813
3639.14262748899	1480.19995117188
3640.99297172614	1473.40002441406
3642.84283928828	1465.69995117188
3644.69223033294	1460.40002441406
3646.54114501734	1480
3648.38958349836	1478.80004882813
3650.23754593256	1478.19995117188
3652.08503247614	1474.69995117188
3653.93204328497	1468.59997558594
3655.77857851462	1470.30004882813
3657.62463832028	1469
3659.47022285682	1460.69995117188
3661.31533227877	1469.40002441406
3663.15996674033	1457.5
3665.00412639535	1470
3666.84781139736	1462.40002441406
3668.69102189953	1459.69995117188
3670.5337580547	1456.5
3672.37602001537	1459.40002441406
3674.21780793368	1460.80004882813
3676.05912196148	1463.59997558594
3677.89996225021	1466.30004882813
3679.74032895103	1452.5
3681.58022221471	1449.40002441406
3683.41964219171	1447.69995117188
3685.25858903211	1448.90002441406
3687.0970628857	1457
3688.93506390186	1446.80004882813
3690.77259222968	1442.90002441406
3692.60964801787	1453.19995117188
3694.44623141481	1449.30004882813
3696.28234256853	1430.09997558594
3698.11798162669	1446.19995117188
3699.95314873665	1424.59997558594
3701.78784404537	1443.90002441406
3703.62206769951	1442.19995117188
3705.45581984533	1438.80004882813
3707.28910062877	1450.90002441406
3709.12191019542	1443.90002441406
3710.95424869052	1447.19995117188
3712.78611625894	1437.40002441406
3714.6175130452	1441.59997558594
3716.44843919349	1434.80004882813
3718.27889484764	1444.09997558594
3720.1088801511	1445.5
3721.93839524699	1435.59997558594
3723.76744027808	1433.59997558594
3725.59601538677	1436
3727.4241207151	1442
