40.2973356941271	1128.69995117188
43.2236257608418	1129.40002441406
46.1488808466109	1129.09997558594
49.0731017336173	1129.30004882813
51.9962892025666	1134.09997558594
54.9184440327569	1134.80004882813
57.8395670020446	1137.69995117188
60.7596588868509	1137.19995117188
63.6787204621708	1139.90002441406
66.5967525015794	1145.90002441406
69.5137557772381	1151.5
72.4297310598838	1160.09997558594
75.3446791188512	1165.5
78.2586007220466	1176.69995117188
81.1714966360015	1194.90002441406
84.0833676258266	1216.5
86.994214455242	1234.09997558594
89.9040378865662	1258.5
92.8128386807427	1282.09997558594
95.7206175973133	1304.09997558594
98.6273753944444	1311.19995117188
101.533112828928	1325.5
104.437830656161	1336.19995117188
107.34152963018	1321.90002441406
110.244210503676	1325.09997558594
113.145874027931	1323
116.046520952895	1325.09997558594
118.946152027154	1310.19995117188
121.844767997933	1311.80004882813
124.74236961111	1314.19995117188
127.638957611212	1310.19995117188
130.534532741422	1315.59997558594
133.429095743606	1324.30004882813
136.322647358252	1323.19995117188
139.215188324544	1316.5
142.106719380311	1317.40002441406
144.997241262089	1332.90002441406
147.886754705057	1328.5
150.775260443096	1329.09997558594
153.662759208748	1326.59997558594
156.549251733282	1322.19995117188
159.434738746612	1322.5
162.319220977376	1326.40002441406
165.20269915289	1319.59997558594
168.085173999178	1330.90002441406
170.966646240977	1332.19995117188
173.847116601709	1328.5
176.726585803528	1324.40002441406
179.605054567295	1315.69995117188
182.48252361259	1309.40002441406
185.358993657701	1314.69995117188
188.234465419645	1317
191.108939614183	1311.19995117188
193.982416955795	1317.90002441406
196.854898157687	1304.90002441406
199.726383931801	1320.5
202.596874988835	1321.5
205.466372038225	1316.5
208.334875788145	1314
211.202386945534	1312.19995117188
214.068906216069	1329.30004882813
216.934434304194	1311.80004882813
219.798971913111	1316
222.662519744776	1328.90002441406
225.525078499925	1326.5
228.386648878069	1324.40002441406
231.247231577465	1330.19995117188
234.106827295172	1320
236.965436727012	1318.59997558594
239.823060567597	1309.90002441406
242.679699510337	1318.69995117188
245.535354247396	1317.59997558594
248.390025469775	1318.59997558594
251.243713867223	1315.69995117188
254.096420128327	1323.59997558594
256.948144940459	1310.80004882813
259.798888989788	1323.30004882813
262.648652961315	1315.30004882813
265.49743753883	1315.09997558594
268.345243404939	1329
271.192071241073	1315.5
274.037921727485	1310.90002441406
276.882795543246	1312.5
279.72669336624	1324.30004882813
282.569615873213	1323.59997558594
285.411563739724	1322
288.252537640165	1316.09997558594
291.092538247763	1323.59997558594
293.931566234616	1338.09997558594
296.769622271633	1325.90002441406
299.606707028594	1319.90002441406
302.442821174104	1316.69995117188
305.277965375652	1316.30004882813
308.112140299574	1318.59997558594
310.945346611062	1330.59997558594
313.777584974167	1331.30004882813
316.608856051813	1322
319.439160505797	1336.5
322.268498996783	1335.69995117188
325.096872184303	1329.80004882813
327.924280726782	1341.80004882813
330.750725281521	1331.09997558594
333.576206504693	1324.40002441406
336.400725051388	1324.69995117188
339.224281575542	1333.19995117188
342.046876730026	1325.30004882813
344.868511166586	1320.40002441406
347.689185535872	1327.30004882813
350.508900487421	1320.19995117188
353.327656669699	1322.90002441406
356.145454730079	1323.80004882813
358.962295314817	1323.90002441406
361.778179069105	1332.90002441406
364.593106637051	1324.90002441406
367.407078661675	1330
370.220095784913	1318.09997558594
373.032158647655	1328.09997558594
375.843267889676	1327.59997558594
378.653424149715	1327.30004882813
381.462628065436	1330.40002441406
384.270880273432	1321.19995117188
387.078181409254	1331.80004882813
389.884532107358	1322.40002441406
392.689933001188	1338.19995117188
395.494384723112	1336.80004882813
398.29788790445	1330.5
401.100443175488	1330.19995117188
403.902051165437	1334.09997558594
406.702712502518	1335.5
409.502427813866	1333.40002441406
412.301197725607	1334.30004882813
415.099022862823	1327.30004882813
417.89590384957	1331.80004882813
420.691841308876	1327.30004882813
423.486835862752	1344.80004882813
426.280888132173	1330.5
429.073998737112	1330
431.866168296507	1325.90002441406
434.657397428298	1340.5
437.447686749412	1324.19995117188
440.237036875762	1340
443.025448422257	1332.19995117188
445.812922002813	1333.90002441406
448.599458230326	1341.59997558594
451.38505771672	1322.5
454.169721072909	1325.80004882813
456.953448908819	1336.19995117188
459.736241833384	1332.59997558594
462.518100454555	1345.90002441406
465.2990253793	1336.09997558594
468.079017213605	1336.19995117188
470.858076562476	1336.09997558594
473.636204029939	1337
476.41340021906	1328.90002441406
479.189665731938	1340.40002441406
481.965001169667	1343.19995117188
484.739407132419	1333.19995117188
487.512884219391	1340.09997558594
490.285433028796	1338.40002441406
493.057054157921	1337.30004882813
495.827748203087	1338.30004882813
498.597515759658	1348.90002441406
501.366357422061	1340.5
504.134273783759	1349.09997558594
506.901265437278	1337.90002441406
509.66733297421	1339.30004882813
512.432476985198	1354.90002441406
515.196698059945	1333
517.959996787225	1336.69995117188
520.722373754895	1344.59997558594
523.483829549856	1346.59997558594
526.24436475811	1342.09997558594
529.003979964696	1345.69995117188
531.762675753779	1344.5
534.520452708569	1343.09997558594
537.277311411375	1339.30004882813
540.03325244359	1339.30004882813
542.788276385682	1349.90002441406
545.54238381725	1330.80004882813
548.295575316938	1336.40002441406
551.047851462516	1343.5
553.799212830831	1346.80004882813
556.549659997851	1348.90002441406
559.299193538643	1335.19995117188
562.047814027381	1354.09997558594
564.795522037318	1329.90002441406
567.542318140861	1331.09997558594
570.288202909507	1340.90002441406
573.033176913873	1353.30004882813
575.7772407237	1346.90002441406
578.520394907829	1344.59997558594
581.26264003424	1348.80004882813
584.003976670046	1334
586.744405381469	1338.90002441406
589.483926733869	1332.59997558594
592.222541291746	1345.19995117188
594.96024961872	1342.59997558594
597.697052277563	1338.09997558594
600.432949830166	1339.90002441406
603.167942837587	1340.40002441406
605.902031860012	1348.90002441406
608.635217456783	1347.90002441406
611.367500186378	1334.5
614.098880606429	1342.5
616.82935927374	1358.59997558594
619.558936744248	1346.69995117188
622.287613573072	1354.09997558594
625.015390314457	1347.09997558594
627.742267521848	1345.40002441406
630.468245747829	1336.90002441406
633.193325544166	1344.30004882813
635.917507461792	1337.09997558594
638.640792050804	1349.5
641.36317986048	1346
644.084671439281	1341
646.805267334845	1350
649.524968093967	1338
652.24377426266	1341.40002441406
654.961686386106	1351.09997558594
657.678705008678	1349.59997558594
660.394830673939	1344.09997558594
663.110063924628	1339.80004882813
665.824405302728	1337.19995117188
668.537855349351	1344.80004882813
671.250414604863	1341
673.962083608812	1351.69995117188
676.672862899949	1352.19995117188
679.382753016218	1348.80004882813
682.091754494801	1334.80004882813
684.799867872061	1349.80004882813
687.507093683595	1344.59997558594
690.213432464198	1350.80004882813
692.918884747899	1347.80004882813
695.623451067937	1351.30004882813
698.327131956755	1351.5
701.029927946065	1349.30004882813
703.731839566754	1352.59997558594
706.43286734896	1358.80004882813
709.133011822067	1350
711.832273514658	1363.80004882813
714.53065295457	1357.5
717.228150668879	1358.69995117188
719.924767183889	1356.09997558594
722.620503025148	1341.69995117188
725.315358717446	1355.30004882813
728.009334784827	1354.5
730.702431750559	1345.5
733.394650137188	1353.09997558594
736.085990466498	1354.19995117188
738.776453259519	1350.40002441406
741.466039036542	1355.40002441406
744.154748317125	1355.59997558594
746.842581620074	1346.5
749.529539463458	1354.5
752.215622364608	1352.59997558594
754.900830840131	1357.19995117188
757.585165405892	1361.80004882813
760.26862657703	1352
762.951214867957	1348.19995117188
765.632930792356	1351.90002441406
768.313774863181	1345.90002441406
770.993747592673	1355
773.672849492359	1351
776.351081073017	1360.90002441406
779.028442844757	1348.59997558594
781.704935316928	1351.69995117188
784.380558998208	1349.59997558594
787.055314396528	1346.69995117188
789.729202019141	1356.69995117188
792.402222372581	1348
795.074375962669	1359.40002441406
797.745663294537	1354.69995117188
800.416084872622	1361.59997558594
803.085641200652	1358.69995117188
805.754332781664	1355.90002441406
808.422160117986	1363.30004882813
811.089123711292	1353.90002441406
813.75522406252	1357.19995117188
816.420461671951	1358
819.084837039164	1358.69995117188
821.748350663067	1367.59997558594
824.411003041866	1370.59997558594
827.072794673116	1364.80004882813
829.733726053668	1365.19995117188
832.39379767971	1356
835.05301004674	1360.30004882813
837.711363649601	1361.69995117188
840.368858982457	1356.90002441406
843.025496538805	1354.5
845.681276811467	1372.19995117188
848.336200292618	1360.69995117188
850.99026747375	1367.19995117188
853.643478845713	1375
856.29583489868	1369.19995117188
858.947336122176	1368.59997558594
861.59798300506	1365.40002441406
864.247776035556	1377.90002441406
866.896715701222	1365.5
869.544802488959	1375.90002441406
872.192036885046	1367.69995117188
874.838419375087	1370.40002441406
877.483950444054	1368.19995117188
880.128630576285	1375.40002441406
882.772460255461	1378.19995117188
885.415439964628	1382.80004882813
888.057570186211	1371.69995117188
890.698851401966	1367.69995117188
893.339284093045	1376.90002441406
895.978868739961	1372.90002441406
898.617605822596	1373.30004882813
901.255495820196	1379.90002441406
903.892539211396	1375
906.528736474184	1365
909.164088085949	1372.69995117188
911.798594523442	1371.80004882813
914.432256262804	1367.40002441406
917.065073779549	1367
919.697047548589	1375.59997558594
922.328178044212	1379.30004882813
924.9584657401	1372.90002441406
927.587911109317	1366.80004882813
930.216514624317	1381.40002441406
932.844276756963	1383
935.471197978488	1379.59997558594
938.097278759538	1387.80004882813
940.722519570163	1382.30004882813
943.346920879798	1390.09997558594
945.97048315729	1389.30004882813
948.593206870885	1397.80004882813
951.215092488219	1410.80004882813
953.836140476366	1395.30004882813
956.456351301787	1400.90002441406
959.07572543037	1414.69995117188
961.694263327369	1405.40002441406
964.311965457521	1402.90002441406
966.928832284933	1404.69995117188
969.544864273135	1405.19995117188
972.160061885076	1405.80004882813
974.774425583129	1406.59997558594
977.387955829099	1392.19995117188
980.000653084196	1412.59997558594
982.612517809061	1401.69995117188
985.223550463768	1398.19995117188
987.833751507819	1403.69995117188
990.443121400135	1410
993.051660599081	1410.40002441406
995.659369562449	1420.59997558594
998.266248747469	1428.5
1000.87229861081	1451.40002441406
1003.47751960857	1483.30004882813
1006.0819121963	1481.5
1008.68547682897	1489.30004882813
1011.28821396104	1466
1013.89012404635	1440.69995117188
1016.49120753824	1441.69995117188
1019.09146488947	1429.40002441406
1021.69089655226	1414.30004882813
1024.28950297827	1410.09997558594
1026.88728461863	1405.30004882813
1029.48424192392	1400
1032.08037534416	1403.40002441406
1034.67568532886	1390.09997558594
1037.27017232694	1404
1039.86383678682	1418.80004882813
1042.45667915637	1402.59997558594
1045.04869988293	1398.40002441406
1047.6398994133	1401.19995117188
1050.23027819374	1399.5
1052.81983666998	1400.40002441406
1055.40857528724	1399.80004882813
1057.99649449018	1412
1060.58359472296	1409
1063.1698764292	1401.5
1065.755340052	1413.30004882813
1068.33998603393	1400.90002441406
1070.92381481706	1409.30004882813
1073.50682684291	1405
1076.08902255251	1412.19995117188
1078.67040238637	1397.5
1081.25096678445	1405
1083.83071618624	1392.59997558594
1086.4096510307	1403.90002441406
1088.98777175629	1407.19995117188
1091.56507880094	1398.09997558594
1094.14157260208	1407.90002441406
1096.71725359664	1409.40002441406
1099.29212222106	1409.59997558594
1101.86617891125	1417.40002441406
1104.43942410262	1408.30004882813
1107.01185823011	1407
1109.58348172812	1412.5
1112.15429503057	1421.30004882813
1114.7242985709	1418.69995117188
1117.29349278203	1420.40002441406
1119.86187809642	1416.90002441406
1122.42945494599	1429.90002441406
1124.99622376222	1430.90002441406
1127.56218497606	1447.5
1130.12733901801	1433.19995117188
1132.69168631804	1441.19995117188
1135.25522730568	1456.09997558594
1137.81796240995	1467.90002441406
1140.37989205941	1471.5
1142.9410166821	1505.90002441406
1145.50133670561	1504.09997558594
1148.06085255708	1548
1150.61956466311	1612.30004882813
1153.17747344987	1655.90002441406
1155.73457934305	1740.09997558594
1158.29088276786	1757.80004882813
1160.84638414903	1710.09997558594
1163.40108391085	1663.80004882813
1165.95498247711	1597.90002441406
1168.50808027116	1531.80004882813
1171.06037771587	1503.59997558594
1173.61187523364	1487.09997558594
1176.16257324643	1460.19995117188
1178.71247217573	1436.09997558594
1181.26157244255	1454.09997558594
1183.80987446746	1461
1186.35737867059	1468.40002441406
1188.90408547157	1467.19995117188
1191.44999528961	1477.30004882813
1193.99510854347	1487
1196.53942565142	1484.90002441406
1199.08294703133	1467.09997558594
1201.62567310057	1460.19995117188
1204.16760427611	1456
1206.70874097445	1442.5
1209.24908361163	1433.69995117188
1211.78863260327	1443
1214.32738836454	1438.59997558594
1216.86535131017	1441.80004882813
1219.40252185445	1423.09997558594
1221.93890041121	1430
1224.47448739389	1433
1227.00928321544	1415.80004882813
1229.54328828842	1420.80004882813
1232.07650302491	1425.09997558594
1234.60892783662	1408.69995117188
1237.14056313477	1424.30004882813
1239.67140933017	1421.09997558594
1242.2014668332	1416.90002441406
1244.73073605384	1426.69995117188
1247.25921740159	1427.40002441406
1249.78691128558	1433.80004882813
1252.31381811448	1425.69995117188
1254.83993829655	1433.40002441406
1257.36527223962	1441.09997558594
1259.88982035112	1447.90002441406
1262.41358303803	1450.80004882813
1264.93656070696	1455.80004882813
1267.45875376405	1466.69995117188
1269.98016261505	1455.30004882813
1272.50078766531	1458.5
1275.02062931974	1474.40002441406
1277.53968798285	1470.30004882813
1280.05796405875	1465.59997558594
1282.57545795112	1457.80004882813
1285.09217006325	1457.5
1287.60810079802	1438.30004882813
1290.12325055788	1449.80004882813
1292.63761974492	1440.30004882813
1295.15120876079	1449
1297.66401800676	1458.69995117188
1300.17604788367	1444.59997558594
1302.687298792	1442.19995117188
1305.19777113181	1436.69995117188
1307.70746530274	1451
1310.21638170408	1442
1312.7245207347	1440.59997558594
1315.23188279307	1440.90002441406
1317.73846827728	1436.19995117188
1320.24427758502	1433.80004882813
1322.74931111359	1449.09997558594
1325.25356925991	1441.59997558594
1327.75705242051	1445.59997558594
1330.25976099151	1432.19995117188
1332.76169536868	1440.90002441406
1335.26285594737	1440.90002441406
1337.76324312256	1431.40002441406
1340.26285728887	1448.59997558594
1342.76169884052	1438.40002441406
1345.25976817132	1441
1347.75706567474	1432.59997558594
1350.25359174387	1429.19995117188
1352.74934677141	1430.5
1355.24433114968	1433.40002441406
1357.73854527062	1416.80004882813
1360.23198952583	1429.19995117188
1362.7246643065	1436.5
1365.21657000347	1432.30004882813
1367.7077070072	1420.30004882813
1370.19807570777	1444.30004882813
1372.68767649492	1429.5
1375.176509758	1435.09997558594
1377.66457588599	1423.5
1380.15187526753	1449.30004882813
1382.63840829087	1427.5
1385.1241753439	1444.69995117188
1387.60917681417	1456.80004882813
1390.09341308884	1452.59997558594
1392.57688455474	1443
1395.05959159829	1427.09997558594
1397.54153460562	1445.30004882813
1400.02271396243	1449
1402.50313005414	1448.30004882813
1404.98278326576	1437.19995117188
1407.46167398196	1441.19995117188
1409.93980258707	1443.5
1412.41716946504	1447.5
1414.89377499951	1444.09997558594
1417.36961957373	1442.09997558594
1419.84470357062	1444
1422.31902737275	1445.09997558594
1424.79259136235	1450.40002441406
1427.26539592129	1451.59997558594
1429.73744143111	1445.30004882813
1432.20872827299	1450.69995117188
1434.67925682777	1464.69995117188
1437.14902747597	1453
1439.61804059773	1464.19995117188
1442.0862965729	1466.90002441406
1444.55379578093	1464.80004882813
1447.02053860099	1473.59997558594
1449.48652541188	1471.09997558594
1451.95175659206	1483.09997558594
1454.41623251969	1476.80004882813
1456.87995357255	1481.19995117188
1459.34292012811	1471.90002441406
1461.80513256351	1468.19995117188
1464.26659125557	1468
1466.72729658073	1463.40002441406
1469.18724891517	1456.59997558594
1471.64644863469	1464.5
1474.10489611478	1461.09997558594
1476.5625917306	1482
1479.01953585699	1468.5
1481.47572886844	1483.80004882813
1483.93117113917	1479.40002441406
1486.38586304302	1483.5
1488.83980495354	1500.59997558594
1491.29299724395	1502.69995117188
1493.74544028715	1505.30004882813
1496.19713445573	1504.59997558594
1498.64808012193	1511.5
1501.09827765772	1537.5
1503.54772743471	1563.69995117188
1505.99642982421	1623.09997558594
1508.44438519723	1676.90002441406
1510.89159392446	1740.80004882813
1513.33805637625	1787.19995117188
1515.78377292266	1846.30004882813
1518.22874393346	1864.5
1520.67296977806	1865.69995117188
1523.11645082559	1835
1525.55918744488	1777.69995117188
1528.00118000444	1707.80004882813
1530.44242887245	1633.30004882813
1532.88293441684	1573
1535.32269700517	1543.90002441406
1537.76171700475	1505.5
1540.19999478255	1493.5
1542.63753070526	1492.40002441406
1545.07432513925	1472.69995117188
1547.5103784506	1467
1549.94569100509	1467.30004882813
1552.38026316819	1471.5
1554.8140953051	1463.69995117188
1557.24718778067	1472.09997558594
1559.67954095952	1472.30004882813
1562.11115520592	1461.30004882813
1564.54203088386	1467.09997558594
1566.97216835704	1457.30004882813
1569.40156798888	1472.59997558594
1571.83023014248	1464.90002441406
1574.25815518067	1462.90002441406
1576.68534346597	1473.59997558594
1579.11179536062	1463
1581.53751122658	1467.59997558594
1583.9624914255	1478.59997558594
1586.38673631876	1471.5
1588.81024626745	1464
1591.23302163235	1460.90002441406
1593.655062774	1454.90002441406
1596.07637005262	1462.59997558594
1598.49694382815	1463.40002441406
1600.91678446025	1465.80004882813
1603.33589230831	1455.40002441406
1605.75426773142	1450.90002441406
1608.1719110884	1449.40002441406
1610.58882273779	1469.80004882813
1613.00500303784	1470.69995117188
1615.42045234654	1463.19995117188
1617.83517102158	1454
1620.24915942039	1457.19995117188
1622.66241790012	1459
1625.07494681764	1459.5
1627.48674652954	1450.5
1629.89781739216	1463.40002441406
1632.30815976152	1482.30004882813
1634.71777399343	1446.40002441406
1637.12666044338	1462.5
1639.53481946661	1466.09997558594
1641.94225141808	1468.09997558594
1644.34895665248	1456.30004882813
1646.75493552424	1459.69995117188
1649.16018838752	1478.90002441406
1651.56471559621	1473.19995117188
1653.96851750392	1473
1656.37159446403	1471.69995117188
1658.7739468296	1484.19995117188
1661.17557495349	1472.19995117188
1663.57647918824	1475.5
1665.97665988617	1468.40002441406
1668.37611739929	1478.30004882813
1670.77485207939	1489.90002441406
1673.17286427799	1448.80004882813
1675.57015434633	1450.19995117188
1677.96672263542	1463.69995117188
1680.36256949598	1451.90002441406
1682.7576952785	1456.69995117188
1685.15210033318	1442.40002441406
1687.54578501	1451.19995117188
1689.93874965866	1448.59997558594
1692.33099462861	1443.5
1694.72252026904	1451.69995117188
1697.11332692889	1456.5
1699.50341495686	1437
1701.89278470137	1452.09997558594
1704.28143651061	1443.40002441406
1706.66937073251	1459.59997558594
1709.05658771473	1456.80004882813
1711.44308780473	1438.19995117188
1713.82887134968	1437.69995117188
1716.21393869648	1462.69995117188
1718.59829019185	1449.5
1720.98192618221	1443.19995117188
1723.36484701374	1436.09997558594
1725.74705303238	1439.19995117188
1728.12854458384	1443.09997558594
1730.50932201356	1444.59997558594
1732.88938566673	1447.80004882813
1735.26873588834	1451.40002441406
1737.64737302307	1442.69995117188
1740.02529741544	1442
1742.40250940964	1456.09997558594
1744.77900934969	1452.30004882813
1747.15479757933	1462.40002441406
1749.52987444206	1455.90002441406
1751.90424028116	1441.09997558594
1754.27789543967	1450
1756.65084026037	1454.09997558594
1759.02307508582	1447.69995117188
1761.39460025833	1445.5
1763.76541612	1443.30004882813
1766.13552301265	1437.80004882813
1768.50492127791	1449.19995117188
1770.87361125714	1457.5
1773.2415932915	1449.40002441406
1775.60886772188	1440
1777.97543488896	1442.90002441406
1780.34129513318	1456.19995117188
1782.70644879475	1461.09997558594
1785.07089621365	1449.80004882813
1787.43463772964	1449.09997558594
1789.7976736822	1447.69995117188
1792.16000441066	1437.69995117188
1794.52163025405	1433.80004882813
1796.88255155121	1449.19995117188
1799.24276864074	1438.69995117188
1801.60228186102	1441.40002441406
1803.96109155019	1451.69995117188
1806.31919804618	1447.09997558594
1808.67660168668	1454.90002441406
1811.03330280916	1455.90002441406
1813.38930175088	1456.19995117188
1815.74459884884	1444.90002441406
1818.09919443984	1452.40002441406
1820.45308886047	1441.40002441406
1822.80628244708	1445
1825.1587755358	1435.40002441406
1827.51056846254	1448.40002441406
1829.86166156297	1450.90002441406
1832.21205517258	1448.59997558594
1834.56174962661	1454.59997558594
1836.91074526009	1460.69995117188
1839.25904240783	1439.80004882813
1841.60664140443	1446.90002441406
1843.95354258425	1450.30004882813
1846.29974628146	1442.40002441406
1848.64525282998	1446.19995117188
1850.99006256356	1451.09997558594
1853.3341758157	1432.19995117188
1855.67759291968	1442.69995117188
1858.02031420858	1457.19995117188
1860.36234001528	1438.5
1862.70367067241	1440.30004882813
1865.04430651244	1444.59997558594
1867.38424786755	1452.80004882813
1869.72349506978	1453.5
1872.06204845094	1443
1874.39990834258	1445.5
1876.73707507612	1454.80004882813
1879.07354898269	1442.09997558594
1881.40933039328	1446.40002441406
1883.74441963861	1436.69995117188
1886.07881704925	1457.69995117188
1888.41252295551	1450.30004882813
1890.74553768751	1437
1893.07786157519	1439.30004882813
1895.40949494822	1437.09997558594
1897.74043813615	1442.30004882813
1900.07069146823	1436.59997558594
1902.40025527357	1428.69995117188
1904.72912988106	1442.69995117188
1907.05731561938	1445
1909.38481281699	1447.90002441406
1911.71162180217	1430.19995117188
1914.037742903	1439.5
1916.36317644734	1454.5
1918.68792276284	1446.5
1921.01198217697	1450.69995117188
1923.33535501699	1459.59997558594
1925.65804160996	1438.19995117188
1927.98004228273	1436
1930.30135736196	1432.5
1932.6219871741	1446.69995117188
1934.94193204543	1434.19995117188
1937.26119230198	1452.30004882813
1939.57976826962	1434.19995117188
1941.89766027402	1440.59997558594
1944.21486864062	1451.30004882813
1946.53139369472	1436.09997558594
1948.84723576137	1441.09997558594
1951.16239516543	1436.40002441406
1953.47687223159	1446
1955.79066728434	1441.5
1958.10378064794	1451
1960.4162126465	1444.59997558594
1962.7279636039	1448.09997558594
1965.03903384385	1436.19995117188
1967.34942368987	1436.09997558594
1969.65913346524	1459.90002441406
1971.96816349311	1444.59997558594
1974.2765140964	1442.30004882813
1976.58418559784	1435.80004882813
1978.89117831997	1459.09997558594
1981.19749258516	1450.69995117188
1983.50312871555	1446.30004882813
1985.80808703313	1445.80004882813
1988.11236785967	1447.09997558594
1990.41597151676	1441.59997558594
1992.71889832581	1441.59997558594
1995.02114860801	1446.09997558594
1997.3227226844	1437
1999.62362087581	1437.80004882813
2001.92384350288	1447.30004882813
2004.22339088608	1459.09997558594
2006.52226334567	1436.90002441406
2008.82046120173	1452
2011.11798477417	1450
2013.41483438269	1433.30004882813
2015.71101034681	1451.5
2018.00651298588	1445.40002441406
2020.30134261905	1447.40002441406
2022.59549956528	1443.69995117188
2024.88898414337	1454.09997558594
2027.1817966719	1447.80004882813
2029.4739374693	1442.40002441406
2031.76540685379	1434.19995117188
2034.05620514342	1451.30004882813
2036.34633265607	1440.80004882813
2038.6357897094	1443.69995117188
2040.92457662092	1452.19995117188
2043.21269370795	1460.69995117188
2045.50014128763	1429.30004882813
2047.78691967691	1431.5
2050.07302919256	1431.5
2052.35847015118	1442
2054.64324286919	1430.69995117188
2056.9273476628	1441.5
2059.21078484808	1450.59997558594
2061.4935547409	1436
2063.77565765696	1438.90002441406
2066.05709391176	1435.59997558594
2068.33786382065	1441.90002441406
2070.61796769879	1431.09997558594
2072.89740586116	1423.59997558594
2075.17617862255	1428
2077.45428629759	1430.5
2079.73172920075	1433.19995117188
2082.00850764627	1436.19995117188
2084.28462194827	1428.5
2086.56007242065	1442.5
2088.83485937717	1437.40002441406
2091.10898313139	1432.90002441406
2093.3824439967	1447
2095.65524228632	1441.80004882813
2097.92737831328	1449.5
2100.19885239047	1444.09997558594
2102.46966483057	1434
2104.7398159461	1451.59997558594
2107.00930604941	1438.30004882813
2109.27813545267	1433.19995117188
2111.54630446787	1451.59997558594
2113.81381340685	1444.19995117188
2116.08066258126	1443.90002441406
2118.34685230257	1450.19995117188
2120.61238288211	1453.69995117188
2122.87725463099	1444.40002441406
2125.1414678602	1450.90002441406
2127.40502288052	1451.59997558594
2129.66792000257	1440.69995117188
2131.93015953682	1454.40002441406
2134.19174179353	1448.69995117188
2136.45266708282	1457.30004882813
2138.71293571463	1447.90002441406
2140.97254799873	1458.59997558594
2143.23150424473	1467.69995117188
2145.48980476205	1445.59997558594
2147.74744985996	1447.69995117188
2150.00443984754	1449.69995117188
2152.26077503373	1453.30004882813
2154.51645572728	1460.09997558594
2156.77148223677	1458.80004882813
2159.02585487064	1475.09997558594
2161.27957393713	1451.30004882813
2163.53263974432	1445.19995117188
2165.78505260012	1452.59997558594
2168.0368128123	1446.59997558594
2170.28792068844	1465.80004882813
2172.53837653595	1466.80004882813
2174.78818066207	1451
2177.03733337389	1454.90002441406
2179.28583497833	1447.09997558594
2181.53368578214	1448.19995117188
2183.78088609192	1452.80004882813
2186.02743621406	1438.5
2188.27333645484	1441
2190.51858712033	1448.59997558594
2192.76318851646	1432.40002441406
2195.00714094901	1448.59997558594
2197.25044472354	1428.5
2199.49310014551	1430.40002441406
2201.73510752018	1442.30004882813
2203.97646715265	1433
2206.21717934786	1440.40002441406
2208.45724441058	1430.90002441406
2210.69666264543	1428.19995117188
2212.93543435686	1430.19995117188
2215.17355984914	1451.69995117188
2217.41103942642	1440.59997558594
2219.64787339264	1435.90002441406
2221.8840620516	1426.90002441406
2224.11960570695	1433.59997558594
2226.35450466215	1452.09997558594
2228.58875922051	1422.19995117188
2230.82236968518	1438.59997558594
2233.05533635916	1430.59997558594
2235.28765954527	1423.69995117188
2237.51933954617	1426.69995117188
2239.75037666437	1434
2241.98077120221	1434.5
2244.21052346188	1443.5
2246.4396337454	1436.09997558594
2248.66810235461	1429.69995117188
2250.89592959125	1440.30004882813
2253.12311575681	1447
2255.34966115272	1428.80004882813
2257.57556608017	1435.69995117188
2259.80083084023	1420.69995117188
2262.02545573381	1426.59997558594
2264.24944106163	1432.30004882813
2266.47278712429	1443.59997558594
2268.69549422221	1435.90002441406
2270.91756265564	1431.90002441406
2273.1389927247	1439.80004882813
2275.35978472934	1427.90002441406
2277.57993896933	1428
2279.79945574431	1443.5
2282.01833535375	1434.59997558594
2284.23657809696	1448.80004882813
2286.45418427309	1437.69995117188
2288.67115418114	1442.09997558594
2290.88748811995	1434.90002441406
2293.10318638819	1436
2295.3182492844	1438.59997558594
2297.53267710693	1439.40002441406
2299.746470154	1443.09997558594
2301.95962872364	1452.80004882813
2304.17215311376	1453.59997558594
2306.3840436221	1448.19995117188
2308.59530054621	1472.80004882813
2310.80592418354	1447.40002441406
2313.01591483134	1465.09997558594
2315.22527278673	1450.5
2317.43399834666	1459.5
2319.64209180791	1450.19995117188
2321.84955346713	1434.80004882813
2324.05638362079	1452.30004882813
2326.26258256524	1444.59997558594
2328.46815059664	1438.80004882813
2330.67308801098	1433.90002441406
2332.87739510415	1428.69995117188
2335.08107217184	1439.19995117188
2337.2841195096	1443.5
2339.48653741281	1436
2341.68832617672	1440.59997558594
2343.8894860964	1436.09997558594
2346.09001746678	1435.09997558594
2348.28992058261	1434
2350.48919573852	1437.69995117188
2352.68784322898	1431.40002441406
2354.88586334826	1442.90002441406
2357.08325639055	1426.09997558594
2359.2800226498	1441.90002441406
2361.47616241988	1428.90002441406
2363.67167599445	1416.09997558594
2365.86656366706	1432.19995117188
2368.06082573107	1427
2370.2544624797	1423.90002441406
2372.44747420603	1427
2374.63986120295	1424
2376.83162376322	1438
2379.02276217945	1417.5
2381.21327674408	1432.19995117188
2383.4031677494	1420.40002441406
2385.59243548756	1422.40002441406
2387.78108025053	1423
2389.96910233014	1418
2392.15650201809	1425.5
2394.34327960587	1422.19995117188
2396.52943538486	1413.09997558594
2398.71496964628	1421.59997558594
2400.89988268118	1418.69995117188
2403.08417478048	1430.90002441406
2405.26784623491	1416.19995117188
2407.45089733509	1423.09997558594
2409.63332837146	1422.30004882813
2411.81513963429	1423.90002441406
2413.99633141375	1424.80004882813
2416.1769039998	1421.40002441406
2418.35685768227	1417.19995117188
2420.53619275084	1414.90002441406
2422.71490949505	1407.59997558594
2424.89300820425	1425.09997558594
2427.07048916765	1421.5
2429.24735267433	1414.5
2431.42359901319	1411.30004882813
2433.59922847297	1418.30004882813
2435.7742413423	1413.09997558594
2437.94863790961	1420.5
2440.12241846321	1421.09997558594
2442.29558329121	1412.19995117188
2444.46813268162	1418.90002441406
2446.64006692228	1418
2448.81138630086	1407.19995117188
2450.98209110489	1412.59997558594
2453.15218162174	1419.69995117188
2455.32165813864	1410.59997558594
2457.49052094265	1415.30004882813
2459.65877032069	1408.30004882813
2461.8264065595	1423.90002441406
2463.99342994572	1429
2466.15984076579	1433.90002441406
2468.325639306	1423.30004882813
2470.49082585251	1431.69995117188
2472.65540069131	1431.09997558594
2474.81936410824	1420.59997558594
2476.98271638899	1429.19995117188
2479.14545781909	1418
2481.30758868392	1421.40002441406
2483.4691092687	1416.80004882813
2485.63001985852	1423.40002441406
2487.79032073829	1429.40002441406
2489.95001219277	1425.40002441406
2492.10909450659	1422.30004882813
2494.26756796419	1433.5
2496.42543284989	1418.30004882813
2498.58268944783	1429.19995117188
2500.73933804202	1425.09997558594
2502.8953789163	1415.40002441406
2505.05081235436	1422.69995117188
2507.20563863974	1426.09997558594
2509.35985805582	1416.90002441406
2511.51347088583	1423.80004882813
2513.66647741285	1418.59997558594
2515.81887791981	1423.5
2517.97067268946	1432.90002441406
2520.12186200443	1432
2522.27244614716	1432.90002441406
2524.42242539999	1429.59997558594
2526.57180004504	1425.19995117188
2528.72057036433	1415.09997558594
2530.8687366397	1422
2533.01629915284	1426.09997558594
2535.16325818527	1418.90002441406
2537.30961401839	1422.40002441406
2539.45536693343	1405.5
2541.60051721145	1423.30004882813
2543.74506513338	1415.90002441406
2545.88901097997	1404.09997558594
2548.03235503185	1411.40002441406
2550.17509756946	1412.09997558594
2552.31723887311	1413.90002441406
2554.45877922293	1411.80004882813
2556.59971889893	1403.59997558594
2558.74005818094	1410.80004882813
2560.87979734864	1412.59997558594
2563.01893668155	1405
2565.15747645906	1402
2567.29541696037	1388.90002441406
2569.43275846454	1397.09997558594
2571.56950125049	1405.59997558594
2573.70564559696	1396.09997558594
2575.84119178254	1405.40002441406
2577.97614008569	1405.5
2580.11049078468	1391.80004882813
2582.24424415764	1411.30004882813
2584.37740048255	1402.40002441406
2586.50996003722	1406.59997558594
2588.64192309931	1404
2590.77328994634	1407.80004882813
2592.90406085564	1407.40002441406
2595.03423610442	1408.30004882813
2597.16381596971	1398
2599.29280072839	1406.5
2601.42119065719	1403.69995117188
2603.54898603267	1400.5
2605.67618713125	1406.5
2607.80279422919	1397.40002441406
2609.92880760257	1419.09997558594
2612.05422752735	1397.90002441406
2614.17905427932	1413.30004882813
2616.30328813408	1421.30004882813
2618.42692936713	1409.09997558594
2620.54997825377	1400.30004882813
2622.67243506915	1412.90002441406
2624.79430008828	1409.19995117188
2626.915573586	1407.80004882813
2629.03625583699	1408.09997558594
2631.15634711579	1412.59997558594
2633.27584769675	1404.59997558594
2635.39475785408	1425.80004882813
2637.51307786185	1416.19995117188
2639.63080799394	1427.80004882813
2641.74794852409	1420.80004882813
2643.86449972589	1420.5
2645.98046187273	1425.09997558594
2648.0958352379	1425
2650.21062009449	1435
2652.32481671544	1421.69995117188
2654.43842537353	1434.19995117188
2656.5514463414	1442.80004882813
2658.66387989151	1446.40002441406
2660.77572629616	1444.59997558594
2662.88698582751	1453
2664.99765875753	1450
2667.10774535806	1462.80004882813
2669.21724590076	1445.5
2671.32616065714	1453.40002441406
2673.43448989857	1447.09997558594
2675.5422338962	1439.59997558594
2677.64939292108	1456.5
2679.75596724408	1436.30004882813
2681.86195713589	1441.19995117188
2683.96736286707	1433.59997558594
2686.07218470799	1430.69995117188
2688.17642292889	1420.90002441406
2690.28007779982	1418.30004882813
2692.38314959069	1411.59997558594
2694.48563857123	1414.80004882813
2696.58754501103	1401.19995117188
2698.6888691795	1392.40002441406
2700.78961134588	1395.40002441406
2702.8897717793	1400.30004882813
2704.98935074864	1407.40002441406
2707.08834852271	1406.19995117188
2709.18676537009	1409.80004882813
2711.28460155925	1402.59997558594
2713.38185735843	1400.69995117188
2715.47853303577	1402.19995117188
2717.57462885924	1388.59997558594
2719.67014509659	1396.19995117188
2721.76508201548	1400.69995117188
2723.85943988337	1397
2725.95321896754	1404.30004882813
2728.04641953515	1397.30004882813
2730.13904185316	1395.80004882813
2732.23108618837	1390.30004882813
2734.32255280744	1384.69995117188
2736.41344197683	1387.5
2738.50375396288	1390.69995117188
2740.5934890317	1386.19995117188
2742.68264744932	1389.30004882813
2744.77122948153	1395.09997558594
2746.85923539398	1379.30004882813
2748.94666545217	1379.59997558594
2751.03351992142	1380.30004882813
2753.11979906688	1385.30004882813
2755.20550315355	1392.5
2757.29063244624	1394.59997558594
2759.37518720963	1377.5
2761.45916770819	1380.40002441406
2763.54257420625	1381.80004882813
2765.62540696797	1377.40002441406
2767.70766625733	1388.69995117188
2769.78935233816	1379.40002441406
2771.87046547413	1393.40002441406
2773.95100592869	1385
2776.03097396519	1374.80004882813
2778.11036984677	1379.69995117188
2780.18919383641	1379.69995117188
2782.26744619693	1379.19995117188
2784.34512719097	1374.5
2786.42223708102	1388.40002441406
2788.49877612937	1382.69995117188
2790.57474459816	1367.69995117188
2792.65014274937	1389.5
2794.7249708448	1386.09997558594
2796.79922914607	1386.40002441406
2798.87291791465	1394.40002441406
2800.94603741181	1386.69995117188
2803.01858789869	1375
2805.09056963623	1373
2807.1619828852	1391.69995117188
2809.23282790621	1373.5
2811.30310495971	1385.30004882813
2813.37281430593	1371.90002441406
2815.441956205	1373.59997558594
2817.51053091682	1380.80004882813
2819.57853870114	1382.09997558594
2821.64597981753	1372.09997558594
2823.7128545254	1376
2825.77916308399	1372.30004882813
2827.84490575233	1377.5
2829.91008278933	1393.40002441406
2831.97469445369	1374.5
2834.03874100395	1395.80004882813
2836.10222269847	1388.59997558594
2838.16513979544	1393.59997558594
2840.22749255288	1383.09997558594
2842.28928122863	1395.30004882813
2844.35050608034	1383.30004882813
2846.41116736553	1394.69995117188
2848.47126534149	1402.5
2850.53080026537	1400
2852.58977239414	1410.09997558594
2854.64818198459	1419.5
2856.70602929332	1404.09997558594
2858.76331457678	1409
2860.82003809123	1407.59997558594
2862.87620009274	1415.09997558594
2864.93180083723	1420
2866.98684058043	1411
2869.04131957789	1420.69995117188
2871.09523808497	1416.59997558594
2873.14859635689	1431.5
2875.20139464866	1418.30004882813
2877.2536332151	1408.80004882813
2879.30531231091	1416.09997558594
2881.35643219054	1412.40002441406
2883.40699310831	1404
2885.45699531834	1410.90002441406
2887.50643907457	1406.59997558594
2889.55532463077	1414.80004882813
2891.60365224053	1427
2893.65142215724	1415.5
2895.69863463414	1410.69995117188
2897.74528992426	1423.40002441406
2899.79138828046	1425.59997558594
2901.83692995544	1417.30004882813
2903.88191520168	1425
2905.92634427151	1422.5
2907.97021741706	1419.69995117188
2910.01353489027	1428.09997558594
2912.05629694294	1422.09997558594
2914.09850382663	1427.19995117188
2916.14015579276	1430.90002441406
2918.18125309254	1421.40002441406
2920.22179597702	1427.69995117188
2922.26178469705	1433.59997558594
2924.30121950329	1445
2926.34010064624	1440.90002441406
2928.37842837619	1424.59997558594
2930.41620294326	1443.59997558594
2932.45342459737	1441.30004882813
2934.49009358828	1437.59997558594
2936.52621016555	1439.30004882813
2938.56177457854	1432.5
2940.59678707645	1428.69995117188
2942.63124790827	1431.19995117188
2944.66515732282	1416.90002441406
2946.69851556873	1421
2948.73132289443	1416.40002441406
2950.76357954817	1414
2952.79528577803	1397.09997558594
2954.82644183188	1404.69995117188
2956.85704795741	1399.19995117188
2958.8871044021	1398.80004882813
2960.91661141328	1400.40002441406
2962.94556923807	1414.30004882813
2964.97397812339	1407.59997558594
2967.00183831598	1411.5
2969.0291500624	1389.59997558594
2971.05591360902	1411
2973.08212920199	1395.5
2975.1077970873	1393.69995117188
2977.13291751074	1402.40002441406
2979.1574907179	1395.59997558594
2981.18151695419	1403.59997558594
2983.20499646482	1391.80004882813
2985.2279294948	1385.80004882813
2987.25031628898	1395.80004882813
2989.27215709199	1392.69995117188
2991.29345214825	1395
2993.31420170204	1390.5
2995.33440599738	1386.40002441406
2997.35406527816	1399.40002441406
2999.37317978802	1389.19995117188
3001.39174977045	1382.40002441406
3003.40977546872	1387.19995117188
3005.42725712591	1388.19995117188
3007.44419498491	1385.40002441406
3009.4605892884	1396.90002441406
3011.47644027889	1381.19995117188
3013.49174819865	1379
3015.5065132898	1396.19995117188
3017.52073579424	1376.40002441406
3019.53441595366	1385.59997558594
3021.54755400959	1398.40002441406
3023.56015020332	1386.30004882813
3025.57220477598	1391.90002441406
3027.58371796846	1382.80004882813
3029.5946900215	1386.90002441406
3031.6051211756	1379.80004882813
3033.61501167107	1394.19995117188
3035.62436174803	1390.19995117188
3037.6331716464	1374
3039.64144160588	1384.80004882813
3041.649171866	1368.90002441406
3043.65636266607	1374.19995117188
3045.6630142452	1363.19995117188
3047.66912684229	1373.59997558594
3049.67470069605	1372
3051.679736045	1373.30004882813
3053.68423312742	1369.69995117188
3055.68819218143	1370.40002441406
3057.6916134449	1369.59997558594
3059.69449715556	1370.30004882813
3061.69684355086	1364.69995117188
3063.6986528681	1360.40002441406
3065.69992534437	1369.59997558594
3067.70066121653	1360.69995117188
3069.70086072126	1356.90002441406
3071.700524095	1350.30004882813
3073.69965157405	1354.5
3075.69824339442	1368.80004882813
3077.69629979197	1365.5
3079.69382100235	1362.5
3081.69080726098	1355.80004882813
3083.68725880307	1357.5
3085.68317586366	1357.30004882813
3087.67855867755	1348.09997558594
3089.67340747933	1339
3091.6677225034	1352.69995117188
3093.66150398392	1355.80004882813
3095.6547521549	1356.30004882813
3097.64746725006	1345.59997558594
3099.63964950297	1354.59997558594
3101.63129914698	1352.80004882813
3103.6224164152	1355.19995117188
3105.61300154056	1352.80004882813
3107.60305475576	1364.5
3109.59257629331	1368.09997558594
3111.58156638547	1362.5
3113.57002526432	1348.40002441406
3115.55795316172	1356.19995117188
3117.54535030932	1347.19995117188
3119.53221693853	1367
3121.51855328057	1366.30004882813
3123.50435956646	1350.90002441406
3125.48963602698	1344.69995117188
3127.4743828927	1357.30004882813
3129.45860039397	1358.59997558594
3131.44228876093	1360.80004882813
3133.42544822353	1363.80004882813
3135.40807901145	1354.69995117188
3137.39018135418	1360.40002441406
3139.37175548102	1359.80004882813
3141.35280162101	1345.09997558594
3143.33332000299	1351.90002441406
3145.31331085559	1348.69995117188
3147.2927744072	1352.5
3149.27171088602	1353.80004882813
3151.25012052	1347.69995117188
3153.22800353689	1348.5
3155.20536016422	1350
3157.18219062929	1358.69995117188
3159.15849515918	1344.59997558594
3161.13427398075	1340.19995117188
3163.10952732066	1359.19995117188
3165.08425540532	1358.5
3167.05845846092	1352.80004882813
3169.03213671344	1365.40002441406
3171.00529038863	1350.09997558594
3172.97791971203	1362.5
3174.95002490893	1360.30004882813
3176.92160620443	1354.09997558594
3178.89266382337	1361.90002441406
3180.8631979904	1345.90002441406
3182.83320892991	1352.30004882813
3184.80269686609	1355.09997558594
3186.77166202289	1360.19995117188
3188.74010462406	1346.59997558594
3190.70802489307	1359.59997558594
3192.67542305323	1349
3194.64229932757	1355
3196.60865393892	1352.90002441406
3198.57448710987	1351.80004882813
3200.53979906279	1350.69995117188
3202.50459001981	1355.5
3204.46886020284	1357.19995117188
3206.43260983356	1356.69995117188
3208.39583913341	1361.69995117188
3210.35854832362	1365.19995117188
3212.32073762517	1343.5
3214.28240725881	1363.30004882813
3216.24355744508	1360
3218.20418840426	1346.19995117188
3220.16430035642	1345.59997558594
3222.12389352137	1352.69995117188
3224.08296811873	1360.59997558594
3226.04152436784	1364.30004882813
3227.99956248784	1369.5
3229.95708269762	1345.69995117188
3231.91408521584	1368.69995117188
3233.87057026092	1353.59997558594
3235.82653805105	1354.09997558594
3237.78198880419	1364.5
3239.73692273806	1355.80004882813
3241.69134007013	1354
3243.64524101764	1362.5
3245.59862579761	1354.09997558594
3247.55149462681	1365.69995117188
3249.50384772176	1354
3251.45568529877	1345.80004882813
3253.40700757387	1368.69995117188
3255.35781476288	1357.69995117188
3257.3081070814	1378.5
3259.25788474473	1358
3261.20714796799	1359.90002441406
3263.15589696602	1362.80004882813
3265.10413195345	1356.59997558594
3267.05185314463	1360.30004882813
3268.9990607537	1362.40002441406
3270.94575499455	1353.40002441406
3272.89193608081	1360.59997558594
3274.8376042259	1355.09997558594
3276.78275964296	1362
3278.72740254492	1359.40002441406
3280.67153314443	1360.5
3282.61515165393	1353.30004882813
3284.55825828559	1361.5
3286.50085325135	1361.59997558594
3288.44293676289	1367.90002441406
3290.38450903165	1359.59997558594
3292.32557026883	1360.59997558594
3294.26612068537	1355.40002441406
3296.20616049198	1360.59997558594
3298.14568989911	1358.5
3300.08470911695	1354.09997558594
3302.02321835546	1352.40002441406
3303.96121782435	1361.30004882813
3305.89870773306	1357
3307.83568829081	1351.69995117188
3309.77215970655	1359.80004882813
3311.70812218898	1362.69995117188
3313.64357594655	1358.5
3315.57852118747	1363.30004882813
3317.51295811968	1352.80004882813
3319.44688695087	1347.69995117188
3321.38030788849	1353.59997558594
3323.31322113973	1352.90002441406
3325.24562691152	1359.19995117188
3327.17752541055	1362.40002441406
3329.10891684322	1347.19995117188
3331.03980141573	1353.80004882813
3332.97017933399	1356.09997558594
3334.90005080364	1355.30004882813
3336.82941603011	1359.90002441406
3338.75827521852	1361.80004882813
3340.68662857377	1341.59997558594
3342.6144763005	1354.5
3344.54181860308	1357.30004882813
3346.46865568561	1348.59997558594
3348.39498775195	1355.40002441406
3350.32081500571	1356
3352.24613765022	1354.40002441406
3354.17095588855	1344.09997558594
3356.09526992352	1347
3358.01907995769	1364.80004882813
3359.94238619334	1347.69995117188
3361.86518883251	1353.09997558594
3363.78748807697	1344.59997558594
3365.70928412823	1349.5
3367.63057718752	1354.19995117188
3369.55136745582	1347.30004882813
3371.47165513386	1352.90002441406
3373.39144042208	1347.30004882813
3375.31072352066	1341.30004882813
3377.22950462953	1354.40002441406
3379.14778394834	1349.59997558594
3381.06556167648	1347.30004882813
3382.98283801308	1356.5
3384.89961315697	1352.30004882813
3386.81588730676	1345.5
3388.73166066076	1348.69995117188
3390.64693341702	1351.80004882813
3392.56170577332	1351.69995117188
3394.47597792716	1352.40002441406
3396.38975007581	1348.80004882813
3398.30302241623	1348.80004882813
3400.21579514512	1344.69995117188
3402.1280684589	1355.69995117188
3404.03984255374	1349.69995117188
3405.95111762553	1345
3407.86189386987	1350.40002441406
3409.77217148212	1349.59997558594
3411.68195065733	1349.59997558594
3413.5912315903	1348.59997558594
3415.50001447556	1347.09997558594
3417.40829950735	1349.80004882813
3419.31608687963	1341
3421.22337678611	1343.80004882813
3423.1301694202	1337
3425.03646497504	1355.19995117188
3426.9422636435	1347.19995117188
3428.84756561816	1340.30004882813
3430.75237109135	1343.69995117188
3432.65668025508	1331.69995117188
3434.56049330112	1342.30004882813
3436.46381042093	1345.80004882813
3438.36663180571	1342.40002441406
3440.26895764638	1351.69995117188
3442.17078813357	1357.40002441406
3444.07212345762	1343.69995117188
3445.97296380863	1350.59997558594
3447.87330937636	1347.19995117188
3449.77316035033	1346.40002441406
3451.67251691977	1340.19995117188
3453.57137927361	1343.80004882813
3455.46974760052	1359.80004882813
3457.36762208886	1341.69995117188
3459.26500292671	1352.09997558594
3461.16189030191	1349
3463.05828440194	1341.40002441406
3464.95418541406	1347.19995117188
3466.84959352519	1344.19995117188
3468.74450892201	1339.09997558594
3470.63893179088	1340.19995117188
3472.53286231788	1348.5
3474.42630068881	1341.80004882813
3476.31924708918	1346
3478.2117017042	1333.09997558594
3480.1036647188	1341.5
3481.99513631761	1333.09997558594
3483.88611668498	1347.40002441406
3485.77660600498	1340.09997558594
3487.66660446135	1345.90002441406
3489.55611223758	1330.80004882813
3491.44512951683	1342
3493.333656482	1327.40002441406
3495.22169331568	1332.19995117188
3497.10924020016	1328.30004882813
3498.99629731746	1320.69995117188
3500.88286484927	1335.19995117188
3502.76894297702	1339.19995117188
3504.65453188182	1326
3506.53963174449	1323.5
3508.42424274555	1334.5
3510.30836506524	1332.5
3512.19199888349	1335.09997558594
3514.07514437992	1335.59997558594
3515.95780173387	1330.40002441406
3517.83997112437	1321.09997558594
3519.72165273016	1319.69995117188
3521.60284672967	1329.19995117188
3523.48355330104	1325.80004882813
3525.36377262208	1328.80004882813
3527.24350487035	1331.40002441406
3529.12275022306	1314.19995117188
3531.00150885715	1317.90002441406
3532.87978094923	1329.40002441406
3534.75756667562	1318.09997558594
3536.63486621235	1313.30004882813
3538.51167973512	1316.80004882813
3540.38800741934	1306.30004882813
3542.26384944011	1316.59997558594
3544.13920597223	1314
3546.01407719018	1326.09997558594
3547.88846326815	1323
3549.76236438002	1327.09997558594
3551.63578069934	1330.59997558594
3553.50871239938	1317
3555.38115965309	1316.30004882813
3557.25312263311	1315.40002441406
3559.12460151177	1310.5
3560.99559646109	1317.30004882813
3562.86610765279	1316.40002441406
3564.73613525825	1318.80004882813
3566.60567944857	1316.69995117188
3568.47474039453	1321.09997558594
3570.34331826658	1318.09997558594
3572.21141323487	1316.40002441406
3574.07902546925	1314.09997558594
3575.94615513922	1310.19995117188
3577.81280241401	1300
3579.67896746249	1316.30004882813
3581.54465045325	1306.5
3583.40985155455	1312.09997558594
3585.27457093432	1300
3587.1388087602	1306
3589.00256519949	1324.80004882813
3590.86584041919	1308.5
3592.72863458597	1313.19995117188
3594.59094786618	1306.80004882813
3596.45278042585	1307.19995117188
3598.31413243069	1304
3600.17500404611	1309
3602.03539543717	1301.40002441406
3603.89530676861	1312
3605.75473820488	1308
3607.61368991007	1307.90002441406
3609.47216204797	1314.59997558594
3611.33015478203	1303.30004882813
3613.18766827539	1300.80004882813
3615.04470269087	1315.90002441406
3616.90125819094	1307.90002441406
3618.75733493776	1296.90002441406
3620.61293309318	1305.30004882813
3622.46805281869	1302.30004882813
3624.32269427547	1297.30004882813
3626.17685762439	1304.09997558594
3628.03054302596	1310.59997558594
3629.88375064038	1309.90002441406
3631.73648062751	1306.09997558594
3633.5887331469	1306.30004882813
3635.44050835775	1292.90002441406
3637.29180641893	1296
3639.14262748899	1303.30004882813
3640.99297172614	1308.40002441406
3642.84283928828	1301.09997558594
3644.69223033294	1298.69995117188
3646.54114501734	1296.40002441406
3648.38958349836	1292.5
3650.23754593256	1291.5
3652.08503247614	1287.19995117188
3653.93204328497	1294.90002441406
3655.77857851462	1295.09997558594
3657.62463832028	1307.30004882813
3659.47022285682	1295.90002441406
3661.31533227877	1299
3663.15996674033	1293.69995117188
3665.00412639535	1296.69995117188
3666.84781139736	1309.40002441406
3668.69102189953	1291.30004882813
3670.5337580547	1300.80004882813
3672.37602001537	1298.59997558594
3674.21780793368	1291.09997558594
3676.05912196148	1295.19995117188
3677.89996225021	1287.19995117188
3679.74032895103	1296.30004882813
3681.58022221471	1286.80004882813
3683.41964219171	1289.19995117188
3685.25858903211	1287.5
3687.0970628857	1285.40002441406
3688.93506390186	1288.69995117188
3690.77259222968	1284.5
3692.60964801787	1284.40002441406
3694.44623141481	1285.40002441406
3696.28234256853	1283.40002441406
3698.11798162669	1287.59997558594
3699.95314873665	1276.69995117188
3701.78784404537	1281.59997558594
3703.62206769951	1283
3705.45581984533	1285.09997558594
3707.28910062877	1285.59997558594
3709.12191019542	1275.80004882813
3710.95424869052	1281
3712.78611625894	1278.80004882813
3714.6175130452	1279.09997558594
3716.44843919349	1287.90002441406
3718.27889484764	1283.59997558594
3720.1088801511	1274.40002441406
3721.93839524699	1287.40002441406
3723.76744027808	1282.30004882813
3725.59601538677	1281.30004882813
3727.4241207151	1287.90002441406
