40.2973356941271	1134.25
43.2236257608418	1135.75
46.1488808466109	1141.875
49.0731017336173	1142.375
51.9962892025666	1146.5
54.9184440327569	1152.5
57.8395670020446	1160.125
60.7596588868509	1165.875
63.6787204621708	1174.625
66.5967525015794	1190.375
69.5137557772381	1204.75
72.4297310598838	1215.25
75.3446791188512	1241.875
78.2586007220466	1270.625
81.1714966360015	1316.125
84.0833676258266	1353.5
86.994214455242	1409.25
89.9040378865662	1450.625
92.8128386807427	1520.125
95.7206175973133	1562.875
98.6273753944444	1608.25
101.533112828928	1609.125
104.437830656161	1611.625
107.34152963018	1636
110.244210503676	1624.25
113.145874027931	1609
116.046520952895	1614.875
118.946152027154	1603.875
121.844767997933	1607.125
124.74236961111	1607.875
127.638957611212	1617.5
130.534532741422	1623
133.429095743606	1595.25
136.322647358252	1608.125
139.215188324544	1613.125
142.106719380311	1621.75
144.997241262089	1609.5
147.886754705057	1613.625
150.775260443096	1617.75
153.662759208748	1612.5
156.549251733282	1599
159.434738746612	1602.375
162.319220977376	1589.25
165.20269915289	1617.25
168.085173999178	1605.625
170.966646240977	1601.25
173.847116601709	1594.5
176.726585803528	1574.75
179.605054567295	1588.625
182.48252361259	1572.625
185.358993657701	1580.375
188.234465419645	1577.25
191.108939614183	1579.75
193.982416955795	1571.875
196.854898157687	1567.375
199.726383931801	1561
202.596874988835	1566.875
205.466372038225	1556.625
208.334875788145	1549.875
211.202386945534	1581.75
214.068906216069	1564.625
216.934434304194	1560.75
219.798971913111	1550.75
222.662519744776	1569.5
225.525078499925	1592.375
228.386648878069	1565
231.247231577465	1556.5
234.106827295172	1555.625
236.965436727012	1561.375
239.823060567597	1560.125
242.679699510337	1543.875
245.535354247396	1542.75
248.390025469775	1552.75
251.243713867223	1556.875
254.096420128327	1546.25
256.948144940459	1536.375
259.798888989788	1541
262.648652961315	1532.5
265.49743753883	1559.875
268.345243404939	1550.125
271.192071241073	1534.875
274.037921727485	1536.25
276.882795543246	1566.5
279.72669336624	1546.625
282.569615873213	1556.75
285.411563739724	1560.875
288.252537640165	1534.25
291.092538247763	1564.875
293.931566234616	1557.75
296.769622271633	1538.875
299.606707028594	1562
302.442821174104	1550.75
305.277965375652	1552.625
308.112140299574	1550.875
310.945346611062	1573.25
313.777584974167	1564.25
316.608856051813	1557.75
319.439160505797	1557.75
322.268498996783	1562.75
325.096872184303	1548.75
327.924280726782	1559.375
330.750725281521	1558.875
333.576206504693	1553.5
336.400725051388	1558.375
339.224281575542	1544.75
342.046876730026	1551.5
344.868511166586	1555
347.689185535872	1531.875
350.508900487421	1549.875
353.327656669699	1568.75
356.145454730079	1543.875
358.962295314817	1561.875
361.778179069105	1546
364.593106637051	1537.125
367.407078661675	1562.875
370.220095784913	1563.125
373.032158647655	1551.25
375.843267889676	1560
378.653424149715	1548.5
381.462628065436	1571.875
384.270880273432	1539.75
387.078181409254	1563.875
389.884532107358	1575.75
392.689933001188	1553.25
395.494384723112	1572.875
398.29788790445	1581.25
401.100443175488	1587.875
403.902051165437	1574.875
406.702712502518	1580.375
409.502427813866	1578.375
412.301197725607	1569.75
415.099022862823	1587.25
417.89590384957	1583.875
420.691841308876	1577.5
423.486835862752	1576.25
426.280888132173	1563.625
429.073998737112	1557.375
431.866168296507	1571.625
434.657397428298	1576.125
437.447686749412	1569.375
440.237036875762	1600.75
443.025448422257	1584.875
445.812922002813	1568.25
448.599458230326	1570.875
451.38505771672	1577
454.169721072909	1572.5
456.953448908819	1573.375
459.736241833384	1589.5
462.518100454555	1568.125
465.2990253793	1588.25
468.079017213605	1583.625
470.858076562476	1574
473.636204029939	1583.625
476.41340021906	1597.875
479.189665731938	1594.25
481.965001169667	1588.375
484.739407132419	1569.875
487.512884219391	1599.875
490.285433028796	1606.75
493.057054157921	1581.5
495.827748203087	1580.75
498.597515759658	1597.375
501.366357422061	1597.5
504.134273783759	1593.25
506.901265437278	1607.375
509.66733297421	1595.625
512.432476985198	1586.875
515.196698059945	1602.125
517.959996787225	1593.875
520.722373754895	1589.625
523.483829549856	1588.625
526.24436475811	1596.5
529.003979964696	1596.125
531.762675753779	1588.75
534.520452708569	1610
537.277311411375	1601.5
540.03325244359	1605.375
542.788276385682	1621
545.54238381725	1585.625
548.295575316938	1600.125
551.047851462516	1610.875
553.799212830831	1599.375
556.549659997851	1607.375
559.299193538643	1608.875
562.047814027381	1604.75
564.795522037318	1600.125
567.542318140861	1603.875
570.288202909507	1595
573.033176913873	1605.25
575.7772407237	1584.25
578.520394907829	1595.125
581.26264003424	1605.5
584.003976670046	1581.375
586.744405381469	1595
589.483926733869	1612.5
592.222541291746	1594.625
594.96024961872	1591.75
597.697052277563	1592.5
600.432949830166	1598.125
603.167942837587	1614.125
605.902031860012	1617.375
608.635217456783	1620.5
611.367500186378	1616.5
614.098880606429	1593.25
616.82935927374	1598.25
619.558936744248	1607.375
622.287613573072	1620.625
625.015390314457	1614.625
627.742267521848	1598.25
630.468245747829	1620.5
633.193325544166	1621.125
635.917507461792	1617.75
638.640792050804	1604.25
641.36317986048	1630.625
644.084671439281	1610.5
646.805267334845	1623.125
649.524968093967	1607.125
652.24377426266	1611.5
654.961686386106	1631.875
657.678705008678	1635.75
660.394830673939	1606.625
663.110063924628	1620.25
665.824405302728	1619.25
668.537855349351	1631.625
671.250414604863	1615.75
673.962083608812	1629.125
676.672862899949	1643.75
679.382753016218	1625.125
682.091754494801	1622.625
684.799867872061	1637
687.507093683595	1625.125
690.213432464198	1616
692.918884747899	1620
695.623451067937	1635.5
698.327131956755	1636.875
701.029927946065	1646.875
703.731839566754	1652
706.43286734896	1632
709.133011822067	1643.75
711.832273514658	1641.375
714.53065295457	1627.625
717.228150668879	1623.375
719.924767183889	1654
722.620503025148	1657.125
725.315358717446	1632.125
728.009334784827	1631
730.702431750559	1648
733.394650137188	1642.375
736.085990466498	1639.25
738.776453259519	1643.5
741.466039036542	1629.75
744.154748317125	1648.5
746.842581620074	1626
749.529539463458	1640.125
752.215622364608	1662.25
754.900830840131	1649.875
757.585165405892	1649.25
760.26862657703	1646
762.951214867957	1646.5
765.632930792356	1665
768.313774863181	1663.375
770.993747592673	1645.875
773.672849492359	1645.5
776.351081073017	1647.25
779.028442844757	1657.625
781.704935316928	1640.625
784.380558998208	1657.5
787.055314396528	1660.25
789.729202019141	1652.75
792.402222372581	1651.625
795.074375962669	1643
797.745663294537	1640.5
800.416084872622	1645
803.085641200652	1659.875
805.754332781664	1664.625
808.422160117986	1652.5
811.089123711292	1661.875
813.75522406252	1652.25
816.420461671951	1660.375
819.084837039164	1656.625
821.748350663067	1655.125
824.411003041866	1660.5
827.072794673116	1679.875
829.733726053668	1678.25
832.39379767971	1681
835.05301004674	1672.625
837.711363649601	1670.5
840.368858982457	1667.5
843.025496538805	1691.75
845.681276811467	1691.75
848.336200292618	1691.5
850.99026747375	1711.5
853.643478845713	1700.875
856.29583489868	1691
858.947336122176	1698.875
861.59798300506	1689.375
864.247776035556	1693
866.896715701222	1701.125
869.544802488959	1700.25
872.192036885046	1698.125
874.838419375087	1721.5
877.483950444054	1712.5
880.128630576285	1713
882.772460255461	1718.375
885.415439964628	1682.25
888.057570186211	1700
890.698851401966	1701.25
893.339284093045	1712.5
895.978868739961	1714.75
898.617605822596	1698.75
901.255495820196	1713.375
903.892539211396	1693.75
906.528736474184	1713.5
909.164088085949	1713.125
911.798594523442	1700.125
914.432256262804	1699.25
917.065073779549	1701.125
919.697047548589	1701.75
922.328178044212	1697.875
924.9584657401	1718.125
927.587911109317	1718
930.216514624317	1719.125
932.844276756963	1748.5
935.471197978488	1753.75
938.097278759538	1732.125
940.722519570163	1748.5
943.346920879798	1731.75
945.97048315729	1748.5
948.593206870885	1774.125
951.215092488219	1781.625
953.836140476366	1790
956.456351301787	1789.5
959.07572543037	1779.25
961.694263327369	1819.125
964.311965457521	1838.625
966.928832284933	1802.875
969.544864273135	1797.5
972.160061885076	1764
974.774425583129	1781.75
977.387955829099	1773.875
980.000653084196	1769.625
982.612517809061	1763.125
985.223550463768	1772.75
987.833751507819	1790.125
990.443121400135	1794.75
993.051660599081	1804.125
995.659369562449	1822.25
998.266248747469	1858
1000.87229861081	1924.5
1003.47751960857	1975.875
1006.0819121963	2014.625
1008.68547682897	1974.625
1011.28821396104	1934.125
1013.89012404635	1906.5
1016.49120753824	1868.5
1019.09146488947	1824.625
1021.69089655226	1809.25
1024.28950297827	1802
1026.88728461863	1798.375
1029.48424192392	1812.75
1032.08037534416	1808.375
1034.67568532886	1820
1037.27017232694	1799.75
1039.86383678682	1790.375
1042.45667915637	1783
1045.04869988293	1782.5
1047.6398994133	1784.375
1050.23027819374	1801.375
1052.81983666998	1801.875
1055.40857528724	1808.25
1057.99649449018	1796.375
1060.58359472296	1772
1063.1698764292	1779.375
1065.755340052	1793.625
1068.33998603393	1802.875
1070.92381481706	1780.125
1073.50682684291	1806.875
1076.08902255251	1809.375
1078.67040238637	1782.5
1081.25096678445	1803.125
1083.83071618624	1829.125
1086.4096510307	1780.25
1088.98777175629	1798.5
1091.56507880094	1791.125
1094.14157260208	1778.875
1096.71725359664	1800.875
1099.29212222106	1803
1101.86617891125	1813.375
1104.43942410262	1788.75
1107.01185823011	1802.25
1109.58348172812	1804.125
1112.15429503057	1828.25
1114.7242985709	1803.75
1117.29349278203	1818.375
1119.86187809642	1831
1122.42945494599	1832.875
1124.99622376222	1874.75
1127.56218497606	1886
1130.12733901801	1906.625
1132.69168631804	1910.25
1135.25522730568	1887.25
1137.81796240995	1930.75
1140.37989205941	1966.5
1142.9410166821	2003.25
1145.50133670561	2054.625
1148.06085255708	2151.375
1150.61956466311	2237.75
1153.17747344987	2425
1155.73457934305	2587.75
1158.29088276786	2627.125
1160.84638414903	2593.625
1163.40108391085	2403.375
1165.95498247711	2229.625
1168.50808027116	2138
1171.06037771587	2035.125
1173.61187523364	1973.25
1176.16257324643	1958.875
1178.71247217573	1959
1181.26157244255	1934.125
1183.80987446746	1936.75
1186.35737867059	1938.375
1188.90408547157	1978.25
1191.44999528961	1983.375
1193.99510854347	2001.875
1196.53942565142	1987.125
1199.08294703133	1974.375
1201.62567310057	1948.375
1204.16760427611	1910
1206.70874097445	1899.875
1209.24908361163	1883.375
1211.78863260327	1888.875
1214.32738836454	1890.125
1216.86535131017	1865
1219.40252185445	1872.25
1221.93890041121	1870.125
1224.47448739389	1858.75
1227.00928321544	1861.125
1229.54328828842	1831.375
1232.07650302491	1843.125
1234.60892783662	1855.625
1237.14056313477	1867.125
1239.67140933017	1852.125
1242.2014668332	1865.75
1244.73073605384	1882.5
1247.25921740159	1882.75
1249.78691128558	1852.875
1252.31381811448	1861.75
1254.83993829655	1899.125
1257.36527223962	1877.875
1259.88982035112	1899.25
1262.41358303803	1939.75
1264.93656070696	1921.375
1267.45875376405	1942
1269.98016261505	1959.125
1272.50078766531	1974.125
1275.02062931974	1992.125
1277.53968798285	1978.375
1280.05796405875	1935.875
1282.57545795112	1912.625
1285.09217006325	1944.875
1287.60810079802	1906.875
1290.12325055788	1926.125
1292.63761974492	1907.125
1295.15120876079	1905.75
1297.66401800676	1922.75
1300.17604788367	1900.25
1302.687298792	1920.25
1305.19777113181	1914.875
1307.70746530274	1911.125
1310.21638170408	1922.375
1312.7245207347	1914.125
1315.23188279307	1922.875
1317.73846827728	1921.375
1320.24427758502	1928.625
1322.74931111359	1917
1325.25356925991	1916.75
1327.75705242051	1908.375
1330.25976099151	1904.75
1332.76169536868	1881
1335.26285594737	1895.5
1337.76324312256	1911
1340.26285728887	1883.75
1342.76169884052	1880.5
1345.25976817132	1869.375
1347.75706567474	1898.25
1350.25359174387	1895.375
1352.74934677141	1911.625
1355.24433114968	1896.875
1357.73854527062	1891.875
1360.23198952583	1897
1362.7246643065	1892.75
1365.21657000347	1906.75
1367.7077070072	1876.625
1370.19807570777	1906.125
1372.68767649492	1873.375
1375.176509758	1893.75
1377.66457588599	1891.875
1380.15187526753	1892.125
1382.63840829087	1894
1385.1241753439	1881.5
1387.60917681417	1890.25
1390.09341308884	1906.875
1392.57688455474	1920.375
1395.05959159829	1902.375
1397.54153460562	1928.875
1400.02271396243	1903.75
1402.50313005414	1887.375
1404.98278326576	1915.25
1407.46167398196	1897.625
1409.93980258707	1908.875
1412.41716946504	1902.75
1414.89377499951	1927.625
1417.36961957373	1926.75
1419.84470357062	1907.125
1422.31902737275	1928.5
1424.79259136235	1908.25
1427.26539592129	1936.625
1429.73744143111	1947.625
1432.20872827299	1948.875
1434.67925682777	1948.25
1437.14902747597	1979.75
1439.61804059773	1974.75
1442.0862965729	1994.875
1444.55379578093	2002.625
1447.02053860099	1994.25
1449.48652541188	2002
1451.95175659206	1993.25
1454.41623251969	2043.25
1456.87995357255	2008.5
1459.34292012811	1974.375
1461.80513256351	2009.375
1464.26659125557	1999.75
1466.72729658073	1999.875
1469.18724891517	1964.75
1471.64644863469	1977.375
1474.10489611478	1949.25
1476.5625917306	2002.625
1479.01953585699	2002.875
1481.47572886844	1999.75
1483.93117113917	1984.25
1486.38586304302	2003.125
1488.83980495354	2016.625
1491.29299724395	2041
1493.74544028715	2050.5
1496.19713445573	2054.375
1498.64808012193	2099.625
1501.09827765772	2155.5
1503.54772743471	2266.125
1505.99642982421	2350.625
1508.44438519723	2466
1510.89159392446	2620.25
1513.33805637625	2784.375
1515.78377292266	2884.25
1518.22874393346	2959.375
1520.67296977806	2953.75
1523.11645082559	2814.375
1525.55918744488	2674.25
1528.00118000444	2547.375
1530.44242887245	2410.5
1532.88293441684	2238.875
1535.32269700517	2150.25
1537.76171700475	2091.375
1540.19999478255	2051.625
1542.63753070526	2031.125
1545.07432513925	1997.25
1547.5103784506	2000.125
1549.94569100509	1977.25
1552.38026316819	1985.75
1554.8140953051	1979.25
1557.24718778067	1963
1559.67954095952	1981.5
1562.11115520592	1947.375
1564.54203088386	1964.75
1566.97216835704	1966.25
1569.40156798888	1977.125
1571.83023014248	1981
1574.25815518067	1958.25
1576.68534346597	1986.25
1579.11179536062	1986.625
1581.53751122658	1979.75
1583.9624914255	1995
1586.38673631876	1973.125
1588.81024626745	1962.625
1591.23302163235	1973.875
1593.655062774	1949
1596.07637005262	1973.625
1598.49694382815	1965.5
1600.91678446025	1968.5
1603.33589230831	1961.125
1605.75426773142	1960.25
1608.1719110884	1926
1610.58882273779	1936.375
1613.00500303784	1951.375
1615.42045234654	1989.625
1617.83517102158	1946
1620.24915942039	1921.125
1622.66241790012	1962.125
1625.07494681764	1929.375
1627.48674652954	1966.125
1629.89781739216	1989.25
1632.30815976152	1987
1634.71777399343	1977
1637.12666044338	1987.5
1639.53481946661	1968.75
1641.94225141808	1974.75
1644.34895665248	2000.625
1646.75493552424	2005.25
1649.16018838752	1987.625
1651.56471559621	2008.875
1653.96851750392	2043.25
1656.37159446403	2043.5
1658.7739468296	2023.875
1661.17557495349	2013.625
1663.57647918824	1987
1665.97665988617	2007.5
1668.37611739929	1986.625
1670.77485207939	1989.25
1673.17286427799	1974.375
1675.57015434633	1971.5
1677.96672263542	1961.875
1680.36256949598	1968.125
1682.7576952785	1962.875
1685.15210033318	1965.75
1687.54578501	1957.875
1689.93874965866	1969.5
1692.33099462861	1955.75
1694.72252026904	1945.625
1697.11332692889	1942
1699.50341495686	1923.75
1701.89278470137	1963.75
1704.28143651061	1930.25
1706.66937073251	1934.75
1709.05658771473	1936.125
1711.44308780473	1926.375
1713.82887134968	1922.375
1716.21393869648	1945.125
1718.59829019185	1948.75
1720.98192618221	1947.625
1723.36484701374	1893.75
1725.74705303238	1923
1728.12854458384	1929.125
1730.50932201356	1946.5
1732.88938566673	1954.125
1735.26873588834	1942
1737.64737302307	1904
1740.02529741544	1914.75
1742.40250940964	1921.75
1744.77900934969	1899.625
1747.15479757933	1913.125
1749.52987444206	1938.75
1751.90424028116	1916.375
1754.27789543967	1928.125
1756.65084026037	1907.375
1759.02307508582	1901.25
1761.39460025833	1924.375
1763.76541612	1929.75
1766.13552301265	1922.875
1768.50492127791	1917.875
1770.87361125714	1931
1773.2415932915	1932.25
1775.60886772188	1935
1777.97543488896	1924.625
1780.34129513318	1904.875
1782.70644879475	1928.5
1785.07089621365	1918.25
1787.43463772964	1904.25
1789.7976736822	1913.125
1792.16000441066	1927.625
1794.52163025405	1918.625
1796.88255155121	1916.5
1799.24276864074	1915.875
1801.60228186102	1921.5
1803.96109155019	1913.125
1806.31919804618	1926.375
1808.67660168668	1920.875
1811.03330280916	1933.125
1813.38930175088	1910.625
1815.74459884884	1926.5
1818.09919443984	1971
1820.45308886047	1931.75
1822.80628244708	1920.5
1825.1587755358	1918.375
1827.51056846254	1932.5
1829.86166156297	1928.75
1832.21205517258	1917.125
1834.56174962661	1926.5
1836.91074526009	1948.625
1839.25904240783	1933.875
1841.60664140443	1918.125
1843.95354258425	1928.375
1846.29974628146	1916.625
1848.64525282998	1915.125
1850.99006256356	1893.875
1853.3341758157	1913.25
1855.67759291968	1931.5
1858.02031420858	1952.75
1860.36234001528	1922.25
1862.70367067241	1923
1865.04430651244	1918.5
1867.38424786755	1911.875
1869.72349506978	1931.5
1872.06204845094	1914.375
1874.39990834258	1927.75
1876.73707507612	1904.75
1879.07354898269	1917.5
1881.40933039328	1938.875
1883.74441963861	1926.125
1886.07881704925	1933.75
1888.41252295551	1947
1890.74553768751	1907.625
1893.07786157519	1922.875
1895.40949494822	1915
1897.74043813615	1898.125
1900.07069146823	1933
1902.40025527357	1925.375
1904.72912988106	1953
1907.05731561938	1913
1909.38481281699	1917.125
1911.71162180217	1928.375
1914.037742903	1926.5
1916.36317644734	1918.5
1918.68792276284	1898.75
1921.01198217697	1933.625
1923.33535501699	1919.375
1925.65804160996	1913.375
1927.98004228273	1920.25
1930.30135736196	1915.625
1932.6219871741	1926
1934.94193204543	1921.875
1937.26119230198	1911
1939.57976826962	1911.75
1941.89766027402	1905.625
1944.21486864062	1916.5
1946.53139369472	1912.5
1948.84723576137	1937.625
1951.16239516543	1937.5
1953.47687223159	1938.25
1955.79066728434	1906.375
1958.10378064794	1936.625
1960.4162126465	1941.625
1962.7279636039	1926.125
1965.03903384385	1923.125
1967.34942368987	1937.25
1969.65913346524	1922.125
1971.96816349311	1917
1974.2765140964	1923.625
1976.58418559784	1929.5
1978.89117831997	1929.625
1981.19749258516	1921.375
1983.50312871555	1923.875
1985.80808703313	1934.5
1988.11236785967	1930.5
1990.41597151676	1914.375
1992.71889832581	1914.875
1995.02114860801	1931
1997.3227226844	1930.875
1999.62362087581	1927.875
2001.92384350288	1933.125
2004.22339088608	1949.75
2006.52226334567	1937.375
2008.82046120173	1959.75
2011.11798477417	1930.75
2013.41483438269	1941.5
2015.71101034681	1965.875
2018.00651298588	1924.875
2020.30134261905	1939.75
2022.59549956528	1950.5
2024.88898414337	1956.75
2027.1817966719	1924.25
2029.4739374693	1952.375
2031.76540685379	1922
2034.05620514342	1931.5
2036.34633265607	1928.75
2038.6357897094	1947.875
2040.92457662092	1928.375
2043.21269370795	1937.25
2045.50014128763	1921.75
2047.78691967691	1940.75
2050.07302919256	1919
2052.35847015118	1924.75
2054.64324286919	1930.5
2056.9273476628	1924
2059.21078484808	1932.125
2061.4935547409	1929.375
2063.77565765696	1923.125
2066.05709391176	1916.625
2068.33786382065	1931.875
2070.61796769879	1911.625
2072.89740586116	1915.125
2075.17617862255	1919.875
2077.45428629759	1912.5
2079.73172920075	1919.375
2082.00850764627	1912.75
2084.28462194827	1919.25
2086.56007242065	1903.75
2088.83485937717	1933.875
2091.10898313139	1909.625
2093.3824439967	1922.75
2095.65524228632	1944.625
2097.92737831328	1920
2100.19885239047	1922.25
2102.46966483057	1948.875
2104.7398159461	1941.25
2107.00930604941	1951.25
2109.27813545267	1948.125
2111.54630446787	1947.25
2113.81381340685	1943.125
2116.08066258126	1943.375
2118.34685230257	1939.375
2120.61238288211	1975.625
2122.87725463099	1952.75
2125.1414678602	1952.5
2127.40502288052	1974.25
2129.66792000257	1942.875
2131.93015953682	1971.5
2134.19174179353	1937.125
2136.45266708282	1952
2138.71293571463	1950.5
2140.97254799873	1962.5
2143.23150424473	1969.375
2145.48980476205	1950.75
2147.74744985996	1971.5
2150.00443984754	1953.875
2152.26077503373	1988.5
2154.51645572728	1976.125
2156.77148223677	1975.75
2159.02585487064	2007.375
2161.27957393713	1993.875
2163.53263974432	2026.375
2165.78505260012	2000.625
2168.0368128123	1985
2170.28792068844	1993.875
2172.53837653595	1954
2174.78818066207	1973.125
2177.03733337389	1955.5
2179.28583497833	1945.875
2181.53368578214	1945
2183.78088609192	1937.75
2186.02743621406	1956.625
2188.27333645484	1942.125
2190.51858712033	1923.25
2192.76318851646	1950.375
2195.00714094901	1927
2197.25044472354	1958.625
2199.49310014551	1930.25
2201.73510752018	1948.375
2203.97646715265	1921.75
2206.21717934786	1937.5
2208.45724441058	1947.875
2210.69666264543	1906.625
2212.93543435686	1933.625
2215.17355984914	1935.625
2217.41103942642	1909.125
2219.64787339264	1927.25
2221.8840620516	1925.125
2224.11960570695	1893.875
2226.35450466215	1939.125
2228.58875922051	1939.75
2230.82236968518	1935.125
2233.05533635916	1914.625
2235.28765954527	1910.875
2237.51933954617	1925.125
2239.75037666437	1914
2241.98077120221	1914.5
2244.21052346188	1943.875
2246.4396337454	1928.75
2248.66810235461	1926
2250.89592959125	1914.125
2253.12311575681	1913.75
2255.34966115272	1949.75
2257.57556608017	1929.875
2259.80083084023	1913.125
2262.02545573381	1919.375
2264.24944106163	1921.375
2266.47278712429	1943.375
2268.69549422221	1938.625
2270.91756265564	1937.75
2273.1389927247	1951
2275.35978472934	1948.875
2277.57993896933	1934.375
2279.79945574431	1955.375
2282.01833535375	1949.875
2284.23657809696	1935.125
2286.45418427309	1930.375
2288.67115418114	1953.875
2290.88748811995	1956.75
2293.10318638819	1959.625
2295.3182492844	1953.375
2297.53267710693	1956
2299.746470154	1961.125
2301.95962872364	1976.875
2304.17215311376	1967.25
2306.3840436221	1994
2308.59530054621	2007.75
2310.80592418354	2022.125
2313.01591483134	1986.75
2315.22527278673	1979.25
2317.43399834666	1996.125
2319.64209180791	1973
2321.84955346713	1963.125
2324.05638362079	1968.375
2326.26258256524	1969.5
2328.46815059664	1938.125
2330.67308801098	1985.375
2332.87739510415	1947.125
2335.08107217184	1964.75
2337.2841195096	1966.25
2339.48653741281	1923.875
2341.68832617672	1954.125
2343.8894860964	1934.375
2346.09001746678	1931.5
2348.28992058261	1943.25
2350.48919573852	1931.625
2352.68784322898	1950.375
2354.88586334826	1948
2357.08325639055	1954.375
2359.2800226498	1952.75
2361.47616241988	1923.25
2363.67167599445	1922.5
2365.86656366706	1952.25
2368.06082573107	1931.25
2370.2544624797	1931.375
2372.44747420603	1931.375
2374.63986120295	1912.875
2376.83162376322	1898.75
2379.02276217945	1892.5
2381.21327674408	1905.5
2383.4031677494	1916.625
2385.59243548756	1908.875
2387.78108025053	1932.875
2389.96910233014	1913.625
2392.15650201809	1917.375
2394.34327960587	1913.5
2396.52943538486	1920
2398.71496964628	1910.5
2400.89988268118	1902.5
2403.08417478048	1922.125
2405.26784623491	1913.5
2407.45089733509	1918
2409.63332837146	1919.75
2411.81513963429	1913.25
2413.99633141375	1902.875
2416.1769039998	1922.75
2418.35685768227	1912.5
2420.53619275084	1901.875
2422.71490949505	1897.5
2424.89300820425	1904.125
2427.07048916765	1901
2429.24735267433	1902.75
2431.42359901319	1913.625
2433.59922847297	1911.375
2435.7742413423	1917
2437.94863790961	1912.25
2440.12241846321	1902.625
2442.29558329121	1911.625
2444.46813268162	1905.875
2446.64006692228	1900.625
2448.81138630086	1900
2450.98209110489	1883.25
2453.15218162174	1903.875
2455.32165813864	1901.125
2457.49052094265	1890.75
2459.65877032069	1907.625
2461.8264065595	1913.375
2463.99342994572	1938.625
2466.15984076579	1927.25
2468.325639306	1911.125
2470.49082585251	1920
2472.65540069131	1947.375
2474.81936410824	1926.75
2476.98271638899	1931.375
2479.14545781909	1916.75
2481.30758868392	1913.375
2483.4691092687	1925.75
2485.63001985852	1935
2487.79032073829	1920.125
2489.95001219277	1908.5
2492.10909450659	1917.75
2494.26756796419	1908.375
2496.42543284989	1940.5
2498.58268944783	1907.375
2500.73933804202	1910.625
2502.8953789163	1914
2505.05081235436	1918.75
2507.20563863974	1944.875
2509.35985805582	1916.625
2511.51347088583	1928.75
2513.66647741285	1937
2515.81887791981	1924.5
2517.97067268946	1959.75
2520.12186200443	1942.875
2522.27244614716	1935.25
2524.42242539999	1912.5
2526.57180004504	1895.5
2528.72057036433	1924.875
2530.8687366397	1926.75
2533.01629915284	1885.25
2535.16325818527	1907
2537.30961401839	1897.125
2539.45536693343	1891.125
2541.60051721145	1900.125
2543.74506513338	1886.25
2545.88901097997	1899.625
2548.03235503185	1882.875
2550.17509756946	1879.75
2552.31723887311	1883
2554.45877922293	1868.625
2556.59971889893	1875.375
2558.74005818094	1883
2560.87979734864	1867.75
2563.01893668155	1902.25
2565.15747645906	1860
2567.29541696037	1888.375
2569.43275846454	1905.25
2571.56950125049	1876
2573.70564559696	1881.75
2575.84119178254	1877.125
2577.97614008569	1851.375
2580.11049078468	1880.25
2582.24424415764	1878.5
2584.37740048255	1875.625
2586.50996003722	1870.625
2588.64192309931	1849
2590.77328994634	1885.25
2592.90406085564	1870.5
2595.03423610442	1869.75
2597.16381596971	1880.375
2599.29280072839	1875.25
2601.42119065719	1881.5
2603.54898603267	1873.875
2605.67618713125	1871.375
2607.80279422919	1873.125
2609.92880760257	1881.625
2612.05422752735	1891.875
2614.17905427932	1887.25
2616.30328813408	1886.75
2618.42692936713	1896.5
2620.54997825377	1877.625
2622.67243506915	1863.75
2624.79430008828	1874.125
2626.915573586	1884.5
2629.03625583699	1889.125
2631.15634711579	1902.125
2633.27584769675	1895.625
2635.39475785408	1898.375
2637.51307786185	1921.25
2639.63080799394	1904
2641.74794852409	1916.125
2643.86449972589	1927
2645.98046187273	1930.375
2648.0958352379	1935.125
2650.21062009449	1955.75
2652.32481671544	1985
2654.43842537353	1947.75
2656.5514463414	1978.125
2658.66387989151	1974.125
2660.77572629616	1983.625
2662.88698582751	1988.25
2664.99765875753	2000.625
2667.10774535806	2030.5
2669.21724590076	2000.625
2671.32616065714	2018.125
2673.43448989857	2004.625
2675.5422338962	2005
2677.64939292108	1993.625
2679.75596724408	1962.125
2681.86195713589	1960.25
2683.96736286707	1932.875
2686.07218470799	1939.125
2688.17642292889	1920.125
2690.28007779982	1926.625
2692.38314959069	1876
2694.48563857123	1901.75
2696.58754501103	1872.125
2698.6888691795	1897.375
2700.78961134588	1880.125
2702.8897717793	1882.375
2704.98935074864	1862.375
2707.08834852271	1881.75
2709.18676537009	1872
2711.28460155925	1883.5
2713.38185735843	1873.5
2715.47853303577	1892.875
2717.57462885924	1907.25
2719.67014509659	1879.25
2721.76508201548	1891
2723.85943988337	1855.125
2725.95321896754	1858.75
2728.04641953515	1843.875
2730.13904185316	1862.125
2732.23108618837	1852.25
2734.32255280744	1847.125
2736.41344197683	1852.5
2738.50375396288	1851.125
2740.5934890317	1867.75
2742.68264744932	1843
2744.77122948153	1857.125
2746.85923539398	1838.125
2748.94666545217	1850.75
2751.03351992142	1858
2753.11979906688	1833.5
2755.20550315355	1823.875
2757.29063244624	1836.125
2759.37518720963	1819.75
2761.45916770819	1835.375
2763.54257420625	1833.625
2765.62540696797	1839.25
2767.70766625733	1851.5
2769.78935233816	1847.5
2771.87046547413	1822.375
2773.95100592869	1817.25
2776.03097396519	1834.75
2778.11036984677	1840
2780.18919383641	1847.125
2782.26744619693	1824.25
2784.34512719097	1824.125
2786.42223708102	1834.375
2788.49877612937	1827.5
2790.57474459816	1826
2792.65014274937	1837.25
2794.7249708448	1850.75
2796.79922914607	1838.5
2798.87291791465	1829.75
2800.94603741181	1821.5
2803.01858789869	1816.375
2805.09056963623	1810.625
2807.1619828852	1817.375
2809.23282790621	1845.75
2811.30310495971	1836.125
2813.37281430593	1842.625
2815.441956205	1838.25
2817.51053091682	1842.625
2819.57853870114	1817.5
2821.64597981753	1820.5
2823.7128545254	1822.875
2825.77916308399	1834.5
2827.84490575233	1834.125
2829.91008278933	1819.625
2831.97469445369	1849.375
2834.03874100395	1838.75
2836.10222269847	1832.125
2838.16513979544	1831.875
2840.22749255288	1874.625
2842.28928122863	1862.625
2844.35050608034	1872.125
2846.41116736553	1906
2848.47126534149	1924.625
2850.53080026537	1930.375
2852.58977239414	1930.25
2854.64818198459	1963.5
2856.70602929332	1945
2858.76331457678	1944.875
2860.82003809123	1927.5
2862.87620009274	1951.25
2864.93180083723	1947.75
2866.98684058043	1956.75
2869.04131957789	1964.75
2871.09523808497	1984.875
2873.14859635689	1997.5
2875.20139464866	2011.125
2877.2536332151	1987.75
2879.30531231091	2007.875
2881.35643219054	2007
2883.40699310831	2008.5
2885.45699531834	1989.375
2887.50643907457	1991
2889.55532463077	2011.75
2891.60365224053	2016.875
2893.65142215724	2018.5
2895.69863463414	2029.875
2897.74528992426	2047.875
2899.79138828046	2013.875
2901.83692995544	2027.875
2903.88191520168	2029.875
2905.92634427151	2057.375
2907.97021741706	2044
2910.01353489027	2058.625
2912.05629694294	2018.125
2914.09850382663	2055.125
2916.14015579276	2080.5
2918.18125309254	2094.125
2920.22179597702	2096.875
2922.26178469705	2140.25
2924.30121950329	2087.5
2926.34010064624	2102.5
2928.37842837619	2113.125
2930.41620294326	2151.25
2932.45342459737	2146.375
2934.49009358828	2129.75
2936.52621016555	2151.375
2938.56177457854	2144.625
2940.59678707645	2115.375
2942.63124790827	2140.375
2944.66515732282	2102.5
2946.69851556873	2089.75
2948.73132289443	2053
2950.76357954817	2034.125
2952.79528577803	2018.25
2954.82644183188	2007.5
2956.85704795741	2014.375
2958.8871044021	2009.5
2960.91661141328	2014.25
2962.94556923807	2016.75
2964.97397812339	1975.25
2967.00183831598	1998.125
2969.0291500624	1987.125
2971.05591360902	1970.25
2973.08212920199	1967.875
2975.1077970873	1957.375
2977.13291751074	1979.875
2979.1574907179	1961.25
2981.18151695419	1972.75
2983.20499646482	1975.125
2985.2279294948	1957.375
2987.25031628898	1973.875
2989.27215709199	1925.75
2991.29345214825	1912
2993.31420170204	1900.875
2995.33440599738	1926.125
2997.35406527816	1928.625
2999.37317978802	1912.5
3001.39174977045	1892.625
3003.40977546872	1910
3005.42725712591	1890.25
3007.44419498491	1904.25
3009.4605892884	1896.625
3011.47644027889	1918.5
3013.49174819865	1916.375
3015.5065132898	1911.25
3017.52073579424	1920.75
3019.53441595366	1914.5
3021.54755400959	1889.75
3023.56015020332	1884.75
3025.57220477598	1903.875
3027.58371796846	1872.625
3029.5946900215	1908.625
3031.6051211756	1896.5
3033.61501167107	1878.625
3035.62436174803	1897.625
3037.6331716464	1895.5
3039.64144160588	1883.875
3041.649171866	1896.375
3043.65636266607	1871.375
3045.6630142452	1894.625
3047.66912684229	1872
3049.67470069605	1859.125
3051.679736045	1884.75
3053.68423312742	1862.875
3055.68819218143	1873
3057.6916134449	1850.375
3059.69449715556	1872.125
3061.69684355086	1860.875
3063.6986528681	1868.125
3065.69992534437	1859.375
3067.70066121653	1859.5
3069.70086072126	1861.75
3071.700524095	1861.5
3073.69965157405	1835.375
3075.69824339442	1861.25
3077.69629979197	1847.625
3079.69382100235	1861
3081.69080726098	1850.875
3083.68725880307	1837
3085.68317586366	1852.375
3087.67855867755	1852.125
3089.67340747933	1836.625
3091.6677225034	1861.5
3093.66150398392	1848.25
3095.6547521549	1856.625
3097.64746725006	1866.625
3099.63964950297	1844.5
3101.63129914698	1850.25
3103.6224164152	1869.75
3105.61300154056	1881.75
3107.60305475576	1868.625
3109.59257629331	1867
3111.58156638547	1858
3113.57002526432	1871.625
3115.55795316172	1853.375
3117.54535030932	1868.875
3119.53221693853	1866.875
3121.51855328057	1892.875
3123.50435956646	1894.875
3125.48963602698	1906.125
3127.4743828927	1879.75
3129.45860039397	1890
3131.44228876093	1880.125
3133.42544822353	1905
3135.40807901145	1921.125
3137.39018135418	1917.375
3139.37175548102	1904.625
3141.35280162101	1892.125
3143.33332000299	1878.75
3145.31331085559	1921.75
3147.2927744072	1900
3149.27171088602	1924.375
3151.25012052	1930.625
3153.22800353689	1942
3155.20536016422	1925.375
3157.18219062929	1923
3159.15849515918	1903
3161.13427398075	1921.375
3163.10952732066	1948.25
3165.08425540532	1939.25
3167.05845846092	1941.25
3169.03213671344	1953.625
3171.00529038863	1956.875
3172.97791971203	1938.5
3174.95002490893	1942.5
3176.92160620443	1959.375
3178.89266382337	1946.625
3180.8631979904	1959.375
3182.83320892991	1970.25
3184.80269686609	1959.25
3186.77166202289	1959.25
3188.74010462406	1942.25
3190.70802489307	1960
3192.67542305323	1972.125
3194.64229932757	1991.375
3196.60865393892	1962.125
3198.57448710987	1972.5
3200.53979906279	1968.5
3202.50459001981	1988.875
3204.46886020284	1975.25
3206.43260983356	1972.5
3208.39583913341	1967.875
3210.35854832362	1986
3212.32073762517	1993.625
3214.28240725881	1990.875
3216.24355744508	1990
3218.20418840426	1996.125
3220.16430035642	1993.375
3222.12389352137	2000.75
3224.08296811873	1990.5
3226.04152436784	2010.25
3227.99956248784	1988.375
3229.95708269762	1988
3231.91408521584	2012
3233.87057026092	2003.375
3235.82653805105	2020.875
3237.78198880419	1994.625
3239.73692273806	2001.25
3241.69134007013	2022.625
3243.64524101764	2004.5
3245.59862579761	2003.25
3247.55149462681	2005
3249.50384772176	2002.75
3251.45568529877	2014.875
3253.40700757387	2012.25
3255.35781476288	1999.625
3257.3081070814	2036.125
3259.25788474473	2019.75
3261.20714796799	2018.5
3263.15589696602	2030.625
3265.10413195345	2055.875
3267.05185314463	2019.5
3268.9990607537	2004.25
3270.94575499455	2029.625
3272.89193608081	2018.5
3274.8376042259	2033.375
3276.78275964296	2034.25
3278.72740254492	2021.25
3280.67153314443	2033
3282.61515165393	2012.125
3284.55825828559	2052.875
3286.50085325135	2017.875
3288.44293676289	2026.375
3290.38450903165	2033
3292.32557026883	2033.875
3294.26612068537	2034.625
3296.20616049198	2041.375
3298.14568989911	2002.25
3300.08470911695	2011.625
3302.02321835546	2012.875
3303.96121782435	2053.125
3305.89870773306	2038.875
3307.83568829081	2016.25
3309.77215970655	2029.125
3311.70812218898	2037.75
3313.64357594655	2037.25
3315.57852118747	2032.75
3317.51295811968	2033.5
3319.44688695087	2031
3321.38030788849	2043
3323.31322113973	2012
3325.24562691152	2012
3327.17752541055	2015.375
3329.10891684322	2028.375
3331.03980141573	2017.625
3332.97017933399	2059.25
3334.90005080364	2013.875
3336.82941603011	2033.625
3338.75827521852	2038.25
3340.68662857377	2019.25
3342.6144763005	2033.625
3344.54181860308	2035.125
3346.46865568561	2020.125
3348.39498775195	2023.5
3350.32081500571	2031.375
3352.24613765022	2012.25
3354.17095588855	2039.5
3356.09526992352	2030.875
3358.01907995769	2023.75
3359.94238619334	2024.25
3361.86518883251	2045.5
3363.78748807697	2027.5
3365.70928412823	2046.5
3367.63057718752	2034.25
3369.55136745582	2043.375
3371.47165513386	2037
3373.39144042208	2041.5
3375.31072352066	2044.875
3377.22950462953	2024.25
3379.14778394834	2027.25
3381.06556167648	2037
3382.98283801308	2051
3384.89961315697	2052.375
3386.81588730676	2045.25
3388.73166066076	2025.625
3390.64693341702	2060.5
3392.56170577332	2034
3394.47597792716	2046.5
3396.38975007581	2024.75
3398.30302241623	2031
3400.21579514512	2026.625
3402.1280684589	2032.25
3404.03984255374	2033.875
3405.95111762553	2003.5
3407.86189386987	2042.125
3409.77217148212	2056.875
3411.68195065733	2051.625
3413.5912315903	2048.125
3415.50001447556	2052.125
3417.40829950735	2056.375
3419.31608687963	2035.75
3421.22337678611	2049.5
3423.1301694202	2002.25
3425.03646497504	2026.75
3426.9422636435	2030.625
3428.84756561816	2017.25
3430.75237109135	2031
3432.65668025508	2018.625
3434.56049330112	2005.875
3436.46381042093	2035.125
3438.36663180571	2001.875
3440.26895764638	2007
3442.17078813357	2024.25
3444.07212345762	2013.125
3445.97296380863	2006.375
3447.87330937636	1998.125
3449.77316035033	2015.5
3451.67251691977	2002.875
3453.57137927361	1997.125
3455.46974760052	2008.5
3457.36762208886	2014.125
3459.26500292671	2000.875
3461.16189030191	1988.125
3463.05828440194	2017.375
3464.95418541406	2017.125
3466.84959352519	1982.625
3468.74450892201	1974
3470.63893179088	1991.875
3472.53286231788	2001.25
3474.42630068881	1999.75
3476.31924708918	1975.5
3478.2117017042	1967.875
3480.1036647188	1968.5
3481.99513631761	1961.25
3483.88611668498	1952.25
3485.77660600498	1984.75
3487.66660446135	1975.875
3489.55611223758	1987.125
3491.44512951683	1974.625
3493.333656482	1952
3495.22169331568	1925.125
3497.10924020016	1945.875
3498.99629731746	1947
3500.88286484927	1926.75
3502.76894297702	1950
3504.65453188182	1926.25
3506.53963174449	1935.375
3508.42424274555	1932.5
3510.30836506524	1909.625
3512.19199888349	1914.875
3514.07514437992	1919
3515.95780173387	1904.375
3517.83997112437	1887
3519.72165273016	1907
3521.60284672967	1907
3523.48355330104	1870.875
3525.36377262208	1896.5
3527.24350487035	1886.25
3529.12275022306	1885.125
3531.00150885715	1866.125
3532.87978094923	1863.75
3534.75756667562	1851.75
3536.63486621235	1875.625
3538.51167973512	1858.625
3540.38800741934	1865.25
3542.26384944011	1841.875
3544.13920597223	1838.875
3546.01407719018	1854.5
3547.88846326815	1828.625
3549.76236438002	1826.375
3551.63578069934	1842.25
3553.50871239938	1820.625
3555.38115965309	1809
3557.25312263311	1804.5
3559.12460151177	1816.375
3560.99559646109	1830.5
3562.86610765279	1800.375
3564.73613525825	1797.625
3566.60567944857	1817.5
3568.47474039453	1797.625
3570.34331826658	1804.75
3572.21141323487	1793.375
3574.07902546925	1795.125
3575.94615513922	1801.5
3577.81280241401	1792.875
3579.67896746249	1820.125
3581.54465045325	1796.75
3583.40985155455	1781.125
3585.27457093432	1799.5
3587.1388087602	1777.625
3589.00256519949	1783.75
3590.86584041919	1784
3592.72863458597	1778.375
3594.59094786618	1766.625
3596.45278042585	1773
3598.31413243069	1783.875
3600.17500404611	1759.125
3602.03539543717	1765.375
3603.89530676861	1757
3605.75473820488	1750.5
3607.61368991007	1739.5
3609.47216204797	1751.625
3611.33015478203	1747.875
3613.18766827539	1737.75
3615.04470269087	1766.625
3616.90125819094	1746.375
3618.75733493776	1753.25
3620.61293309318	1732.5
3622.46805281869	1741.375
3624.32269427547	1757.5
3626.17685762439	1747.875
3628.03054302596	1724.125
3629.88375064038	1744.25
3631.73648062751	1722
3633.5887331469	1708.375
3635.44050835775	1712.875
3637.29180641893	1719.75
3639.14262748899	1702
3640.99297172614	1714.875
3642.84283928828	1706.625
3644.69223033294	1685.125
3646.54114501734	1702.75
3648.38958349836	1686.875
3650.23754593256	1702
3652.08503247614	1695
3653.93204328497	1692.125
3655.77857851462	1689
3657.62463832028	1678.625
3659.47022285682	1680.875
3661.31533227877	1690.5
3663.15996674033	1670.25
3665.00412639535	1666.375
3666.84781139736	1682.75
3668.69102189953	1650.125
3670.5337580547	1666.625
3672.37602001537	1661.875
3674.21780793368	1649.375
3676.05912196148	1665
3677.89996225021	1657.25
3679.74032895103	1646.875
3681.58022221471	1634
3683.41964219171	1627.875
3685.25858903211	1632.375
3687.0970628857	1642.125
3688.93506390186	1638.25
3690.77259222968	1648.375
3692.60964801787	1616.125
3694.44623141481	1636.875
3696.28234256853	1614.75
3698.11798162669	1617
3699.95314873665	1616.125
3701.78784404537	1613.5
3703.62206769951	1627.25
3705.45581984533	1609.5
3707.28910062877	1616.75
3709.12191019542	1614
3710.95424869052	1627
3712.78611625894	1621
3714.6175130452	1618.75
3716.44843919349	1619.625
3718.27889484764	1601.75
3720.1088801511	1606.625
3721.93839524699	1619.875
3723.76744027808	1609.875
3725.59601538677	1616.875
3727.4241207151	1601.125
