40.2973356941271	1126.80004882813
43.2236257608418	1130.59997558594
46.1488808466109	1130.59997558594
49.0731017336173	1132.5
51.9962892025666	1134
54.9184440327569	1138.09997558594
57.8395670020446	1139.09997558594
60.7596588868509	1140.90002441406
63.6787204621708	1142.19995117188
66.5967525015794	1146.59997558594
69.5137557772381	1154
72.4297310598838	1165.40002441406
75.3446791188512	1171.69995117188
78.2586007220466	1189.09997558594
81.1714966360015	1203.19995117188
84.0833676258266	1224.80004882813
86.994214455242	1244.40002441406
89.9040378865662	1273.09997558594
92.8128386807427	1309.80004882813
95.7206175973133	1319.40002441406
98.6273753944444	1343.80004882813
101.533112828928	1345.09997558594
104.437830656161	1345.59997558594
107.34152963018	1364.40002441406
110.244210503676	1355.5
113.145874027931	1346.5
116.046520952895	1345.90002441406
118.946152027154	1351.40002441406
121.844767997933	1348.09997558594
124.74236961111	1347.30004882813
127.638957611212	1344.69995117188
130.534532741422	1348.30004882813
133.429095743606	1347.19995117188
136.322647358252	1353.80004882813
139.215188324544	1346.40002441406
142.106719380311	1338.69995117188
144.997241262089	1336.80004882813
147.886754705057	1340.59997558594
150.775260443096	1350.80004882813
153.662759208748	1341.40002441406
156.549251733282	1355.19995117188
159.434738746612	1358.90002441406
162.319220977376	1375.59997558594
165.20269915289	1351.19995117188
168.085173999178	1354.09997558594
170.966646240977	1342.90002441406
173.847116601709	1351.69995117188
176.726585803528	1337.19995117188
179.605054567295	1346.30004882813
182.48252361259	1338.69995117188
185.358993657701	1336.69995117188
188.234465419645	1341.5
191.108939614183	1347.19995117188
193.982416955795	1350.30004882813
196.854898157687	1346.69995117188
199.726383931801	1343.59997558594
202.596874988835	1340.30004882813
205.466372038225	1344.30004882813
208.334875788145	1345.5
211.202386945534	1341.40002441406
214.068906216069	1350.59997558594
216.934434304194	1342.19995117188
219.798971913111	1342.09997558594
222.662519744776	1347.30004882813
225.525078499925	1340.80004882813
228.386648878069	1359.69995117188
231.247231577465	1343.80004882813
234.106827295172	1347.59997558594
236.965436727012	1343.80004882813
239.823060567597	1334.80004882813
242.679699510337	1346.09997558594
245.535354247396	1343.59997558594
248.390025469775	1357
251.243713867223	1341
254.096420128327	1344.90002441406
256.948144940459	1344.40002441406
259.798888989788	1352.19995117188
262.648652961315	1338.80004882813
265.49743753883	1341.69995117188
268.345243404939	1341.69995117188
271.192071241073	1339.19995117188
274.037921727485	1353.30004882813
276.882795543246	1348
279.72669336624	1348.69995117188
282.569615873213	1336
285.411563739724	1339.80004882813
288.252537640165	1347.5
291.092538247763	1352.19995117188
293.931566234616	1359
296.769622271633	1353.90002441406
299.606707028594	1349.19995117188
302.442821174104	1349.19995117188
305.277965375652	1357.59997558594
308.112140299574	1353.80004882813
310.945346611062	1355.90002441406
313.777584974167	1354.5
316.608856051813	1360.80004882813
319.439160505797	1346.69995117188
322.268498996783	1344.40002441406
325.096872184303	1351.80004882813
327.924280726782	1355.90002441406
330.750725281521	1353.59997558594
333.576206504693	1362.30004882813
336.400725051388	1349.59997558594
339.224281575542	1342.40002441406
342.046876730026	1356.90002441406
344.868511166586	1358.40002441406
347.689185535872	1356.40002441406
350.508900487421	1353
353.327656669699	1346.09997558594
356.145454730079	1354.69995117188
358.962295314817	1354.19995117188
361.778179069105	1351.30004882813
364.593106637051	1353.90002441406
367.407078661675	1350.59997558594
370.220095784913	1359.59997558594
373.032158647655	1345.5
375.843267889676	1354.90002441406
378.653424149715	1356.40002441406
381.462628065436	1358.5
384.270880273432	1351.30004882813
387.078181409254	1367
389.884532107358	1374.40002441406
392.689933001188	1369.5
395.494384723112	1363.80004882813
398.29788790445	1368.30004882813
401.100443175488	1358.40002441406
403.902051165437	1361
406.702712502518	1358.69995117188
409.502427813866	1368
412.301197725607	1363.40002441406
415.099022862823	1370.80004882813
417.89590384957	1360.80004882813
420.691841308876	1366.09997558594
423.486835862752	1365
426.280888132173	1362.80004882813
429.073998737112	1369.69995117188
431.866168296507	1361
434.657397428298	1354.30004882813
437.447686749412	1366.90002441406
440.237036875762	1363.59997558594
443.025448422257	1367.5
445.812922002813	1366.59997558594
448.599458230326	1357.90002441406
451.38505771672	1368.59997558594
454.169721072909	1366.90002441406
456.953448908819	1363.09997558594
459.736241833384	1355.40002441406
462.518100454555	1369.59997558594
465.2990253793	1363
468.079017213605	1359.5
470.858076562476	1369.30004882813
473.636204029939	1369.59997558594
476.41340021906	1366.5
479.189665731938	1371.40002441406
481.965001169667	1382.90002441406
484.739407132419	1369.5
487.512884219391	1370.80004882813
490.285433028796	1374
493.057054157921	1375.80004882813
495.827748203087	1370
498.597515759658	1373.30004882813
501.366357422061	1376.80004882813
504.134273783759	1385.59997558594
506.901265437278	1379.90002441406
509.66733297421	1366
512.432476985198	1374
515.196698059945	1381.90002441406
517.959996787225	1366.69995117188
520.722373754895	1372.40002441406
523.483829549856	1376.59997558594
526.24436475811	1372.30004882813
529.003979964696	1383.40002441406
531.762675753779	1371.59997558594
534.520452708569	1386.80004882813
537.277311411375	1364
540.03325244359	1369.40002441406
542.788276385682	1369.19995117188
545.54238381725	1374.40002441406
548.295575316938	1378.59997558594
551.047851462516	1363.40002441406
553.799212830831	1371.40002441406
556.549659997851	1365.80004882813
559.299193538643	1363
562.047814027381	1376.09997558594
564.795522037318	1378.80004882813
567.542318140861	1370.09997558594
570.288202909507	1378.69995117188
573.033176913873	1375.19995117188
575.7772407237	1377.90002441406
578.520394907829	1362.80004882813
581.26264003424	1369.5
584.003976670046	1376.5
586.744405381469	1373.09997558594
589.483926733869	1382
592.222541291746	1378.40002441406
594.96024961872	1384.40002441406
597.697052277563	1383
600.432949830166	1376.40002441406
603.167942837587	1368.59997558594
605.902031860012	1375.59997558594
608.635217456783	1375.80004882813
611.367500186378	1382.40002441406
614.098880606429	1387.40002441406
616.82935927374	1375.19995117188
619.558936744248	1387.09997558594
622.287613573072	1385.30004882813
625.015390314457	1385.80004882813
627.742267521848	1375.40002441406
630.468245747829	1373.59997558594
633.193325544166	1380.59997558594
635.917507461792	1380.69995117188
638.640792050804	1392.5
641.36317986048	1386.09997558594
644.084671439281	1377.5
646.805267334845	1378.40002441406
649.524968093967	1379.19995117188
652.24377426266	1375
654.961686386106	1377
657.678705008678	1382.09997558594
660.394830673939	1384.5
663.110063924628	1381.40002441406
665.824405302728	1381.40002441406
668.537855349351	1377.80004882813
671.250414604863	1374.40002441406
673.962083608812	1381.09997558594
676.672862899949	1398.80004882813
679.382753016218	1376.69995117188
682.091754494801	1378
684.799867872061	1385.5
687.507093683595	1393.09997558594
690.213432464198	1394
692.918884747899	1398.80004882813
695.623451067937	1387.80004882813
698.327131956755	1386.59997558594
701.029927946065	1399.69995117188
703.731839566754	1383.69995117188
706.43286734896	1404.40002441406
709.133011822067	1398.40002441406
711.832273514658	1391.09997558594
714.53065295457	1398.80004882813
717.228150668879	1386.90002441406
719.924767183889	1380.09997558594
722.620503025148	1396.19995117188
725.315358717446	1407.19995117188
728.009334784827	1389.40002441406
730.702431750559	1392.19995117188
733.394650137188	1387.19995117188
736.085990466498	1384.30004882813
738.776453259519	1391.30004882813
741.466039036542	1396.40002441406
744.154748317125	1393.80004882813
746.842581620074	1389.40002441406
749.529539463458	1400.90002441406
752.215622364608	1386.69995117188
754.900830840131	1404.19995117188
757.585165405892	1399.30004882813
760.26862657703	1404.40002441406
762.951214867957	1416.30004882813
765.632930792356	1388.69995117188
768.313774863181	1390.90002441406
770.993747592673	1389.30004882813
773.672849492359	1394.40002441406
776.351081073017	1407.09997558594
779.028442844757	1382.19995117188
781.704935316928	1396.80004882813
784.380558998208	1403.59997558594
787.055314396528	1391.80004882813
789.729202019141	1398.80004882813
792.402222372581	1409.19995117188
795.074375962669	1391.30004882813
797.745663294537	1404.09997558594
800.416084872622	1390.69995117188
803.085641200652	1393.19995117188
805.754332781664	1407.40002441406
808.422160117986	1410
811.089123711292	1398.40002441406
813.75522406252	1400.5
816.420461671951	1408.90002441406
819.084837039164	1408.30004882813
821.748350663067	1399.59997558594
824.411003041866	1398.40002441406
827.072794673116	1400.59997558594
829.733726053668	1412.90002441406
832.39379767971	1414.40002441406
835.05301004674	1412.40002441406
837.711363649601	1417.80004882813
840.368858982457	1415.5
843.025496538805	1401.5
845.681276811467	1406.30004882813
848.336200292618	1415.59997558594
850.99026747375	1420.30004882813
853.643478845713	1423.40002441406
856.29583489868	1415.90002441406
858.947336122176	1420.69995117188
861.59798300506	1411.30004882813
864.247776035556	1418.09997558594
866.896715701222	1426.19995117188
869.544802488959	1436
872.192036885046	1428.5
874.838419375087	1432.90002441406
877.483950444054	1419.59997558594
880.128630576285	1421
882.772460255461	1419.5
885.415439964628	1419.59997558594
888.057570186211	1434.40002441406
890.698851401966	1421.80004882813
893.339284093045	1435.30004882813
895.978868739961	1417.09997558594
898.617605822596	1404.19995117188
901.255495820196	1432.19995117188
903.892539211396	1431.90002441406
906.528736474184	1414.5
909.164088085949	1418.59997558594
911.798594523442	1416.69995117188
914.432256262804	1415.5
917.065073779549	1420.80004882813
919.697047548589	1428.09997558594
922.328178044212	1420.19995117188
924.9584657401	1429
927.587911109317	1422
930.216514624317	1434.30004882813
932.844276756963	1427.80004882813
935.471197978488	1420.30004882813
938.097278759538	1433.40002441406
940.722519570163	1426.09997558594
943.346920879798	1437
945.97048315729	1445.59997558594
948.593206870885	1446.40002441406
951.215092488219	1475
953.836140476366	1469.19995117188
956.456351301787	1479.40002441406
959.07572543037	1474.40002441406
961.694263327369	1479.40002441406
964.311965457521	1473.90002441406
966.928832284933	1477.80004882813
969.544864273135	1480.40002441406
972.160061885076	1461.09997558594
974.774425583129	1459.69995117188
977.387955829099	1454.69995117188
980.000653084196	1463.09997558594
982.612517809061	1468.90002441406
985.223550463768	1470.30004882813
987.833751507819	1470.5
990.443121400135	1478.19995117188
993.051660599081	1458.5
995.659369562449	1486.80004882813
998.266248747469	1500.09997558594
1000.87229861081	1544.40002441406
1003.47751960857	1557.90002441406
1006.0819121963	1599.30004882813
1008.68547682897	1571.5
1011.28821396104	1543.19995117188
1013.89012404635	1543.09997558594
1016.49120753824	1513.19995117188
1019.09146488947	1490.59997558594
1021.69089655226	1480.90002441406
1024.28950297827	1475.5
1026.88728461863	1475.90002441406
1029.48424192392	1462.40002441406
1032.08037534416	1457.90002441406
1034.67568532886	1473
1037.27017232694	1467.40002441406
1039.86383678682	1456.69995117188
1042.45667915637	1459.40002441406
1045.04869988293	1456.19995117188
1047.6398994133	1458.5
1050.23027819374	1469.90002441406
1052.81983666998	1447.09997558594
1055.40857528724	1453.80004882813
1057.99649449018	1475.5
1060.58359472296	1463.80004882813
1063.1698764292	1460
1065.755340052	1466.09997558594
1068.33998603393	1479.09997558594
1070.92381481706	1468.19995117188
1073.50682684291	1471.40002441406
1076.08902255251	1479.5
1078.67040238637	1467.59997558594
1081.25096678445	1473.40002441406
1083.83071618624	1464.59997558594
1086.4096510307	1460.90002441406
1088.98777175629	1450.59997558594
1091.56507880094	1471
1094.14157260208	1474.19995117188
1096.71725359664	1468.09997558594
1099.29212222106	1462.40002441406
1101.86617891125	1458
1104.43942410262	1470.09997558594
1107.01185823011	1475
1109.58348172812	1473.40002441406
1112.15429503057	1480.90002441406
1114.7242985709	1474.5
1117.29349278203	1471.69995117188
1119.86187809642	1492.69995117188
1122.42945494599	1495.19995117188
1124.99622376222	1502.5
1127.56218497606	1518.69995117188
1130.12733901801	1533.40002441406
1132.69168631804	1527.19995117188
1135.25522730568	1543
1137.81796240995	1553.30004882813
1140.37989205941	1566.5
1142.9410166821	1595.80004882813
1145.50133670561	1617.40002441406
1148.06085255708	1672
1150.61956466311	1740.09997558594
1153.17747344987	1863.90002441406
1155.73457934305	1923.80004882813
1158.29088276786	1964.69995117188
1160.84638414903	1919.09997558594
1163.40108391085	1832
1165.95498247711	1739.59997558594
1168.50808027116	1662.90002441406
1171.06037771587	1594.09997558594
1173.61187523364	1565.90002441406
1176.16257324643	1551.09997558594
1178.71247217573	1550.5
1181.26157244255	1543.19995117188
1183.80987446746	1538.40002441406
1186.35737867059	1559.40002441406
1188.90408547157	1568.40002441406
1191.44999528961	1589
1193.99510854347	1588
1196.53942565142	1581.69995117188
1199.08294703133	1556.40002441406
1201.62567310057	1554.09997558594
1204.16760427611	1545.09997558594
1206.70874097445	1543.09997558594
1209.24908361163	1527.80004882813
1211.78863260327	1518.90002441406
1214.32738836454	1522.90002441406
1216.86535131017	1532.59997558594
1219.40252185445	1508.19995117188
1221.93890041121	1477.59997558594
1224.47448739389	1483.09997558594
1227.00928321544	1484.59997558594
1229.54328828842	1485.90002441406
1232.07650302491	1481.19995117188
1234.60892783662	1492.09997558594
1237.14056313477	1508
1239.67140933017	1497.19995117188
1242.2014668332	1507.30004882813
1244.73073605384	1502.69995117188
1247.25921740159	1499.90002441406
1249.78691128558	1500.09997558594
1252.31381811448	1515.19995117188
1254.83993829655	1506.19995117188
1257.36527223962	1515.69995117188
1259.88982035112	1518.80004882813
1262.41358303803	1532.09997558594
1264.93656070696	1526.59997558594
1267.45875376405	1541.69995117188
1269.98016261505	1551.90002441406
1272.50078766531	1560.69995117188
1275.02062931974	1557.09997558594
1277.53968798285	1549
1280.05796405875	1542.30004882813
1282.57545795112	1544.69995117188
1285.09217006325	1523.5
1287.60810079802	1514.09997558594
1290.12325055788	1512.09997558594
1292.63761974492	1514.5
1295.15120876079	1515.59997558594
1297.66401800676	1508.40002441406
1300.17604788367	1519.90002441406
1302.687298792	1510.90002441406
1305.19777113181	1516.90002441406
1307.70746530274	1527.90002441406
1310.21638170408	1529.69995117188
1312.7245207347	1519.90002441406
1315.23188279307	1517.80004882813
1317.73846827728	1508.69995117188
1320.24427758502	1517.90002441406
1322.74931111359	1512.09997558594
1325.25356925991	1501.69995117188
1327.75705242051	1515.90002441406
1330.25976099151	1513.5
1332.76169536868	1511.09997558594
1335.26285594737	1501.59997558594
1337.76324312256	1514.5
1340.26285728887	1506.30004882813
1342.76169884052	1513.69995117188
1345.25976817132	1507.19995117188
1347.75706567474	1508.5
1350.25359174387	1506.30004882813
1352.74934677141	1513.69995117188
1355.24433114968	1524.09997558594
1357.73854527062	1504.30004882813
1360.23198952583	1508.09997558594
1362.7246643065	1510.19995117188
1365.21657000347	1509.40002441406
1367.7077070072	1507.5
1370.19807570777	1488.40002441406
1372.68767649492	1500.80004882813
1375.176509758	1501.40002441406
1377.66457588599	1513.09997558594
1380.15187526753	1507.90002441406
1382.63840829087	1521.90002441406
1385.1241753439	1515.59997558594
1387.60917681417	1516.40002441406
1390.09341308884	1521.69995117188
1392.57688455474	1526.90002441406
1395.05959159829	1513.59997558594
1397.54153460562	1516
1400.02271396243	1527.59997558594
1402.50313005414	1522.40002441406
1404.98278326576	1509.30004882813
1407.46167398196	1518
1409.93980258707	1527.40002441406
1412.41716946504	1519.5
1414.89377499951	1528.40002441406
1417.36961957373	1522.69995117188
1419.84470357062	1524.59997558594
1422.31902737275	1525.80004882813
1424.79259136235	1523.19995117188
1427.26539592129	1530.69995117188
1429.73744143111	1516
1432.20872827299	1530.59997558594
1434.67925682777	1548.19995117188
1437.14902747597	1547.59997558594
1439.61804059773	1557.59997558594
1442.0862965729	1556.80004882813
1444.55379578093	1569.40002441406
1447.02053860099	1557.19995117188
1449.48652541188	1572.5
1451.95175659206	1555.90002441406
1454.41623251969	1569.09997558594
1456.87995357255	1559.30004882813
1459.34292012811	1549.40002441406
1461.80513256351	1548.80004882813
1464.26659125557	1552.5
1466.72729658073	1551.30004882813
1469.18724891517	1564.19995117188
1471.64644863469	1560.09997558594
1474.10489611478	1569.19995117188
1476.5625917306	1565
1479.01953585699	1570.09997558594
1481.47572886844	1560.69995117188
1483.93117113917	1568.80004882813
1486.38586304302	1558.69995117188
1488.83980495354	1596.5
1491.29299724395	1590.80004882813
1493.74544028715	1610.30004882813
1496.19713445573	1634.69995117188
1498.64808012193	1648.69995117188
1501.09827765772	1673.59997558594
1503.54772743471	1723.19995117188
1505.99642982421	1771.69995117188
1508.44438519723	1869.19995117188
1510.89159392446	1951.5
1513.33805637625	2033.90002441406
1515.78377292266	2099
1518.22874393346	2162.5
1520.67296977806	2102.19995117188
1523.11645082559	2063.39990234375
1525.55918744488	1997.59997558594
1528.00118000444	1887.59997558594
1530.44242887245	1807.59997558594
1532.88293441684	1709.90002441406
1535.32269700517	1660.40002441406
1537.76171700475	1626.80004882813
1540.19999478255	1598.5
1542.63753070526	1585
1545.07432513925	1577.40002441406
1547.5103784506	1564.90002441406
1549.94569100509	1575.30004882813
1552.38026316819	1560.90002441406
1554.8140953051	1566.69995117188
1557.24718778067	1559.80004882813
1559.67954095952	1547.30004882813
1562.11115520592	1558.90002441406
1564.54203088386	1545.5
1566.97216835704	1555.80004882813
1569.40156798888	1565.5
1571.83023014248	1565.09997558594
1574.25815518067	1551.5
1576.68534346597	1557.19995117188
1579.11179536062	1548.80004882813
1581.53751122658	1557.59997558594
1583.9624914255	1555
1586.38673631876	1553.5
1588.81024626745	1552.19995117188
1591.23302163235	1564.19995117188
1593.655062774	1543.5
1596.07637005262	1546.19995117188
1598.49694382815	1554.19995117188
1600.91678446025	1553.40002441406
1603.33589230831	1542.19995117188
1605.75426773142	1542.59997558594
1608.1719110884	1551.30004882813
1610.58882273779	1536.69995117188
1613.00500303784	1533.19995117188
1615.42045234654	1531.90002441406
1617.83517102158	1547.19995117188
1620.24915942039	1541.5
1622.66241790012	1529.69995117188
1625.07494681764	1531.59997558594
1627.48674652954	1528.30004882813
1629.89781739216	1541.30004882813
1632.30815976152	1539.30004882813
1634.71777399343	1547.09997558594
1637.12666044338	1538.69995117188
1639.53481946661	1555.40002441406
1641.94225141808	1548.69995117188
1644.34895665248	1534.69995117188
1646.75493552424	1540.69995117188
1649.16018838752	1547.80004882813
1651.56471559621	1536.19995117188
1653.96851750392	1552.30004882813
1656.37159446403	1571.19995117188
1658.7739468296	1557
1661.17557495349	1557.30004882813
1663.57647918824	1550.5
1665.97665988617	1546.5
1668.37611739929	1548.40002441406
1670.77485207939	1549.69995117188
1673.17286427799	1536.40002441406
1675.57015434633	1545.19995117188
1677.96672263542	1530.30004882813
1680.36256949598	1537.09997558594
1682.7576952785	1548
1685.15210033318	1550.5
1687.54578501	1534.69995117188
1689.93874965866	1530.69995117188
1692.33099462861	1540.40002441406
1694.72252026904	1535.19995117188
1697.11332692889	1520.69995117188
1699.50341495686	1526.30004882813
1701.89278470137	1529.19995117188
1704.28143651061	1529.5
1706.66937073251	1541
1709.05658771473	1523.40002441406
1711.44308780473	1522.09997558594
1713.82887134968	1531.59997558594
1716.21393869648	1529
1718.59829019185	1531.5
1720.98192618221	1526
1723.36484701374	1518.59997558594
1725.74705303238	1514.59997558594
1728.12854458384	1519
1730.50932201356	1507.19995117188
1732.88938566673	1529
1735.26873588834	1523.5
1737.64737302307	1524.09997558594
1740.02529741544	1521.80004882813
1742.40250940964	1529.59997558594
1744.77900934969	1529.40002441406
1747.15479757933	1521.30004882813
1749.52987444206	1528.19995117188
1751.90424028116	1518.59997558594
1754.27789543967	1526.69995117188
1756.65084026037	1527.09997558594
1759.02307508582	1516
1761.39460025833	1522
1763.76541612	1529.5
1766.13552301265	1529.80004882813
1768.50492127791	1535.40002441406
1770.87361125714	1530
1773.2415932915	1523.09997558594
1775.60886772188	1516.59997558594
1777.97543488896	1537.90002441406
1780.34129513318	1521.40002441406
1782.70644879475	1521.30004882813
1785.07089621365	1522.40002441406
1787.43463772964	1525.90002441406
1789.7976736822	1521.59997558594
1792.16000441066	1521.69995117188
1794.52163025405	1526.5
1796.88255155121	1522.19995117188
1799.24276864074	1514.5
1801.60228186102	1532.69995117188
1803.96109155019	1520.80004882813
1806.31919804618	1532.19995117188
1808.67660168668	1526.90002441406
1811.03330280916	1530.69995117188
1813.38930175088	1538.30004882813
1815.74459884884	1525.19995117188
1818.09919443984	1533.59997558594
1820.45308886047	1532.69995117188
1822.80628244708	1533.5
1825.1587755358	1519
1827.51056846254	1542.30004882813
1829.86166156297	1529.5
1832.21205517258	1526.69995117188
1834.56174962661	1537
1836.91074526009	1515.5
1839.25904240783	1535.09997558594
1841.60664140443	1522.90002441406
1843.95354258425	1542.80004882813
1846.29974628146	1531.59997558594
1848.64525282998	1522.80004882813
1850.99006256356	1533.30004882813
1853.3341758157	1523.5
1855.67759291968	1514.40002441406
1858.02031420858	1523.5
1860.36234001528	1521.40002441406
1862.70367067241	1535.09997558594
1865.04430651244	1513.5
1867.38424786755	1525.30004882813
1869.72349506978	1540
1872.06204845094	1526.5
1874.39990834258	1521.90002441406
1876.73707507612	1526.90002441406
1879.07354898269	1521.09997558594
1881.40933039328	1531.19995117188
1883.74441963861	1514.19995117188
1886.07881704925	1516
1888.41252295551	1524.90002441406
1890.74553768751	1521.90002441406
1893.07786157519	1524.30004882813
1895.40949494822	1522
1897.74043813615	1503.80004882813
1900.07069146823	1521.5
1902.40025527357	1517
1904.72912988106	1531.09997558594
1907.05731561938	1509.5
1909.38481281699	1528.59997558594
1911.71162180217	1538
1914.037742903	1517
1916.36317644734	1533.40002441406
1918.68792276284	1510.5
1921.01198217697	1516.5
1923.33535501699	1522.30004882813
1925.65804160996	1516
1927.98004228273	1522.30004882813
1930.30135736196	1519.5
1932.6219871741	1509.19995117188
1934.94193204543	1519.09997558594
1937.26119230198	1509.90002441406
1939.57976826962	1541.09997558594
1941.89766027402	1515.59997558594
1944.21486864062	1528.90002441406
1946.53139369472	1519.40002441406
1948.84723576137	1522
1951.16239516543	1536.90002441406
1953.47687223159	1528.69995117188
1955.79066728434	1524.80004882813
1958.10378064794	1525
1960.4162126465	1519.09997558594
1962.7279636039	1521.80004882813
1965.03903384385	1521.40002441406
1967.34942368987	1523.40002441406
1969.65913346524	1515.69995117188
1971.96816349311	1526.19995117188
1974.2765140964	1530.30004882813
1976.58418559784	1518
1978.89117831997	1514.30004882813
1981.19749258516	1516.90002441406
1983.50312871555	1524.5
1985.80808703313	1536.30004882813
1988.11236785967	1528.5
1990.41597151676	1519.69995117188
1992.71889832581	1519.19995117188
1995.02114860801	1525.30004882813
1997.3227226844	1519
1999.62362087581	1528
2001.92384350288	1536.5
2004.22339088608	1528.09997558594
2006.52226334567	1526.90002441406
2008.82046120173	1522.19995117188
2011.11798477417	1525.59997558594
2013.41483438269	1504.30004882813
2015.71101034681	1529.40002441406
2018.00651298588	1523.19995117188
2020.30134261905	1526.30004882813
2022.59549956528	1543.5
2024.88898414337	1536.90002441406
2027.1817966719	1526.59997558594
2029.4739374693	1515.30004882813
2031.76540685379	1518.19995117188
2034.05620514342	1527.09997558594
2036.34633265607	1517.90002441406
2038.6357897094	1519.59997558594
2040.92457662092	1526.69995117188
2043.21269370795	1529.30004882813
2045.50014128763	1532.59997558594
2047.78691967691	1542.09997558594
2050.07302919256	1518
2052.35847015118	1512.59997558594
2054.64324286919	1521.30004882813
2056.9273476628	1513.09997558594
2059.21078484808	1511.5
2061.4935547409	1539.30004882813
2063.77565765696	1517.5
2066.05709391176	1513.90002441406
2068.33786382065	1524.09997558594
2070.61796769879	1502.40002441406
2072.89740586116	1509.90002441406
2075.17617862255	1506.80004882813
2077.45428629759	1522.09997558594
2079.73172920075	1511.90002441406
2082.00850764627	1513.19995117188
2084.28462194827	1526.5
2086.56007242065	1519.90002441406
2088.83485937717	1525.30004882813
2091.10898313139	1524.80004882813
2093.3824439967	1507
2095.65524228632	1519.30004882813
2097.92737831328	1518.19995117188
2100.19885239047	1516.40002441406
2102.46966483057	1527.19995117188
2104.7398159461	1520.5
2107.00930604941	1519
2109.27813545267	1545.40002441406
2111.54630446787	1537.09997558594
2113.81381340685	1528.90002441406
2116.08066258126	1542.30004882813
2118.34685230257	1534.69995117188
2120.61238288211	1539.5
2122.87725463099	1539.69995117188
2125.1414678602	1537.19995117188
2127.40502288052	1535.90002441406
2129.66792000257	1545.19995117188
2131.93015953682	1525.19995117188
2134.19174179353	1520.5
2136.45266708282	1529
2138.71293571463	1542.30004882813
2140.97254799873	1536.40002441406
2143.23150424473	1542.80004882813
2145.48980476205	1542
2147.74744985996	1550.19995117188
2150.00443984754	1545.19995117188
2152.26077503373	1547.59997558594
2154.51645572728	1557.80004882813
2156.77148223677	1544.59997558594
2159.02585487064	1548
2161.27957393713	1556.19995117188
2163.53263974432	1557.09997558594
2165.78505260012	1550.69995117188
2168.0368128123	1568
2170.28792068844	1526.59997558594
2172.53837653595	1534.69995117188
2174.78818066207	1537
2177.03733337389	1541.09997558594
2179.28583497833	1542.19995117188
2181.53368578214	1536.80004882813
2183.78088609192	1516.19995117188
2186.02743621406	1530.80004882813
2188.27333645484	1536.90002441406
2190.51858712033	1534.80004882813
2192.76318851646	1520
2195.00714094901	1526.59997558594
2197.25044472354	1518.59997558594
2199.49310014551	1521.30004882813
2201.73510752018	1526.69995117188
2203.97646715265	1516.90002441406
2206.21717934786	1531.90002441406
2208.45724441058	1525.59997558594
2210.69666264543	1523.40002441406
2212.93543435686	1526.30004882813
2215.17355984914	1524.09997558594
2217.41103942642	1520.40002441406
2219.64787339264	1516.09997558594
2221.8840620516	1514
2224.11960570695	1517.5
2226.35450466215	1514
2228.58875922051	1515.69995117188
2230.82236968518	1497.69995117188
2233.05533635916	1510.40002441406
2235.28765954527	1519.80004882813
2237.51933954617	1507.69995117188
2239.75037666437	1527
2241.98077120221	1523.69995117188
2244.21052346188	1509.40002441406
2246.4396337454	1523.80004882813
2248.66810235461	1515.19995117188
2250.89592959125	1533.5
2253.12311575681	1520.90002441406
2255.34966115272	1517.59997558594
2257.57556608017	1514
2259.80083084023	1513.69995117188
2262.02545573381	1519.30004882813
2264.24944106163	1505.19995117188
2266.47278712429	1531.69995117188
2268.69549422221	1523.59997558594
2270.91756265564	1513.09997558594
2273.1389927247	1532.59997558594
2275.35978472934	1521.40002441406
2277.57993896933	1514.80004882813
2279.79945574431	1529.80004882813
2282.01833535375	1534.30004882813
2284.23657809696	1526.5
2286.45418427309	1525.30004882813
2288.67115418114	1517.30004882813
2290.88748811995	1533.80004882813
2293.10318638819	1529.80004882813
2295.3182492844	1524.90002441406
2297.53267710693	1544.90002441406
2299.746470154	1555.09997558594
2301.95962872364	1551
2304.17215311376	1552.59997558594
2306.3840436221	1555.19995117188
2308.59530054621	1543.30004882813
2310.80592418354	1541.90002441406
2313.01591483134	1562.30004882813
2315.22527278673	1560.40002441406
2317.43399834666	1564.30004882813
2319.64209180791	1537.30004882813
2321.84955346713	1560.40002441406
2324.05638362079	1545.19995117188
2326.26258256524	1538.90002441406
2328.46815059664	1537.40002441406
2330.67308801098	1525.09997558594
2332.87739510415	1536.09997558594
2335.08107217184	1528.69995117188
2337.2841195096	1531.5
2339.48653741281	1505.40002441406
2341.68832617672	1537.69995117188
2343.8894860964	1536.40002441406
2346.09001746678	1539.30004882813
2348.28992058261	1539.30004882813
2350.48919573852	1517.40002441406
2352.68784322898	1522.69995117188
2354.88586334826	1512.69995117188
2357.08325639055	1523
2359.2800226498	1526
2361.47616241988	1511.30004882813
2363.67167599445	1523.5
2365.86656366706	1527.69995117188
2368.06082573107	1515.30004882813
2370.2544624797	1513.69995117188
2372.44747420603	1527.09997558594
2374.63986120295	1521.09997558594
2376.83162376322	1507.90002441406
2379.02276217945	1504.5
2381.21327674408	1511.19995117188
2383.4031677494	1508.80004882813
2385.59243548756	1517.40002441406
2387.78108025053	1493.69995117188
2389.96910233014	1509.19995117188
2392.15650201809	1520
2394.34327960587	1499.69995117188
2396.52943538486	1515.19995117188
2398.71496964628	1511.69995117188
2400.89988268118	1511.90002441406
2403.08417478048	1514
2405.26784623491	1498.69995117188
2407.45089733509	1522.40002441406
2409.63332837146	1496.5
2411.81513963429	1507.69995117188
2413.99633141375	1508.19995117188
2416.1769039998	1515.40002441406
2418.35685768227	1486.5
2420.53619275084	1509.5
2422.71490949505	1507.5
2424.89300820425	1511.19995117188
2427.07048916765	1514.19995117188
2429.24735267433	1507.90002441406
2431.42359901319	1504.90002441406
2433.59922847297	1501.5
2435.7742413423	1509.09997558594
2437.94863790961	1514.69995117188
2440.12241846321	1497.69995117188
2442.29558329121	1494.59997558594
2444.46813268162	1507.30004882813
2446.64006692228	1507.5
2448.81138630086	1488
2450.98209110489	1514.90002441406
2453.15218162174	1502.09997558594
2455.32165813864	1511.80004882813
2457.49052094265	1501.5
2459.65877032069	1511.19995117188
2461.8264065595	1508.90002441406
2463.99342994572	1516.40002441406
2466.15984076579	1519.30004882813
2468.325639306	1515.19995117188
2470.49082585251	1502
2472.65540069131	1524.09997558594
2474.81936410824	1514.5
2476.98271638899	1517.69995117188
2479.14545781909	1514.40002441406
2481.30758868392	1510.40002441406
2483.4691092687	1516.5
2485.63001985852	1503.5
2487.79032073829	1521
2489.95001219277	1498.80004882813
2492.10909450659	1508.30004882813
2494.26756796419	1510.19995117188
2496.42543284989	1512.40002441406
2498.58268944783	1503.80004882813
2500.73933804202	1509.09997558594
2502.8953789163	1521.90002441406
2505.05081235436	1509.90002441406
2507.20563863974	1510.90002441406
2509.35985805582	1530.40002441406
2511.51347088583	1518.90002441406
2513.66647741285	1522.59997558594
2515.81887791981	1529.59997558594
2517.97067268946	1517.90002441406
2520.12186200443	1542.30004882813
2522.27244614716	1547.09997558594
2524.42242539999	1519.5
2526.57180004504	1519.90002441406
2528.72057036433	1513.69995117188
2530.8687366397	1513.09997558594
2533.01629915284	1516.80004882813
2535.16325818527	1489.90002441406
2537.30961401839	1505.59997558594
2539.45536693343	1508.30004882813
2541.60051721145	1493.80004882813
2543.74506513338	1494.69995117188
2545.88901097997	1494.80004882813
2548.03235503185	1488.09997558594
2550.17509756946	1483.59997558594
2552.31723887311	1504.90002441406
2554.45877922293	1481.30004882813
2556.59971889893	1492.40002441406
2558.74005818094	1481.5
2560.87979734864	1470.69995117188
2563.01893668155	1491.69995117188
2565.15747645906	1489.40002441406
2567.29541696037	1485.90002441406
2569.43275846454	1485.59997558594
2571.56950125049	1483.59997558594
2573.70564559696	1476.5
2575.84119178254	1481.19995117188
2577.97614008569	1481.19995117188
2580.11049078468	1459.80004882813
2582.24424415764	1481.69995117188
2584.37740048255	1490.09997558594
2586.50996003722	1498.30004882813
2588.64192309931	1482.30004882813
2590.77328994634	1482.80004882813
2592.90406085564	1480.69995117188
2595.03423610442	1480.59997558594
2597.16381596971	1478.19995117188
2599.29280072839	1486.09997558594
2601.42119065719	1489
2603.54898603267	1499.90002441406
2605.67618713125	1480.40002441406
2607.80279422919	1488.80004882813
2609.92880760257	1480.5
2612.05422752735	1486.40002441406
2614.17905427932	1493.80004882813
2616.30328813408	1497.5
2618.42692936713	1499.09997558594
2620.54997825377	1484.69995117188
2622.67243506915	1508.40002441406
2624.79430008828	1493.09997558594
2626.915573586	1494.80004882813
2629.03625583699	1513.19995117188
2631.15634711579	1502.5
2633.27584769675	1498.69995117188
2635.39475785408	1509.40002441406
2637.51307786185	1507.30004882813
2639.63080799394	1520.09997558594
2641.74794852409	1504.5
2643.86449972589	1515.09997558594
2645.98046187273	1532.40002441406
2648.0958352379	1517.90002441406
2650.21062009449	1518
2652.32481671544	1522.30004882813
2654.43842537353	1537.09997558594
2656.5514463414	1538
2658.66387989151	1546.80004882813
2660.77572629616	1564
2662.88698582751	1554.59997558594
2664.99765875753	1570
2667.10774535806	1574.40002441406
2669.21724590076	1581.40002441406
2671.32616065714	1552.09997558594
2673.43448989857	1552.19995117188
2675.5422338962	1551
2677.64939292108	1563.19995117188
2679.75596724408	1524.90002441406
2681.86195713589	1540.80004882813
2683.96736286707	1523.80004882813
2686.07218470799	1523.80004882813
2688.17642292889	1501.30004882813
2690.28007779982	1503.5
2692.38314959069	1508.40002441406
2694.48563857123	1488
2696.58754501103	1499.19995117188
2698.6888691795	1490.09997558594
2700.78961134588	1501.90002441406
2702.8897717793	1492.19995117188
2704.98935074864	1481.09997558594
2707.08834852271	1486.5
2709.18676537009	1489.40002441406
2711.28460155925	1498.80004882813
2713.38185735843	1497.30004882813
2715.47853303577	1481.69995117188
2717.57462885924	1472.30004882813
2719.67014509659	1479.90002441406
2721.76508201548	1481.5
2723.85943988337	1479.09997558594
2725.95321896754	1479.69995117188
2728.04641953515	1475.09997558594
2730.13904185316	1469.5
2732.23108618837	1476.59997558594
2734.32255280744	1474.80004882813
2736.41344197683	1474.19995117188
2738.50375396288	1469.19995117188
2740.5934890317	1458.09997558594
2742.68264744932	1465.69995117188
2744.77122948153	1460.09997558594
2746.85923539398	1461.30004882813
2748.94666545217	1459.90002441406
2751.03351992142	1465.19995117188
2753.11979906688	1466.90002441406
2755.20550315355	1463.90002441406
2757.29063244624	1469.09997558594
2759.37518720963	1461.30004882813
2761.45916770819	1453.09997558594
2763.54257420625	1456.90002441406
2765.62540696797	1468
2767.70766625733	1454.40002441406
2769.78935233816	1461
2771.87046547413	1467.90002441406
2773.95100592869	1450.90002441406
2776.03097396519	1469.40002441406
2778.11036984677	1462.80004882813
2780.18919383641	1448.69995117188
2782.26744619693	1458.40002441406
2784.34512719097	1460.69995117188
2786.42223708102	1465.59997558594
2788.49877612937	1457.19995117188
2790.57474459816	1470.5
2792.65014274937	1467.80004882813
2794.7249708448	1464.09997558594
2796.79922914607	1450.40002441406
2798.87291791465	1459.19995117188
2800.94603741181	1451.09997558594
2803.01858789869	1455.19995117188
2805.09056963623	1461.19995117188
2807.1619828852	1454.80004882813
2809.23282790621	1446.30004882813
2811.30310495971	1441.80004882813
2813.37281430593	1458.09997558594
2815.441956205	1450.5
2817.51053091682	1461.69995117188
2819.57853870114	1451.5
2821.64597981753	1452.30004882813
2823.7128545254	1454.59997558594
2825.77916308399	1453
2827.84490575233	1463.09997558594
2829.91008278933	1455.19995117188
2831.97469445369	1457.59997558594
2834.03874100395	1458.59997558594
2836.10222269847	1451.5
2838.16513979544	1448.19995117188
2840.22749255288	1452.30004882813
2842.28928122863	1474.40002441406
2844.35050608034	1469.5
2846.41116736553	1479.80004882813
2848.47126534149	1470.09997558594
2850.53080026537	1472.40002441406
2852.58977239414	1480.80004882813
2854.64818198459	1486.40002441406
2856.70602929332	1471.09997558594
2858.76331457678	1469.40002441406
2860.82003809123	1489.09997558594
2862.87620009274	1484.59997558594
2864.93180083723	1487.90002441406
2866.98684058043	1475.80004882813
2869.04131957789	1489.90002441406
2871.09523808497	1491.80004882813
2873.14859635689	1501.69995117188
2875.20139464866	1498.80004882813
2877.2536332151	1497.90002441406
2879.30531231091	1501.90002441406
2881.35643219054	1499.90002441406
2883.40699310831	1494.80004882813
2885.45699531834	1496.30004882813
2887.50643907457	1495.40002441406
2889.55532463077	1493.40002441406
2891.60365224053	1494.40002441406
2893.65142215724	1509.80004882813
2895.69863463414	1491.5
2897.74528992426	1501.69995117188
2899.79138828046	1498.5
2901.83692995544	1500.40002441406
2903.88191520168	1490
2905.92634427151	1499.09997558594
2907.97021741706	1488
2910.01353489027	1498.69995117188
2912.05629694294	1499.90002441406
2914.09850382663	1496.40002441406
2916.14015579276	1511.80004882813
2918.18125309254	1507.09997558594
2920.22179597702	1524.59997558594
2922.26178469705	1511.5
2924.30121950329	1533.59997558594
2926.34010064624	1524.30004882813
2928.37842837619	1526.90002441406
2930.41620294326	1519.90002441406
2932.45342459737	1529
2934.49009358828	1532.30004882813
2936.52621016555	1528.19995117188
2938.56177457854	1512.30004882813
2940.59678707645	1519.09997558594
2942.63124790827	1513.90002441406
2944.66515732282	1528
2946.69851556873	1510.59997558594
2948.73132289443	1499.09997558594
2950.76357954817	1509.5
2952.79528577803	1496.09997558594
2954.82644183188	1493.09997558594
2956.85704795741	1481.5
2958.8871044021	1493.90002441406
2960.91661141328	1494.40002441406
2962.94556923807	1484.40002441406
2964.97397812339	1479.80004882813
2967.00183831598	1479.80004882813
2969.0291500624	1481.90002441406
2971.05591360902	1485.09997558594
2973.08212920199	1493.69995117188
2975.1077970873	1480.59997558594
2977.13291751074	1482.19995117188
2979.1574907179	1467.69995117188
2981.18151695419	1477.80004882813
2983.20499646482	1480.69995117188
2985.2279294948	1478
2987.25031628898	1483.69995117188
2989.27215709199	1459.69995117188
2991.29345214825	1468.09997558594
2993.31420170204	1465.90002441406
2995.33440599738	1457.80004882813
2997.35406527816	1453.59997558594
2999.37317978802	1459.69995117188
3001.39174977045	1464.90002441406
3003.40977546872	1464
3005.42725712591	1458.69995117188
3007.44419498491	1481.30004882813
3009.4605892884	1463.5
3011.47644027889	1451.19995117188
3013.49174819865	1455.19995117188
3015.5065132898	1453.19995117188
3017.52073579424	1453.40002441406
3019.53441595366	1471.40002441406
3021.54755400959	1467.69995117188
3023.56015020332	1466.19995117188
3025.57220477598	1462.40002441406
3027.58371796846	1458.40002441406
3029.5946900215	1476.09997558594
3031.6051211756	1459.69995117188
3033.61501167107	1461.90002441406
3035.62436174803	1461.59997558594
3037.6331716464	1466.69995117188
3039.64144160588	1461.90002441406
3041.649171866	1444.80004882813
3043.65636266607	1465.09997558594
3045.6630142452	1442.69995117188
3047.66912684229	1427.69995117188
3049.67470069605	1443
3051.679736045	1435.30004882813
3053.68423312742	1444.90002441406
3055.68819218143	1441.80004882813
3057.6916134449	1418.59997558594
3059.69449715556	1435.69995117188
3061.69684355086	1432.09997558594
3063.6986528681	1430.80004882813
3065.69992534437	1424.69995117188
3067.70066121653	1428.5
3069.70086072126	1429.30004882813
3071.700524095	1439.80004882813
3073.69965157405	1433.80004882813
3075.69824339442	1421.30004882813
3077.69629979197	1423.40002441406
3079.69382100235	1432.5
3081.69080726098	1425.80004882813
3083.68725880307	1419.30004882813
3085.68317586366	1413.40002441406
3087.67855867755	1420.19995117188
3089.67340747933	1419.09997558594
3091.6677225034	1421
3093.66150398392	1417
3095.6547521549	1412.19995117188
3097.64746725006	1417.59997558594
3099.63964950297	1429.80004882813
3101.63129914698	1417.19995117188
3103.6224164152	1422
3105.61300154056	1422.69995117188
3107.60305475576	1421.80004882813
3109.59257629331	1425.30004882813
3111.58156638547	1419.90002441406
3113.57002526432	1425.69995117188
3115.55795316172	1420.59997558594
3117.54535030932	1426.59997558594
3119.53221693853	1418.30004882813
3121.51855328057	1410
3123.50435956646	1418.69995117188
3125.48963602698	1407.40002441406
3127.4743828927	1420
3129.45860039397	1427
3131.44228876093	1396.69995117188
3133.42544822353	1422.90002441406
3135.40807901145	1417.5
3137.39018135418	1427.69995117188
3139.37175548102	1420.69995117188
3141.35280162101	1420.09997558594
3143.33332000299	1423.19995117188
3145.31331085559	1418.5
3147.2927744072	1405.69995117188
3149.27171088602	1419.09997558594
3151.25012052	1417.19995117188
3153.22800353689	1407.80004882813
3155.20536016422	1408.5
3157.18219062929	1412.40002441406
3159.15849515918	1406.09997558594
3161.13427398075	1417
3163.10952732066	1405.30004882813
3165.08425540532	1407.69995117188
3167.05845846092	1422
3169.03213671344	1415.5
3171.00529038863	1410.19995117188
3172.97791971203	1417.59997558594
3174.95002490893	1413.90002441406
3176.92160620443	1427.69995117188
3178.89266382337	1411.5
3180.8631979904	1412
3182.83320892991	1420.40002441406
3184.80269686609	1421.30004882813
3186.77166202289	1412.90002441406
3188.74010462406	1419.19995117188
3190.70802489307	1414.90002441406
3192.67542305323	1414.80004882813
3194.64229932757	1414.09997558594
3196.60865393892	1409.30004882813
3198.57448710987	1418.69995117188
3200.53979906279	1417.09997558594
3202.50459001981	1415.30004882813
3204.46886020284	1422.40002441406
3206.43260983356	1406.59997558594
3208.39583913341	1416
3210.35854832362	1422.90002441406
3212.32073762517	1416.59997558594
3214.28240725881	1424.5
3216.24355744508	1419.40002441406
3218.20418840426	1415.5
3220.16430035642	1404.30004882813
3222.12389352137	1407
3224.08296811873	1416.09997558594
3226.04152436784	1422
3227.99956248784	1418.30004882813
3229.95708269762	1411.90002441406
3231.91408521584	1411.69995117188
3233.87057026092	1421.09997558594
3235.82653805105	1407.5
3237.78198880419	1418.30004882813
3239.73692273806	1417.59997558594
3241.69134007013	1424.5
3243.64524101764	1425.19995117188
3245.59862579761	1419.59997558594
3247.55149462681	1416.40002441406
3249.50384772176	1417.59997558594
3251.45568529877	1425.5
3253.40700757387	1430.59997558594
3255.35781476288	1422.59997558594
3257.3081070814	1422.80004882813
3259.25788474473	1421.90002441406
3261.20714796799	1419.69995117188
3263.15589696602	1417.30004882813
3265.10413195345	1426.90002441406
3267.05185314463	1426.40002441406
3268.9990607537	1423.09997558594
3270.94575499455	1421.30004882813
3272.89193608081	1417.80004882813
3274.8376042259	1423.30004882813
3276.78275964296	1422.09997558594
3278.72740254492	1412.80004882813
3280.67153314443	1424.80004882813
3282.61515165393	1415.69995117188
3284.55825828559	1428.40002441406
3286.50085325135	1417.90002441406
3288.44293676289	1409.90002441406
3290.38450903165	1409.19995117188
3292.32557026883	1409.40002441406
3294.26612068537	1408
3296.20616049198	1401.19995117188
3298.14568989911	1431.5
3300.08470911695	1425.69995117188
3302.02321835546	1423.30004882813
3303.96121782435	1426.30004882813
3305.89870773306	1413.30004882813
3307.83568829081	1407.40002441406
3309.77215970655	1426
3311.70812218898	1412.09997558594
3313.64357594655	1399.40002441406
3315.57852118747	1411.5
3317.51295811968	1423.80004882813
3319.44688695087	1415.19995117188
3321.38030788849	1413.59997558594
3323.31322113973	1406.90002441406
3325.24562691152	1419.5
3327.17752541055	1417.59997558594
3329.10891684322	1417.09997558594
3331.03980141573	1411.69995117188
3332.97017933399	1403.90002441406
3334.90005080364	1406.69995117188
3336.82941603011	1411.09997558594
3338.75827521852	1413.09997558594
3340.68662857377	1415.19995117188
3342.6144763005	1402.59997558594
3344.54181860308	1410.59997558594
3346.46865568561	1418.69995117188
3348.39498775195	1406
3350.32081500571	1405.40002441406
3352.24613765022	1427.5
3354.17095588855	1413.5
3356.09526992352	1409.90002441406
3358.01907995769	1414
3359.94238619334	1418.5
3361.86518883251	1419
3363.78748807697	1409
3365.70928412823	1415.80004882813
3367.63057718752	1409
3369.55136745582	1407.59997558594
3371.47165513386	1407.90002441406
3373.39144042208	1401.5
3375.31072352066	1403
3377.22950462953	1415.30004882813
3379.14778394834	1398.59997558594
3381.06556167648	1398.69995117188
3382.98283801308	1423
3384.89961315697	1399.30004882813
3386.81588730676	1397.30004882813
3388.73166066076	1402.69995117188
3390.64693341702	1412.5
3392.56170577332	1416.69995117188
3394.47597792716	1406.30004882813
3396.38975007581	1396.30004882813
3398.30302241623	1401.69995117188
3400.21579514512	1403.40002441406
3402.1280684589	1406.80004882813
3404.03984255374	1402.90002441406
3405.95111762553	1409
3407.86189386987	1416.19995117188
3409.77217148212	1392.19995117188
3411.68195065733	1392
3413.5912315903	1415.09997558594
3415.50001447556	1401.40002441406
3417.40829950735	1399.5
3419.31608687963	1399
3421.22337678611	1398.09997558594
3423.1301694202	1397.5
3425.03646497504	1395.69995117188
3426.9422636435	1404.90002441406
3428.84756561816	1397.19995117188
3430.75237109135	1399.69995117188
3432.65668025508	1389.90002441406
3434.56049330112	1410.69995117188
3436.46381042093	1396.5
3438.36663180571	1394.69995117188
3440.26895764638	1404.5
3442.17078813357	1400.59997558594
3444.07212345762	1403.69995117188
3445.97296380863	1396
3447.87330937636	1400.59997558594
3449.77316035033	1399.09997558594
3451.67251691977	1390.40002441406
3453.57137927361	1418.59997558594
3455.46974760052	1399.69995117188
3457.36762208886	1398.40002441406
3459.26500292671	1395.90002441406
3461.16189030191	1395.80004882813
3463.05828440194	1389.40002441406
3464.95418541406	1390.59997558594
3466.84959352519	1401.90002441406
3468.74450892201	1396.30004882813
3470.63893179088	1396.5
3472.53286231788	1398.30004882813
3474.42630068881	1398.19995117188
3476.31924708918	1387.40002441406
3478.2117017042	1376.59997558594
3480.1036647188	1397
3481.99513631761	1398.80004882813
3483.88611668498	1389.30004882813
3485.77660600498	1390.30004882813
3487.66660446135	1386.90002441406
3489.55611223758	1392
3491.44512951683	1393.80004882813
3493.333656482	1403.19995117188
3495.22169331568	1403.69995117188
3497.10924020016	1393.40002441406
3498.99629731746	1382
3500.88286484927	1386.59997558594
3502.76894297702	1390
3504.65453188182	1386.59997558594
3506.53963174449	1387
3508.42424274555	1380.09997558594
3510.30836506524	1371.80004882813
3512.19199888349	1398.40002441406
3514.07514437992	1378.19995117188
3515.95780173387	1375.69995117188
3517.83997112437	1373.5
3519.72165273016	1377.19995117188
3521.60284672967	1373
3523.48355330104	1378.59997558594
3525.36377262208	1380.30004882813
3527.24350487035	1379.59997558594
3529.12275022306	1370
3531.00150885715	1369.09997558594
3532.87978094923	1377.59997558594
3534.75756667562	1364.59997558594
3536.63486621235	1370.59997558594
3538.51167973512	1369.30004882813
3540.38800741934	1377
3542.26384944011	1371.5
3544.13920597223	1364
3546.01407719018	1355.40002441406
3547.88846326815	1367.09997558594
3549.76236438002	1372.19995117188
3551.63578069934	1362.30004882813
3553.50871239938	1371.40002441406
3555.38115965309	1364.19995117188
3557.25312263311	1360.30004882813
3559.12460151177	1349.40002441406
3560.99559646109	1356.80004882813
3562.86610765279	1360.09997558594
3564.73613525825	1357.90002441406
3566.60567944857	1370.69995117188
3568.47474039453	1362.80004882813
3570.34331826658	1354
3572.21141323487	1373.09997558594
3574.07902546925	1357.69995117188
3575.94615513922	1374
3577.81280241401	1353.59997558594
3579.67896746249	1358.30004882813
3581.54465045325	1374
3583.40985155455	1359.30004882813
3585.27457093432	1351.69995117188
3587.1388087602	1362.40002441406
3589.00256519949	1353.09997558594
3590.86584041919	1359.40002441406
3592.72863458597	1361.80004882813
3594.59094786618	1365.59997558594
3596.45278042585	1354.19995117188
3598.31413243069	1364.09997558594
3600.17500404611	1361.5
3602.03539543717	1353.80004882813
3603.89530676861	1357.90002441406
3605.75473820488	1353.5
3607.61368991007	1351.19995117188
3609.47216204797	1355
3611.33015478203	1348.30004882813
3613.18766827539	1346
3615.04470269087	1359.40002441406
3616.90125819094	1357
3618.75733493776	1347.59997558594
3620.61293309318	1358
3622.46805281869	1349.69995117188
3624.32269427547	1344.80004882813
3626.17685762439	1361.59997558594
3628.03054302596	1354.59997558594
3629.88375064038	1347.80004882813
3631.73648062751	1342.19995117188
3633.5887331469	1362.5
3635.44050835775	1352.90002441406
3637.29180641893	1353.5
3639.14262748899	1356.19995117188
3640.99297172614	1349.09997558594
3642.84283928828	1339.59997558594
3644.69223033294	1357.5
3646.54114501734	1348.40002441406
3648.38958349836	1341.40002441406
3650.23754593256	1355.80004882813
3652.08503247614	1343.80004882813
3653.93204328497	1345
3655.77857851462	1353.30004882813
3657.62463832028	1345.69995117188
3659.47022285682	1356.69995117188
3661.31533227877	1343.30004882813
3663.15996674033	1338.40002441406
3665.00412639535	1343.80004882813
3666.84781139736	1340.30004882813
3668.69102189953	1342.80004882813
3670.5337580547	1338.80004882813
3672.37602001537	1343
3674.21780793368	1331.69995117188
3676.05912196148	1333.19995117188
3677.89996225021	1332.19995117188
3679.74032895103	1336.59997558594
3681.58022221471	1355.40002441406
3683.41964219171	1341.19995117188
3685.25858903211	1337.5
3687.0970628857	1336.80004882813
3688.93506390186	1332.59997558594
3690.77259222968	1332.40002441406
3692.60964801787	1333.59997558594
3694.44623141481	1332.30004882813
3696.28234256853	1332
3698.11798162669	1338.5
3699.95314873665	1329.09997558594
3701.78784404537	1336.19995117188
3703.62206769951	1339.19995117188
3705.45581984533	1328.59997558594
3707.28910062877	1335.69995117188
3709.12191019542	1324.69995117188
3710.95424869052	1325.69995117188
3712.78611625894	1329.5
3714.6175130452	1329.40002441406
3716.44843919349	1334.19995117188
3718.27889484764	1335.40002441406
3720.1088801511	1315.40002441406
3721.93839524699	1331.59997558594
3723.76744027808	1338.09997558594
3725.59601538677	1324
3727.4241207151	1341.19995117188
