40.2973356941271	1135.09997558594
43.2236257608418	1134.40002441406
46.1488808466109	1141.40002441406
49.0731017336173	1144.90002441406
51.9962892025666	1148.19995117188
54.9184440327569	1156.90002441406
57.8395670020446	1158.30004882813
60.7596588868509	1163.40002441406
63.6787204621708	1167.5
66.5967525015794	1184.80004882813
69.5137557772381	1196
72.4297310598838	1217.5
75.3446791188512	1229.59997558594
78.2586007220466	1257.59997558594
81.1714966360015	1290
84.0833676258266	1332.80004882813
86.994214455242	1386.5
89.9040378865662	1425.59997558594
92.8128386807427	1492.59997558594
95.7206175973133	1507.69995117188
98.6273753944444	1538.59997558594
101.533112828928	1560.40002441406
104.437830656161	1577.90002441406
107.34152963018	1584
110.244210503676	1582.90002441406
113.145874027931	1571.69995117188
116.046520952895	1552.69995117188
118.946152027154	1549.09997558594
121.844767997933	1547.40002441406
124.74236961111	1551.30004882813
127.638957611212	1538.40002441406
130.534532741422	1540.90002441406
133.429095743606	1547.19995117188
136.322647358252	1529.19995117188
139.215188324544	1537.5
142.106719380311	1540.09997558594
144.997241262089	1545.30004882813
147.886754705057	1549.19995117188
150.775260443096	1529.09997558594
153.662759208748	1540.5
156.549251733282	1535.90002441406
159.434738746612	1534.40002441406
162.319220977376	1546.59997558594
165.20269915289	1525.5
168.085173999178	1518.40002441406
170.966646240977	1504.19995117188
173.847116601709	1510.80004882813
176.726585803528	1506.80004882813
179.605054567295	1515.80004882813
182.48252361259	1504.09997558594
185.358993657701	1490.59997558594
188.234465419645	1488.69995117188
191.108939614183	1486.90002441406
193.982416955795	1490.69995117188
196.854898157687	1475.69995117188
199.726383931801	1486.5
202.596874988835	1491.5
205.466372038225	1486
208.334875788145	1478.90002441406
211.202386945534	1496.30004882813
214.068906216069	1483.5
216.934434304194	1485.80004882813
219.798971913111	1491.69995117188
222.662519744776	1477.5
225.525078499925	1495.90002441406
228.386648878069	1483.5
231.247231577465	1493.30004882813
234.106827295172	1474.40002441406
236.965436727012	1479.80004882813
239.823060567597	1472.69995117188
242.679699510337	1472.40002441406
245.535354247396	1469.59997558594
248.390025469775	1467.80004882813
251.243713867223	1479.30004882813
254.096420128327	1471.30004882813
256.948144940459	1468.5
259.798888989788	1476.5
262.648652961315	1458.30004882813
265.49743753883	1466.90002441406
268.345243404939	1459
271.192071241073	1472.09997558594
274.037921727485	1452.09997558594
276.882795543246	1468.90002441406
279.72669336624	1456.90002441406
282.569615873213	1467.90002441406
285.411563739724	1438.5
288.252537640165	1458.80004882813
291.092538247763	1448.90002441406
293.931566234616	1465.19995117188
296.769622271633	1465
299.606707028594	1455.90002441406
302.442821174104	1459.19995117188
305.277965375652	1451.90002441406
308.112140299574	1452.5
310.945346611062	1465
313.777584974167	1469
316.608856051813	1462.5
319.439160505797	1466.19995117188
322.268498996783	1461.80004882813
325.096872184303	1466.5
327.924280726782	1470
330.750725281521	1473.59997558594
333.576206504693	1473.40002441406
336.400725051388	1469
339.224281575542	1472.30004882813
342.046876730026	1456.80004882813
344.868511166586	1461.69995117188
347.689185535872	1460.80004882813
350.508900487421	1456.90002441406
353.327656669699	1471
356.145454730079	1463.59997558594
358.962295314817	1477.19995117188
361.778179069105	1454.69995117188
364.593106637051	1459.40002441406
367.407078661675	1449.5
370.220095784913	1463.40002441406
373.032158647655	1465.30004882813
375.843267889676	1460.69995117188
378.653424149715	1469.30004882813
381.462628065436	1464.5
384.270880273432	1458.80004882813
387.078181409254	1459.09997558594
389.884532107358	1470.19995117188
392.689933001188	1482.40002441406
395.494384723112	1478
398.29788790445	1489.80004882813
401.100443175488	1473.90002441406
403.902051165437	1474.30004882813
406.702712502518	1471.80004882813
409.502427813866	1474.80004882813
412.301197725607	1488
415.099022862823	1473.80004882813
417.89590384957	1477.09997558594
420.691841308876	1474.19995117188
423.486835862752	1481
426.280888132173	1484.59997558594
429.073998737112	1481.5
431.866168296507	1477.40002441406
434.657397428298	1479.09997558594
437.447686749412	1487.09997558594
440.237036875762	1488.5
443.025448422257	1487.69995117188
445.812922002813	1486.90002441406
448.599458230326	1470.90002441406
451.38505771672	1488.90002441406
454.169721072909	1484.19995117188
456.953448908819	1485.59997558594
459.736241833384	1485
462.518100454555	1486.90002441406
465.2990253793	1488.19995117188
468.079017213605	1491.69995117188
470.858076562476	1478.5
473.636204029939	1499.40002441406
476.41340021906	1503.09997558594
479.189665731938	1482.40002441406
481.965001169667	1472.59997558594
484.739407132419	1493.5
487.512884219391	1491
490.285433028796	1489.19995117188
493.057054157921	1497.90002441406
495.827748203087	1490.40002441406
498.597515759658	1499.40002441406
501.366357422061	1487.09997558594
504.134273783759	1491.90002441406
506.901265437278	1491.30004882813
509.66733297421	1488.30004882813
512.432476985198	1495.80004882813
515.196698059945	1500.09997558594
517.959996787225	1507.30004882813
520.722373754895	1504.30004882813
523.483829549856	1490.90002441406
526.24436475811	1493.80004882813
529.003979964696	1495.59997558594
531.762675753779	1505
534.520452708569	1502.69995117188
537.277311411375	1511.80004882813
540.03325244359	1485.5
542.788276385682	1497.69995117188
545.54238381725	1498.69995117188
548.295575316938	1507.19995117188
551.047851462516	1493.30004882813
553.799212830831	1490.90002441406
556.549659997851	1508.40002441406
559.299193538643	1502.90002441406
562.047814027381	1499
564.795522037318	1488.90002441406
567.542318140861	1499.5
570.288202909507	1501.80004882813
573.033176913873	1485.5
575.7772407237	1486.5
578.520394907829	1489.19995117188
581.26264003424	1500.69995117188
584.003976670046	1503.80004882813
586.744405381469	1510.80004882813
589.483926733869	1518.80004882813
592.222541291746	1513.59997558594
594.96024961872	1522.80004882813
597.697052277563	1487.80004882813
600.432949830166	1506.19995117188
603.167942837587	1509.69995117188
605.902031860012	1494.69995117188
608.635217456783	1511.69995117188
611.367500186378	1516.40002441406
614.098880606429	1525.09997558594
616.82935927374	1508
619.558936744248	1522.40002441406
622.287613573072	1510
625.015390314457	1512.19995117188
627.742267521848	1515.09997558594
630.468245747829	1511.09997558594
633.193325544166	1507.09997558594
635.917507461792	1511
638.640792050804	1510.69995117188
641.36317986048	1506.5
644.084671439281	1503
646.805267334845	1518.90002441406
649.524968093967	1508
652.24377426266	1506.80004882813
654.961686386106	1515.09997558594
657.678705008678	1508.40002441406
660.394830673939	1512.80004882813
663.110063924628	1520.69995117188
665.824405302728	1523.30004882813
668.537855349351	1505.59997558594
671.250414604863	1502.5
673.962083608812	1502.90002441406
676.672862899949	1520.90002441406
679.382753016218	1527.19995117188
682.091754494801	1527.80004882813
684.799867872061	1537
687.507093683595	1515.69995117188
690.213432464198	1533.59997558594
692.918884747899	1532.59997558594
695.623451067937	1523.59997558594
698.327131956755	1525.19995117188
701.029927946065	1525.80004882813
703.731839566754	1531.40002441406
706.43286734896	1535.69995117188
709.133011822067	1533.90002441406
711.832273514658	1522.80004882813
714.53065295457	1532.09997558594
717.228150668879	1530.40002441406
719.924767183889	1545.40002441406
722.620503025148	1538.69995117188
725.315358717446	1538.80004882813
728.009334784827	1540.09997558594
730.702431750559	1529.5
733.394650137188	1532.19995117188
736.085990466498	1529.59997558594
738.776453259519	1536.59997558594
741.466039036542	1538
744.154748317125	1536.19995117188
746.842581620074	1532.90002441406
749.529539463458	1550.09997558594
752.215622364608	1515.19995117188
754.900830840131	1528.09997558594
757.585165405892	1546.69995117188
760.26862657703	1539.80004882813
762.951214867957	1532
765.632930792356	1547.09997558594
768.313774863181	1525.19995117188
770.993747592673	1536.5
773.672849492359	1536.30004882813
776.351081073017	1534
779.028442844757	1524.09997558594
781.704935316928	1530.59997558594
784.380558998208	1528.59997558594
787.055314396528	1535.40002441406
789.729202019141	1530
792.402222372581	1540.19995117188
795.074375962669	1528.40002441406
797.745663294537	1523.59997558594
800.416084872622	1529
803.085641200652	1534.09997558594
805.754332781664	1529
808.422160117986	1543.5
811.089123711292	1545.69995117188
813.75522406252	1537.80004882813
816.420461671951	1556.30004882813
819.084837039164	1552.80004882813
821.748350663067	1530.59997558594
824.411003041866	1552.90002441406
827.072794673116	1562.80004882813
829.733726053668	1567
832.39379767971	1552.30004882813
835.05301004674	1566.80004882813
837.711363649601	1556.80004882813
840.368858982457	1551.30004882813
843.025496538805	1563.80004882813
845.681276811467	1556.90002441406
848.336200292618	1573.59997558594
850.99026747375	1578.40002441406
853.643478845713	1583.40002441406
856.29583489868	1582.90002441406
858.947336122176	1569.19995117188
861.59798300506	1598.5
864.247776035556	1575
866.896715701222	1567.5
869.544802488959	1589.5
872.192036885046	1585.30004882813
874.838419375087	1585.59997558594
877.483950444054	1597.69995117188
880.128630576285	1586.90002441406
882.772460255461	1581.59997558594
885.415439964628	1581.40002441406
888.057570186211	1581.69995117188
890.698851401966	1577.69995117188
893.339284093045	1587.19995117188
895.978868739961	1566.30004882813
898.617605822596	1579.5
901.255495820196	1575.19995117188
903.892539211396	1581.80004882813
906.528736474184	1588.80004882813
909.164088085949	1587
911.798594523442	1582.90002441406
914.432256262804	1593.19995117188
917.065073779549	1602.30004882813
919.697047548589	1596
922.328178044212	1586.90002441406
924.9584657401	1606.59997558594
927.587911109317	1594
930.216514624317	1608.59997558594
932.844276756963	1600.69995117188
935.471197978488	1620.80004882813
938.097278759538	1599.09997558594
940.722519570163	1605.19995117188
943.346920879798	1611.09997558594
945.97048315729	1611.19995117188
948.593206870885	1623.40002441406
951.215092488219	1639.30004882813
953.836140476366	1639.40002441406
956.456351301787	1630.19995117188
959.07572543037	1626.59997558594
961.694263327369	1634.69995117188
964.311965457521	1655.90002441406
966.928832284933	1642.5
969.544864273135	1648
972.160061885076	1650.69995117188
974.774425583129	1627.09997558594
977.387955829099	1630.09997558594
980.000653084196	1621
982.612517809061	1628.59997558594
985.223550463768	1632.90002441406
987.833751507819	1620.80004882813
990.443121400135	1664.5
993.051660599081	1646
995.659369562449	1668.80004882813
998.266248747469	1676.40002441406
1000.87229861081	1724.09997558594
1003.47751960857	1747.80004882813
1006.0819121963	1780.40002441406
1008.68547682897	1740.80004882813
1011.28821396104	1717.09997558594
1013.89012404635	1687.30004882813
1016.49120753824	1677.80004882813
1019.09146488947	1663.69995117188
1021.69089655226	1641.30004882813
1024.28950297827	1647.5
1026.88728461863	1646.80004882813
1029.48424192392	1643
1032.08037534416	1645
1034.67568532886	1646.5
1037.27017232694	1652.80004882813
1039.86383678682	1628.5
1042.45667915637	1628.69995117188
1045.04869988293	1636.09997558594
1047.6398994133	1627.59997558594
1050.23027819374	1632.80004882813
1052.81983666998	1639.5
1055.40857528724	1649
1057.99649449018	1625.80004882813
1060.58359472296	1626.90002441406
1063.1698764292	1634
1065.755340052	1614.09997558594
1068.33998603393	1631.09997558594
1070.92381481706	1637.5
1073.50682684291	1637.80004882813
1076.08902255251	1633.69995117188
1078.67040238637	1652.19995117188
1081.25096678445	1636.09997558594
1083.83071618624	1636
1086.4096510307	1635.30004882813
1088.98777175629	1629.30004882813
1091.56507880094	1660.59997558594
1094.14157260208	1629.30004882813
1096.71725359664	1645.19995117188
1099.29212222106	1649.69995117188
1101.86617891125	1647.40002441406
1104.43942410262	1635.09997558594
1107.01185823011	1636.69995117188
1109.58348172812	1648.30004882813
1112.15429503057	1638.59997558594
1114.7242985709	1640.30004882813
1117.29349278203	1656.80004882813
1119.86187809642	1665.80004882813
1122.42945494599	1663.90002441406
1124.99622376222	1683.69995117188
1127.56218497606	1681.19995117188
1130.12733901801	1677.80004882813
1132.69168631804	1710.5
1135.25522730568	1696.40002441406
1137.81796240995	1721.80004882813
1140.37989205941	1724.90002441406
1142.9410166821	1753.30004882813
1145.50133670561	1778.30004882813
1148.06085255708	1843.80004882813
1150.61956466311	1926.80004882813
1153.17747344987	2001.5
1155.73457934305	2097.60009765625
1158.29088276786	2104.60009765625
1160.84638414903	2104.10009765625
1163.40108391085	1991.59997558594
1165.95498247711	1878.30004882813
1168.50808027116	1812.59997558594
1171.06037771587	1765.90002441406
1173.61187523364	1746.19995117188
1176.16257324643	1706.40002441406
1178.71247217573	1702.40002441406
1181.26157244255	1716.30004882813
1183.80987446746	1699.5
1186.35737867059	1717.19995117188
1188.90408547157	1740.40002441406
1191.44999528961	1738.19995117188
1193.99510854347	1765.59997558594
1196.53942565142	1751.09997558594
1199.08294703133	1749.80004882813
1201.62567310057	1726.19995117188
1204.16760427611	1707.30004882813
1206.70874097445	1701.5
1209.24908361163	1686.69995117188
1211.78863260327	1710.30004882813
1214.32738836454	1709
1216.86535131017	1696
1219.40252185445	1698.90002441406
1221.93890041121	1671.30004882813
1224.47448739389	1676.59997558594
1227.00928321544	1674.5
1229.54328828842	1671
1232.07650302491	1674.5
1234.60892783662	1694.19995117188
1237.14056313477	1701.5
1239.67140933017	1672.90002441406
1242.2014668332	1699.09997558594
1244.73073605384	1679.69995117188
1247.25921740159	1695
1249.78691128558	1714.40002441406
1252.31381811448	1707.5
1254.83993829655	1715
1257.36527223962	1699
1259.88982035112	1738.59997558594
1262.41358303803	1719
1264.93656070696	1733
1267.45875376405	1739.90002441406
1269.98016261505	1749.5
1272.50078766531	1753.09997558594
1275.02062931974	1771.80004882813
1277.53968798285	1757.59997558594
1280.05796405875	1764.80004882813
1282.57545795112	1715
1285.09217006325	1732.09997558594
1287.60810079802	1717.40002441406
1290.12325055788	1718.5
1292.63761974492	1733.80004882813
1295.15120876079	1724.09997558594
1297.66401800676	1718.59997558594
1300.17604788367	1726.90002441406
1302.687298792	1725
1305.19777113181	1738.80004882813
1307.70746530274	1730.80004882813
1310.21638170408	1733.40002441406
1312.7245207347	1724.5
1315.23188279307	1719.69995117188
1317.73846827728	1716.5
1320.24427758502	1738.80004882813
1322.74931111359	1733.80004882813
1325.25356925991	1731.69995117188
1327.75705242051	1741
1330.25976099151	1731.69995117188
1332.76169536868	1738.40002441406
1335.26285594737	1724
1337.76324312256	1721.80004882813
1340.26285728887	1741.19995117188
1342.76169884052	1742.5
1345.25976817132	1727.40002441406
1347.75706567474	1724.59997558594
1350.25359174387	1712.40002441406
1352.74934677141	1694.30004882813
1355.24433114968	1710
1357.73854527062	1714.19995117188
1360.23198952583	1708.30004882813
1362.7246643065	1714.59997558594
1365.21657000347	1689.09997558594
1367.7077070072	1716.90002441406
1370.19807570777	1699.40002441406
1372.68767649492	1690.90002441406
1375.176509758	1700.40002441406
1377.66457588599	1691.40002441406
1380.15187526753	1699.09997558594
1382.63840829087	1692.30004882813
1385.1241753439	1694.59997558594
1387.60917681417	1709.09997558594
1390.09341308884	1711.40002441406
1392.57688455474	1728.09997558594
1395.05959159829	1721.09997558594
1397.54153460562	1732.90002441406
1400.02271396243	1721.5
1402.50313005414	1714.90002441406
1404.98278326576	1722.30004882813
1407.46167398196	1705.80004882813
1409.93980258707	1718.90002441406
1412.41716946504	1723
1414.89377499951	1705.09997558594
1417.36961957373	1728.09997558594
1419.84470357062	1721.59997558594
1422.31902737275	1741.59997558594
1424.79259136235	1730.09997558594
1427.26539592129	1735.40002441406
1429.73744143111	1730.90002441406
1432.20872827299	1741.30004882813
1434.67925682777	1756.09997558594
1437.14902747597	1768.80004882813
1439.61804059773	1782.5
1442.0862965729	1772.5
1444.55379578093	1798.59997558594
1447.02053860099	1788.19995117188
1449.48652541188	1808.30004882813
1451.95175659206	1789.5
1454.41623251969	1798.90002441406
1456.87995357255	1778
1459.34292012811	1796.59997558594
1461.80513256351	1784.19995117188
1464.26659125557	1781.90002441406
1466.72729658073	1777.80004882813
1469.18724891517	1783.90002441406
1471.64644863469	1768
1474.10489611478	1776
1476.5625917306	1791.90002441406
1479.01953585699	1756
1481.47572886844	1747.09997558594
1483.93117113917	1762.30004882813
1486.38586304302	1763.19995117188
1488.83980495354	1768.40002441406
1491.29299724395	1780
1493.74544028715	1788.90002441406
1496.19713445573	1806.90002441406
1498.64808012193	1851.40002441406
1501.09827765772	1879.40002441406
1503.54772743471	1907.59997558594
1505.99642982421	1979.40002441406
1508.44438519723	2032.69995117188
1510.89159392446	2149.19995117188
1513.33805637625	2207.5
1515.78377292266	2292.19995117188
1518.22874393346	2323.89990234375
1520.67296977806	2301.39990234375
1523.11645082559	2269.5
1525.55918744488	2162.5
1528.00118000444	2073.69995117188
1530.44242887245	1995.09997558594
1532.88293441684	1919.09997558594
1535.32269700517	1855.30004882813
1537.76171700475	1817.90002441406
1540.19999478255	1801.5
1542.63753070526	1766.69995117188
1545.07432513925	1783.80004882813
1547.5103784506	1766.5
1549.94569100509	1777.80004882813
1552.38026316819	1768.90002441406
1554.8140953051	1749.80004882813
1557.24718778067	1755.80004882813
1559.67954095952	1762
1562.11115520592	1755.5
1564.54203088386	1768.5
1566.97216835704	1740
1569.40156798888	1761
1571.83023014248	1771.80004882813
1574.25815518067	1750.80004882813
1576.68534346597	1763.59997558594
1579.11179536062	1768.59997558594
1581.53751122658	1753.69995117188
1583.9624914255	1758.69995117188
1586.38673631876	1761.80004882813
1588.81024626745	1763.19995117188
1591.23302163235	1751.30004882813
1593.655062774	1744.80004882813
1596.07637005262	1754.40002441406
1598.49694382815	1760.69995117188
1600.91678446025	1750.5
1603.33589230831	1760.40002441406
1605.75426773142	1755.5
1608.1719110884	1750.5
1610.58882273779	1767
1613.00500303784	1763.40002441406
1615.42045234654	1744.69995117188
1617.83517102158	1763.90002441406
1620.24915942039	1752.40002441406
1622.66241790012	1765
1625.07494681764	1754.80004882813
1627.48674652954	1769.90002441406
1629.89781739216	1770.80004882813
1632.30815976152	1765.69995117188
1634.71777399343	1781
1637.12666044338	1772.40002441406
1639.53481946661	1783
1641.94225141808	1773.90002441406
1644.34895665248	1790.5
1646.75493552424	1808.80004882813
1649.16018838752	1787.69995117188
1651.56471559621	1831.19995117188
1653.96851750392	1806.19995117188
1656.37159446403	1826.69995117188
1658.7739468296	1828.59997558594
1661.17557495349	1802.90002441406
1663.57647918824	1809.80004882813
1665.97665988617	1796.5
1668.37611739929	1797.09997558594
1670.77485207939	1776.19995117188
1673.17286427799	1775.80004882813
1675.57015434633	1767.40002441406
1677.96672263542	1767
1680.36256949598	1777.30004882813
1682.7576952785	1761.09997558594
1685.15210033318	1755.09997558594
1687.54578501	1745.90002441406
1689.93874965866	1743.40002441406
1692.33099462861	1740.69995117188
1694.72252026904	1732.90002441406
1697.11332692889	1750.5
1699.50341495686	1723
1701.89278470137	1726.30004882813
1704.28143651061	1716.5
1706.66937073251	1730
1709.05658771473	1722.59997558594
1711.44308780473	1724.5
1713.82887134968	1697
1716.21393869648	1716
1718.59829019185	1725.09997558594
1720.98192618221	1725.5
1723.36484701374	1721.80004882813
1725.74705303238	1731.40002441406
1728.12854458384	1703.69995117188
1730.50932201356	1726.5
1732.88938566673	1722.90002441406
1735.26873588834	1727.90002441406
1737.64737302307	1725.59997558594
1740.02529741544	1722.30004882813
1742.40250940964	1703.90002441406
1744.77900934969	1712.09997558594
1747.15479757933	1717.80004882813
1749.52987444206	1720.19995117188
1751.90424028116	1697.69995117188
1754.27789543967	1730.30004882813
1756.65084026037	1720
1759.02307508582	1716.5
1761.39460025833	1719.09997558594
1763.76541612	1735.90002441406
1766.13552301265	1722.5
1768.50492127791	1712.09997558594
1770.87361125714	1736.30004882813
1773.2415932915	1710.5
1775.60886772188	1720.40002441406
1777.97543488896	1718.19995117188
1780.34129513318	1703.80004882813
1782.70644879475	1725.19995117188
1785.07089621365	1720.59997558594
1787.43463772964	1712
1789.7976736822	1713.69995117188
1792.16000441066	1722.09997558594
1794.52163025405	1724.90002441406
1796.88255155121	1713.19995117188
1799.24276864074	1717.80004882813
1801.60228186102	1713.90002441406
1803.96109155019	1706.59997558594
1806.31919804618	1718.40002441406
1808.67660168668	1718.09997558594
1811.03330280916	1744.90002441406
1813.38930175088	1717.40002441406
1815.74459884884	1723.90002441406
1818.09919443984	1748.80004882813
1820.45308886047	1711.59997558594
1822.80628244708	1721.69995117188
1825.1587755358	1725.40002441406
1827.51056846254	1713.19995117188
1829.86166156297	1726.30004882813
1832.21205517258	1724.30004882813
1834.56174962661	1735.90002441406
1836.91074526009	1722.09997558594
1839.25904240783	1700.30004882813
1841.60664140443	1726.59997558594
1843.95354258425	1711.80004882813
1846.29974628146	1721
1848.64525282998	1719.5
1850.99006256356	1707
1853.3341758157	1704.90002441406
1855.67759291968	1723.80004882813
1858.02031420858	1708.5
1860.36234001528	1724
1862.70367067241	1718.19995117188
1865.04430651244	1737.09997558594
1867.38424786755	1722.5
1869.72349506978	1731.40002441406
1872.06204845094	1711.30004882813
1874.39990834258	1709.19995117188
1876.73707507612	1722.69995117188
1879.07354898269	1715.19995117188
1881.40933039328	1748.30004882813
1883.74441963861	1732.90002441406
1886.07881704925	1732.30004882813
1888.41252295551	1719.40002441406
1890.74553768751	1707.80004882813
1893.07786157519	1725
1895.40949494822	1719.90002441406
1897.74043813615	1723.09997558594
1900.07069146823	1711.80004882813
1902.40025527357	1716.59997558594
1904.72912988106	1734.5
1907.05731561938	1724.90002441406
1909.38481281699	1728.40002441406
1911.71162180217	1717.90002441406
1914.037742903	1711
1916.36317644734	1733.69995117188
1918.68792276284	1701.40002441406
1921.01198217697	1704.40002441406
1923.33535501699	1714.80004882813
1925.65804160996	1715.80004882813
1927.98004228273	1706.40002441406
1930.30135736196	1725.5
1932.6219871741	1727.90002441406
1934.94193204543	1710.40002441406
1937.26119230198	1702.5
1939.57976826962	1712.5
1941.89766027402	1713.5
1944.21486864062	1732.69995117188
1946.53139369472	1728.40002441406
1948.84723576137	1712.40002441406
1951.16239516543	1720.19995117188
1953.47687223159	1728
1955.79066728434	1730.59997558594
1958.10378064794	1701.5
1960.4162126465	1697.59997558594
1962.7279636039	1739.5
1965.03903384385	1715.09997558594
1967.34942368987	1716.19995117188
1969.65913346524	1729.59997558594
1971.96816349311	1732.5
1974.2765140964	1713.5
1976.58418559784	1730
1978.89117831997	1707.19995117188
1981.19749258516	1736.69995117188
1983.50312871555	1733.09997558594
1985.80808703313	1719.30004882813
1988.11236785967	1716.69995117188
1990.41597151676	1728.5
1992.71889832581	1736.19995117188
1995.02114860801	1734.59997558594
1997.3227226844	1722.09997558594
1999.62362087581	1723.80004882813
2001.92384350288	1712.69995117188
2004.22339088608	1727.30004882813
2006.52226334567	1746.30004882813
2008.82046120173	1728.90002441406
2011.11798477417	1710.09997558594
2013.41483438269	1717.80004882813
2015.71101034681	1718.40002441406
2018.00651298588	1744.40002441406
2020.30134261905	1734.59997558594
2022.59549956528	1738.09997558594
2024.88898414337	1737.59997558594
2027.1817966719	1740.30004882813
2029.4739374693	1731.09997558594
2031.76540685379	1734.19995117188
2034.05620514342	1732.30004882813
2036.34633265607	1729.90002441406
2038.6357897094	1714.30004882813
2040.92457662092	1730.59997558594
2043.21269370795	1722.90002441406
2045.50014128763	1729.69995117188
2047.78691967691	1744.80004882813
2050.07302919256	1729.19995117188
2052.35847015118	1714
2054.64324286919	1729.30004882813
2056.9273476628	1710.40002441406
2059.21078484808	1726
2061.4935547409	1716.69995117188
2063.77565765696	1698
2066.05709391176	1727.69995117188
2068.33786382065	1721.19995117188
2070.61796769879	1720.80004882813
2072.89740586116	1717
2075.17617862255	1717.59997558594
2077.45428629759	1700.09997558594
2079.73172920075	1719
2082.00850764627	1714.69995117188
2084.28462194827	1725.69995117188
2086.56007242065	1715.69995117188
2088.83485937717	1732.80004882813
2091.10898313139	1715.40002441406
2093.3824439967	1735
2095.65524228632	1716.40002441406
2097.92737831328	1732.80004882813
2100.19885239047	1720.5
2102.46966483057	1725.19995117188
2104.7398159461	1721.69995117188
2107.00930604941	1714.69995117188
2109.27813545267	1729.59997558594
2111.54630446787	1736.40002441406
2113.81381340685	1746.40002441406
2116.08066258126	1734.40002441406
2118.34685230257	1737.59997558594
2120.61238288211	1748.40002441406
2122.87725463099	1732.40002441406
2125.1414678602	1736.59997558594
2127.40502288052	1746.09997558594
2129.66792000257	1743.19995117188
2131.93015953682	1746.09997558594
2134.19174179353	1720.5
2136.45266708282	1740.5
2138.71293571463	1742.09997558594
2140.97254799873	1753.5
2143.23150424473	1715.59997558594
2145.48980476205	1757.69995117188
2147.74744985996	1745.19995117188
2150.00443984754	1750
2152.26077503373	1749.69995117188
2154.51645572728	1753.5
2156.77148223677	1746.09997558594
2159.02585487064	1777.80004882813
2161.27957393713	1763.09997558594
2163.53263974432	1758.5
2165.78505260012	1749
2168.0368128123	1740.40002441406
2170.28792068844	1751.30004882813
2172.53837653595	1736.5
2174.78818066207	1747.69995117188
2177.03733337389	1738.19995117188
2179.28583497833	1720.5
2181.53368578214	1743.90002441406
2183.78088609192	1734.80004882813
2186.02743621406	1740.30004882813
2188.27333645484	1707.09997558594
2190.51858712033	1734.30004882813
2192.76318851646	1729.59997558594
2195.00714094901	1732.69995117188
2197.25044472354	1718.5
2199.49310014551	1724.19995117188
2201.73510752018	1729.09997558594
2203.97646715265	1727.90002441406
2206.21717934786	1718.19995117188
2208.45724441058	1722.19995117188
2210.69666264543	1715.69995117188
2212.93543435686	1728.59997558594
2215.17355984914	1719.80004882813
2217.41103942642	1713.80004882813
2219.64787339264	1730.09997558594
2221.8840620516	1711.59997558594
2224.11960570695	1713.80004882813
2226.35450466215	1705.80004882813
2228.58875922051	1706.30004882813
2230.82236968518	1715.59997558594
2233.05533635916	1718.19995117188
2235.28765954527	1714.30004882813
2237.51933954617	1698.59997558594
2239.75037666437	1707.80004882813
2241.98077120221	1717.90002441406
2244.21052346188	1711.69995117188
2246.4396337454	1723
2248.66810235461	1713.90002441406
2250.89592959125	1724.90002441406
2253.12311575681	1734.30004882813
2255.34966115272	1732.90002441406
2257.57556608017	1723.69995117188
2259.80083084023	1723.59997558594
2262.02545573381	1714.59997558594
2264.24944106163	1706.19995117188
2266.47278712429	1724.5
2268.69549422221	1702.5
2270.91756265564	1732.19995117188
2273.1389927247	1722.90002441406
2275.35978472934	1724.90002441406
2277.57993896933	1728.19995117188
2279.79945574431	1718.59997558594
2282.01833535375	1734
2284.23657809696	1735.30004882813
2286.45418427309	1740.90002441406
2288.67115418114	1748.19995117188
2290.88748811995	1732.30004882813
2293.10318638819	1750.40002441406
2295.3182492844	1715
2297.53267710693	1739.80004882813
2299.746470154	1741.19995117188
2301.95962872364	1750.30004882813
2304.17215311376	1756
2306.3840436221	1747.19995117188
2308.59530054621	1731.59997558594
2310.80592418354	1735.09997558594
2313.01591483134	1753.80004882813
2315.22527278673	1756.59997558594
2317.43399834666	1753.69995117188
2319.64209180791	1752
2321.84955346713	1738.5
2324.05638362079	1743.19995117188
2326.26258256524	1725.09997558594
2328.46815059664	1725.40002441406
2330.67308801098	1735.40002441406
2332.87739510415	1722.40002441406
2335.08107217184	1742.40002441406
2337.2841195096	1735.09997558594
2339.48653741281	1720
2341.68832617672	1713.59997558594
2343.8894860964	1732
2346.09001746678	1725.90002441406
2348.28992058261	1718.30004882813
2350.48919573852	1728.80004882813
2352.68784322898	1732.80004882813
2354.88586334826	1707.5
2357.08325639055	1712.59997558594
2359.2800226498	1730.59997558594
2361.47616241988	1711.30004882813
2363.67167599445	1727.09997558594
2365.86656366706	1709.69995117188
2368.06082573107	1708.59997558594
2370.2544624797	1719.40002441406
2372.44747420603	1715.90002441406
2374.63986120295	1706.30004882813
2376.83162376322	1718.09997558594
2379.02276217945	1709.90002441406
2381.21327674408	1701.09997558594
2383.4031677494	1718.30004882813
2385.59243548756	1707
2387.78108025053	1701.19995117188
2389.96910233014	1715.19995117188
2392.15650201809	1701.09997558594
2394.34327960587	1717.90002441406
2396.52943538486	1710.19995117188
2398.71496964628	1716.69995117188
2400.89988268118	1701.5
2403.08417478048	1695
2405.26784623491	1707.30004882813
2407.45089733509	1718.69995117188
2409.63332837146	1698
2411.81513963429	1713.90002441406
2413.99633141375	1710.40002441406
2416.1769039998	1703.5
2418.35685768227	1720
2420.53619275084	1707.19995117188
2422.71490949505	1699.19995117188
2424.89300820425	1693.59997558594
2427.07048916765	1705.40002441406
2429.24735267433	1719.5
2431.42359901319	1717.59997558594
2433.59922847297	1705.30004882813
2435.7742413423	1701.30004882813
2437.94863790961	1713.09997558594
2440.12241846321	1687.59997558594
2442.29558329121	1703.5
2444.46813268162	1692.59997558594
2446.64006692228	1692.30004882813
2448.81138630086	1690.5
2450.98209110489	1697.69995117188
2453.15218162174	1704.40002441406
2455.32165813864	1699
2457.49052094265	1685.69995117188
2459.65877032069	1693.30004882813
2461.8264065595	1716.90002441406
2463.99342994572	1714.90002441406
2466.15984076579	1709.09997558594
2468.325639306	1722
2470.49082585251	1730.30004882813
2472.65540069131	1710.40002441406
2474.81936410824	1709.09997558594
2476.98271638899	1718.69995117188
2479.14545781909	1722.69995117188
2481.30758868392	1708.09997558594
2483.4691092687	1690.69995117188
2485.63001985852	1719.80004882813
2487.79032073829	1717
2489.95001219277	1719.30004882813
2492.10909450659	1714.19995117188
2494.26756796419	1707.09997558594
2496.42543284989	1701.5
2498.58268944783	1706.69995117188
2500.73933804202	1705.09997558594
2502.8953789163	1697.30004882813
2505.05081235436	1736.69995117188
2507.20563863974	1727.59997558594
2509.35985805582	1710.69995117188
2511.51347088583	1699.80004882813
2513.66647741285	1723.30004882813
2515.81887791981	1730.59997558594
2517.97067268946	1713.90002441406
2520.12186200443	1723.30004882813
2522.27244614716	1712.80004882813
2524.42242539999	1722.59997558594
2526.57180004504	1700.40002441406
2528.72057036433	1714
2530.8687366397	1712.09997558594
2533.01629915284	1709.59997558594
2535.16325818527	1704.69995117188
2537.30961401839	1698.30004882813
2539.45536693343	1701.90002441406
2541.60051721145	1697.19995117188
2543.74506513338	1679.90002441406
2545.88901097997	1694.19995117188
2548.03235503185	1680
2550.17509756946	1687.5
2552.31723887311	1687.09997558594
2554.45877922293	1676.90002441406
2556.59971889893	1680.40002441406
2558.74005818094	1684.09997558594
2560.87979734864	1677.40002441406
2563.01893668155	1684.09997558594
2565.15747645906	1663.19995117188
2567.29541696037	1675.69995117188
2569.43275846454	1689.69995117188
2571.56950125049	1682.80004882813
2573.70564559696	1663.5
2575.84119178254	1676.90002441406
2577.97614008569	1679.90002441406
2580.11049078468	1685.30004882813
2582.24424415764	1688.19995117188
2584.37740048255	1692.90002441406
2586.50996003722	1684.09997558594
2588.64192309931	1685.40002441406
2590.77328994634	1682.59997558594
2592.90406085564	1670.09997558594
2595.03423610442	1699
2597.16381596971	1685.09997558594
2599.29280072839	1695.5
2601.42119065719	1689.09997558594
2603.54898603267	1685.5
2605.67618713125	1701.69995117188
2607.80279422919	1702.69995117188
2609.92880760257	1688.90002441406
2612.05422752735	1693
2614.17905427932	1683.5
2616.30328813408	1692.80004882813
2618.42692936713	1703.40002441406
2620.54997825377	1674.69995117188
2622.67243506915	1684.09997558594
2624.79430008828	1691.09997558594
2626.915573586	1705.5
2629.03625583699	1702.5
2631.15634711579	1702.90002441406
2633.27584769675	1694.69995117188
2635.39475785408	1705
2637.51307786185	1691.80004882813
2639.63080799394	1710.69995117188
2641.74794852409	1707.90002441406
2643.86449972589	1707
2645.98046187273	1720.59997558594
2648.0958352379	1717.90002441406
2650.21062009449	1733.59997558594
2652.32481671544	1734.09997558594
2654.43842537353	1718.09997558594
2656.5514463414	1749.09997558594
2658.66387989151	1772.09997558594
2660.77572629616	1753.09997558594
2662.88698582751	1759.40002441406
2664.99765875753	1770.90002441406
2667.10774535806	1770.09997558594
2669.21724590076	1775.30004882813
2671.32616065714	1745.30004882813
2673.43448989857	1761.5
2675.5422338962	1742.69995117188
2677.64939292108	1740.09997558594
2679.75596724408	1736.90002441406
2681.86195713589	1716.19995117188
2683.96736286707	1734.40002441406
2686.07218470799	1731
2688.17642292889	1714.5
2690.28007779982	1703
2692.38314959069	1717.90002441406
2694.48563857123	1699
2696.58754501103	1708.30004882813
2698.6888691795	1703.09997558594
2700.78961134588	1692.40002441406
2702.8897717793	1691.90002441406
2704.98935074864	1686.30004882813
2707.08834852271	1674.80004882813
2709.18676537009	1680.40002441406
2711.28460155925	1701.59997558594
2713.38185735843	1696.09997558594
2715.47853303577	1686.90002441406
2717.57462885924	1704.59997558594
2719.67014509659	1698
2721.76508201548	1681.5
2723.85943988337	1684.69995117188
2725.95321896754	1673.40002441406
2728.04641953515	1669.80004882813
2730.13904185316	1684.90002441406
2732.23108618837	1674.80004882813
2734.32255280744	1680.19995117188
2736.41344197683	1687.09997558594
2738.50375396288	1681
2740.5934890317	1654.19995117188
2742.68264744932	1680.69995117188
2744.77122948153	1683
2746.85923539398	1678.30004882813
2748.94666545217	1665.80004882813
2751.03351992142	1654.19995117188
2753.11979906688	1659.09997558594
2755.20550315355	1664.5
2757.29063244624	1656.80004882813
2759.37518720963	1667.90002441406
2761.45916770819	1655.5
2763.54257420625	1666.90002441406
2765.62540696797	1663.59997558594
2767.70766625733	1671.69995117188
2769.78935233816	1657.69995117188
2771.87046547413	1656.69995117188
2773.95100592869	1658.5
2776.03097396519	1654.09997558594
2778.11036984677	1658.69995117188
2780.18919383641	1674.80004882813
2782.26744619693	1666.09997558594
2784.34512719097	1667.59997558594
2786.42223708102	1656.69995117188
2788.49877612937	1680.5
2790.57474459816	1649.69995117188
2792.65014274937	1645.40002441406
2794.7249708448	1633.69995117188
2796.79922914607	1661.59997558594
2798.87291791465	1677.69995117188
2800.94603741181	1654.59997558594
2803.01858789869	1670.30004882813
2805.09056963623	1671.19995117188
2807.1619828852	1668.59997558594
2809.23282790621	1654.09997558594
2811.30310495971	1669.90002441406
2813.37281430593	1671.09997558594
2815.441956205	1648.40002441406
2817.51053091682	1673.59997558594
2819.57853870114	1675.80004882813
2821.64597981753	1662.40002441406
2823.7128545254	1669.69995117188
2825.77916308399	1670.40002441406
2827.84490575233	1674
2829.91008278933	1679.59997558594
2831.97469445369	1659
2834.03874100395	1672.80004882813
2836.10222269847	1677.30004882813
2838.16513979544	1677.40002441406
2840.22749255288	1703.19995117188
2842.28928122863	1713.80004882813
2844.35050608034	1706.69995117188
2846.41116736553	1737.69995117188
2848.47126534149	1770.30004882813
2850.53080026537	1759.80004882813
2852.58977239414	1766.30004882813
2854.64818198459	1768.90002441406
2856.70602929332	1786.09997558594
2858.76331457678	1780
2860.82003809123	1783.5
2862.87620009274	1813.09997558594
2864.93180083723	1820.40002441406
2866.98684058043	1852.5
2869.04131957789	1847.40002441406
2871.09523808497	1858.30004882813
2873.14859635689	1873
2875.20139464866	1880.30004882813
2877.2536332151	1882.09997558594
2879.30531231091	1866.59997558594
2881.35643219054	1892.90002441406
2883.40699310831	1858.09997558594
2885.45699531834	1883.90002441406
2887.50643907457	1890.09997558594
2889.55532463077	1890.80004882813
2891.60365224053	1894.09997558594
2893.65142215724	1905.09997558594
2895.69863463414	1909.09997558594
2897.74528992426	1904.80004882813
2899.79138828046	1912.5
2901.83692995544	1912.40002441406
2903.88191520168	1921
2905.92634427151	1932.5
2907.97021741706	1935.59997558594
2910.01353489027	1958.90002441406
2912.05629694294	1943.59997558594
2914.09850382663	1981.69995117188
2916.14015579276	2021.09997558594
2918.18125309254	2023.90002441406
2920.22179597702	2035.5
2922.26178469705	2034.30004882813
2924.30121950329	2057
2926.34010064624	2075.89990234375
2928.37842837619	2071.39990234375
2930.41620294326	2089.69995117188
2932.45342459737	2097.10009765625
2934.49009358828	2093.69995117188
2936.52621016555	2107.30004882813
2938.56177457854	2104.60009765625
2940.59678707645	2065.69995117188
2942.63124790827	2058.5
2944.66515732282	2042.90002441406
2946.69851556873	2019
2948.73132289443	2015.90002441406
2950.76357954817	1991.5
2952.79528577803	1962.19995117188
2954.82644183188	1937.5
2956.85704795741	1940.90002441406
2958.8871044021	1942.40002441406
2960.91661141328	1930
2962.94556923807	1928.90002441406
2964.97397812339	1920.5
2967.00183831598	1896.19995117188
2969.0291500624	1912
2971.05591360902	1896
2973.08212920199	1892.5
2975.1077970873	1849.90002441406
2977.13291751074	1888.19995117188
2979.1574907179	1874.40002441406
2981.18151695419	1852.69995117188
2983.20499646482	1858.90002441406
2985.2279294948	1850.40002441406
2987.25031628898	1849.30004882813
2989.27215709199	1821.80004882813
2991.29345214825	1814.19995117188
2993.31420170204	1816.19995117188
2995.33440599738	1785.19995117188
2997.35406527816	1800.09997558594
2999.37317978802	1788.80004882813
3001.39174977045	1776.40002441406
3003.40977546872	1777.40002441406
3005.42725712591	1775.80004882813
3007.44419498491	1764.90002441406
3009.4605892884	1768.09997558594
3011.47644027889	1762.90002441406
3013.49174819865	1753.59997558594
3015.5065132898	1754.80004882813
3017.52073579424	1751.19995117188
3019.53441595366	1760
3021.54755400959	1738.80004882813
3023.56015020332	1748.5
3025.57220477598	1738.40002441406
3027.58371796846	1728.30004882813
3029.5946900215	1743.80004882813
3031.6051211756	1727.09997558594
3033.61501167107	1732.40002441406
3035.62436174803	1726.5
3037.6331716464	1709.09997558594
3039.64144160588	1734.59997558594
3041.649171866	1729.19995117188
3043.65636266607	1717.90002441406
3045.6630142452	1719.59997558594
3047.66912684229	1739.40002441406
3049.67470069605	1736.90002441406
3051.679736045	1724.69995117188
3053.68423312742	1723.5
3055.68819218143	1741.80004882813
3057.6916134449	1755.80004882813
3059.69449715556	1730.90002441406
3061.69684355086	1744.09997558594
3063.6986528681	1743.19995117188
3065.69992534437	1744.5
3067.70066121653	1724.5
3069.70086072126	1725.69995117188
3071.700524095	1726
3073.69965157405	1730.40002441406
3075.69824339442	1716.5
3077.69629979197	1728.69995117188
3079.69382100235	1707.90002441406
3081.69080726098	1719.40002441406
3083.68725880307	1722.5
3085.68317586366	1725.69995117188
3087.67855867755	1717.19995117188
3089.67340747933	1712
3091.6677225034	1729.90002441406
3093.66150398392	1726
3095.6547521549	1712
3097.64746725006	1723.5
3099.63964950297	1732
3101.63129914698	1729.19995117188
3103.6224164152	1738.09997558594
3105.61300154056	1746.5
3107.60305475576	1733.69995117188
3109.59257629331	1736.30004882813
3111.58156638547	1744.09997558594
3113.57002526432	1741.69995117188
3115.55795316172	1749.59997558594
3117.54535030932	1746.40002441406
3119.53221693853	1746.59997558594
3121.51855328057	1759.90002441406
3123.50435956646	1758.80004882813
3125.48963602698	1757.80004882813
3127.4743828927	1760.19995117188
3129.45860039397	1767.80004882813
3131.44228876093	1747.69995117188
3133.42544822353	1778.59997558594
3135.40807901145	1777.19995117188
3137.39018135418	1780.30004882813
3139.37175548102	1786.59997558594
3141.35280162101	1784.90002441406
3143.33332000299	1768.80004882813
3145.31331085559	1788.90002441406
3147.2927744072	1780
3149.27171088602	1789.40002441406
3151.25012052	1780.80004882813
3153.22800353689	1787.5
3155.20536016422	1815.5
3157.18219062929	1811.59997558594
3159.15849515918	1783.40002441406
3161.13427398075	1794.30004882813
3163.10952732066	1787.09997558594
3165.08425540532	1816
3167.05845846092	1815.19995117188
3169.03213671344	1816.80004882813
3171.00529038863	1823.69995117188
3172.97791971203	1802.59997558594
3174.95002490893	1816.30004882813
3176.92160620443	1832.59997558594
3178.89266382337	1821.09997558594
3180.8631979904	1852.90002441406
3182.83320892991	1831.19995117188
3184.80269686609	1834
3186.77166202289	1823.59997558594
3188.74010462406	1852.80004882813
3190.70802489307	1830
3192.67542305323	1843.80004882813
3194.64229932757	1852.30004882813
3196.60865393892	1857
3198.57448710987	1844.5
3200.53979906279	1829.80004882813
3202.50459001981	1860.69995117188
3204.46886020284	1866.69995117188
3206.43260983356	1874.69995117188
3208.39583913341	1865.19995117188
3210.35854832362	1864.80004882813
3212.32073762517	1868.69995117188
3214.28240725881	1875.40002441406
3216.24355744508	1872.80004882813
3218.20418840426	1872.30004882813
3220.16430035642	1866.69995117188
3222.12389352137	1865.80004882813
3224.08296811873	1865.19995117188
3226.04152436784	1879.59997558594
3227.99956248784	1888
3229.95708269762	1880.09997558594
3231.91408521584	1885.19995117188
3233.87057026092	1898.90002441406
3235.82653805105	1903.30004882813
3237.78198880419	1892.80004882813
3239.73692273806	1884.09997558594
3241.69134007013	1903.30004882813
3243.64524101764	1893.09997558594
3245.59862579761	1880.19995117188
3247.55149462681	1907.30004882813
3249.50384772176	1890.19995117188
3251.45568529877	1917
3253.40700757387	1916
3255.35781476288	1907.19995117188
3257.3081070814	1898.5
3259.25788474473	1905.59997558594
3261.20714796799	1923.40002441406
3263.15589696602	1942.09997558594
3265.10413195345	1941.80004882813
3267.05185314463	1904.09997558594
3268.9990607537	1920.09997558594
3270.94575499455	1916.30004882813
3272.89193608081	1927.69995117188
3274.8376042259	1911.19995117188
3276.78275964296	1921.59997558594
3278.72740254492	1940.09997558594
3280.67153314443	1917.30004882813
3282.61515165393	1919.40002441406
3284.55825828559	1936.19995117188
3286.50085325135	1933.5
3288.44293676289	1909.40002441406
3290.38450903165	1931.40002441406
3292.32557026883	1916.80004882813
3294.26612068537	1916.5
3296.20616049198	1928
3298.14568989911	1921.19995117188
3300.08470911695	1917.30004882813
3302.02321835546	1915.19995117188
3303.96121782435	1929.69995117188
3305.89870773306	1926.59997558594
3307.83568829081	1905.59997558594
3309.77215970655	1944
3311.70812218898	1921
3313.64357594655	1913.30004882813
3315.57852118747	1916.90002441406
3317.51295811968	1936.80004882813
3319.44688695087	1926.59997558594
3321.38030788849	1925.59997558594
3323.31322113973	1921.80004882813
3325.24562691152	1905.59997558594
3327.17752541055	1923.19995117188
3329.10891684322	1930.90002441406
3331.03980141573	1919.5
3332.97017933399	1926.90002441406
3334.90005080364	1917.09997558594
3336.82941603011	1922.69995117188
3338.75827521852	1923.19995117188
3340.68662857377	1908.80004882813
3342.6144763005	1948.69995117188
3344.54181860308	1927.59997558594
3346.46865568561	1916.59997558594
3348.39498775195	1938.19995117188
3350.32081500571	1926.5
3352.24613765022	1937.19995117188
3354.17095588855	1945.69995117188
3356.09526992352	1919.69995117188
3358.01907995769	1942.69995117188
3359.94238619334	1933.30004882813
3361.86518883251	1932.69995117188
3363.78748807697	1918.80004882813
3365.70928412823	1933.19995117188
3367.63057718752	1925.30004882813
3369.55136745582	1943.59997558594
3371.47165513386	1942.40002441406
3373.39144042208	1922.40002441406
3375.31072352066	1930.40002441406
3377.22950462953	1916.5
3379.14778394834	1944.5
3381.06556167648	1915.80004882813
3382.98283801308	1951.30004882813
3384.89961315697	1937.30004882813
3386.81588730676	1930.09997558594
3388.73166066076	1922.69995117188
3390.64693341702	1913.09997558594
3392.56170577332	1930.19995117188
3394.47597792716	1935.59997558594
3396.38975007581	1935.40002441406
3398.30302241623	1927.69995117188
3400.21579514512	1932.59997558594
3402.1280684589	1921.59997558594
3404.03984255374	1922.90002441406
3405.95111762553	1923.59997558594
3407.86189386987	1940.30004882813
3409.77217148212	1935.30004882813
3411.68195065733	1927
3413.5912315903	1907.80004882813
3415.50001447556	1942.09997558594
3417.40829950735	1932.30004882813
3419.31608687963	1915.5
3421.22337678611	1929.19995117188
3423.1301694202	1925.30004882813
3425.03646497504	1911.30004882813
3426.9422636435	1918.90002441406
3428.84756561816	1922.80004882813
3430.75237109135	1936.5
3432.65668025508	1911.80004882813
3434.56049330112	1929.30004882813
3436.46381042093	1933.5
3438.36663180571	1918.09997558594
3440.26895764638	1913.80004882813
3442.17078813357	1910
3444.07212345762	1907.69995117188
3445.97296380863	1918
3447.87330937636	1887.5
3449.77316035033	1912.69995117188
3451.67251691977	1903.30004882813
3453.57137927361	1915.80004882813
3455.46974760052	1910.90002441406
3457.36762208886	1874.5
3459.26500292671	1889.59997558594
3461.16189030191	1879.30004882813
3463.05828440194	1890.5
3464.95418541406	1901.40002441406
3466.84959352519	1884.59997558594
3468.74450892201	1888.40002441406
3470.63893179088	1882.09997558594
3472.53286231788	1868.19995117188
3474.42630068881	1885.80004882813
3476.31924708918	1875.90002441406
3478.2117017042	1868.40002441406
3480.1036647188	1858.59997558594
3481.99513631761	1868.69995117188
3483.88611668498	1877.5
3485.77660600498	1862.90002441406
3487.66660446135	1849.30004882813
3489.55611223758	1830.30004882813
3491.44512951683	1845.09997558594
3493.333656482	1798.90002441406
3495.22169331568	1818.40002441406
3497.10924020016	1842.40002441406
3498.99629731746	1818.09997558594
3500.88286484927	1842.80004882813
3502.76894297702	1846.80004882813
3504.65453188182	1825
3506.53963174449	1812
3508.42424274555	1825.69995117188
3510.30836506524	1826.59997558594
3512.19199888349	1802.5
3514.07514437992	1813.09997558594
3515.95780173387	1798.69995117188
3517.83997112437	1787.90002441406
3519.72165273016	1785.59997558594
3521.60284672967	1782.19995117188
3523.48355330104	1775.40002441406
3525.36377262208	1776.80004882813
3527.24350487035	1778.59997558594
3529.12275022306	1802.5
3531.00150885715	1784.59997558594
3532.87978094923	1782.30004882813
3534.75756667562	1776.09997558594
3536.63486621235	1753.30004882813
3538.51167973512	1759.19995117188
3540.38800741934	1760.80004882813
3542.26384944011	1739.80004882813
3544.13920597223	1740.09997558594
3546.01407719018	1752.40002441406
3547.88846326815	1724.69995117188
3549.76236438002	1737
3551.63578069934	1714.59997558594
3553.50871239938	1712.90002441406
3555.38115965309	1716.80004882813
3557.25312263311	1727.5
3559.12460151177	1703.69995117188
3560.99559646109	1702.09997558594
3562.86610765279	1717.69995117188
3564.73613525825	1698.19995117188
3566.60567944857	1707.90002441406
3568.47474039453	1696
3570.34331826658	1714.40002441406
3572.21141323487	1699.90002441406
3574.07902546925	1689.59997558594
3575.94615513922	1693.90002441406
3577.81280241401	1684
3579.67896746249	1690.69995117188
3581.54465045325	1692.59997558594
3583.40985155455	1670.59997558594
3585.27457093432	1682.09997558594
3587.1388087602	1684.19995117188
3589.00256519949	1666.80004882813
3590.86584041919	1685.19995117188
3592.72863458597	1697.19995117188
3594.59094786618	1668.80004882813
3596.45278042585	1666.40002441406
3598.31413243069	1691.69995117188
3600.17500404611	1663.69995117188
3602.03539543717	1664
3603.89530676861	1669.59997558594
3605.75473820488	1658.80004882813
3607.61368991007	1661.90002441406
3609.47216204797	1647.80004882813
3611.33015478203	1638.90002441406
3613.18766827539	1654.90002441406
3615.04470269087	1647.90002441406
3616.90125819094	1637.30004882813
3618.75733493776	1643.40002441406
3620.61293309318	1626.59997558594
3622.46805281869	1643.30004882813
3624.32269427547	1631.59997558594
3626.17685762439	1640.5
3628.03054302596	1626.30004882813
3629.88375064038	1616.5
3631.73648062751	1648
3633.5887331469	1614.09997558594
3635.44050835775	1612.5
3637.29180641893	1614.59997558594
3639.14262748899	1610.5
3640.99297172614	1629.90002441406
3642.84283928828	1627.19995117188
3644.69223033294	1606.40002441406
3646.54114501734	1607.80004882813
3648.38958349836	1604.09997558594
3650.23754593256	1619
3652.08503247614	1599
3653.93204328497	1599.19995117188
3655.77857851462	1590.90002441406
3657.62463832028	1588.80004882813
3659.47022285682	1595.19995117188
3661.31533227877	1579
3663.15996674033	1572.40002441406
3665.00412639535	1585.40002441406
3666.84781139736	1575.59997558594
3668.69102189953	1564.69995117188
3670.5337580547	1574.5
3672.37602001537	1576.80004882813
3674.21780793368	1562.19995117188
3676.05912196148	1552.59997558594
3677.89996225021	1552.5
3679.74032895103	1557.09997558594
3681.58022221471	1546.90002441406
3683.41964219171	1557
3685.25858903211	1543
3687.0970628857	1562.80004882813
3688.93506390186	1526.09997558594
3690.77259222968	1535.30004882813
3692.60964801787	1537.30004882813
3694.44623141481	1538.30004882813
3696.28234256853	1532.69995117188
3698.11798162669	1530.59997558594
3699.95314873665	1527.90002441406
3701.78784404537	1529.59997558594
3703.62206769951	1526.30004882813
3705.45581984533	1523.80004882813
3707.28910062877	1535.69995117188
3709.12191019542	1534
3710.95424869052	1526.40002441406
3712.78611625894	1526.30004882813
3714.6175130452	1517.5
3716.44843919349	1523.59997558594
3718.27889484764	1514.59997558594
3720.1088801511	1503.90002441406
3721.93839524699	1507.59997558594
3723.76744027808	1508.40002441406
3725.59601538677	1517.19995117188
3727.4241207151	1525.40002441406
