40.2973356941271	1133.59997558594
43.2236257608418	1134.40002441406
46.1488808466109	1138.69995117188
49.0731017336173	1139.69995117188
51.9962892025666	1142.90002441406
54.9184440327569	1145.09997558594
57.8395670020446	1151.90002441406
60.7596588868509	1156.30004882813
63.6787204621708	1161
66.5967525015794	1174.30004882813
69.5137557772381	1178.59997558594
72.4297310598838	1194.90002441406
75.3446791188512	1209.80004882813
78.2586007220466	1242.40002441406
81.1714966360015	1250.19995117188
84.0833676258266	1301.19995117188
86.994214455242	1335
89.9040378865662	1376.09997558594
92.8128386807427	1414.59997558594
95.7206175973133	1451.5
98.6273753944444	1497
101.533112828928	1526.80004882813
104.437830656161	1516.19995117188
107.34152963018	1520.30004882813
110.244210503676	1503.59997558594
113.145874027931	1515.30004882813
116.046520952895	1503.19995117188
118.946152027154	1514.69995117188
121.844767997933	1496.40002441406
124.74236961111	1497.30004882813
127.638957611212	1491.59997558594
130.534532741422	1492.59997558594
133.429095743606	1485.30004882813
136.322647358252	1487.90002441406
139.215188324544	1490
142.106719380311	1479
144.997241262089	1483.80004882813
147.886754705057	1493.30004882813
150.775260443096	1496.90002441406
153.662759208748	1496.59997558594
156.549251733282	1482.30004882813
159.434738746612	1481.90002441406
162.319220977376	1483.09997558594
165.20269915289	1483
168.085173999178	1477
170.966646240977	1487.80004882813
173.847116601709	1472
176.726585803528	1468.09997558594
179.605054567295	1475.30004882813
182.48252361259	1464.5
185.358993657701	1454
188.234465419645	1457
191.108939614183	1459.09997558594
193.982416955795	1461.19995117188
196.854898157687	1444.90002441406
199.726383931801	1444.5
202.596874988835	1442.59997558594
205.466372038225	1467.59997558594
208.334875788145	1458.80004882813
211.202386945534	1448.40002441406
214.068906216069	1453.30004882813
216.934434304194	1460.30004882813
219.798971913111	1445
222.662519744776	1459.19995117188
225.525078499925	1445.40002441406
228.386648878069	1454.40002441406
231.247231577465	1472.69995117188
234.106827295172	1452.80004882813
236.965436727012	1432.80004882813
239.823060567597	1448.80004882813
242.679699510337	1452.40002441406
245.535354247396	1438.30004882813
248.390025469775	1448
251.243713867223	1440.19995117188
254.096420128327	1451.59997558594
256.948144940459	1435.59997558594
259.798888989788	1443.5
262.648652961315	1430.90002441406
265.49743753883	1430.69995117188
268.345243404939	1438.90002441406
271.192071241073	1424.69995117188
274.037921727485	1430.59997558594
276.882795543246	1437.69995117188
279.72669336624	1436.09997558594
282.569615873213	1439.30004882813
285.411563739724	1434.69995117188
288.252537640165	1435
291.092538247763	1448
293.931566234616	1438.59997558594
296.769622271633	1440.69995117188
299.606707028594	1447.19995117188
302.442821174104	1455.59997558594
305.277965375652	1442
308.112140299574	1443.40002441406
310.945346611062	1446.90002441406
313.777584974167	1458.09997558594
316.608856051813	1438.80004882813
319.439160505797	1436.80004882813
322.268498996783	1445.80004882813
325.096872184303	1454.69995117188
327.924280726782	1452.90002441406
330.750725281521	1450.40002441406
333.576206504693	1457.5
336.400725051388	1448.30004882813
339.224281575542	1448.09997558594
342.046876730026	1435.40002441406
344.868511166586	1440.30004882813
347.689185535872	1441.09997558594
350.508900487421	1430
353.327656669699	1437
356.145454730079	1440.90002441406
358.962295314817	1447.80004882813
361.778179069105	1435.90002441406
364.593106637051	1442.69995117188
367.407078661675	1445.59997558594
370.220095784913	1444.90002441406
373.032158647655	1447.19995117188
375.843267889676	1444.90002441406
378.653424149715	1440
381.462628065436	1438
384.270880273432	1451
387.078181409254	1461.09997558594
389.884532107358	1448.80004882813
392.689933001188	1460
395.494384723112	1453.09997558594
398.29788790445	1457.40002441406
401.100443175488	1458.5
403.902051165437	1470.59997558594
406.702712502518	1460.40002441406
409.502427813866	1468.69995117188
412.301197725607	1450.90002441406
415.099022862823	1463.19995117188
417.89590384957	1451.80004882813
420.691841308876	1450.59997558594
423.486835862752	1464.40002441406
426.280888132173	1458.09997558594
429.073998737112	1456.19995117188
431.866168296507	1449.90002441406
434.657397428298	1464.90002441406
437.447686749412	1454.40002441406
440.237036875762	1459.80004882813
443.025448422257	1453.69995117188
445.812922002813	1462.5
448.599458230326	1461.59997558594
451.38505771672	1452.30004882813
454.169721072909	1461.59997558594
456.953448908819	1466.59997558594
459.736241833384	1473.19995117188
462.518100454555	1460.59997558594
465.2990253793	1479.40002441406
468.079017213605	1461.30004882813
470.858076562476	1454.80004882813
473.636204029939	1477.80004882813
476.41340021906	1470.09997558594
479.189665731938	1475.19995117188
481.965001169667	1460.09997558594
484.739407132419	1456.59997558594
487.512884219391	1468.09997558594
490.285433028796	1477.30004882813
493.057054157921	1482.30004882813
495.827748203087	1457.30004882813
498.597515759658	1474.69995117188
501.366357422061	1475.09997558594
504.134273783759	1472.5
506.901265437278	1474.59997558594
509.66733297421	1460.40002441406
512.432476985198	1467.69995117188
515.196698059945	1472.80004882813
517.959996787225	1477.59997558594
520.722373754895	1482.90002441406
523.483829549856	1484.30004882813
526.24436475811	1474.30004882813
529.003979964696	1486
531.762675753779	1475.5
534.520452708569	1473.80004882813
537.277311411375	1476.69995117188
540.03325244359	1465
542.788276385682	1479.19995117188
545.54238381725	1475
548.295575316938	1461.90002441406
551.047851462516	1466.59997558594
553.799212830831	1473.90002441406
556.549659997851	1481.30004882813
559.299193538643	1474.69995117188
562.047814027381	1472.59997558594
564.795522037318	1494
567.542318140861	1484
570.288202909507	1460.5
573.033176913873	1472.90002441406
575.7772407237	1479.80004882813
578.520394907829	1474.09997558594
581.26264003424	1475.40002441406
584.003976670046	1470
586.744405381469	1473.19995117188
589.483926733869	1461.30004882813
592.222541291746	1478.40002441406
594.96024961872	1472.40002441406
597.697052277563	1494.80004882813
600.432949830166	1474.59997558594
603.167942837587	1485.09997558594
605.902031860012	1491.80004882813
608.635217456783	1486.80004882813
611.367500186378	1478.90002441406
614.098880606429	1483.59997558594
616.82935927374	1473.30004882813
619.558936744248	1475.5
622.287613573072	1500.40002441406
625.015390314457	1484.69995117188
627.742267521848	1490.5
630.468245747829	1464.59997558594
633.193325544166	1464.5
635.917507461792	1473.59997558594
638.640792050804	1475.09997558594
641.36317986048	1479.09997558594
644.084671439281	1487.09997558594
646.805267334845	1494.5
649.524968093967	1503.90002441406
652.24377426266	1475.69995117188
654.961686386106	1485.30004882813
657.678705008678	1493.09997558594
660.394830673939	1486.59997558594
663.110063924628	1475.19995117188
665.824405302728	1482.5
668.537855349351	1492.69995117188
671.250414604863	1483
673.962083608812	1493.40002441406
676.672862899949	1483.59997558594
679.382753016218	1488
682.091754494801	1483
684.799867872061	1510.5
687.507093683595	1489.09997558594
690.213432464198	1491.5
692.918884747899	1488
695.623451067937	1498.90002441406
698.327131956755	1494.5
701.029927946065	1500.09997558594
703.731839566754	1502.69995117188
706.43286734896	1506.69995117188
709.133011822067	1505.19995117188
711.832273514658	1507.5
714.53065295457	1498
717.228150668879	1492.30004882813
719.924767183889	1514.90002441406
722.620503025148	1516.69995117188
725.315358717446	1507.69995117188
728.009334784827	1494.40002441406
730.702431750559	1493.09997558594
733.394650137188	1497.40002441406
736.085990466498	1495
738.776453259519	1512.5
741.466039036542	1506.30004882813
744.154748317125	1496
746.842581620074	1501.40002441406
749.529539463458	1510.19995117188
752.215622364608	1515.5
754.900830840131	1506.30004882813
757.585165405892	1505.90002441406
760.26862657703	1500
762.951214867957	1505.80004882813
765.632930792356	1500.69995117188
768.313774863181	1500.69995117188
770.993747592673	1499
773.672849492359	1507.19995117188
776.351081073017	1505
779.028442844757	1509.59997558594
781.704935316928	1507.69995117188
784.380558998208	1500.69995117188
787.055314396528	1497.5
789.729202019141	1507.30004882813
792.402222372581	1513.59997558594
795.074375962669	1491.90002441406
797.745663294537	1507.59997558594
800.416084872622	1496.5
803.085641200652	1520.80004882813
805.754332781664	1515.80004882813
808.422160117986	1507.40002441406
811.089123711292	1510.90002441406
813.75522406252	1523.19995117188
816.420461671951	1516
819.084837039164	1505.19995117188
821.748350663067	1514
824.411003041866	1520.40002441406
827.072794673116	1519.80004882813
829.733726053668	1530.19995117188
832.39379767971	1528.5
835.05301004674	1529.90002441406
837.711363649601	1531.09997558594
840.368858982457	1526
843.025496538805	1546.59997558594
845.681276811467	1531
848.336200292618	1541
850.99026747375	1550.80004882813
853.643478845713	1528
856.29583489868	1561.69995117188
858.947336122176	1541.59997558594
861.59798300506	1548.19995117188
864.247776035556	1547.09997558594
866.896715701222	1543.80004882813
869.544802488959	1558.80004882813
872.192036885046	1545.59997558594
874.838419375087	1545.5
877.483950444054	1547.59997558594
880.128630576285	1555.59997558594
882.772460255461	1548.90002441406
885.415439964628	1542.30004882813
888.057570186211	1553
890.698851401966	1551.69995117188
893.339284093045	1536.09997558594
895.978868739961	1547.19995117188
898.617605822596	1548.59997558594
901.255495820196	1544.40002441406
903.892539211396	1539.80004882813
906.528736474184	1548.80004882813
909.164088085949	1541.19995117188
911.798594523442	1542.30004882813
914.432256262804	1554.09997558594
917.065073779549	1552.09997558594
919.697047548589	1555.40002441406
922.328178044212	1560.40002441406
924.9584657401	1558.30004882813
927.587911109317	1570.19995117188
930.216514624317	1557.59997558594
932.844276756963	1566.30004882813
935.471197978488	1564.59997558594
938.097278759538	1564.69995117188
940.722519570163	1563.59997558594
943.346920879798	1566
945.97048315729	1572.59997558594
948.593206870885	1597.80004882813
951.215092488219	1606.59997558594
953.836140476366	1588.69995117188
956.456351301787	1606.5
959.07572543037	1595
961.694263327369	1604.19995117188
964.311965457521	1610.40002441406
966.928832284933	1613.90002441406
969.544864273135	1611.19995117188
972.160061885076	1603.30004882813
974.774425583129	1599.5
977.387955829099	1592.80004882813
980.000653084196	1590.19995117188
982.612517809061	1592.80004882813
985.223550463768	1587.69995117188
987.833751507819	1601.80004882813
990.443121400135	1604.30004882813
993.051660599081	1596.80004882813
995.659369562449	1635
998.266248747469	1639.80004882813
1000.87229861081	1669.09997558594
1003.47751960857	1679.5
1006.0819121963	1742
1008.68547682897	1718
1011.28821396104	1688.59997558594
1013.89012404635	1664.30004882813
1016.49120753824	1640.90002441406
1019.09146488947	1618.80004882813
1021.69089655226	1609
1024.28950297827	1601.5
1026.88728461863	1605.59997558594
1029.48424192392	1601.19995117188
1032.08037534416	1601
1034.67568532886	1602.5
1037.27017232694	1605.69995117188
1039.86383678682	1604.09997558594
1042.45667915637	1591.90002441406
1045.04869988293	1600.30004882813
1047.6398994133	1616.19995117188
1050.23027819374	1619.5
1052.81983666998	1594.90002441406
1055.40857528724	1596
1057.99649449018	1600.90002441406
1060.58359472296	1611.5
1063.1698764292	1573.5
1065.755340052	1585.90002441406
1068.33998603393	1597.59997558594
1070.92381481706	1619.19995117188
1073.50682684291	1591.59997558594
1076.08902255251	1591.40002441406
1078.67040238637	1594.30004882813
1081.25096678445	1600.80004882813
1083.83071618624	1611.09997558594
1086.4096510307	1584.69995117188
1088.98777175629	1615.19995117188
1091.56507880094	1605.80004882813
1094.14157260208	1593.09997558594
1096.71725359664	1595.30004882813
1099.29212222106	1600.59997558594
1101.86617891125	1601
1104.43942410262	1604.30004882813
1107.01185823011	1593.40002441406
1109.58348172812	1603.19995117188
1112.15429503057	1598.19995117188
1114.7242985709	1625.40002441406
1117.29349278203	1618.80004882813
1119.86187809642	1599.19995117188
1122.42945494599	1627.69995117188
1124.99622376222	1648
1127.56218497606	1643.59997558594
1130.12733901801	1650.40002441406
1132.69168631804	1660.40002441406
1135.25522730568	1666.5
1137.81796240995	1694.40002441406
1140.37989205941	1675.80004882813
1142.9410166821	1730.90002441406
1145.50133670561	1765.19995117188
1148.06085255708	1793
1150.61956466311	1853.59997558594
1153.17747344987	1953.80004882813
1155.73457934305	2031.30004882813
1158.29088276786	2078.60009765625
1160.84638414903	2039.5
1163.40108391085	1963.09997558594
1165.95498247711	1853
1168.50808027116	1774.5
1171.06037771587	1722.19995117188
1173.61187523364	1693.5
1176.16257324643	1684.80004882813
1178.71247217573	1676.80004882813
1181.26157244255	1668
1183.80987446746	1669.19995117188
1186.35737867059	1674.19995117188
1188.90408547157	1696.90002441406
1191.44999528961	1698.90002441406
1193.99510854347	1728.59997558594
1196.53942565142	1732.40002441406
1199.08294703133	1699.90002441406
1201.62567310057	1680.59997558594
1204.16760427611	1666
1206.70874097445	1651.80004882813
1209.24908361163	1662.90002441406
1211.78863260327	1651.40002441406
1214.32738836454	1654.69995117188
1216.86535131017	1669
1219.40252185445	1638.30004882813
1221.93890041121	1643.59997558594
1224.47448739389	1636.5
1227.00928321544	1649.80004882813
1229.54328828842	1635.90002441406
1232.07650302491	1630
1234.60892783662	1632.09997558594
1237.14056313477	1647.40002441406
1239.67140933017	1633.59997558594
1242.2014668332	1640
1244.73073605384	1664.90002441406
1247.25921740159	1651.80004882813
1249.78691128558	1665
1252.31381811448	1631.5
1254.83993829655	1642.90002441406
1257.36527223962	1667.80004882813
1259.88982035112	1684.30004882813
1262.41358303803	1694.30004882813
1264.93656070696	1682.90002441406
1267.45875376405	1686.40002441406
1269.98016261505	1702.90002441406
1272.50078766531	1708
1275.02062931974	1719.69995117188
1277.53968798285	1703.80004882813
1280.05796405875	1708.59997558594
1282.57545795112	1680.40002441406
1285.09217006325	1681.80004882813
1287.60810079802	1683.69995117188
1290.12325055788	1676.40002441406
1292.63761974492	1673.59997558594
1295.15120876079	1681.09997558594
1297.66401800676	1685.09997558594
1300.17604788367	1691.69995117188
1302.687298792	1664.19995117188
1305.19777113181	1668.90002441406
1307.70746530274	1678.09997558594
1310.21638170408	1666.80004882813
1312.7245207347	1705.5
1315.23188279307	1679.69995117188
1317.73846827728	1671.19995117188
1320.24427758502	1680.90002441406
1322.74931111359	1686.90002441406
1325.25356925991	1675
1327.75705242051	1679.40002441406
1330.25976099151	1675.40002441406
1332.76169536868	1677.40002441406
1335.26285594737	1660.59997558594
1337.76324312256	1685.40002441406
1340.26285728887	1653.5
1342.76169884052	1683.80004882813
1345.25976817132	1674.5
1347.75706567474	1639.09997558594
1350.25359174387	1674.69995117188
1352.74934677141	1664.40002441406
1355.24433114968	1663.90002441406
1357.73854527062	1666.59997558594
1360.23198952583	1664.80004882813
1362.7246643065	1645.69995117188
1365.21657000347	1657.09997558594
1367.7077070072	1651.09997558594
1370.19807570777	1652.09997558594
1372.68767649492	1650.69995117188
1375.176509758	1660.30004882813
1377.66457588599	1669.5
1380.15187526753	1658.59997558594
1382.63840829087	1653.80004882813
1385.1241753439	1647.09997558594
1387.60917681417	1684
1390.09341308884	1673.90002441406
1392.57688455474	1682.30004882813
1395.05959159829	1677.90002441406
1397.54153460562	1670.30004882813
1400.02271396243	1688.90002441406
1402.50313005414	1669.09997558594
1404.98278326576	1685.09997558594
1407.46167398196	1664.69995117188
1409.93980258707	1685.5
1412.41716946504	1658.40002441406
1414.89377499951	1676.09997558594
1417.36961957373	1675.80004882813
1419.84470357062	1678.90002441406
1422.31902737275	1675.40002441406
1424.79259136235	1684.19995117188
1427.26539592129	1678.30004882813
1429.73744143111	1692.90002441406
1432.20872827299	1706.09997558594
1434.67925682777	1709.69995117188
1437.14902747597	1713.30004882813
1439.61804059773	1729.90002441406
1442.0862965729	1731.59997558594
1444.55379578093	1753.19995117188
1447.02053860099	1737.40002441406
1449.48652541188	1747.80004882813
1451.95175659206	1741.40002441406
1454.41623251969	1734.30004882813
1456.87995357255	1743
1459.34292012811	1723.40002441406
1461.80513256351	1721.80004882813
1464.26659125557	1742
1466.72729658073	1714.59997558594
1469.18724891517	1705.59997558594
1471.64644863469	1712
1474.10489611478	1715.09997558594
1476.5625917306	1711.69995117188
1479.01953585699	1690.59997558594
1481.47572886844	1707.30004882813
1483.93117113917	1717.5
1486.38586304302	1719.40002441406
1488.83980495354	1735.40002441406
1491.29299724395	1747.80004882813
1493.74544028715	1748.80004882813
1496.19713445573	1758.40002441406
1498.64808012193	1804.5
1501.09827765772	1812.59997558594
1503.54772743471	1859.90002441406
1505.99642982421	1919.30004882813
1508.44438519723	1982.40002441406
1510.89159392446	2059.80004882813
1513.33805637625	2164.60009765625
1515.78377292266	2235.10009765625
1518.22874393346	2263.60009765625
1520.67296977806	2248.60009765625
1523.11645082559	2197.19995117188
1525.55918744488	2111.69995117188
1528.00118000444	2006.5
1530.44242887245	1945.80004882813
1532.88293441684	1859.80004882813
1535.32269700517	1827.59997558594
1537.76171700475	1771.09997558594
1540.19999478255	1748.09997558594
1542.63753070526	1753.90002441406
1545.07432513925	1729.40002441406
1547.5103784506	1723.40002441406
1549.94569100509	1718.69995117188
1552.38026316819	1709.80004882813
1554.8140953051	1724.30004882813
1557.24718778067	1723.09997558594
1559.67954095952	1697.69995117188
1562.11115520592	1708.09997558594
1564.54203088386	1705.80004882813
1566.97216835704	1699.40002441406
1569.40156798888	1724.80004882813
1571.83023014248	1706.5
1574.25815518067	1700.09997558594
1576.68534346597	1704.80004882813
1579.11179536062	1706.80004882813
1581.53751122658	1697.30004882813
1583.9624914255	1695.69995117188
1586.38673631876	1722.30004882813
1588.81024626745	1704.09997558594
1591.23302163235	1720.30004882813
1593.655062774	1707.59997558594
1596.07637005262	1731.90002441406
1598.49694382815	1700.09997558594
1600.91678446025	1709.09997558594
1603.33589230831	1707.80004882813
1605.75426773142	1715.30004882813
1608.1719110884	1713.19995117188
1610.58882273779	1701.59997558594
1613.00500303784	1723
1615.42045234654	1713.59997558594
1617.83517102158	1691.59997558594
1620.24915942039	1712.90002441406
1622.66241790012	1709
1625.07494681764	1702.69995117188
1627.48674652954	1717.09997558594
1629.89781739216	1722.40002441406
1632.30815976152	1725.5
1634.71777399343	1725.19995117188
1637.12666044338	1737.69995117188
1639.53481946661	1716.19995117188
1641.94225141808	1723.80004882813
1644.34895665248	1732.19995117188
1646.75493552424	1743.59997558594
1649.16018838752	1726.19995117188
1651.56471559621	1759.59997558594
1653.96851750392	1768.5
1656.37159446403	1762.19995117188
1658.7739468296	1754
1661.17557495349	1756.19995117188
1663.57647918824	1735.69995117188
1665.97665988617	1763.19995117188
1668.37611739929	1739.80004882813
1670.77485207939	1745.5
1673.17286427799	1733.59997558594
1675.57015434633	1729.40002441406
1677.96672263542	1721.5
1680.36256949598	1717.59997558594
1682.7576952785	1713.80004882813
1685.15210033318	1724.90002441406
1687.54578501	1701.69995117188
1689.93874965866	1682.40002441406
1692.33099462861	1686.19995117188
1694.72252026904	1696.40002441406
1697.11332692889	1707.09997558594
1699.50341495686	1685.69995117188
1701.89278470137	1693
1704.28143651061	1683.90002441406
1706.66937073251	1662.59997558594
1709.05658771473	1702.5
1711.44308780473	1684.69995117188
1713.82887134968	1677.5
1716.21393869648	1676.90002441406
1718.59829019185	1701
1720.98192618221	1668.09997558594
1723.36484701374	1690
1725.74705303238	1684.19995117188
1728.12854458384	1680
1730.50932201356	1688.59997558594
1732.88938566673	1693.40002441406
1735.26873588834	1673.30004882813
1737.64737302307	1683.80004882813
1740.02529741544	1691.09997558594
1742.40250940964	1687.80004882813
1744.77900934969	1681.90002441406
1747.15479757933	1686.59997558594
1749.52987444206	1663.5
1751.90424028116	1683.69995117188
1754.27789543967	1684.40002441406
1756.65084026037	1671.09997558594
1759.02307508582	1675.09997558594
1761.39460025833	1667.30004882813
1763.76541612	1688.69995117188
1766.13552301265	1685.40002441406
1768.50492127791	1683.30004882813
1770.87361125714	1668.19995117188
1773.2415932915	1674.90002441406
1775.60886772188	1682.30004882813
1777.97543488896	1677.19995117188
1780.34129513318	1689.30004882813
1782.70644879475	1683.80004882813
1785.07089621365	1680.69995117188
1787.43463772964	1661.19995117188
1789.7976736822	1682.40002441406
1792.16000441066	1665.59997558594
1794.52163025405	1670.59997558594
1796.88255155121	1679.90002441406
1799.24276864074	1688.30004882813
1801.60228186102	1682.5
1803.96109155019	1679.69995117188
1806.31919804618	1693.59997558594
1808.67660168668	1682
1811.03330280916	1690.09997558594
1813.38930175088	1697.09997558594
1815.74459884884	1693.90002441406
1818.09919443984	1696.09997558594
1820.45308886047	1667.80004882813
1822.80628244708	1677.40002441406
1825.1587755358	1668.90002441406
1827.51056846254	1685
1829.86166156297	1669.40002441406
1832.21205517258	1681.19995117188
1834.56174962661	1691.40002441406
1836.91074526009	1678
1839.25904240783	1686.5
1841.60664140443	1670.69995117188
1843.95354258425	1688.59997558594
1846.29974628146	1671.69995117188
1848.64525282998	1690.59997558594
1850.99006256356	1685.30004882813
1853.3341758157	1681.90002441406
1855.67759291968	1683.19995117188
1858.02031420858	1679
1860.36234001528	1691
1862.70367067241	1688.80004882813
1865.04430651244	1685.59997558594
1867.38424786755	1673.5
1869.72349506978	1673.5
1872.06204845094	1676.59997558594
1874.39990834258	1667.80004882813
1876.73707507612	1694.90002441406
1879.07354898269	1679.40002441406
1881.40933039328	1705.59997558594
1883.74441963861	1667
1886.07881704925	1683.19995117188
1888.41252295551	1678.19995117188
1890.74553768751	1681
1893.07786157519	1681.80004882813
1895.40949494822	1682.5
1897.74043813615	1666.40002441406
1900.07069146823	1680.90002441406
1902.40025527357	1667.80004882813
1904.72912988106	1682.19995117188
1907.05731561938	1676.09997558594
1909.38481281699	1684.5
1911.71162180217	1683.59997558594
1914.037742903	1683.09997558594
1916.36317644734	1681.09997558594
1918.68792276284	1684.69995117188
1921.01198217697	1689.90002441406
1923.33535501699	1664.19995117188
1925.65804160996	1679.90002441406
1927.98004228273	1684.5
1930.30135736196	1685.19995117188
1932.6219871741	1678.80004882813
1934.94193204543	1670
1937.26119230198	1691.59997558594
1939.57976826962	1685.30004882813
1941.89766027402	1680.09997558594
1944.21486864062	1673.19995117188
1946.53139369472	1668.19995117188
1948.84723576137	1692.09997558594
1951.16239516543	1687.90002441406
1953.47687223159	1689.80004882813
1955.79066728434	1684
1958.10378064794	1683.90002441406
1960.4162126465	1679.69995117188
1962.7279636039	1691.40002441406
1965.03903384385	1692.19995117188
1967.34942368987	1697.40002441406
1969.65913346524	1694.80004882813
1971.96816349311	1701.69995117188
1974.2765140964	1681.5
1976.58418559784	1669.40002441406
1978.89117831997	1683
1981.19749258516	1683.09997558594
1983.50312871555	1672.5
1985.80808703313	1682.5
1988.11236785967	1699.5
1990.41597151676	1682
1992.71889832581	1666.69995117188
1995.02114860801	1694.5
1997.3227226844	1682.59997558594
1999.62362087581	1657.5
2001.92384350288	1693
2004.22339088608	1690.90002441406
2006.52226334567	1688.90002441406
2008.82046120173	1684.40002441406
2011.11798477417	1681.59997558594
2013.41483438269	1675
2015.71101034681	1679.19995117188
2018.00651298588	1679.69995117188
2020.30134261905	1687.19995117188
2022.59549956528	1692.69995117188
2024.88898414337	1693.59997558594
2027.1817966719	1686.69995117188
2029.4739374693	1690.90002441406
2031.76540685379	1663.59997558594
2034.05620514342	1688.30004882813
2036.34633265607	1686.80004882813
2038.6357897094	1686.5
2040.92457662092	1675.80004882813
2043.21269370795	1667.90002441406
2045.50014128763	1693.19995117188
2047.78691967691	1693.19995117188
2050.07302919256	1700.30004882813
2052.35847015118	1694.5
2054.64324286919	1678.90002441406
2056.9273476628	1679.90002441406
2059.21078484808	1687.69995117188
2061.4935547409	1671.90002441406
2063.77565765696	1700.90002441406
2066.05709391176	1674.5
2068.33786382065	1680.5
2070.61796769879	1663.59997558594
2072.89740586116	1679.40002441406
2075.17617862255	1693.69995117188
2077.45428629759	1673.90002441406
2079.73172920075	1671.30004882813
2082.00850764627	1663.80004882813
2084.28462194827	1683.80004882813
2086.56007242065	1663.80004882813
2088.83485937717	1687.40002441406
2091.10898313139	1668.40002441406
2093.3824439967	1695.5
2095.65524228632	1703.19995117188
2097.92737831328	1670
2100.19885239047	1688.40002441406
2102.46966483057	1679.5
2104.7398159461	1688.80004882813
2107.00930604941	1683
2109.27813545267	1682
2111.54630446787	1693.80004882813
2113.81381340685	1688
2116.08066258126	1684.19995117188
2118.34685230257	1686.19995117188
2120.61238288211	1709.69995117188
2122.87725463099	1710.30004882813
2125.1414678602	1705.69995117188
2127.40502288052	1684.59997558594
2129.66792000257	1692.59997558594
2131.93015953682	1684.80004882813
2134.19174179353	1695.5
2136.45266708282	1690.5
2138.71293571463	1684.19995117188
2140.97254799873	1691.59997558594
2143.23150424473	1680.40002441406
2145.48980476205	1707.40002441406
2147.74744985996	1695.09997558594
2150.00443984754	1692
2152.26077503373	1714.5
2154.51645572728	1705.80004882813
2156.77148223677	1716.40002441406
2159.02585487064	1721.09997558594
2161.27957393713	1714.90002441406
2163.53263974432	1710.90002441406
2165.78505260012	1714.30004882813
2168.0368128123	1710.90002441406
2170.28792068844	1712.19995117188
2172.53837653595	1721.80004882813
2174.78818066207	1695.80004882813
2177.03733337389	1694.80004882813
2179.28583497833	1671.30004882813
2181.53368578214	1695.59997558594
2183.78088609192	1691.19995117188
2186.02743621406	1685.80004882813
2188.27333645484	1677.80004882813
2190.51858712033	1683.69995117188
2192.76318851646	1678.59997558594
2195.00714094901	1674.69995117188
2197.25044472354	1684.80004882813
2199.49310014551	1678.59997558594
2201.73510752018	1677.80004882813
2203.97646715265	1666.90002441406
2206.21717934786	1673.40002441406
2208.45724441058	1668.40002441406
2210.69666264543	1686.59997558594
2212.93543435686	1682.90002441406
2215.17355984914	1690.59997558594
2217.41103942642	1670
2219.64787339264	1655
2221.8840620516	1681.80004882813
2224.11960570695	1688.5
2226.35450466215	1671.59997558594
2228.58875922051	1670.69995117188
2230.82236968518	1676.69995117188
2233.05533635916	1667.90002441406
2235.28765954527	1674.40002441406
2237.51933954617	1684.80004882813
2239.75037666437	1678.80004882813
2241.98077120221	1668.30004882813
2244.21052346188	1668.90002441406
2246.4396337454	1664
2248.66810235461	1677.30004882813
2250.89592959125	1669.09997558594
2253.12311575681	1665.19995117188
2255.34966115272	1665.80004882813
2257.57556608017	1677.09997558594
2259.80083084023	1667.40002441406
2262.02545573381	1664.09997558594
2264.24944106163	1678.80004882813
2266.47278712429	1680.09997558594
2268.69549422221	1664.69995117188
2270.91756265564	1685.90002441406
2273.1389927247	1672.90002441406
2275.35978472934	1684.59997558594
2277.57993896933	1677.40002441406
2279.79945574431	1678.19995117188
2282.01833535375	1685.19995117188
2284.23657809696	1675.09997558594
2286.45418427309	1688
2288.67115418114	1697.40002441406
2290.88748811995	1696.40002441406
2293.10318638819	1694
2295.3182492844	1680.40002441406
2297.53267710693	1702.19995117188
2299.746470154	1684.09997558594
2301.95962872364	1727.90002441406
2304.17215311376	1694.80004882813
2306.3840436221	1702
2308.59530054621	1723.40002441406
2310.80592418354	1734.40002441406
2313.01591483134	1722.30004882813
2315.22527278673	1708.90002441406
2317.43399834666	1696.69995117188
2319.64209180791	1710.80004882813
2321.84955346713	1696.09997558594
2324.05638362079	1691.80004882813
2326.26258256524	1692.80004882813
2328.46815059664	1701.80004882813
2330.67308801098	1689.40002441406
2332.87739510415	1685.5
2335.08107217184	1683.80004882813
2337.2841195096	1680.09997558594
2339.48653741281	1670
2341.68832617672	1687
2343.8894860964	1694.40002441406
2346.09001746678	1703
2348.28992058261	1677.30004882813
2350.48919573852	1665.09997558594
2352.68784322898	1672.40002441406
2354.88586334826	1663.59997558594
2357.08325639055	1668.30004882813
2359.2800226498	1675.5
2361.47616241988	1674.09997558594
2363.67167599445	1672.90002441406
2365.86656366706	1692
2368.06082573107	1674.80004882813
2370.2544624797	1685.5
2372.44747420603	1661.5
2374.63986120295	1669.69995117188
2376.83162376322	1665.30004882813
2379.02276217945	1663
2381.21327674408	1654.09997558594
2383.4031677494	1679.80004882813
2385.59243548756	1661.69995117188
2387.78108025053	1667.30004882813
2389.96910233014	1667.40002441406
2392.15650201809	1680.59997558594
2394.34327960587	1647.90002441406
2396.52943538486	1680.19995117188
2398.71496964628	1667.09997558594
2400.89988268118	1660.19995117188
2403.08417478048	1664.59997558594
2405.26784623491	1654.5
2407.45089733509	1658.90002441406
2409.63332837146	1651.19995117188
2411.81513963429	1655.90002441406
2413.99633141375	1656.80004882813
2416.1769039998	1665.30004882813
2418.35685768227	1665
2420.53619275084	1665
2422.71490949505	1656.59997558594
2424.89300820425	1663.30004882813
2427.07048916765	1654.59997558594
2429.24735267433	1669.40002441406
2431.42359901319	1662.80004882813
2433.59922847297	1674.59997558594
2435.7742413423	1656.09997558594
2437.94863790961	1672.80004882813
2440.12241846321	1662.80004882813
2442.29558329121	1655.80004882813
2444.46813268162	1662.19995117188
2446.64006692228	1650.5
2448.81138630086	1633.59997558594
2450.98209110489	1649.5
2453.15218162174	1659.30004882813
2455.32165813864	1647.5
2457.49052094265	1648.80004882813
2459.65877032069	1661
2461.8264065595	1667.09997558594
2463.99342994572	1673.30004882813
2466.15984076579	1676.30004882813
2468.325639306	1667.69995117188
2470.49082585251	1655.30004882813
2472.65540069131	1661.80004882813
2474.81936410824	1679.90002441406
2476.98271638899	1663.90002441406
2479.14545781909	1682.09997558594
2481.30758868392	1670.19995117188
2483.4691092687	1669.80004882813
2485.63001985852	1662.30004882813
2487.79032073829	1685.80004882813
2489.95001219277	1667.09997558594
2492.10909450659	1662.19995117188
2494.26756796419	1655.19995117188
2496.42543284989	1663.90002441406
2498.58268944783	1653
2500.73933804202	1655.19995117188
2502.8953789163	1675.30004882813
2505.05081235436	1674.5
2507.20563863974	1665.80004882813
2509.35985805582	1659
2511.51347088583	1676
2513.66647741285	1673.19995117188
2515.81887791981	1678.69995117188
2517.97067268946	1677.69995117188
2520.12186200443	1681.59997558594
2522.27244614716	1675.69995117188
2524.42242539999	1662.90002441406
2526.57180004504	1679
2528.72057036433	1676.5
2530.8687366397	1661.30004882813
2533.01629915284	1674.40002441406
2535.16325818527	1656
2537.30961401839	1658.5
2539.45536693343	1661
2541.60051721145	1652.19995117188
2543.74506513338	1660.80004882813
2545.88901097997	1636.19995117188
2548.03235503185	1648.40002441406
2550.17509756946	1635.40002441406
2552.31723887311	1658.90002441406
2554.45877922293	1635.69995117188
2556.59971889893	1651.19995117188
2558.74005818094	1642
2560.87979734864	1647.30004882813
2563.01893668155	1648.69995117188
2565.15747645906	1647.59997558594
2567.29541696037	1644.5
2569.43275846454	1644.09997558594
2571.56950125049	1638.5
2573.70564559696	1642
2575.84119178254	1634.09997558594
2577.97614008569	1637.09997558594
2580.11049078468	1640.30004882813
2582.24424415764	1640
2584.37740048255	1645.90002441406
2586.50996003722	1638.90002441406
2588.64192309931	1658.69995117188
2590.77328994634	1635.69995117188
2592.90406085564	1638.90002441406
2595.03423610442	1640.09997558594
2597.16381596971	1640.40002441406
2599.29280072839	1634.19995117188
2601.42119065719	1645.69995117188
2603.54898603267	1649.90002441406
2605.67618713125	1647.40002441406
2607.80279422919	1635.90002441406
2609.92880760257	1652.90002441406
2612.05422752735	1644.69995117188
2614.17905427932	1648
2616.30328813408	1655.40002441406
2618.42692936713	1647.40002441406
2620.54997825377	1644.19995117188
2622.67243506915	1640.90002441406
2624.79430008828	1647
2626.915573586	1657.40002441406
2629.03625583699	1661.90002441406
2631.15634711579	1653
2633.27584769675	1652.5
2635.39475785408	1652.30004882813
2637.51307786185	1651.59997558594
2639.63080799394	1666
2641.74794852409	1660.40002441406
2643.86449972589	1677.19995117188
2645.98046187273	1689.59997558594
2648.0958352379	1684.69995117188
2650.21062009449	1689.30004882813
2652.32481671544	1665.59997558594
2654.43842537353	1687.80004882813
2656.5514463414	1704.59997558594
2658.66387989151	1710.5
2660.77572629616	1716.69995117188
2662.88698582751	1715.40002441406
2664.99765875753	1711.30004882813
2667.10774535806	1719.80004882813
2669.21724590076	1707.19995117188
2671.32616065714	1730
2673.43448989857	1716.5
2675.5422338962	1702.80004882813
2677.64939292108	1687.5
2679.75596724408	1695.19995117188
2681.86195713589	1685.40002441406
2683.96736286707	1701.69995117188
2686.07218470799	1687.19995117188
2688.17642292889	1673.69995117188
2690.28007779982	1658.59997558594
2692.38314959069	1659.80004882813
2694.48563857123	1657.59997558594
2696.58754501103	1654.5
2698.6888691795	1671.80004882813
2700.78961134588	1651.30004882813
2702.8897717793	1650
2704.98935074864	1651.80004882813
2707.08834852271	1649
2709.18676537009	1646.59997558594
2711.28460155925	1635.90002441406
2713.38185735843	1640.90002441406
2715.47853303577	1645.90002441406
2717.57462885924	1661
2719.67014509659	1629
2721.76508201548	1637.09997558594
2723.85943988337	1643.80004882813
2725.95321896754	1628.30004882813
2728.04641953515	1638.40002441406
2730.13904185316	1644.19995117188
2732.23108618837	1635.90002441406
2734.32255280744	1627.09997558594
2736.41344197683	1632.59997558594
2738.50375396288	1637.30004882813
2740.5934890317	1628.40002441406
2742.68264744932	1624.30004882813
2744.77122948153	1620.30004882813
2746.85923539398	1620.69995117188
2748.94666545217	1633.69995117188
2751.03351992142	1627.5
2753.11979906688	1624.19995117188
2755.20550315355	1630.90002441406
2757.29063244624	1629.5
2759.37518720963	1606.5
2761.45916770819	1610
2763.54257420625	1598.30004882813
2765.62540696797	1615.09997558594
2767.70766625733	1614
2769.78935233816	1620
2771.87046547413	1612.40002441406
2773.95100592869	1623.19995117188
2776.03097396519	1621.40002441406
2778.11036984677	1611.40002441406
2780.18919383641	1595.80004882813
2782.26744619693	1619.40002441406
2784.34512719097	1626
2786.42223708102	1612.80004882813
2788.49877612937	1612.30004882813
2790.57474459816	1612.19995117188
2792.65014274937	1610
2794.7249708448	1623.30004882813
2796.79922914607	1607.80004882813
2798.87291791465	1616.90002441406
2800.94603741181	1629.09997558594
2803.01858789869	1616.59997558594
2805.09056963623	1619.09997558594
2807.1619828852	1603.19995117188
2809.23282790621	1627
2811.30310495971	1611.30004882813
2813.37281430593	1603.30004882813
2815.441956205	1629.40002441406
2817.51053091682	1623
2819.57853870114	1625.90002441406
2821.64597981753	1616.90002441406
2823.7128545254	1625.90002441406
2825.77916308399	1627.19995117188
2827.84490575233	1623
2829.91008278933	1634.90002441406
2831.97469445369	1628
2834.03874100395	1632.5
2836.10222269847	1640.30004882813
2838.16513979544	1645
2840.22749255288	1646.19995117188
2842.28928122863	1652.5
2844.35050608034	1679.80004882813
2846.41116736553	1695.90002441406
2848.47126534149	1702.19995117188
2850.53080026537	1695.90002441406
2852.58977239414	1700.69995117188
2854.64818198459	1726.40002441406
2856.70602929332	1719
2858.76331457678	1726
2860.82003809123	1737
2862.87620009274	1725.09997558594
2864.93180083723	1743
2866.98684058043	1763.40002441406
2869.04131957789	1768.80004882813
2871.09523808497	1768
2873.14859635689	1796.59997558594
2875.20139464866	1792.69995117188
2877.2536332151	1790.59997558594
2879.30531231091	1790.69995117188
2881.35643219054	1782.69995117188
2883.40699310831	1797.69995117188
2885.45699531834	1793.30004882813
2887.50643907457	1791.90002441406
2889.55532463077	1819
2891.60365224053	1801.59997558594
2893.65142215724	1805.90002441406
2895.69863463414	1803.09997558594
2897.74528992426	1808.59997558594
2899.79138828046	1817.59997558594
2901.83692995544	1798.69995117188
2903.88191520168	1822.69995117188
2905.92634427151	1820.30004882813
2907.97021741706	1823.30004882813
2910.01353489027	1837.90002441406
2912.05629694294	1852.69995117188
2914.09850382663	1858.09997558594
2916.14015579276	1863.90002441406
2918.18125309254	1878.09997558594
2920.22179597702	1889.90002441406
2922.26178469705	1894.30004882813
2924.30121950329	1903.69995117188
2926.34010064624	1933.69995117188
2928.37842837619	1922
2930.41620294326	1939.90002441406
2932.45342459737	1939.90002441406
2934.49009358828	1946.59997558594
2936.52621016555	1944.30004882813
2938.56177457854	1928.90002441406
2940.59678707645	1910.40002441406
2942.63124790827	1910.19995117188
2944.66515732282	1877.5
2946.69851556873	1879.80004882813
2948.73132289443	1877.30004882813
2950.76357954817	1864.69995117188
2952.79528577803	1810.80004882813
2954.82644183188	1823.80004882813
2956.85704795741	1826.5
2958.8871044021	1816.59997558594
2960.91661141328	1801.69995117188
2962.94556923807	1807.59997558594
2964.97397812339	1795.80004882813
2967.00183831598	1812.69995117188
2969.0291500624	1799.90002441406
2971.05591360902	1787.30004882813
2973.08212920199	1781
2975.1077970873	1764.40002441406
2977.13291751074	1771.59997558594
2979.1574907179	1758.19995117188
2981.18151695419	1753.30004882813
2983.20499646482	1746
2985.2279294948	1739.09997558594
2987.25031628898	1740.19995117188
2989.27215709199	1725.40002441406
2991.29345214825	1714.80004882813
2993.31420170204	1712.09997558594
2995.33440599738	1703.09997558594
2997.35406527816	1687.40002441406
2999.37317978802	1701.69995117188
3001.39174977045	1682
3003.40977546872	1693.90002441406
3005.42725712591	1693.80004882813
3007.44419498491	1703.59997558594
3009.4605892884	1692.30004882813
3011.47644027889	1687.09997558594
3013.49174819865	1686
3015.5065132898	1678.90002441406
3017.52073579424	1696.90002441406
3019.53441595366	1667.59997558594
3021.54755400959	1675.09997558594
3023.56015020332	1657.59997558594
3025.57220477598	1662.80004882813
3027.58371796846	1652.80004882813
3029.5946900215	1659.40002441406
3031.6051211756	1674.19995117188
3033.61501167107	1652.09997558594
3035.62436174803	1657.19995117188
3037.6331716464	1649.09997558594
3039.64144160588	1653.90002441406
3041.649171866	1637.90002441406
3043.65636266607	1652
3045.6630142452	1650.5
3047.66912684229	1647.69995117188
3049.67470069605	1646.80004882813
3051.679736045	1640.69995117188
3053.68423312742	1646.09997558594
3055.68819218143	1653.90002441406
3057.6916134449	1651.90002441406
3059.69449715556	1647.59997558594
3061.69684355086	1649.30004882813
3063.6986528681	1653.69995117188
3065.69992534437	1653.09997558594
3067.70066121653	1639.40002441406
3069.70086072126	1648.5
3071.700524095	1645.69995117188
3073.69965157405	1628.80004882813
3075.69824339442	1649
3077.69629979197	1645
3079.69382100235	1623.19995117188
3081.69080726098	1632.80004882813
3083.68725880307	1604.09997558594
3085.68317586366	1629.30004882813
3087.67855867755	1619.5
3089.67340747933	1624.90002441406
3091.6677225034	1643.80004882813
3093.66150398392	1621.5
3095.6547521549	1637.80004882813
3097.64746725006	1624.80004882813
3099.63964950297	1616.80004882813
3101.63129914698	1624.90002441406
3103.6224164152	1629.69995117188
3105.61300154056	1641
3107.60305475576	1636.40002441406
3109.59257629331	1624.40002441406
3111.58156638547	1645
3113.57002526432	1644.69995117188
3115.55795316172	1647.80004882813
3117.54535030932	1638.80004882813
3119.53221693853	1646.19995117188
3121.51855328057	1650.09997558594
3123.50435956646	1640.69995117188
3125.48963602698	1643.80004882813
3127.4743828927	1659.40002441406
3129.45860039397	1646.69995117188
3131.44228876093	1653
3133.42544822353	1653.19995117188
3135.40807901145	1652.30004882813
3137.39018135418	1663.59997558594
3139.37175548102	1653.40002441406
3141.35280162101	1662.40002441406
3143.33332000299	1653.40002441406
3145.31331085559	1666.09997558594
3147.2927744072	1667.30004882813
3149.27171088602	1657.90002441406
3151.25012052	1668.19995117188
3153.22800353689	1639.09997558594
3155.20536016422	1663.59997558594
3157.18219062929	1677.09997558594
3159.15849515918	1642.19995117188
3161.13427398075	1675.59997558594
3163.10952732066	1651.40002441406
3165.08425540532	1670.90002441406
3167.05845846092	1684.30004882813
3169.03213671344	1685
3171.00529038863	1683.09997558594
3172.97791971203	1675.40002441406
3174.95002490893	1689.59997558594
3176.92160620443	1674.80004882813
3178.89266382337	1681.09997558594
3180.8631979904	1685.09997558594
3182.83320892991	1693.40002441406
3184.80269686609	1689.90002441406
3186.77166202289	1687.59997558594
3188.74010462406	1684.80004882813
3190.70802489307	1694.30004882813
3192.67542305323	1678.5
3194.64229932757	1683.5
3196.60865393892	1695.59997558594
3198.57448710987	1690.80004882813
3200.53979906279	1691.59997558594
3202.50459001981	1683.09997558594
3204.46886020284	1685.5
3206.43260983356	1694.30004882813
3208.39583913341	1711.30004882813
3210.35854832362	1696
3212.32073762517	1717
3214.28240725881	1704.80004882813
3216.24355744508	1707.09997558594
3218.20418840426	1723.09997558594
3220.16430035642	1696.69995117188
3222.12389352137	1712.19995117188
3224.08296811873	1685.59997558594
3226.04152436784	1725.80004882813
3227.99956248784	1694.5
3229.95708269762	1714
3231.91408521584	1693.09997558594
3233.87057026092	1716.59997558594
3235.82653805105	1714.90002441406
3237.78198880419	1703.59997558594
3239.73692273806	1693.09997558594
3241.69134007013	1708.09997558594
3243.64524101764	1700.80004882813
3245.59862579761	1719.09997558594
3247.55149462681	1722.30004882813
3249.50384772176	1704.40002441406
3251.45568529877	1719.80004882813
3253.40700757387	1742.59997558594
3255.35781476288	1723.19995117188
3257.3081070814	1722.09997558594
3259.25788474473	1717.40002441406
3261.20714796799	1727
3263.15589696602	1711.40002441406
3265.10413195345	1725.40002441406
3267.05185314463	1735.90002441406
3268.9990607537	1728.30004882813
3270.94575499455	1740.80004882813
3272.89193608081	1723.30004882813
3274.8376042259	1760.69995117188
3276.78275964296	1737.30004882813
3278.72740254492	1730.19995117188
3280.67153314443	1740.90002441406
3282.61515165393	1748.59997558594
3284.55825828559	1743.30004882813
3286.50085325135	1728.80004882813
3288.44293676289	1722.59997558594
3290.38450903165	1741.30004882813
3292.32557026883	1737.80004882813
3294.26612068537	1725.59997558594
3296.20616049198	1742.09997558594
3298.14568989911	1738.09997558594
3300.08470911695	1732.30004882813
3302.02321835546	1718.90002441406
3303.96121782435	1737
3305.89870773306	1725.5
3307.83568829081	1724.69995117188
3309.77215970655	1729.80004882813
3311.70812218898	1748.80004882813
3313.64357594655	1717.09997558594
3315.57852118747	1726.5
3317.51295811968	1738.69995117188
3319.44688695087	1716.69995117188
3321.38030788849	1727.90002441406
3323.31322113973	1732.09997558594
3325.24562691152	1714.09997558594
3327.17752541055	1722.09997558594
3329.10891684322	1728.59997558594
3331.03980141573	1732.90002441406
3332.97017933399	1718.59997558594
3334.90005080364	1734.19995117188
3336.82941603011	1738.5
3338.75827521852	1723.19995117188
3340.68662857377	1710.69995117188
3342.6144763005	1731.5
3344.54181860308	1735.69995117188
3346.46865568561	1732.59997558594
3348.39498775195	1719.80004882813
3350.32081500571	1738.90002441406
3352.24613765022	1720.19995117188
3354.17095588855	1732.5
3356.09526992352	1734.69995117188
3358.01907995769	1733.09997558594
3359.94238619334	1735.19995117188
3361.86518883251	1720.90002441406
3363.78748807697	1726.80004882813
3365.70928412823	1730.80004882813
3367.63057718752	1745.59997558594
3369.55136745582	1731.40002441406
3371.47165513386	1728.80004882813
3373.39144042208	1724.09997558594
3375.31072352066	1736.19995117188
3377.22950462953	1731.30004882813
3379.14778394834	1735.30004882813
3381.06556167648	1715.69995117188
3382.98283801308	1722.30004882813
3384.89961315697	1740.90002441406
3386.81588730676	1717.90002441406
3388.73166066076	1732
3390.64693341702	1724.30004882813
3392.56170577332	1731.30004882813
3394.47597792716	1716.69995117188
3396.38975007581	1722
3398.30302241623	1732.30004882813
3400.21579514512	1726.30004882813
3402.1280684589	1732.19995117188
3404.03984255374	1726.69995117188
3405.95111762553	1726
3407.86189386987	1725.19995117188
3409.77217148212	1718.30004882813
3411.68195065733	1729.69995117188
3413.5912315903	1718.40002441406
3415.50001447556	1736.59997558594
3417.40829950735	1729
3419.31608687963	1721.59997558594
3421.22337678611	1728.40002441406
3423.1301694202	1720.40002441406
3425.03646497504	1730.40002441406
3426.9422636435	1736.59997558594
3428.84756561816	1738.09997558594
3430.75237109135	1711.59997558594
3432.65668025508	1721.59997558594
3434.56049330112	1720.19995117188
3436.46381042093	1741.09997558594
3438.36663180571	1707.80004882813
3440.26895764638	1721.09997558594
3442.17078813357	1708.30004882813
3444.07212345762	1706.80004882813
3445.97296380863	1709.19995117188
3447.87330937636	1696.09997558594
3449.77316035033	1722.59997558594
3451.67251691977	1722.19995117188
3453.57137927361	1695.80004882813
3455.46974760052	1723.80004882813
3457.36762208886	1711.09997558594
3459.26500292671	1702.59997558594
3461.16189030191	1684.19995117188
3463.05828440194	1705.19995117188
3464.95418541406	1704.69995117188
3466.84959352519	1698.30004882813
3468.74450892201	1698.90002441406
3470.63893179088	1685.19995117188
3472.53286231788	1703
3474.42630068881	1712.90002441406
3476.31924708918	1689
3478.2117017042	1676.30004882813
3480.1036647188	1693.09997558594
3481.99513631761	1695.69995117188
3483.88611668498	1685.90002441406
3485.77660600498	1684.19995117188
3487.66660446135	1695.59997558594
3489.55611223758	1700.80004882813
3491.44512951683	1687.5
3493.333656482	1690.69995117188
3495.22169331568	1670.80004882813
3497.10924020016	1670
3498.99629731746	1668.59997558594
3500.88286484927	1655.90002441406
3502.76894297702	1675.90002441406
3504.65453188182	1648.5
3506.53963174449	1662.80004882813
3508.42424274555	1669.90002441406
3510.30836506524	1661.19995117188
3512.19199888349	1658.09997558594
3514.07514437992	1647.80004882813
3515.95780173387	1636.19995117188
3517.83997112437	1649.19995117188
3519.72165273016	1651.69995117188
3521.60284672967	1629.30004882813
3523.48355330104	1645.30004882813
3525.36377262208	1630.69995117188
3527.24350487035	1638.19995117188
3529.12275022306	1634.09997558594
3531.00150885715	1628.30004882813
3532.87978094923	1622.30004882813
3534.75756667562	1614.09997558594
3536.63486621235	1616.30004882813
3538.51167973512	1624
3540.38800741934	1598.19995117188
3542.26384944011	1618.30004882813
3544.13920597223	1625.80004882813
3546.01407719018	1612.19995117188
3547.88846326815	1606.19995117188
3549.76236438002	1609.90002441406
3551.63578069934	1603.59997558594
3553.50871239938	1601.59997558594
3555.38115965309	1593.59997558594
3557.25312263311	1589.09997558594
3559.12460151177	1593.09997558594
3560.99559646109	1579.09997558594
3562.86610765279	1592.69995117188
3564.73613525825	1585.40002441406
3566.60567944857	1596.09997558594
3568.47474039453	1606
3570.34331826658	1578
3572.21141323487	1577.19995117188
3574.07902546925	1588.40002441406
3575.94615513922	1602.80004882813
3577.81280241401	1587.5
3579.67896746249	1567.30004882813
3581.54465045325	1578.19995117188
3583.40985155455	1582.09997558594
3585.27457093432	1570
3587.1388087602	1580
3589.00256519949	1573.80004882813
3590.86584041919	1559
3592.72863458597	1578
3594.59094786618	1581.90002441406
3596.45278042585	1577.80004882813
3598.31413243069	1576
3600.17500404611	1560.5
3602.03539543717	1581.90002441406
3603.89530676861	1563.19995117188
3605.75473820488	1554.30004882813
3607.61368991007	1566.30004882813
3609.47216204797	1556.5
3611.33015478203	1558.19995117188
3613.18766827539	1567
3615.04470269087	1564.69995117188
3616.90125819094	1548.40002441406
3618.75733493776	1548.90002441406
3620.61293309318	1556.09997558594
3622.46805281869	1563.40002441406
3624.32269427547	1551.30004882813
3626.17685762439	1552.69995117188
3628.03054302596	1550.69995117188
3629.88375064038	1542.80004882813
3631.73648062751	1541.80004882813
3633.5887331469	1531.30004882813
3635.44050835775	1529.40002441406
3637.29180641893	1535.19995117188
3639.14262748899	1541.19995117188
3640.99297172614	1529.80004882813
3642.84283928828	1537.30004882813
3644.69223033294	1523.40002441406
3646.54114501734	1526.40002441406
3648.38958349836	1522.5
3650.23754593256	1518.19995117188
3652.08503247614	1509.19995117188
3653.93204328497	1528.90002441406
3655.77857851462	1518.40002441406
3657.62463832028	1508.19995117188
3659.47022285682	1524.19995117188
3661.31533227877	1526.90002441406
3663.15996674033	1506.59997558594
3665.00412639535	1494.09997558594
3666.84781139736	1501.69995117188
3668.69102189953	1505.40002441406
3670.5337580547	1508.19995117188
3672.37602001537	1499.19995117188
3674.21780793368	1497.30004882813
3676.05912196148	1495.19995117188
3677.89996225021	1508
3679.74032895103	1503.80004882813
3681.58022221471	1497.09997558594
3683.41964219171	1486.59997558594
3685.25858903211	1489.59997558594
3687.0970628857	1475.80004882813
3688.93506390186	1491.30004882813
3690.77259222968	1491.30004882813
3692.60964801787	1493.59997558594
3694.44623141481	1501.59997558594
3696.28234256853	1500.59997558594
3698.11798162669	1498.19995117188
3699.95314873665	1490.19995117188
3701.78784404537	1478.80004882813
3703.62206769951	1485.59997558594
3705.45581984533	1471.5
3707.28910062877	1487.40002441406
3709.12191019542	1484
3710.95424869052	1483.90002441406
3712.78611625894	1481.59997558594
3714.6175130452	1483.5
3716.44843919349	1475.90002441406
3718.27889484764	1488.80004882813
3720.1088801511	1482.69995117188
3721.93839524699	1480.90002441406
3723.76744027808	1467.40002441406
3725.59601538677	1475.90002441406
3727.4241207151	1468.80004882813
