40.2973356941271	1127.90002441406
43.2236257608418	1129
46.1488808466109	1130.19995117188
49.0731017336173	1130.5
51.9962892025666	1131.30004882813
54.9184440327569	1129.19995117188
57.8395670020446	1134.5
60.7596588868509	1135.19995117188
63.6787204621708	1143.30004882813
66.5967525015794	1144
69.5137557772381	1144.5
72.4297310598838	1150.80004882813
75.3446791188512	1156.09997558594
78.2586007220466	1166
81.1714966360015	1175
84.0833676258266	1189.90002441406
86.994214455242	1205.59997558594
89.9040378865662	1221.30004882813
92.8128386807427	1236.5
95.7206175973133	1246.09997558594
98.6273753944444	1258.69995117188
101.533112828928	1265.5
104.437830656161	1279.80004882813
107.34152963018	1274.80004882813
110.244210503676	1268.40002441406
113.145874027931	1269.40002441406
116.046520952895	1266.80004882813
118.946152027154	1262.09997558594
121.844767997933	1259.90002441406
124.74236961111	1261.09997558594
127.638957611212	1255.90002441406
130.534532741422	1259.69995117188
133.429095743606	1261.30004882813
136.322647358252	1256.40002441406
139.215188324544	1257.30004882813
142.106719380311	1266.19995117188
144.997241262089	1252.40002441406
147.886754705057	1269.90002441406
150.775260443096	1256.30004882813
153.662759208748	1260.40002441406
156.549251733282	1253.80004882813
159.434738746612	1264.30004882813
162.319220977376	1257.5
165.20269915289	1251.90002441406
168.085173999178	1244.90002441406
170.966646240977	1257.40002441406
173.847116601709	1256.30004882813
176.726585803528	1255.80004882813
179.605054567295	1255.5
182.48252361259	1251.69995117188
185.358993657701	1252.90002441406
188.234465419645	1248.19995117188
191.108939614183	1250
193.982416955795	1247.69995117188
196.854898157687	1252
199.726383931801	1255.09997558594
202.596874988835	1248.90002441406
205.466372038225	1248.30004882813
208.334875788145	1258.40002441406
211.202386945534	1252
214.068906216069	1249.40002441406
216.934434304194	1259.30004882813
219.798971913111	1246.59997558594
222.662519744776	1255.80004882813
225.525078499925	1254
228.386648878069	1259.30004882813
231.247231577465	1257.19995117188
234.106827295172	1249.59997558594
236.965436727012	1256.59997558594
239.823060567597	1251.19995117188
242.679699510337	1256.30004882813
245.535354247396	1249.69995117188
248.390025469775	1251.30004882813
251.243713867223	1253.80004882813
254.096420128327	1244.59997558594
256.948144940459	1247.69995117188
259.798888989788	1252.69995117188
262.648652961315	1239.90002441406
265.49743753883	1253
268.345243404939	1243.09997558594
271.192071241073	1248
274.037921727485	1250.09997558594
276.882795543246	1247.09997558594
279.72669336624	1258.5
282.569615873213	1249.09997558594
285.411563739724	1247.59997558594
288.252537640165	1248.40002441406
291.092538247763	1253.40002441406
293.931566234616	1247.69995117188
296.769622271633	1256.40002441406
299.606707028594	1257
302.442821174104	1251.59997558594
305.277965375652	1252.69995117188
308.112140299574	1259.5
310.945346611062	1255.69995117188
313.777584974167	1255.5
316.608856051813	1256.69995117188
319.439160505797	1257.30004882813
322.268498996783	1257.59997558594
325.096872184303	1254.09997558594
327.924280726782	1248.30004882813
330.750725281521	1253.59997558594
333.576206504693	1250.30004882813
336.400725051388	1256.59997558594
339.224281575542	1262.40002441406
342.046876730026	1246.09997558594
344.868511166586	1259.40002441406
347.689185535872	1252.69995117188
350.508900487421	1251.5
353.327656669699	1263
356.145454730079	1261.69995117188
358.962295314817	1257.5
361.778179069105	1250.40002441406
364.593106637051	1260.19995117188
367.407078661675	1252.19995117188
370.220095784913	1259.80004882813
373.032158647655	1250.80004882813
375.843267889676	1259.30004882813
378.653424149715	1257.69995117188
381.462628065436	1257.59997558594
384.270880273432	1248.59997558594
387.078181409254	1261.19995117188
389.884532107358	1253.59997558594
392.689933001188	1267.19995117188
395.494384723112	1267.80004882813
398.29788790445	1262.80004882813
401.100443175488	1262.5
403.902051165437	1252.30004882813
406.702712502518	1255.90002441406
409.502427813866	1265.80004882813
412.301197725607	1267.09997558594
415.099022862823	1261.69995117188
417.89590384957	1265.69995117188
420.691841308876	1258.90002441406
423.486835862752	1256.40002441406
426.280888132173	1262.30004882813
429.073998737112	1267.90002441406
431.866168296507	1258.59997558594
434.657397428298	1273.30004882813
437.447686749412	1266.80004882813
440.237036875762	1270.69995117188
443.025448422257	1264.19995117188
445.812922002813	1266.59997558594
448.599458230326	1264.09997558594
451.38505771672	1268.09997558594
454.169721072909	1261.5
456.953448908819	1263
459.736241833384	1266.69995117188
462.518100454555	1270.30004882813
465.2990253793	1265.69995117188
468.079017213605	1270.19995117188
470.858076562476	1264.69995117188
473.636204029939	1266.09997558594
476.41340021906	1261.5
479.189665731938	1276.90002441406
481.965001169667	1274.19995117188
484.739407132419	1269.80004882813
487.512884219391	1271.90002441406
490.285433028796	1278.40002441406
493.057054157921	1277.09997558594
495.827748203087	1269.90002441406
498.597515759658	1282.09997558594
501.366357422061	1278.69995117188
504.134273783759	1271.59997558594
506.901265437278	1271.59997558594
509.66733297421	1272.19995117188
512.432476985198	1273.69995117188
515.196698059945	1278.40002441406
517.959996787225	1274.40002441406
520.722373754895	1281.80004882813
523.483829549856	1283.59997558594
526.24436475811	1274.59997558594
529.003979964696	1276.69995117188
531.762675753779	1286.90002441406
534.520452708569	1275.69995117188
537.277311411375	1282.80004882813
540.03325244359	1285.30004882813
542.788276385682	1276.90002441406
545.54238381725	1280.5
548.295575316938	1275.09997558594
551.047851462516	1279.30004882813
553.799212830831	1280.30004882813
556.549659997851	1275.40002441406
559.299193538643	1269.09997558594
562.047814027381	1281
564.795522037318	1285.90002441406
567.542318140861	1287.30004882813
570.288202909507	1277.90002441406
573.033176913873	1277.5
575.7772407237	1285.40002441406
578.520394907829	1279.69995117188
581.26264003424	1279.59997558594
584.003976670046	1282
586.744405381469	1273
589.483926733869	1283.90002441406
592.222541291746	1284.40002441406
594.96024961872	1283.80004882813
597.697052277563	1291.59997558594
600.432949830166	1282.69995117188
603.167942837587	1295
605.902031860012	1288.59997558594
608.635217456783	1296.19995117188
611.367500186378	1287.90002441406
614.098880606429	1283.59997558594
616.82935927374	1291.59997558594
619.558936744248	1289.19995117188
622.287613573072	1298.19995117188
625.015390314457	1289.69995117188
627.742267521848	1289
630.468245747829	1281.90002441406
633.193325544166	1283.09997558594
635.917507461792	1291.30004882813
638.640792050804	1283.90002441406
641.36317986048	1292.59997558594
644.084671439281	1300.40002441406
646.805267334845	1290.19995117188
649.524968093967	1301.09997558594
652.24377426266	1282.30004882813
654.961686386106	1290
657.678705008678	1285.5
660.394830673939	1285.69995117188
663.110063924628	1288.40002441406
665.824405302728	1289.90002441406
668.537855349351	1301.80004882813
671.250414604863	1293.59997558594
673.962083608812	1294.90002441406
676.672862899949	1294.40002441406
679.382753016218	1292.30004882813
682.091754494801	1295.5
684.799867872061	1299.09997558594
687.507093683595	1302.5
690.213432464198	1299.80004882813
692.918884747899	1294.59997558594
695.623451067937	1298.59997558594
698.327131956755	1307.59997558594
701.029927946065	1300.30004882813
703.731839566754	1300
706.43286734896	1293.59997558594
709.133011822067	1304.90002441406
711.832273514658	1301.90002441406
714.53065295457	1305.30004882813
717.228150668879	1305
719.924767183889	1307.5
722.620503025148	1300.5
725.315358717446	1307.30004882813
728.009334784827	1305.69995117188
730.702431750559	1307.19995117188
733.394650137188	1304.69995117188
736.085990466498	1298.19995117188
738.776453259519	1302.30004882813
741.466039036542	1302
744.154748317125	1295.09997558594
746.842581620074	1305.80004882813
749.529539463458	1303.90002441406
752.215622364608	1316.19995117188
754.900830840131	1302.40002441406
757.585165405892	1296.80004882813
760.26862657703	1305.09997558594
762.951214867957	1302.80004882813
765.632930792356	1301
768.313774863181	1309.90002441406
770.993747592673	1299.80004882813
773.672849492359	1313.30004882813
776.351081073017	1296.80004882813
779.028442844757	1317.80004882813
781.704935316928	1310.30004882813
784.380558998208	1304.90002441406
787.055314396528	1295
789.729202019141	1312.5
792.402222372581	1313.80004882813
795.074375962669	1314.30004882813
797.745663294537	1306.5
800.416084872622	1307.40002441406
803.085641200652	1307.80004882813
805.754332781664	1312.30004882813
808.422160117986	1313.5
811.089123711292	1313
813.75522406252	1307.40002441406
816.420461671951	1303.80004882813
819.084837039164	1316.90002441406
821.748350663067	1311.90002441406
824.411003041866	1315.19995117188
827.072794673116	1311.09997558594
829.733726053668	1320.59997558594
832.39379767971	1321.09997558594
835.05301004674	1316.80004882813
837.711363649601	1320
840.368858982457	1309.19995117188
843.025496538805	1316.40002441406
845.681276811467	1314.59997558594
848.336200292618	1326.80004882813
850.99026747375	1310.69995117188
853.643478845713	1319.5
856.29583489868	1319
858.947336122176	1331
861.59798300506	1331.90002441406
864.247776035556	1326.30004882813
866.896715701222	1322.19995117188
869.544802488959	1313.30004882813
872.192036885046	1313.19995117188
874.838419375087	1326.5
877.483950444054	1336.19995117188
880.128630576285	1314.59997558594
882.772460255461	1326.5
885.415439964628	1328.69995117188
888.057570186211	1319.69995117188
890.698851401966	1319.69995117188
893.339284093045	1318.80004882813
895.978868739961	1334.30004882813
898.617605822596	1329
901.255495820196	1319.80004882813
903.892539211396	1320.19995117188
906.528736474184	1328.59997558594
909.164088085949	1326.80004882813
911.798594523442	1324.09997558594
914.432256262804	1327.40002441406
917.065073779549	1331.30004882813
919.697047548589	1329.69995117188
922.328178044212	1332
924.9584657401	1326.80004882813
927.587911109317	1333.59997558594
930.216514624317	1329.80004882813
932.844276756963	1335.09997558594
935.471197978488	1341.69995117188
938.097278759538	1326.40002441406
940.722519570163	1331.80004882813
943.346920879798	1335.09997558594
945.97048315729	1335.09997558594
948.593206870885	1336.19995117188
951.215092488219	1323.59997558594
953.836140476366	1336.09997558594
956.456351301787	1336.19995117188
959.07572543037	1328.90002441406
961.694263327369	1344.69995117188
964.311965457521	1336.69995117188
966.928832284933	1341.09997558594
969.544864273135	1333.09997558594
972.160061885076	1336
974.774425583129	1342.69995117188
977.387955829099	1329
980.000653084196	1338.80004882813
982.612517809061	1329.40002441406
985.223550463768	1324.5
987.833751507819	1335.40002441406
990.443121400135	1335.30004882813
993.051660599081	1339.69995117188
995.659369562449	1330.19995117188
998.266248747469	1346.19995117188
1000.87229861081	1338.59997558594
1003.47751960857	1351.09997558594
1006.0819121963	1336.5
1008.68547682897	1341.30004882813
1011.28821396104	1346.19995117188
1013.89012404635	1336.69995117188
1016.49120753824	1336.69995117188
1019.09146488947	1341.69995117188
1021.69089655226	1332.40002441406
1024.28950297827	1344.59997558594
1026.88728461863	1338.5
1029.48424192392	1335.30004882813
1032.08037534416	1325
1034.67568532886	1338.59997558594
1037.27017232694	1338.80004882813
1039.86383678682	1349.69995117188
1042.45667915637	1347.19995117188
1045.04869988293	1341.90002441406
1047.6398994133	1342.5
1050.23027819374	1348.90002441406
1052.81983666998	1346.40002441406
1055.40857528724	1340.90002441406
1057.99649449018	1352.30004882813
1060.58359472296	1347.19995117188
1063.1698764292	1354.59997558594
1065.755340052	1346.59997558594
1068.33998603393	1349.59997558594
1070.92381481706	1334.40002441406
1073.50682684291	1351.69995117188
1076.08902255251	1349.09997558594
1078.67040238637	1345.40002441406
1081.25096678445	1342.80004882813
1083.83071618624	1346.90002441406
1086.4096510307	1353.59997558594
1088.98777175629	1335
1091.56507880094	1349.80004882813
1094.14157260208	1347.59997558594
1096.71725359664	1346.80004882813
1099.29212222106	1336.69995117188
1101.86617891125	1350.80004882813
1104.43942410262	1346.09997558594
1107.01185823011	1360
1109.58348172812	1339.59997558594
1112.15429503057	1347
1114.7242985709	1346
1117.29349278203	1356.09997558594
1119.86187809642	1349
1122.42945494599	1348.80004882813
1124.99622376222	1345.09997558594
1127.56218497606	1354.59997558594
1130.12733901801	1346.59997558594
1132.69168631804	1348.09997558594
1135.25522730568	1336.80004882813
1137.81796240995	1353
1140.37989205941	1346
1142.9410166821	1347.09997558594
1145.50133670561	1360
1148.06085255708	1340.40002441406
1150.61956466311	1347.59997558594
1153.17747344987	1352.19995117188
1155.73457934305	1362.09997558594
1158.29088276786	1357.59997558594
1160.84638414903	1356.59997558594
1163.40108391085	1345
1165.95498247711	1348.90002441406
1168.50808027116	1346.80004882813
1171.06037771587	1346.90002441406
1173.61187523364	1354.5
1176.16257324643	1345.40002441406
1178.71247217573	1352.69995117188
1181.26157244255	1352.90002441406
1183.80987446746	1351.30004882813
1186.35737867059	1351.09997558594
1188.90408547157	1354.40002441406
1191.44999528961	1364.19995117188
1193.99510854347	1358
1196.53942565142	1355.90002441406
1199.08294703133	1371.19995117188
1201.62567310057	1352.80004882813
1204.16760427611	1350.40002441406
1206.70874097445	1360.59997558594
1209.24908361163	1365.30004882813
1211.78863260327	1356.5
1214.32738836454	1359.5
1216.86535131017	1368.30004882813
1219.40252185445	1367.30004882813
1221.93890041121	1360.5
1224.47448739389	1354.30004882813
1227.00928321544	1364
1229.54328828842	1363
1232.07650302491	1364.30004882813
1234.60892783662	1358.59997558594
1237.14056313477	1367.30004882813
1239.67140933017	1369.80004882813
1242.2014668332	1363.5
1244.73073605384	1370.19995117188
1247.25921740159	1372.5
1249.78691128558	1376
1252.31381811448	1373.30004882813
1254.83993829655	1373.5
1257.36527223962	1375
1259.88982035112	1387.5
1262.41358303803	1370.59997558594
1264.93656070696	1383.30004882813
1267.45875376405	1387.30004882813
1269.98016261505	1375.09997558594
1272.50078766531	1361.69995117188
1275.02062931974	1383.90002441406
1277.53968798285	1379.19995117188
1280.05796405875	1374.30004882813
1282.57545795112	1382.19995117188
1285.09217006325	1371.5
1287.60810079802	1377.5
1290.12325055788	1369.40002441406
1292.63761974492	1373.80004882813
1295.15120876079	1373.5
1297.66401800676	1371.09997558594
1300.17604788367	1380.69995117188
1302.687298792	1378.30004882813
1305.19777113181	1374.80004882813
1307.70746530274	1387.09997558594
1310.21638170408	1388.30004882813
1312.7245207347	1377
1315.23188279307	1385.69995117188
1317.73846827728	1387.5
1320.24427758502	1380.40002441406
1322.74931111359	1404
1325.25356925991	1381.59997558594
1327.75705242051	1382.90002441406
1330.25976099151	1395.80004882813
1332.76169536868	1398.69995117188
1335.26285594737	1375.90002441406
1337.76324312256	1388
1340.26285728887	1377.59997558594
1342.76169884052	1378.19995117188
1345.25976817132	1401.5
1347.75706567474	1382.19995117188
1350.25359174387	1383.59997558594
1352.74934677141	1376.90002441406
1355.24433114968	1379.40002441406
1357.73854527062	1384.90002441406
1360.23198952583	1382.69995117188
1362.7246643065	1387.5
1365.21657000347	1387.80004882813
1367.7077070072	1380.09997558594
1370.19807570777	1389.90002441406
1372.68767649492	1370.5
1375.176509758	1380.80004882813
1377.66457588599	1381.09997558594
1380.15187526753	1389.19995117188
1382.63840829087	1382.19995117188
1385.1241753439	1386.5
1387.60917681417	1384.40002441406
1390.09341308884	1377.09997558594
1392.57688455474	1385.19995117188
1395.05959159829	1389.90002441406
1397.54153460562	1389.30004882813
1400.02271396243	1398.40002441406
1402.50313005414	1385.90002441406
1404.98278326576	1392.19995117188
1407.46167398196	1395
1409.93980258707	1387.09997558594
1412.41716946504	1397.90002441406
1414.89377499951	1398
1417.36961957373	1395.30004882813
1419.84470357062	1387.40002441406
1422.31902737275	1401.40002441406
1424.79259136235	1401.5
1427.26539592129	1396.09997558594
1429.73744143111	1392.40002441406
1432.20872827299	1402.40002441406
1434.67925682777	1389.59997558594
1437.14902747597	1401.80004882813
1439.61804059773	1399.69995117188
1442.0862965729	1399.30004882813
1444.55379578093	1397.80004882813
1447.02053860099	1387.59997558594
1449.48652541188	1407.40002441406
1451.95175659206	1415.69995117188
1454.41623251969	1398.30004882813
1456.87995357255	1397.40002441406
1459.34292012811	1415.40002441406
1461.80513256351	1407.5
1464.26659125557	1395.69995117188
1466.72729658073	1401.19995117188
1469.18724891517	1413.40002441406
1471.64644863469	1402.09997558594
1474.10489611478	1392.30004882813
1476.5625917306	1405.59997558594
1479.01953585699	1398.30004882813
1481.47572886844	1395.09997558594
1483.93117113917	1393.40002441406
1486.38586304302	1397.19995117188
1488.83980495354	1400.90002441406
1491.29299724395	1386.30004882813
1493.74544028715	1404.30004882813
1496.19713445573	1398.40002441406
1498.64808012193	1398.40002441406
1501.09827765772	1394.90002441406
1503.54772743471	1404.59997558594
1505.99642982421	1409.90002441406
1508.44438519723	1401
1510.89159392446	1406.40002441406
1513.33805637625	1412.09997558594
1515.78377292266	1413.59997558594
1518.22874393346	1407.19995117188
1520.67296977806	1413
1523.11645082559	1404.30004882813
1525.55918744488	1400.69995117188
1528.00118000444	1410.09997558594
1530.44242887245	1404.90002441406
1532.88293441684	1402.30004882813
1535.32269700517	1392.30004882813
1537.76171700475	1398.09997558594
1540.19999478255	1403.80004882813
1542.63753070526	1409.40002441406
1545.07432513925	1413.90002441406
1547.5103784506	1400.59997558594
1549.94569100509	1409.59997558594
1552.38026316819	1412.19995117188
1554.8140953051	1410.40002441406
1557.24718778067	1399.69995117188
1559.67954095952	1411.40002441406
1562.11115520592	1408.5
1564.54203088386	1403.19995117188
1566.97216835704	1415.30004882813
1569.40156798888	1409.90002441406
1571.83023014248	1414.40002441406
1574.25815518067	1413.19995117188
1576.68534346597	1400.90002441406
1579.11179536062	1403
1581.53751122658	1423.40002441406
1583.9624914255	1414.09997558594
1586.38673631876	1414.59997558594
1588.81024626745	1419.40002441406
1591.23302163235	1403.30004882813
1593.655062774	1411
1596.07637005262	1425.69995117188
1598.49694382815	1416.5
1600.91678446025	1410.30004882813
1603.33589230831	1415.59997558594
1605.75426773142	1417.69995117188
1608.1719110884	1418.19995117188
1610.58882273779	1414.59997558594
1613.00500303784	1418.59997558594
1615.42045234654	1422.59997558594
1617.83517102158	1422.19995117188
1620.24915942039	1422.40002441406
1622.66241790012	1423.30004882813
1625.07494681764	1423.90002441406
1627.48674652954	1419.69995117188
1629.89781739216	1429.40002441406
1632.30815976152	1422
1634.71777399343	1417.40002441406
1637.12666044338	1434.90002441406
1639.53481946661	1438.59997558594
1641.94225141808	1438.5
1644.34895665248	1418.40002441406
1646.75493552424	1438.90002441406
1649.16018838752	1426.30004882813
1651.56471559621	1443.40002441406
1653.96851750392	1433.69995117188
1656.37159446403	1432.80004882813
1658.7739468296	1442.19995117188
1661.17557495349	1432.09997558594
1663.57647918824	1439.5
1665.97665988617	1439.19995117188
1668.37611739929	1427.09997558594
1670.77485207939	1426.90002441406
1673.17286427799	1434.80004882813
1675.57015434633	1425.5
1677.96672263542	1426.80004882813
1680.36256949598	1413.90002441406
1682.7576952785	1428.90002441406
1685.15210033318	1422.69995117188
1687.54578501	1418.80004882813
1689.93874965866	1431.90002441406
1692.33099462861	1432.19995117188
1694.72252026904	1419.69995117188
1697.11332692889	1415.80004882813
1699.50341495686	1424.69995117188
1701.89278470137	1422
1704.28143651061	1435.30004882813
1706.66937073251	1416.5
1709.05658771473	1422
1711.44308780473	1414.90002441406
1713.82887134968	1411.09997558594
1716.21393869648	1418.59997558594
1718.59829019185	1419.09997558594
1720.98192618221	1430.69995117188
1723.36484701374	1415.40002441406
1725.74705303238	1423.5
1728.12854458384	1427.30004882813
1730.50932201356	1423.90002441406
1732.88938566673	1422.80004882813
1735.26873588834	1417.80004882813
1737.64737302307	1428.80004882813
1740.02529741544	1428
1742.40250940964	1425.09997558594
1744.77900934969	1425.69995117188
1747.15479757933	1435.19995117188
1749.52987444206	1429
1751.90424028116	1421.40002441406
1754.27789543967	1429.19995117188
1756.65084026037	1428.90002441406
1759.02307508582	1426.40002441406
1761.39460025833	1439.09997558594
1763.76541612	1427.40002441406
1766.13552301265	1421.09997558594
1768.50492127791	1437.80004882813
1770.87361125714	1437.19995117188
1773.2415932915	1432.69995117188
1775.60886772188	1435.09997558594
1777.97543488896	1432.19995117188
1780.34129513318	1436
1782.70644879475	1435.30004882813
1785.07089621365	1422.59997558594
1787.43463772964	1411.30004882813
1789.7976736822	1427
1792.16000441066	1438.19995117188
1794.52163025405	1452.09997558594
1796.88255155121	1420.09997558594
1799.24276864074	1437.09997558594
1801.60228186102	1436.69995117188
1803.96109155019	1443
1806.31919804618	1437.59997558594
1808.67660168668	1428.90002441406
1811.03330280916	1440.69995117188
1813.38930175088	1431.19995117188
1815.74459884884	1437.5
1818.09919443984	1442.40002441406
1820.45308886047	1438.90002441406
1822.80628244708	1436.5
1825.1587755358	1432.5
1827.51056846254	1431.30004882813
1829.86166156297	1436.09997558594
1832.21205517258	1434.40002441406
1834.56174962661	1429.90002441406
1836.91074526009	1441.30004882813
1839.25904240783	1443.69995117188
1841.60664140443	1426.19995117188
1843.95354258425	1445.80004882813
1846.29974628146	1427.09997558594
1848.64525282998	1455.69995117188
1850.99006256356	1450.59997558594
1853.3341758157	1445.59997558594
1855.67759291968	1440.69995117188
1858.02031420858	1449.90002441406
1860.36234001528	1434.5
1862.70367067241	1438.5
1865.04430651244	1443.59997558594
1867.38424786755	1437
1869.72349506978	1434.19995117188
1872.06204845094	1442.80004882813
1874.39990834258	1439.40002441406
1876.73707507612	1451.19995117188
1879.07354898269	1432.59997558594
1881.40933039328	1442.90002441406
1883.74441963861	1460.19995117188
1886.07881704925	1450.59997558594
1888.41252295551	1447.19995117188
1890.74553768751	1448.40002441406
1893.07786157519	1434.40002441406
1895.40949494822	1455.30004882813
1897.74043813615	1449.80004882813
1900.07069146823	1440.40002441406
1902.40025527357	1448.59997558594
1904.72912988106	1434.09997558594
1907.05731561938	1443.30004882813
1909.38481281699	1453
1911.71162180217	1443.09997558594
1914.037742903	1448.59997558594
1916.36317644734	1443.40002441406
1918.68792276284	1442
1921.01198217697	1444.19995117188
1923.33535501699	1455.30004882813
1925.65804160996	1464.69995117188
1927.98004228273	1452.19995117188
1930.30135736196	1447.09997558594
1932.6219871741	1445.80004882813
1934.94193204543	1455.59997558594
1937.26119230198	1453.80004882813
1939.57976826962	1444.5
1941.89766027402	1440.40002441406
1944.21486864062	1437.69995117188
1946.53139369472	1453.69995117188
1948.84723576137	1435.5
1951.16239516543	1445.09997558594
1953.47687223159	1448.5
1955.79066728434	1449.19995117188
1958.10378064794	1451.69995117188
1960.4162126465	1454.59997558594
1962.7279636039	1451
1965.03903384385	1452.19995117188
1967.34942368987	1453.59997558594
1969.65913346524	1463.09997558594
1971.96816349311	1464.59997558594
1974.2765140964	1462.30004882813
1976.58418559784	1458.40002441406
1978.89117831997	1454.19995117188
1981.19749258516	1452.80004882813
1983.50312871555	1458.5
1985.80808703313	1448.30004882813
1988.11236785967	1469.09997558594
1990.41597151676	1456
1992.71889832581	1454.09997558594
1995.02114860801	1453.80004882813
1997.3227226844	1455.69995117188
1999.62362087581	1452.90002441406
2001.92384350288	1457.09997558594
2004.22339088608	1464.5
2006.52226334567	1451.09997558594
2008.82046120173	1457.90002441406
2011.11798477417	1466.19995117188
2013.41483438269	1467.19995117188
2015.71101034681	1452.80004882813
2018.00651298588	1456.30004882813
2020.30134261905	1462.09997558594
2022.59549956528	1470
2024.88898414337	1470.19995117188
2027.1817966719	1468.19995117188
2029.4739374693	1446.19995117188
2031.76540685379	1465.5
2034.05620514342	1458.90002441406
2036.34633265607	1454.69995117188
2038.6357897094	1454
2040.92457662092	1453.5
2043.21269370795	1455.90002441406
2045.50014128763	1441.40002441406
2047.78691967691	1464.30004882813
2050.07302919256	1454.90002441406
2052.35847015118	1475.30004882813
2054.64324286919	1459.80004882813
2056.9273476628	1446
2059.21078484808	1452.5
2061.4935547409	1475.09997558594
2063.77565765696	1464
2066.05709391176	1466
2068.33786382065	1454.30004882813
2070.61796769879	1472
2072.89740586116	1466.09997558594
2075.17617862255	1465.40002441406
2077.45428629759	1450.5
2079.73172920075	1466.30004882813
2082.00850764627	1458.59997558594
2084.28462194827	1463.19995117188
2086.56007242065	1467.40002441406
2088.83485937717	1468
2091.10898313139	1460.30004882813
2093.3824439967	1461.59997558594
2095.65524228632	1462
2097.92737831328	1467.59997558594
2100.19885239047	1462
2102.46966483057	1461.59997558594
2104.7398159461	1465.69995117188
2107.00930604941	1462.5
2109.27813545267	1478.40002441406
2111.54630446787	1462.90002441406
2113.81381340685	1474.5
2116.08066258126	1469.69995117188
2118.34685230257	1474.69995117188
2120.61238288211	1477.19995117188
2122.87725463099	1483.69995117188
2125.1414678602	1464.80004882813
2127.40502288052	1475.19995117188
2129.66792000257	1469.59997558594
2131.93015953682	1467.59997558594
2134.19174179353	1477
2136.45266708282	1476.90002441406
2138.71293571463	1479.80004882813
2140.97254799873	1472.40002441406
2143.23150424473	1476
2145.48980476205	1483
2147.74744985996	1479.90002441406
2150.00443984754	1474.69995117188
2152.26077503373	1477.59997558594
2154.51645572728	1496.09997558594
2156.77148223677	1479.59997558594
2159.02585487064	1468.59997558594
2161.27957393713	1465
2163.53263974432	1473.59997558594
2165.78505260012	1457
2168.0368128123	1475.40002441406
2170.28792068844	1476.90002441406
2172.53837653595	1467.59997558594
2174.78818066207	1473.5
2177.03733337389	1471.5
2179.28583497833	1486.30004882813
2181.53368578214	1464
2183.78088609192	1470
2186.02743621406	1483.69995117188
2188.27333645484	1481.59997558594
2190.51858712033	1476.69995117188
2192.76318851646	1474.5
2195.00714094901	1466.5
2197.25044472354	1473.69995117188
2199.49310014551	1459.30004882813
2201.73510752018	1458.09997558594
2203.97646715265	1489.90002441406
2206.21717934786	1472.19995117188
2208.45724441058	1462.90002441406
2210.69666264543	1470.69995117188
2212.93543435686	1479.30004882813
2215.17355984914	1481
2217.41103942642	1484.90002441406
2219.64787339264	1467.80004882813
2221.8840620516	1463.90002441406
2224.11960570695	1467.59997558594
2226.35450466215	1477.80004882813
2228.58875922051	1468.80004882813
2230.82236968518	1478.5
2233.05533635916	1472.80004882813
2235.28765954527	1488.69995117188
2237.51933954617	1463.59997558594
2239.75037666437	1486.30004882813
2241.98077120221	1473.09997558594
2244.21052346188	1485.40002441406
2246.4396337454	1481
2248.66810235461	1474.5
2250.89592959125	1499.40002441406
2253.12311575681	1487.80004882813
2255.34966115272	1494.09997558594
2257.57556608017	1479.5
2259.80083084023	1480.90002441406
2262.02545573381	1489
2264.24944106163	1478.59997558594
2266.47278712429	1481.09997558594
2268.69549422221	1472.19995117188
2270.91756265564	1489.5
2273.1389927247	1479.09997558594
2275.35978472934	1487.90002441406
2277.57993896933	1472.19995117188
2279.79945574431	1491.40002441406
2282.01833535375	1493.80004882813
2284.23657809696	1491
2286.45418427309	1507.19995117188
2288.67115418114	1477.90002441406
2290.88748811995	1486.5
2293.10318638819	1476.30004882813
2295.3182492844	1485.19995117188
2297.53267710693	1494.30004882813
2299.746470154	1501.69995117188
2301.95962872364	1489.90002441406
2304.17215311376	1496.19995117188
2306.3840436221	1499.90002441406
2308.59530054621	1477
2310.80592418354	1491.09997558594
2313.01591483134	1496.90002441406
2315.22527278673	1481.59997558594
2317.43399834666	1482.59997558594
2319.64209180791	1485.19995117188
2321.84955346713	1483.69995117188
2324.05638362079	1481.40002441406
2326.26258256524	1494.30004882813
2328.46815059664	1494.30004882813
2330.67308801098	1514.59997558594
2332.87739510415	1486.80004882813
2335.08107217184	1488.59997558594
2337.2841195096	1486.80004882813
2339.48653741281	1494
2341.68832617672	1499.19995117188
2343.8894860964	1495.40002441406
2346.09001746678	1507
2348.28992058261	1491.09997558594
2350.48919573852	1490.09997558594
2352.68784322898	1479.09997558594
2354.88586334826	1486.5
2357.08325639055	1494.80004882813
2359.2800226498	1504.30004882813
2361.47616241988	1504.19995117188
2363.67167599445	1506.80004882813
2365.86656366706	1494.09997558594
2368.06082573107	1509.69995117188
2370.2544624797	1494.80004882813
2372.44747420603	1500.09997558594
2374.63986120295	1494.40002441406
2376.83162376322	1494
2379.02276217945	1490.19995117188
2381.21327674408	1500.19995117188
2383.4031677494	1505.09997558594
2385.59243548756	1492.69995117188
2387.78108025053	1495.19995117188
2389.96910233014	1494.69995117188
2392.15650201809	1486.69995117188
2394.34327960587	1506.19995117188
2396.52943538486	1493.90002441406
2398.71496964628	1473
2400.89988268118	1467.40002441406
2403.08417478048	1498.09997558594
2405.26784623491	1496.80004882813
2407.45089733509	1505.40002441406
2409.63332837146	1503.80004882813
2411.81513963429	1506.59997558594
2413.99633141375	1500.80004882813
2416.1769039998	1489.59997558594
2418.35685768227	1490.80004882813
2420.53619275084	1498.80004882813
2422.71490949505	1504.59997558594
2424.89300820425	1498.90002441406
2427.07048916765	1504.19995117188
2429.24735267433	1490.69995117188
2431.42359901319	1499.5
2433.59922847297	1494.40002441406
2435.7742413423	1496.80004882813
2437.94863790961	1482.80004882813
2440.12241846321	1494.69995117188
2442.29558329121	1485.30004882813
2444.46813268162	1491.19995117188
2446.64006692228	1507
2448.81138630086	1490
2450.98209110489	1491.19995117188
2453.15218162174	1497.40002441406
2455.32165813864	1506.40002441406
2457.49052094265	1496.59997558594
2459.65877032069	1506.5
2461.8264065595	1493.69995117188
2463.99342994572	1485.40002441406
2466.15984076579	1506.69995117188
2468.325639306	1507.80004882813
2470.49082585251	1497.30004882813
2472.65540069131	1508.5
2474.81936410824	1514.09997558594
2476.98271638899	1519.19995117188
2479.14545781909	1513.09997558594
2481.30758868392	1508.30004882813
2483.4691092687	1505.5
2485.63001985852	1498.09997558594
2487.79032073829	1508.90002441406
2489.95001219277	1510.69995117188
2492.10909450659	1505.5
2494.26756796419	1495.30004882813
2496.42543284989	1513.5
2498.58268944783	1522.30004882813
2500.73933804202	1505.40002441406
2502.8953789163	1510.09997558594
2505.05081235436	1506.5
2507.20563863974	1506.5
2509.35985805582	1515.69995117188
2511.51347088583	1518.5
2513.66647741285	1505.40002441406
2515.81887791981	1506.90002441406
2517.97067268946	1497.90002441406
2520.12186200443	1521
2522.27244614716	1506.80004882813
2524.42242539999	1507.09997558594
2526.57180004504	1517.90002441406
2528.72057036433	1496.30004882813
2530.8687366397	1486.90002441406
2533.01629915284	1512.5
2535.16325818527	1503.30004882813
2537.30961401839	1505.69995117188
2539.45536693343	1504
2541.60051721145	1503
2543.74506513338	1508.30004882813
2545.88901097997	1505.59997558594
2548.03235503185	1507.59997558594
2550.17509756946	1502.69995117188
2552.31723887311	1523.40002441406
2554.45877922293	1500.69995117188
2556.59971889893	1500.80004882813
2558.74005818094	1511.80004882813
2560.87979734864	1496.5
2563.01893668155	1500.90002441406
2565.15747645906	1499.40002441406
2567.29541696037	1512.69995117188
2569.43275846454	1510.59997558594
2571.56950125049	1507.59997558594
2573.70564559696	1510.40002441406
2575.84119178254	1502.19995117188
2577.97614008569	1512
2580.11049078468	1500.19995117188
2582.24424415764	1520.90002441406
2584.37740048255	1510.90002441406
2586.50996003722	1506.59997558594
2588.64192309931	1519.69995117188
2590.77328994634	1507.80004882813
2592.90406085564	1510.40002441406
2595.03423610442	1496.30004882813
2597.16381596971	1520.80004882813
2599.29280072839	1496.80004882813
2601.42119065719	1515.90002441406
2603.54898603267	1513.80004882813
2605.67618713125	1509.40002441406
2607.80279422919	1511.19995117188
2609.92880760257	1508.59997558594
2612.05422752735	1520
2614.17905427932	1538.40002441406
2616.30328813408	1515.30004882813
2618.42692936713	1508.59997558594
2620.54997825377	1510.59997558594
2622.67243506915	1515.19995117188
2624.79430008828	1519.69995117188
2626.915573586	1507.40002441406
2629.03625583699	1519.59997558594
2631.15634711579	1519.30004882813
2633.27584769675	1514.80004882813
2635.39475785408	1521.40002441406
2637.51307786185	1518.69995117188
2639.63080799394	1502.5
2641.74794852409	1508.80004882813
2643.86449972589	1520.69995117188
2645.98046187273	1497.5
2648.0958352379	1513.30004882813
2650.21062009449	1507
2652.32481671544	1519.09997558594
2654.43842537353	1521.90002441406
2656.5514463414	1516.69995117188
2658.66387989151	1506
2660.77572629616	1530.30004882813
2662.88698582751	1511.5
2664.99765875753	1506.90002441406
2667.10774535806	1514.40002441406
2669.21724590076	1512.40002441406
2671.32616065714	1526.19995117188
2673.43448989857	1517.80004882813
2675.5422338962	1511.30004882813
2677.64939292108	1528.5
2679.75596724408	1524.09997558594
2681.86195713589	1517.80004882813
2683.96736286707	1520.19995117188
2686.07218470799	1530
2688.17642292889	1525.80004882813
2690.28007779982	1526.69995117188
2692.38314959069	1510.59997558594
2694.48563857123	1524.30004882813
2696.58754501103	1518.09997558594
2698.6888691795	1531.19995117188
2700.78961134588	1514.40002441406
2702.8897717793	1536.19995117188
2704.98935074864	1514.5
2707.08834852271	1517.80004882813
2709.18676537009	1527.40002441406
2711.28460155925	1522.69995117188
2713.38185735843	1516.69995117188
2715.47853303577	1519.69995117188
2717.57462885924	1532.80004882813
2719.67014509659	1525.19995117188
2721.76508201548	1515.90002441406
2723.85943988337	1516.09997558594
2725.95321896754	1514.40002441406
2728.04641953515	1520.09997558594
2730.13904185316	1518.19995117188
2732.23108618837	1520.19995117188
2734.32255280744	1523.69995117188
2736.41344197683	1519
2738.50375396288	1522.69995117188
2740.5934890317	1526.5
2742.68264744932	1542.80004882813
2744.77122948153	1532.80004882813
2746.85923539398	1530.19995117188
2748.94666545217	1523.19995117188
2751.03351992142	1529.09997558594
2753.11979906688	1546.40002441406
2755.20550315355	1514.90002441406
2757.29063244624	1538.09997558594
2759.37518720963	1528.90002441406
2761.45916770819	1524.09997558594
2763.54257420625	1523.90002441406
2765.62540696797	1525.09997558594
2767.70766625733	1510.80004882813
2769.78935233816	1512.30004882813
2771.87046547413	1516.90002441406
2773.95100592869	1517.69995117188
2776.03097396519	1539.30004882813
2778.11036984677	1532.5
2780.18919383641	1522
2782.26744619693	1530.40002441406
2784.34512719097	1521.90002441406
2786.42223708102	1528.19995117188
2788.49877612937	1519.30004882813
2790.57474459816	1520
2792.65014274937	1532.59997558594
2794.7249708448	1512.5
2796.79922914607	1521.59997558594
2798.87291791465	1532.30004882813
2800.94603741181	1530.80004882813
2803.01858789869	1529.80004882813
2805.09056963623	1513.09997558594
2807.1619828852	1530.19995117188
2809.23282790621	1513.59997558594
2811.30310495971	1530.5
2813.37281430593	1517
2815.441956205	1532.40002441406
2817.51053091682	1520.59997558594
2819.57853870114	1528
2821.64597981753	1532.19995117188
2823.7128545254	1530.69995117188
2825.77916308399	1528.69995117188
2827.84490575233	1533.30004882813
2829.91008278933	1534.09997558594
2831.97469445369	1543.40002441406
2834.03874100395	1547.80004882813
2836.10222269847	1528.40002441406
2838.16513979544	1529.80004882813
2840.22749255288	1541.80004882813
2842.28928122863	1533.59997558594
2844.35050608034	1556.09997558594
2846.41116736553	1548
2848.47126534149	1554.80004882813
2850.53080026537	1555.09997558594
2852.58977239414	1551.59997558594
2854.64818198459	1550.30004882813
2856.70602929332	1554.59997558594
2858.76331457678	1563.59997558594
2860.82003809123	1568.19995117188
2862.87620009274	1567.59997558594
2864.93180083723	1568
2866.98684058043	1552.80004882813
2869.04131957789	1585.30004882813
2871.09523808497	1583.90002441406
2873.14859635689	1564.80004882813
2875.20139464866	1585.5
2877.2536332151	1582.30004882813
2879.30531231091	1588.5
2881.35643219054	1582.30004882813
2883.40699310831	1591.80004882813
2885.45699531834	1577.59997558594
2887.50643907457	1571.40002441406
2889.55532463077	1588.30004882813
2891.60365224053	1600.80004882813
2893.65142215724	1577.90002441406
2895.69863463414	1587.19995117188
2897.74528992426	1578
2899.79138828046	1576.5
2901.83692995544	1595.59997558594
2903.88191520168	1587.59997558594
2905.92634427151	1603
2907.97021741706	1587.80004882813
2910.01353489027	1607.30004882813
2912.05629694294	1608.5
2914.09850382663	1599.69995117188
2916.14015579276	1608.59997558594
2918.18125309254	1612.09997558594
2920.22179597702	1615.59997558594
2922.26178469705	1611.59997558594
2924.30121950329	1621.69995117188
2926.34010064624	1631
2928.37842837619	1617.30004882813
2930.41620294326	1638.09997558594
2932.45342459737	1620
2934.49009358828	1606.40002441406
2936.52621016555	1642.80004882813
2938.56177457854	1627.5
2940.59678707645	1630.5
2942.63124790827	1620.19995117188
2944.66515732282	1625.5
2946.69851556873	1612.80004882813
2948.73132289443	1618.5
2950.76357954817	1597.19995117188
2952.79528577803	1595.5
2954.82644183188	1578.19995117188
2956.85704795741	1590
2958.8871044021	1589.80004882813
2960.91661141328	1601.09997558594
2962.94556923807	1595.09997558594
2964.97397812339	1585.90002441406
2967.00183831598	1612.09997558594
2969.0291500624	1579.90002441406
2971.05591360902	1588.59997558594
2973.08212920199	1596.5
2975.1077970873	1568
2977.13291751074	1580.40002441406
2979.1574907179	1585.59997558594
2981.18151695419	1592.80004882813
2983.20499646482	1571.80004882813
2985.2279294948	1570.30004882813
2987.25031628898	1582
2989.27215709199	1580
2991.29345214825	1565.5
2993.31420170204	1562
2995.33440599738	1563.5
2997.35406527816	1582.80004882813
2999.37317978802	1555.59997558594
3001.39174977045	1552.19995117188
3003.40977546872	1564.90002441406
3005.42725712591	1570.30004882813
3007.44419498491	1556.69995117188
3009.4605892884	1557.59997558594
3011.47644027889	1561.30004882813
3013.49174819865	1567.40002441406
3015.5065132898	1548.90002441406
3017.52073579424	1556.09997558594
3019.53441595366	1560.80004882813
3021.54755400959	1570.09997558594
3023.56015020332	1547.09997558594
3025.57220477598	1568.69995117188
3027.58371796846	1559.90002441406
3029.5946900215	1541.59997558594
3031.6051211756	1551.59997558594
3033.61501167107	1550.40002441406
3035.62436174803	1533.5
3037.6331716464	1553.90002441406
3039.64144160588	1542
3041.649171866	1542.09997558594
3043.65636266607	1559.69995117188
3045.6630142452	1538.59997558594
3047.66912684229	1540.80004882813
3049.67470069605	1550.5
3051.679736045	1548.40002441406
3053.68423312742	1556.19995117188
3055.68819218143	1557.59997558594
3057.6916134449	1540.30004882813
3059.69449715556	1544.19995117188
3061.69684355086	1556.80004882813
3063.6986528681	1540.59997558594
3065.69992534437	1553.69995117188
3067.70066121653	1548
3069.70086072126	1542.90002441406
3071.700524095	1559.59997558594
3073.69965157405	1557.80004882813
3075.69824339442	1555.30004882813
3077.69629979197	1558.30004882813
3079.69382100235	1542.40002441406
3081.69080726098	1564
3083.68725880307	1541.80004882813
3085.68317586366	1559.80004882813
3087.67855867755	1550.30004882813
3089.67340747933	1539.59997558594
3091.6677225034	1560.59997558594
3093.66150398392	1547.09997558594
3095.6547521549	1549.80004882813
3097.64746725006	1546.40002441406
3099.63964950297	1553.40002441406
3101.63129914698	1560.09997558594
3103.6224164152	1566.80004882813
3105.61300154056	1563.19995117188
3107.60305475576	1565.19995117188
3109.59257629331	1567.80004882813
3111.58156638547	1557.19995117188
3113.57002526432	1549.5
3115.55795316172	1558.80004882813
3117.54535030932	1556.90002441406
3119.53221693853	1557.90002441406
3121.51855328057	1557.69995117188
3123.50435956646	1566.19995117188
3125.48963602698	1562.69995117188
3127.4743828927	1560.5
3129.45860039397	1554.90002441406
3131.44228876093	1567
3133.42544822353	1570.69995117188
3135.40807901145	1571.69995117188
3137.39018135418	1555.19995117188
3139.37175548102	1566
3141.35280162101	1565
3143.33332000299	1570.5
3145.31331085559	1550.40002441406
3147.2927744072	1574.19995117188
3149.27171088602	1566.09997558594
3151.25012052	1560.09997558594
3153.22800353689	1568.90002441406
3155.20536016422	1567.59997558594
3157.18219062929	1574.40002441406
3159.15849515918	1565.40002441406
3161.13427398075	1572.30004882813
3163.10952732066	1558.90002441406
3165.08425540532	1569.40002441406
3167.05845846092	1563.90002441406
3169.03213671344	1560.40002441406
3171.00529038863	1578.59997558594
3172.97791971203	1570.80004882813
3174.95002490893	1562
3176.92160620443	1573.19995117188
3178.89266382337	1547.30004882813
3180.8631979904	1577.5
3182.83320892991	1571.5
3184.80269686609	1575.19995117188
3186.77166202289	1561.19995117188
3188.74010462406	1565.80004882813
3190.70802489307	1569.09997558594
3192.67542305323	1569.5
3194.64229932757	1585.5
3196.60865393892	1567
3198.57448710987	1573.40002441406
3200.53979906279	1571.90002441406
3202.50459001981	1577.5
3204.46886020284	1589.09997558594
3206.43260983356	1578.40002441406
3208.39583913341	1564.90002441406
3210.35854832362	1566.69995117188
3212.32073762517	1581.90002441406
3214.28240725881	1575.80004882813
3216.24355744508	1584.90002441406
3218.20418840426	1592.69995117188
3220.16430035642	1587.80004882813
3222.12389352137	1573.30004882813
3224.08296811873	1589.19995117188
3226.04152436784	1582.80004882813
3227.99956248784	1593.80004882813
3229.95708269762	1584.69995117188
3231.91408521584	1588
3233.87057026092	1581.80004882813
3235.82653805105	1586.40002441406
3237.78198880419	1580.5
3239.73692273806	1587.90002441406
3241.69134007013	1586.30004882813
3243.64524101764	1580.59997558594
3245.59862579761	1586.59997558594
3247.55149462681	1578
3249.50384772176	1587.90002441406
3251.45568529877	1575.5
3253.40700757387	1576.59997558594
3255.35781476288	1604.40002441406
3257.3081070814	1603.59997558594
3259.25788474473	1602.59997558594
3261.20714796799	1584.59997558594
3263.15589696602	1590.69995117188
3265.10413195345	1591.09997558594
3267.05185314463	1598.30004882813
3268.9990607537	1596.80004882813
3270.94575499455	1597.19995117188
3272.89193608081	1588.30004882813
3274.8376042259	1588.40002441406
3276.78275964296	1588.09997558594
3278.72740254492	1579.69995117188
3280.67153314443	1584.59997558594
3282.61515165393	1586.09997558594
3284.55825828559	1590.69995117188
3286.50085325135	1600.90002441406
3288.44293676289	1593.80004882813
3290.38450903165	1599.90002441406
3292.32557026883	1600.90002441406
3294.26612068537	1594.40002441406
3296.20616049198	1610
3298.14568989911	1597
3300.08470911695	1583.69995117188
3302.02321835546	1597.59997558594
3303.96121782435	1594.5
3305.89870773306	1592.30004882813
3307.83568829081	1581.5
3309.77215970655	1583.19995117188
3311.70812218898	1595
3313.64357594655	1592.69995117188
3315.57852118747	1592.80004882813
3317.51295811968	1583
3319.44688695087	1606.80004882813
3321.38030788849	1596.19995117188
3323.31322113973	1584.19995117188
3325.24562691152	1594
3327.17752541055	1602.59997558594
3329.10891684322	1587.80004882813
3331.03980141573	1602.40002441406
3332.97017933399	1590.5
3334.90005080364	1599.40002441406
3336.82941603011	1603.40002441406
3338.75827521852	1579.30004882813
3340.68662857377	1598.80004882813
3342.6144763005	1594.40002441406
3344.54181860308	1587.40002441406
3346.46865568561	1589.59997558594
3348.39498775195	1592.19995117188
3350.32081500571	1598.40002441406
3352.24613765022	1587.09997558594
3354.17095588855	1583.90002441406
3356.09526992352	1607.80004882813
3358.01907995769	1593.19995117188
3359.94238619334	1606.90002441406
3361.86518883251	1597.5
3363.78748807697	1591.80004882813
3365.70928412823	1607.19995117188
3367.63057718752	1597.09997558594
3369.55136745582	1595.5
3371.47165513386	1615.69995117188
3373.39144042208	1600.19995117188
3375.31072352066	1597.80004882813
3377.22950462953	1601.09997558594
3379.14778394834	1603.90002441406
3381.06556167648	1594
3382.98283801308	1609.59997558594
3384.89961315697	1599.19995117188
3386.81588730676	1607.30004882813
3388.73166066076	1610.30004882813
3390.64693341702	1609.19995117188
3392.56170577332	1608.5
3394.47597792716	1589.59997558594
3396.38975007581	1567.09997558594
3398.30302241623	1596.59997558594
3400.21579514512	1615.90002441406
3402.1280684589	1598.59997558594
3404.03984255374	1609.59997558594
3405.95111762553	1592.59997558594
3407.86189386987	1592.19995117188
3409.77217148212	1609.80004882813
3411.68195065733	1593.09997558594
3413.5912315903	1602
3415.50001447556	1603.69995117188
3417.40829950735	1589.69995117188
3419.31608687963	1606.59997558594
3421.22337678611	1593.19995117188
3423.1301694202	1606.19995117188
3425.03646497504	1581.30004882813
3426.9422636435	1596
3428.84756561816	1602.30004882813
3430.75237109135	1604.19995117188
3432.65668025508	1611.19995117188
3434.56049330112	1593.90002441406
3436.46381042093	1598.40002441406
3438.36663180571	1605.80004882813
3440.26895764638	1600
3442.17078813357	1595.40002441406
3444.07212345762	1595.69995117188
3445.97296380863	1602.90002441406
3447.87330937636	1598.09997558594
3449.77316035033	1587
3451.67251691977	1601.5
3453.57137927361	1584.90002441406
3455.46974760052	1596.30004882813
3457.36762208886	1593.80004882813
3459.26500292671	1581.40002441406
3461.16189030191	1574.19995117188
3463.05828440194	1606.5
3464.95418541406	1587.80004882813
3466.84959352519	1595.40002441406
3468.74450892201	1603.59997558594
3470.63893179088	1586.09997558594
3472.53286231788	1612.90002441406
3474.42630068881	1586.09997558594
3476.31924708918	1613
3478.2117017042	1597.69995117188
3480.1036647188	1593.09997558594
3481.99513631761	1581.80004882813
3483.88611668498	1600.80004882813
3485.77660600498	1582.30004882813
3487.66660446135	1588.59997558594
3489.55611223758	1594.5
3491.44512951683	1591.90002441406
3493.333656482	1602.90002441406
3495.22169331568	1596.09997558594
3497.10924020016	1586.69995117188
3498.99629731746	1609.09997558594
3500.88286484927	1596
3502.76894297702	1598.30004882813
3504.65453188182	1598.09997558594
3506.53963174449	1587.90002441406
3508.42424274555	1592.40002441406
3510.30836506524	1573.59997558594
3512.19199888349	1581.90002441406
3514.07514437992	1588.40002441406
3515.95780173387	1583.90002441406
3517.83997112437	1589.09997558594
3519.72165273016	1586.69995117188
3521.60284672967	1581.90002441406
3523.48355330104	1605.19995117188
3525.36377262208	1598.40002441406
3527.24350487035	1570.19995117188
3529.12275022306	1584.90002441406
3531.00150885715	1580.30004882813
3532.87978094923	1587.90002441406
3534.75756667562	1583
3536.63486621235	1592
3538.51167973512	1586.19995117188
3540.38800741934	1577.09997558594
3542.26384944011	1581.59997558594
3544.13920597223	1571.09997558594
3546.01407719018	1584.59997558594
3547.88846326815	1575.19995117188
3549.76236438002	1598
3551.63578069934	1572.80004882813
3553.50871239938	1588
3555.38115965309	1582.90002441406
3557.25312263311	1579.90002441406
3559.12460151177	1576.40002441406
3560.99559646109	1580.19995117188
3562.86610765279	1563.80004882813
3564.73613525825	1581.80004882813
3566.60567944857	1585
3568.47474039453	1572.90002441406
3570.34331826658	1588.19995117188
3572.21141323487	1566.09997558594
3574.07902546925	1583.80004882813
3575.94615513922	1560.59997558594
3577.81280241401	1580.30004882813
3579.67896746249	1568.30004882813
3581.54465045325	1573.30004882813
3583.40985155455	1569.19995117188
3585.27457093432	1581
3587.1388087602	1577.5
3589.00256519949	1568.30004882813
3590.86584041919	1570.59997558594
3592.72863458597	1567.5
3594.59094786618	1565.5
3596.45278042585	1583.59997558594
3598.31413243069	1582
3600.17500404611	1572.19995117188
3602.03539543717	1559
3603.89530676861	1576.59997558594
3605.75473820488	1583.40002441406
3607.61368991007	1561.30004882813
3609.47216204797	1554
3611.33015478203	1555.40002441406
3613.18766827539	1582.69995117188
3615.04470269087	1573.90002441406
3616.90125819094	1570.09997558594
3618.75733493776	1570.09997558594
3620.61293309318	1583.40002441406
3622.46805281869	1563.59997558594
3624.32269427547	1572.19995117188
3626.17685762439	1579.40002441406
3628.03054302596	1574.09997558594
3629.88375064038	1564.90002441406
3631.73648062751	1567
3633.5887331469	1570.40002441406
3635.44050835775	1556.69995117188
3637.29180641893	1566
3639.14262748899	1559.69995117188
3640.99297172614	1564.40002441406
3642.84283928828	1567.69995117188
3644.69223033294	1566.69995117188
3646.54114501734	1563.09997558594
3648.38958349836	1555.30004882813
3650.23754593256	1572.40002441406
3652.08503247614	1557.40002441406
3653.93204328497	1564.69995117188
3655.77857851462	1558
3657.62463832028	1552.40002441406
3659.47022285682	1567.19995117188
3661.31533227877	1559.59997558594
3663.15996674033	1545.80004882813
3665.00412639535	1562
3666.84781139736	1568.30004882813
3668.69102189953	1562.59997558594
3670.5337580547	1571.90002441406
3672.37602001537	1561.69995117188
3674.21780793368	1559.30004882813
3676.05912196148	1567.40002441406
3677.89996225021	1570.80004882813
3679.74032895103	1538.40002441406
3681.58022221471	1564.09997558594
3683.41964219171	1565.30004882813
3685.25858903211	1564.90002441406
3687.0970628857	1561.90002441406
3688.93506390186	1549.80004882813
3690.77259222968	1561.40002441406
3692.60964801787	1556.19995117188
3694.44623141481	1569.19995117188
3696.28234256853	1557.40002441406
3698.11798162669	1564.19995117188
3699.95314873665	1553.59997558594
3701.78784404537	1562.19995117188
3703.62206769951	1555.69995117188
3705.45581984533	1552.09997558594
3707.28910062877	1573.90002441406
3709.12191019542	1563.30004882813
3710.95424869052	1555
3712.78611625894	1564.40002441406
3714.6175130452	1571.80004882813
3716.44843919349	1572
3718.27889484764	1561.40002441406
3720.1088801511	1568.69995117188
3721.93839524699	1565.09997558594
3723.76744027808	1578.19995117188
3725.59601538677	1564.09997558594
3727.4241207151	1558.69995117188
