40.2973356941271	1126.40002441406
43.2236257608418	1128.40002441406
46.1488808466109	1125.59997558594
49.0731017336173	1129.80004882813
51.9962892025666	1127.40002441406
54.9184440327569	1129.80004882813
57.8395670020446	1132.09997558594
60.7596588868509	1130.59997558594
63.6787204621708	1133.30004882813
66.5967525015794	1131.69995117188
69.5137557772381	1131.90002441406
72.4297310598838	1137.19995117188
75.3446791188512	1137.69995117188
78.2586007220466	1141.30004882813
81.1714966360015	1145.5
84.0833676258266	1153.80004882813
86.994214455242	1158.90002441406
89.9040378865662	1163.09997558594
92.8128386807427	1165.5
95.7206175973133	1172.19995117188
98.6273753944444	1173.09997558594
101.533112828928	1170.5
104.437830656161	1174.69995117188
107.34152963018	1170.30004882813
110.244210503676	1169.40002441406
113.145874027931	1167.40002441406
116.046520952895	1165.69995117188
118.946152027154	1168
121.844767997933	1167
124.74236961111	1165.09997558594
127.638957611212	1165.09997558594
130.534532741422	1164.5
133.429095743606	1166.5
136.322647358252	1167.59997558594
139.215188324544	1167.09997558594
142.106719380311	1165.69995117188
144.997241262089	1165.19995117188
147.886754705057	1162
150.775260443096	1163.30004882813
153.662759208748	1167.5
156.549251733282	1166.90002441406
159.434738746612	1161.5
162.319220977376	1160
165.20269915289	1163
168.085173999178	1160.5
170.966646240977	1162.59997558594
173.847116601709	1156.80004882813
176.726585803528	1158.59997558594
179.605054567295	1160.09997558594
182.48252361259	1154.09997558594
185.358993657701	1158.09997558594
188.234465419645	1164.09997558594
191.108939614183	1157
193.982416955795	1155.40002441406
196.854898157687	1155.59997558594
199.726383931801	1160.90002441406
202.596874988835	1155.90002441406
205.466372038225	1155.09997558594
208.334875788145	1159.59997558594
211.202386945534	1161.30004882813
214.068906216069	1155.69995117188
216.934434304194	1153.59997558594
219.798971913111	1158
222.662519744776	1154.30004882813
225.525078499925	1156.30004882813
228.386648878069	1153
231.247231577465	1154
234.106827295172	1157.30004882813
236.965436727012	1152.69995117188
239.823060567597	1156.30004882813
242.679699510337	1153.80004882813
245.535354247396	1158.19995117188
248.390025469775	1153.5
251.243713867223	1150.90002441406
254.096420128327	1151.5
256.948144940459	1155.09997558594
259.798888989788	1148.19995117188
262.648652961315	1157.59997558594
265.49743753883	1148.59997558594
268.345243404939	1151
271.192071241073	1151.5
274.037921727485	1149
276.882795543246	1150.09997558594
279.72669336624	1153.5
282.569615873213	1148.40002441406
285.411563739724	1153.90002441406
288.252537640165	1155.90002441406
291.092538247763	1150
293.931566234616	1150.69995117188
296.769622271633	1150.90002441406
299.606707028594	1150.19995117188
302.442821174104	1145.90002441406
305.277965375652	1154.5
308.112140299574	1151.69995117188
310.945346611062	1155.09997558594
313.777584974167	1151.30004882813
316.608856051813	1151.69995117188
319.439160505797	1151.30004882813
322.268498996783	1152
325.096872184303	1154.09997558594
327.924280726782	1153
330.750725281521	1150.5
333.576206504693	1151.09997558594
336.400725051388	1151.19995117188
339.224281575542	1147.59997558594
342.046876730026	1153.59997558594
344.868511166586	1149.19995117188
347.689185535872	1153.59997558594
350.508900487421	1152.80004882813
353.327656669699	1153.09997558594
356.145454730079	1149.69995117188
358.962295314817	1149.19995117188
361.778179069105	1149
364.593106637051	1149.09997558594
367.407078661675	1151.80004882813
370.220095784913	1147.40002441406
373.032158647655	1147.59997558594
375.843267889676	1150.40002441406
378.653424149715	1152.30004882813
381.462628065436	1151.19995117188
384.270880273432	1149.09997558594
387.078181409254	1155.69995117188
389.884532107358	1152.69995117188
392.689933001188	1148.40002441406
395.494384723112	1152.90002441406
398.29788790445	1152.5
401.100443175488	1152.5
403.902051165437	1152.30004882813
406.702712502518	1148.90002441406
409.502427813866	1148.40002441406
412.301197725607	1149.69995117188
415.099022862823	1152
417.89590384957	1151.90002441406
420.691841308876	1151.69995117188
423.486835862752	1151
426.280888132173	1151.59997558594
429.073998737112	1151.90002441406
431.866168296507	1152
434.657397428298	1154.40002441406
437.447686749412	1147.09997558594
440.237036875762	1152.40002441406
443.025448422257	1150.5
445.812922002813	1152.5
448.599458230326	1152.59997558594
451.38505771672	1153.5
454.169721072909	1150.30004882813
456.953448908819	1153.90002441406
459.736241833384	1152.19995117188
462.518100454555	1151.69995117188
465.2990253793	1152.90002441406
468.079017213605	1147.69995117188
470.858076562476	1151.30004882813
473.636204029939	1157.40002441406
476.41340021906	1152.69995117188
479.189665731938	1154.80004882813
481.965001169667	1149.59997558594
484.739407132419	1155.30004882813
487.512884219391	1151.5
490.285433028796	1154.19995117188
493.057054157921	1150.09997558594
495.827748203087	1149.19995117188
498.597515759658	1149.90002441406
501.366357422061	1153.09997558594
504.134273783759	1151.19995117188
506.901265437278	1151.69995117188
509.66733297421	1154.80004882813
512.432476985198	1154.5
515.196698059945	1155
517.959996787225	1149.69995117188
520.722373754895	1153.5
523.483829549856	1155.09997558594
526.24436475811	1154
529.003979964696	1156.59997558594
531.762675753779	1156.30004882813
534.520452708569	1154.59997558594
537.277311411375	1156.09997558594
540.03325244359	1155.40002441406
542.788276385682	1152.90002441406
545.54238381725	1151.40002441406
548.295575316938	1153.09997558594
551.047851462516	1154.40002441406
553.799212830831	1151.69995117188
556.549659997851	1154.40002441406
559.299193538643	1152.40002441406
562.047814027381	1150.80004882813
564.795522037318	1151.5
567.542318140861	1152
570.288202909507	1154.40002441406
573.033176913873	1157.30004882813
575.7772407237	1154.80004882813
578.520394907829	1150
581.26264003424	1151.30004882813
584.003976670046	1151.69995117188
586.744405381469	1148.90002441406
589.483926733869	1151.90002441406
592.222541291746	1155.09997558594
594.96024961872	1156.09997558594
597.697052277563	1155
600.432949830166	1148.69995117188
603.167942837587	1155.19995117188
605.902031860012	1154.90002441406
608.635217456783	1153
611.367500186378	1157
614.098880606429	1153.69995117188
616.82935927374	1158.09997558594
619.558936744248	1153.19995117188
622.287613573072	1151.30004882813
625.015390314457	1153.90002441406
627.742267521848	1155.69995117188
630.468245747829	1158.80004882813
633.193325544166	1150.69995117188
635.917507461792	1154.5
638.640792050804	1149.5
641.36317986048	1151.59997558594
644.084671439281	1153.5
646.805267334845	1158.80004882813
649.524968093967	1159.40002441406
652.24377426266	1157.59997558594
654.961686386106	1155.59997558594
657.678705008678	1159.19995117188
660.394830673939	1157
663.110063924628	1153
665.824405302728	1153.80004882813
668.537855349351	1156.59997558594
671.250414604863	1152.80004882813
673.962083608812	1154.59997558594
676.672862899949	1155
679.382753016218	1153.5
682.091754494801	1154.09997558594
684.799867872061	1157.09997558594
687.507093683595	1153.5
690.213432464198	1152.30004882813
692.918884747899	1157
695.623451067937	1157.40002441406
698.327131956755	1158.5
701.029927946065	1152.19995117188
703.731839566754	1159.09997558594
706.43286734896	1154.5
709.133011822067	1155.09997558594
711.832273514658	1159
714.53065295457	1161.40002441406
717.228150668879	1156.09997558594
719.924767183889	1154.09997558594
722.620503025148	1154.40002441406
725.315358717446	1155
728.009334784827	1156.09997558594
730.702431750559	1160.19995117188
733.394650137188	1152.19995117188
736.085990466498	1157.80004882813
738.776453259519	1154
741.466039036542	1156.59997558594
744.154748317125	1159.19995117188
746.842581620074	1160.80004882813
749.529539463458	1158.19995117188
752.215622364608	1155.5
754.900830840131	1160.09997558594
757.585165405892	1160.59997558594
760.26862657703	1161.19995117188
762.951214867957	1152.90002441406
765.632930792356	1156.09997558594
768.313774863181	1158.90002441406
770.993747592673	1159.80004882813
773.672849492359	1159.59997558594
776.351081073017	1156.30004882813
779.028442844757	1154.69995117188
781.704935316928	1162.30004882813
784.380558998208	1154
787.055314396528	1151.80004882813
789.729202019141	1160.30004882813
792.402222372581	1154.5
795.074375962669	1157.30004882813
797.745663294537	1153
800.416084872622	1154.90002441406
803.085641200652	1159.40002441406
805.754332781664	1161.40002441406
808.422160117986	1158.69995117188
811.089123711292	1155.19995117188
813.75522406252	1156.59997558594
816.420461671951	1160.09997558594
819.084837039164	1160.09997558594
821.748350663067	1154.09997558594
824.411003041866	1156.80004882813
827.072794673116	1156.30004882813
829.733726053668	1157.80004882813
832.39379767971	1161
835.05301004674	1156.5
837.711363649601	1160.19995117188
840.368858982457	1158
843.025496538805	1160.19995117188
845.681276811467	1159.59997558594
848.336200292618	1156.69995117188
850.99026747375	1160
853.643478845713	1162.5
856.29583489868	1159
858.947336122176	1155.30004882813
861.59798300506	1161.40002441406
864.247776035556	1158.80004882813
866.896715701222	1157.90002441406
869.544802488959	1154.5
872.192036885046	1159.09997558594
874.838419375087	1159
877.483950444054	1156.5
880.128630576285	1154.19995117188
882.772460255461	1161.40002441406
885.415439964628	1158.59997558594
888.057570186211	1158.30004882813
890.698851401966	1160.80004882813
893.339284093045	1157.69995117188
895.978868739961	1159.19995117188
898.617605822596	1161.30004882813
901.255495820196	1162.5
903.892539211396	1161.09997558594
906.528736474184	1159.69995117188
909.164088085949	1156
911.798594523442	1157.5
914.432256262804	1158.90002441406
917.065073779549	1160.80004882813
919.697047548589	1157
922.328178044212	1156
924.9584657401	1158
927.587911109317	1164.80004882813
930.216514624317	1160.40002441406
932.844276756963	1163.80004882813
935.471197978488	1159
938.097278759538	1154.09997558594
940.722519570163	1161.59997558594
943.346920879798	1166.59997558594
945.97048315729	1160.30004882813
948.593206870885	1160.90002441406
951.215092488219	1162.90002441406
953.836140476366	1163.90002441406
956.456351301787	1162.09997558594
959.07572543037	1164.40002441406
961.694263327369	1161.90002441406
964.311965457521	1162.69995117188
966.928832284933	1159.40002441406
969.544864273135	1161.5
972.160061885076	1159.69995117188
974.774425583129	1159.69995117188
977.387955829099	1159.30004882813
980.000653084196	1157.40002441406
982.612517809061	1164
985.223550463768	1162.19995117188
987.833751507819	1158
990.443121400135	1162.40002441406
993.051660599081	1162.19995117188
995.659369562449	1158.19995117188
998.266248747469	1163.69995117188
1000.87229861081	1159.5
1003.47751960857	1165.30004882813
1006.0819121963	1161.90002441406
1008.68547682897	1159.40002441406
1011.28821396104	1158.80004882813
1013.89012404635	1163.30004882813
1016.49120753824	1155.09997558594
1019.09146488947	1162.19995117188
1021.69089655226	1159.30004882813
1024.28950297827	1161
1026.88728461863	1164.40002441406
1029.48424192392	1158.69995117188
1032.08037534416	1161.30004882813
1034.67568532886	1165
1037.27017232694	1158.30004882813
1039.86383678682	1160.59997558594
1042.45667915637	1160.90002441406
1045.04869988293	1159
1047.6398994133	1162.80004882813
1050.23027819374	1162.69995117188
1052.81983666998	1161.40002441406
1055.40857528724	1159.30004882813
1057.99649449018	1162.80004882813
1060.58359472296	1159.80004882813
1063.1698764292	1164.19995117188
1065.755340052	1159.80004882813
1068.33998603393	1164
1070.92381481706	1162.30004882813
1073.50682684291	1160.40002441406
1076.08902255251	1165.40002441406
1078.67040238637	1158.59997558594
1081.25096678445	1163.90002441406
1083.83071618624	1162.90002441406
1086.4096510307	1161
1088.98777175629	1164
1091.56507880094	1159.90002441406
1094.14157260208	1162.80004882813
1096.71725359664	1159.90002441406
1099.29212222106	1160.19995117188
1101.86617891125	1162.59997558594
1104.43942410262	1160.90002441406
1107.01185823011	1163.09997558594
1109.58348172812	1156.80004882813
1112.15429503057	1159.69995117188
1114.7242985709	1162.09997558594
1117.29349278203	1161.40002441406
1119.86187809642	1165.80004882813
1122.42945494599	1164.5
1124.99622376222	1159
1127.56218497606	1160.30004882813
1130.12733901801	1164.69995117188
1132.69168631804	1161.40002441406
1135.25522730568	1159.5
1137.81796240995	1160.5
1140.37989205941	1163.80004882813
1142.9410166821	1162.80004882813
1145.50133670561	1163.5
1148.06085255708	1161.59997558594
1150.61956466311	1163.40002441406
1153.17747344987	1157.09997558594
1155.73457934305	1160.59997558594
1158.29088276786	1164.19995117188
1160.84638414903	1159.30004882813
1163.40108391085	1161.09997558594
1165.95498247711	1160.19995117188
1168.50808027116	1165.30004882813
1171.06037771587	1164.09997558594
1173.61187523364	1160.40002441406
1176.16257324643	1162.40002441406
1178.71247217573	1164.80004882813
1181.26157244255	1160.90002441406
1183.80987446746	1161.69995117188
1186.35737867059	1158.69995117188
1188.90408547157	1164.59997558594
1191.44999528961	1162.40002441406
1193.99510854347	1163.40002441406
1196.53942565142	1162.40002441406
1199.08294703133	1166
1201.62567310057	1160.90002441406
1204.16760427611	1163.40002441406
1206.70874097445	1166.5
1209.24908361163	1162.19995117188
1211.78863260327	1159.30004882813
1214.32738836454	1164.30004882813
1216.86535131017	1159.19995117188
1219.40252185445	1167.90002441406
1221.93890041121	1164.40002441406
1224.47448739389	1162.90002441406
1227.00928321544	1167.30004882813
1229.54328828842	1163.09997558594
1232.07650302491	1164.09997558594
1234.60892783662	1163.5
1237.14056313477	1169.69995117188
1239.67140933017	1163.30004882813
1242.2014668332	1160.69995117188
1244.73073605384	1168.40002441406
1247.25921740159	1167.80004882813
1249.78691128558	1169
1252.31381811448	1167.80004882813
1254.83993829655	1171.30004882813
1257.36527223962	1165.59997558594
1259.88982035112	1168
1262.41358303803	1164.59997558594
1264.93656070696	1164
1267.45875376405	1165.30004882813
1269.98016261505	1169.80004882813
1272.50078766531	1169.40002441406
1275.02062931974	1170.30004882813
1277.53968798285	1168.80004882813
1280.05796405875	1167
1282.57545795112	1168.19995117188
1285.09217006325	1169.69995117188
1287.60810079802	1163.30004882813
1290.12325055788	1163.30004882813
1292.63761974492	1165.80004882813
1295.15120876079	1163.09997558594
1297.66401800676	1170
1300.17604788367	1171.80004882813
1302.687298792	1165.59997558594
1305.19777113181	1167.09997558594
1307.70746530274	1161.09997558594
1310.21638170408	1168.59997558594
1312.7245207347	1171.40002441406
1315.23188279307	1168.5
1317.73846827728	1170.09997558594
1320.24427758502	1168.90002441406
1322.74931111359	1162.59997558594
1325.25356925991	1166.09997558594
1327.75705242051	1170.59997558594
1330.25976099151	1170.40002441406
1332.76169536868	1168.40002441406
1335.26285594737	1173.40002441406
1337.76324312256	1172.59997558594
1340.26285728887	1164.09997558594
1342.76169884052	1164.5
1345.25976817132	1165.59997558594
1347.75706567474	1170.69995117188
1350.25359174387	1171.30004882813
1352.74934677141	1166.80004882813
1355.24433114968	1165.90002441406
1357.73854527062	1165.90002441406
1360.23198952583	1163.90002441406
1362.7246643065	1168.40002441406
1365.21657000347	1167.09997558594
1367.7077070072	1164.59997558594
1370.19807570777	1161.19995117188
1372.68767649492	1163.5
1375.176509758	1164.69995117188
1377.66457588599	1168.69995117188
1380.15187526753	1163.69995117188
1382.63840829087	1167.30004882813
1385.1241753439	1171
1387.60917681417	1168.09997558594
1390.09341308884	1169.59997558594
1392.57688455474	1166.19995117188
1395.05959159829	1167
1397.54153460562	1168.19995117188
1400.02271396243	1166.5
1402.50313005414	1164.30004882813
1404.98278326576	1167.30004882813
1407.46167398196	1173.30004882813
1409.93980258707	1168.5
1412.41716946504	1166.69995117188
1414.89377499951	1167.80004882813
1417.36961957373	1170.40002441406
1419.84470357062	1168
1422.31902737275	1169.69995117188
1424.79259136235	1169.69995117188
1427.26539592129	1168.90002441406
1429.73744143111	1170.90002441406
1432.20872827299	1167
1434.67925682777	1170.40002441406
1437.14902747597	1172.40002441406
1439.61804059773	1167.59997558594
1442.0862965729	1170.59997558594
1444.55379578093	1175.69995117188
1447.02053860099	1168.5
1449.48652541188	1171.5
1451.95175659206	1174.40002441406
1454.41623251969	1172.40002441406
1456.87995357255	1169.69995117188
1459.34292012811	1172.90002441406
1461.80513256351	1173.90002441406
1464.26659125557	1169.90002441406
1466.72729658073	1168.5
1469.18724891517	1165.40002441406
1471.64644863469	1166.5
1474.10489611478	1171.80004882813
1476.5625917306	1168.5
1479.01953585699	1171.09997558594
1481.47572886844	1165.59997558594
1483.93117113917	1165.40002441406
1486.38586304302	1168.59997558594
1488.83980495354	1165
1491.29299724395	1167.59997558594
1493.74544028715	1165.09997558594
1496.19713445573	1173
1498.64808012193	1162.40002441406
1501.09827765772	1170.30004882813
1503.54772743471	1166.30004882813
1505.99642982421	1165.69995117188
1508.44438519723	1166.90002441406
1510.89159392446	1168.5
1513.33805637625	1166.09997558594
1515.78377292266	1165.5
1518.22874393346	1165.80004882813
1520.67296977806	1168
1523.11645082559	1163
1525.55918744488	1163.40002441406
1528.00118000444	1164.90002441406
1530.44242887245	1164.69995117188
1532.88293441684	1164
1535.32269700517	1168.09997558594
1537.76171700475	1164.90002441406
1540.19999478255	1165.80004882813
1542.63753070526	1167.90002441406
1545.07432513925	1168
1547.5103784506	1168.30004882813
1549.94569100509	1164.19995117188
1552.38026316819	1171.19995117188
1554.8140953051	1169.59997558594
1557.24718778067	1172.09997558594
1559.67954095952	1171
1562.11115520592	1172.30004882813
1564.54203088386	1167.5
1566.97216835704	1164
1569.40156798888	1170.19995117188
1571.83023014248	1164.80004882813
1574.25815518067	1171.40002441406
1576.68534346597	1170.69995117188
1579.11179536062	1172.40002441406
1581.53751122658	1169.80004882813
1583.9624914255	1165.80004882813
1586.38673631876	1169
1588.81024626745	1168.30004882813
1591.23302163235	1168.30004882813
1593.655062774	1171.30004882813
1596.07637005262	1168.90002441406
1598.49694382815	1173.30004882813
1600.91678446025	1161.69995117188
1603.33589230831	1173.09997558594
1605.75426773142	1169.90002441406
1608.1719110884	1174.09997558594
1610.58882273779	1166.40002441406
1613.00500303784	1174.19995117188
1615.42045234654	1169.59997558594
1617.83517102158	1173.90002441406
1620.24915942039	1175.09997558594
1622.66241790012	1171.69995117188
1625.07494681764	1173.09997558594
1627.48674652954	1170.80004882813
1629.89781739216	1173
1632.30815976152	1172.09997558594
1634.71777399343	1171.69995117188
1637.12666044338	1171.30004882813
1639.53481946661	1169.59997558594
1641.94225141808	1169.09997558594
1644.34895665248	1174.09997558594
1646.75493552424	1166.09997558594
1649.16018838752	1173.59997558594
1651.56471559621	1173.90002441406
1653.96851750392	1176.09997558594
1656.37159446403	1174.90002441406
1658.7739468296	1173
1661.17557495349	1174.5
1663.57647918824	1174.69995117188
1665.97665988617	1179
1668.37611739929	1173.59997558594
1670.77485207939	1173
1673.17286427799	1169.5
1675.57015434633	1166.80004882813
1677.96672263542	1171.30004882813
1680.36256949598	1168.30004882813
1682.7576952785	1172.40002441406
1685.15210033318	1174.69995117188
1687.54578501	1171.90002441406
1689.93874965866	1168.19995117188
1692.33099462861	1170.5
1694.72252026904	1168.40002441406
1697.11332692889	1172.5
1699.50341495686	1171.80004882813
1701.89278470137	1165.59997558594
1704.28143651061	1169.5
1706.66937073251	1171
1709.05658771473	1165.90002441406
1711.44308780473	1168.40002441406
1713.82887134968	1171
1716.21393869648	1164.80004882813
1718.59829019185	1175.40002441406
1720.98192618221	1165.80004882813
1723.36484701374	1167.69995117188
1725.74705303238	1171.30004882813
1728.12854458384	1169.69995117188
1730.50932201356	1167.40002441406
1732.88938566673	1166.5
1735.26873588834	1166.5
1737.64737302307	1163
1740.02529741544	1169
1742.40250940964	1167.09997558594
1744.77900934969	1167.30004882813
1747.15479757933	1169.09997558594
1749.52987444206	1172.5
1751.90424028116	1164
1754.27789543967	1168
1756.65084026037	1171
1759.02307508582	1167.5
1761.39460025833	1170.90002441406
1763.76541612	1172.80004882813
1766.13552301265	1170.09997558594
1768.50492127791	1176.09997558594
1770.87361125714	1169.19995117188
1773.2415932915	1175.30004882813
1775.60886772188	1167.40002441406
1777.97543488896	1169.19995117188
1780.34129513318	1169.19995117188
1782.70644879475	1166.90002441406
1785.07089621365	1168.19995117188
1787.43463772964	1170.80004882813
1789.7976736822	1171.90002441406
1792.16000441066	1174.09997558594
1794.52163025405	1169
1796.88255155121	1166.69995117188
1799.24276864074	1173.40002441406
1801.60228186102	1170.5
1803.96109155019	1165.40002441406
1806.31919804618	1166
1808.67660168668	1171.09997558594
1811.03330280916	1169.59997558594
1813.38930175088	1166.09997558594
1815.74459884884	1164.40002441406
1818.09919443984	1170.30004882813
1820.45308886047	1169.5
1822.80628244708	1168.19995117188
1825.1587755358	1165.69995117188
1827.51056846254	1170.90002441406
1829.86166156297	1169.69995117188
1832.21205517258	1168.40002441406
1834.56174962661	1173.30004882813
1836.91074526009	1168.69995117188
1839.25904240783	1163.80004882813
1841.60664140443	1166.5
1843.95354258425	1166.5
1846.29974628146	1168
1848.64525282998	1173
1850.99006256356	1172.30004882813
1853.3341758157	1172.09997558594
1855.67759291968	1167.19995117188
1858.02031420858	1171.80004882813
1860.36234001528	1165
1862.70367067241	1174.59997558594
1865.04430651244	1170.5
1867.38424786755	1165.90002441406
1869.72349506978	1169.19995117188
1872.06204845094	1171.59997558594
1874.39990834258	1168.5
1876.73707507612	1170.5
1879.07354898269	1172.69995117188
1881.40933039328	1170.80004882813
1883.74441963861	1169.90002441406
1886.07881704925	1165
1888.41252295551	1165.90002441406
1890.74553768751	1170.40002441406
1893.07786157519	1169.59997558594
1895.40949494822	1166
1897.74043813615	1163.90002441406
1900.07069146823	1171.5
1902.40025527357	1166.69995117188
1904.72912988106	1169.30004882813
1907.05731561938	1169.90002441406
1909.38481281699	1168.90002441406
1911.71162180217	1170.40002441406
1914.037742903	1166.40002441406
1916.36317644734	1165.69995117188
1918.68792276284	1170.59997558594
1921.01198217697	1170.5
1923.33535501699	1171.80004882813
1925.65804160996	1177.69995117188
1927.98004228273	1165.5
1930.30135736196	1166
1932.6219871741	1165.59997558594
1934.94193204543	1170.30004882813
1937.26119230198	1168.09997558594
1939.57976826962	1176.5
1941.89766027402	1172.90002441406
1944.21486864062	1168.59997558594
1946.53139369472	1169.80004882813
1948.84723576137	1164.30004882813
1951.16239516543	1172.30004882813
1953.47687223159	1169.19995117188
1955.79066728434	1171.90002441406
1958.10378064794	1173.69995117188
1960.4162126465	1169
1962.7279636039	1172
1965.03903384385	1175.19995117188
1967.34942368987	1169.30004882813
1969.65913346524	1170.09997558594
1971.96816349311	1171.5
1974.2765140964	1176.90002441406
1976.58418559784	1169.90002441406
1978.89117831997	1168.19995117188
1981.19749258516	1169.90002441406
1983.50312871555	1168.40002441406
1985.80808703313	1171
1988.11236785967	1173.90002441406
1990.41597151676	1171
1992.71889832581	1169.59997558594
1995.02114860801	1170.69995117188
1997.3227226844	1164.69995117188
1999.62362087581	1172.80004882813
2001.92384350288	1174.80004882813
2004.22339088608	1164.59997558594
2006.52226334567	1170.5
2008.82046120173	1168.80004882813
2011.11798477417	1171.09997558594
2013.41483438269	1174.5
2015.71101034681	1172.19995117188
2018.00651298588	1169.80004882813
2020.30134261905	1169.30004882813
2022.59549956528	1170
2024.88898414337	1173.59997558594
2027.1817966719	1167
2029.4739374693	1170.30004882813
2031.76540685379	1173.30004882813
2034.05620514342	1173.19995117188
2036.34633265607	1171
2038.6357897094	1175.5
2040.92457662092	1172.90002441406
2043.21269370795	1169.40002441406
2045.50014128763	1166.5
2047.78691967691	1170.30004882813
2050.07302919256	1172.30004882813
2052.35847015118	1170.59997558594
2054.64324286919	1174.09997558594
2056.9273476628	1170.80004882813
2059.21078484808	1168.5
2061.4935547409	1176.59997558594
2063.77565765696	1173.19995117188
2066.05709391176	1172.09997558594
2068.33786382065	1168.80004882813
2070.61796769879	1165.30004882813
2072.89740586116	1167.90002441406
2075.17617862255	1172
2077.45428629759	1169.69995117188
2079.73172920075	1168.69995117188
2082.00850764627	1173.40002441406
2084.28462194827	1174.5
2086.56007242065	1170.40002441406
2088.83485937717	1172.69995117188
2091.10898313139	1174.80004882813
2093.3824439967	1171.59997558594
2095.65524228632	1169.30004882813
2097.92737831328	1170.59997558594
2100.19885239047	1169.19995117188
2102.46966483057	1173.5
2104.7398159461	1168.30004882813
2107.00930604941	1172.40002441406
2109.27813545267	1166.30004882813
2111.54630446787	1177.40002441406
2113.81381340685	1174.40002441406
2116.08066258126	1171.59997558594
2118.34685230257	1170.09997558594
2120.61238288211	1173.19995117188
2122.87725463099	1172.19995117188
2125.1414678602	1179.5
2127.40502288052	1166
2129.66792000257	1172.69995117188
2131.93015953682	1167.80004882813
2134.19174179353	1170.40002441406
2136.45266708282	1171.40002441406
2138.71293571463	1175.09997558594
2140.97254799873	1171.80004882813
2143.23150424473	1169.59997558594
2145.48980476205	1166.69995117188
2147.74744985996	1177.90002441406
2150.00443984754	1173.19995117188
2152.26077503373	1175
2154.51645572728	1168.30004882813
2156.77148223677	1171.19995117188
2159.02585487064	1171.69995117188
2161.27957393713	1169.40002441406
2163.53263974432	1168.30004882813
2165.78505260012	1170.30004882813
2168.0368128123	1169.80004882813
2170.28792068844	1170.80004882813
2172.53837653595	1171.40002441406
2174.78818066207	1171.5
2177.03733337389	1170.30004882813
2179.28583497833	1169.19995117188
2181.53368578214	1169.90002441406
2183.78088609192	1168.19995117188
2186.02743621406	1172.09997558594
2188.27333645484	1168.09997558594
2190.51858712033	1175
2192.76318851646	1169.5
2195.00714094901	1167.30004882813
2197.25044472354	1171.40002441406
2199.49310014551	1169.59997558594
2201.73510752018	1170.40002441406
2203.97646715265	1177.5
2206.21717934786	1171.09997558594
2208.45724441058	1171.09997558594
2210.69666264543	1179.69995117188
2212.93543435686	1169.59997558594
2215.17355984914	1177.69995117188
2217.41103942642	1175.5
2219.64787339264	1175
2221.8840620516	1169.59997558594
2224.11960570695	1170.30004882813
2226.35450466215	1169.40002441406
2228.58875922051	1171.09997558594
2230.82236968518	1171.30004882813
2233.05533635916	1172.19995117188
2235.28765954527	1175.5
2237.51933954617	1171.09997558594
2239.75037666437	1168.09997558594
2241.98077120221	1167.5
2244.21052346188	1168.09997558594
2246.4396337454	1172.5
2248.66810235461	1171
2250.89592959125	1172.5
2253.12311575681	1171.09997558594
2255.34966115272	1174.19995117188
2257.57556608017	1172.90002441406
2259.80083084023	1178.09997558594
2262.02545573381	1171.30004882813
2264.24944106163	1168.59997558594
2266.47278712429	1174.80004882813
2268.69549422221	1166.80004882813
2270.91756265564	1174.69995117188
2273.1389927247	1170.09997558594
2275.35978472934	1175
2277.57993896933	1172
2279.79945574431	1175.19995117188
2282.01833535375	1173.40002441406
2284.23657809696	1169
2286.45418427309	1170.59997558594
2288.67115418114	1170.30004882813
2290.88748811995	1171.19995117188
2293.10318638819	1171.19995117188
2295.3182492844	1173.19995117188
2297.53267710693	1181.19995117188
2299.746470154	1172.69995117188
2301.95962872364	1168.80004882813
2304.17215311376	1171.59997558594
2306.3840436221	1176.40002441406
2308.59530054621	1175.69995117188
2310.80592418354	1163.90002441406
2313.01591483134	1176.69995117188
2315.22527278673	1173.59997558594
2317.43399834666	1170.09997558594
2319.64209180791	1175.30004882813
2321.84955346713	1171.69995117188
2324.05638362079	1178.19995117188
2326.26258256524	1180.5
2328.46815059664	1179
2330.67308801098	1170.40002441406
2332.87739510415	1168.40002441406
2335.08107217184	1171.09997558594
2337.2841195096	1173
2339.48653741281	1175.19995117188
2341.68832617672	1171.19995117188
2343.8894860964	1172.19995117188
2346.09001746678	1173.40002441406
2348.28992058261	1171.5
2350.48919573852	1173.40002441406
2352.68784322898	1169.69995117188
2354.88586334826	1173.59997558594
2357.08325639055	1174.90002441406
2359.2800226498	1167.69995117188
2361.47616241988	1176
2363.67167599445	1175.5
2365.86656366706	1174.80004882813
2368.06082573107	1180.59997558594
2370.2544624797	1173.80004882813
2372.44747420603	1172.80004882813
2374.63986120295	1171.80004882813
2376.83162376322	1174.59997558594
2379.02276217945	1168.30004882813
2381.21327674408	1175.90002441406
2383.4031677494	1169.40002441406
2385.59243548756	1175.5
2387.78108025053	1170.40002441406
2389.96910233014	1171.69995117188
2392.15650201809	1171.59997558594
2394.34327960587	1167.09997558594
2396.52943538486	1176.69995117188
2398.71496964628	1175.30004882813
2400.89988268118	1175.09997558594
2403.08417478048	1175.59997558594
2405.26784623491	1175.59997558594
2407.45089733509	1170.19995117188
2409.63332837146	1175.90002441406
2411.81513963429	1170.40002441406
2413.99633141375	1168.09997558594
2416.1769039998	1177
2418.35685768227	1172.30004882813
2420.53619275084	1174.69995117188
2422.71490949505	1170.80004882813
2424.89300820425	1174.59997558594
2427.07048916765	1171.80004882813
2429.24735267433	1168.30004882813
2431.42359901319	1175.19995117188
2433.59922847297	1174.19995117188
2435.7742413423	1173.59997558594
2437.94863790961	1172.40002441406
2440.12241846321	1170.40002441406
2442.29558329121	1171.80004882813
2444.46813268162	1176.09997558594
2446.64006692228	1171.80004882813
2448.81138630086	1177.59997558594
2450.98209110489	1169.80004882813
2453.15218162174	1169.5
2455.32165813864	1173.5
2457.49052094265	1171.30004882813
2459.65877032069	1171.40002441406
2461.8264065595	1171.80004882813
2463.99342994572	1171.90002441406
2466.15984076579	1168.5
2468.325639306	1174.5
2470.49082585251	1179.30004882813
2472.65540069131	1170.59997558594
2474.81936410824	1169.30004882813
2476.98271638899	1174.69995117188
2479.14545781909	1176.30004882813
2481.30758868392	1172.5
2483.4691092687	1172.69995117188
2485.63001985852	1168.90002441406
2487.79032073829	1173.30004882813
2489.95001219277	1176.69995117188
2492.10909450659	1176.59997558594
2494.26756796419	1180.5
2496.42543284989	1171.80004882813
2498.58268944783	1170.90002441406
2500.73933804202	1175.19995117188
2502.8953789163	1172.69995117188
2505.05081235436	1176.19995117188
2507.20563863974	1169.59997558594
2509.35985805582	1174.69995117188
2511.51347088583	1167.5
2513.66647741285	1174.80004882813
2515.81887791981	1172.19995117188
2517.97067268946	1171.19995117188
2520.12186200443	1171.59997558594
2522.27244614716	1173.5
2524.42242539999	1172.30004882813
2526.57180004504	1176
2528.72057036433	1176.40002441406
2530.8687366397	1171.09997558594
2533.01629915284	1177.80004882813
2535.16325818527	1175.09997558594
2537.30961401839	1174.09997558594
2539.45536693343	1174.90002441406
2541.60051721145	1171.40002441406
2543.74506513338	1179.59997558594
2545.88901097997	1175.80004882813
2548.03235503185	1178.5
2550.17509756946	1174.80004882813
2552.31723887311	1172.59997558594
2554.45877922293	1168.09997558594
2556.59971889893	1174.69995117188
2558.74005818094	1176.80004882813
2560.87979734864	1170.19995117188
2563.01893668155	1172.80004882813
2565.15747645906	1176.30004882813
2567.29541696037	1174.69995117188
2569.43275846454	1174.40002441406
2571.56950125049	1176.80004882813
2573.70564559696	1178.90002441406
2575.84119178254	1171.30004882813
2577.97614008569	1170.59997558594
2580.11049078468	1170.5
2582.24424415764	1172.80004882813
2584.37740048255	1176
2586.50996003722	1174.69995117188
2588.64192309931	1172.80004882813
2590.77328994634	1167.69995117188
2592.90406085564	1178.19995117188
2595.03423610442	1173.69995117188
2597.16381596971	1173.19995117188
2599.29280072839	1174.30004882813
2601.42119065719	1182.30004882813
2603.54898603267	1170.59997558594
2605.67618713125	1176.09997558594
2607.80279422919	1175.69995117188
2609.92880760257	1173.59997558594
2612.05422752735	1174.80004882813
2614.17905427932	1170.09997558594
2616.30328813408	1171.40002441406
2618.42692936713	1172.80004882813
2620.54997825377	1169.80004882813
2622.67243506915	1175.09997558594
2624.79430008828	1177.09997558594
2626.915573586	1169.59997558594
2629.03625583699	1173.40002441406
2631.15634711579	1173.90002441406
2633.27584769675	1171.40002441406
2635.39475785408	1169.40002441406
2637.51307786185	1177
2639.63080799394	1171.90002441406
2641.74794852409	1171.40002441406
2643.86449972589	1170
2645.98046187273	1170.40002441406
2648.0958352379	1173.90002441406
2650.21062009449	1177.30004882813
2652.32481671544	1176.09997558594
2654.43842537353	1176.80004882813
2656.5514463414	1171.80004882813
2658.66387989151	1169.90002441406
2660.77572629616	1174.59997558594
2662.88698582751	1170.69995117188
2664.99765875753	1171.09997558594
2667.10774535806	1176.59997558594
2669.21724590076	1171.40002441406
2671.32616065714	1173.80004882813
2673.43448989857	1173.40002441406
2675.5422338962	1171.5
2677.64939292108	1168.80004882813
2679.75596724408	1173.19995117188
2681.86195713589	1170.09997558594
2683.96736286707	1177.19995117188
2686.07218470799	1173
2688.17642292889	1174.19995117188
2690.28007779982	1171.19995117188
2692.38314959069	1170.59997558594
2694.48563857123	1175
2696.58754501103	1172.30004882813
2698.6888691795	1172.5
2700.78961134588	1174.40002441406
2702.8897717793	1168.30004882813
2704.98935074864	1169.90002441406
2707.08834852271	1177.5
2709.18676537009	1173
2711.28460155925	1173.80004882813
2713.38185735843	1175.59997558594
2715.47853303577	1176.80004882813
2717.57462885924	1177.19995117188
2719.67014509659	1173.69995117188
2721.76508201548	1171.80004882813
2723.85943988337	1173.59997558594
2725.95321896754	1176.5
2728.04641953515	1175.09997558594
2730.13904185316	1174.09997558594
2732.23108618837	1174.40002441406
2734.32255280744	1173.5
2736.41344197683	1174.5
2738.50375396288	1173.40002441406
2740.5934890317	1172.59997558594
2742.68264744932	1176.19995117188
2744.77122948153	1180.69995117188
2746.85923539398	1172.30004882813
2748.94666545217	1173.59997558594
2751.03351992142	1169
2753.11979906688	1173.40002441406
2755.20550315355	1171.69995117188
2757.29063244624	1172.19995117188
2759.37518720963	1174.69995117188
2761.45916770819	1173.59997558594
2763.54257420625	1173.09997558594
2765.62540696797	1169.69995117188
2767.70766625733	1175.40002441406
2769.78935233816	1169.09997558594
2771.87046547413	1169.40002441406
2773.95100592869	1171.30004882813
2776.03097396519	1169.40002441406
2778.11036984677	1169
2780.18919383641	1171
2782.26744619693	1173.5
2784.34512719097	1176.59997558594
2786.42223708102	1176.40002441406
2788.49877612937	1173.59997558594
2790.57474459816	1170.90002441406
2792.65014274937	1167.40002441406
2794.7249708448	1174.09997558594
2796.79922914607	1170.80004882813
2798.87291791465	1173.09997558594
2800.94603741181	1182.19995117188
2803.01858789869	1178
2805.09056963623	1174.5
2807.1619828852	1173.19995117188
2809.23282790621	1173.19995117188
2811.30310495971	1176.80004882813
2813.37281430593	1171.69995117188
2815.441956205	1177.09997558594
2817.51053091682	1173.59997558594
2819.57853870114	1176.90002441406
2821.64597981753	1179.19995117188
2823.7128545254	1176.90002441406
2825.77916308399	1175.19995117188
2827.84490575233	1178.19995117188
2829.91008278933	1173.80004882813
2831.97469445369	1172.5
2834.03874100395	1175.30004882813
2836.10222269847	1174.69995117188
2838.16513979544	1173.30004882813
2840.22749255288	1178
2842.28928122863	1176.80004882813
2844.35050608034	1175.90002441406
2846.41116736553	1182.5
2848.47126534149	1177.5
2850.53080026537	1180.5
2852.58977239414	1175.69995117188
2854.64818198459	1177.69995117188
2856.70602929332	1179.5
2858.76331457678	1182.09997558594
2860.82003809123	1178.19995117188
2862.87620009274	1184
2864.93180083723	1190.59997558594
2866.98684058043	1188.30004882813
2869.04131957789	1186.40002441406
2871.09523808497	1191.90002441406
2873.14859635689	1194.40002441406
2875.20139464866	1188.59997558594
2877.2536332151	1187.30004882813
2879.30531231091	1191.80004882813
2881.35643219054	1190
2883.40699310831	1188.59997558594
2885.45699531834	1189.40002441406
2887.50643907457	1190.90002441406
2889.55532463077	1183.19995117188
2891.60365224053	1196
2893.65142215724	1182.5
2895.69863463414	1191.80004882813
2897.74528992426	1191.80004882813
2899.79138828046	1191.5
2901.83692995544	1194.40002441406
2903.88191520168	1187.59997558594
2905.92634427151	1192.59997558594
2907.97021741706	1190.5
2910.01353489027	1190.40002441406
2912.05629694294	1194.90002441406
2914.09850382663	1198.59997558594
2916.14015579276	1200.5
2918.18125309254	1197.09997558594
2920.22179597702	1198.59997558594
2922.26178469705	1196.30004882813
2924.30121950329	1200.90002441406
2926.34010064624	1205.30004882813
2928.37842837619	1207.40002441406
2930.41620294326	1209.59997558594
2932.45342459737	1203.90002441406
2934.49009358828	1203.09997558594
2936.52621016555	1207.80004882813
2938.56177457854	1211.09997558594
2940.59678707645	1206.80004882813
2942.63124790827	1208.19995117188
2944.66515732282	1195.40002441406
2946.69851556873	1208
2948.73132289443	1200.19995117188
2950.76357954817	1199.19995117188
2952.79528577803	1203.69995117188
2954.82644183188	1195.30004882813
2956.85704795741	1194.19995117188
2958.8871044021	1201.5
2960.91661141328	1199.80004882813
2962.94556923807	1195.30004882813
2964.97397812339	1202.5
2967.00183831598	1194.40002441406
2969.0291500624	1195.30004882813
2971.05591360902	1191.69995117188
2973.08212920199	1193
2975.1077970873	1198.90002441406
2977.13291751074	1201.09997558594
2979.1574907179	1192.69995117188
2981.18151695419	1194.09997558594
2983.20499646482	1195.30004882813
2985.2279294948	1192.09997558594
2987.25031628898	1191.5
2989.27215709199	1184.09997558594
2991.29345214825	1184.5
2993.31420170204	1183.5
2995.33440599738	1185.80004882813
2997.35406527816	1188
2999.37317978802	1187.5
3001.39174977045	1188.59997558594
3003.40977546872	1188.69995117188
3005.42725712591	1185.69995117188
3007.44419498491	1185
3009.4605892884	1180.30004882813
3011.47644027889	1187.40002441406
3013.49174819865	1183.59997558594
3015.5065132898	1187
3017.52073579424	1183.40002441406
3019.53441595366	1180
3021.54755400959	1188.30004882813
3023.56015020332	1186
3025.57220477598	1180.59997558594
3027.58371796846	1184
3029.5946900215	1186.80004882813
3031.6051211756	1185
3033.61501167107	1180.69995117188
3035.62436174803	1191.90002441406
3037.6331716464	1181.80004882813
3039.64144160588	1181.80004882813
3041.649171866	1184.69995117188
3043.65636266607	1180.59997558594
3045.6630142452	1184.69995117188
3047.66912684229	1187.69995117188
3049.67470069605	1188.90002441406
3051.679736045	1185.59997558594
3053.68423312742	1186.5
3055.68819218143	1183.90002441406
3057.6916134449	1189.59997558594
3059.69449715556	1186.30004882813
3061.69684355086	1192.5
3063.6986528681	1183.40002441406
3065.69992534437	1189.80004882813
3067.70066121653	1192.19995117188
3069.70086072126	1189.30004882813
3071.700524095	1182.19995117188
3073.69965157405	1184.69995117188
3075.69824339442	1190.80004882813
3077.69629979197	1187.5
3079.69382100235	1188.80004882813
3081.69080726098	1184.69995117188
3083.68725880307	1188.59997558594
3085.68317586366	1194.30004882813
3087.67855867755	1191.30004882813
3089.67340747933	1184.59997558594
3091.6677225034	1185.09997558594
3093.66150398392	1193.19995117188
3095.6547521549	1181
3097.64746725006	1198.80004882813
3099.63964950297	1185.69995117188
3101.63129914698	1193.59997558594
3103.6224164152	1186.5
3105.61300154056	1192.80004882813
3107.60305475576	1194.80004882813
3109.59257629331	1196.80004882813
3111.58156638547	1196.30004882813
3113.57002526432	1184.09997558594
3115.55795316172	1187
3117.54535030932	1188.90002441406
3119.53221693853	1197.80004882813
3121.51855328057	1192.69995117188
3123.50435956646	1199.09997558594
3125.48963602698	1196.30004882813
3127.4743828927	1199.5
3129.45860039397	1200.09997558594
3131.44228876093	1197.09997558594
3133.42544822353	1197.5
3135.40807901145	1199.30004882813
3137.39018135418	1199.80004882813
3139.37175548102	1191.40002441406
3141.35280162101	1200.19995117188
3143.33332000299	1189.59997558594
3145.31331085559	1196.5
3147.2927744072	1200.30004882813
3149.27171088602	1205.40002441406
3151.25012052	1203.30004882813
3153.22800353689	1205.69995117188
3155.20536016422	1198.19995117188
3157.18219062929	1197.19995117188
3159.15849515918	1210.80004882813
3161.13427398075	1204.30004882813
3163.10952732066	1200.59997558594
3165.08425540532	1201.19995117188
3167.05845846092	1211.09997558594
3169.03213671344	1205.40002441406
3171.00529038863	1198.40002441406
3172.97791971203	1212.19995117188
3174.95002490893	1206.30004882813
3176.92160620443	1209.69995117188
3178.89266382337	1205.69995117188
3180.8631979904	1205.40002441406
3182.83320892991	1212
3184.80269686609	1201.5
3186.77166202289	1208.30004882813
3188.74010462406	1211.90002441406
3190.70802489307	1210
3192.67542305323	1209.69995117188
3194.64229932757	1207
3196.60865393892	1205.5
3198.57448710987	1208.69995117188
3200.53979906279	1211.69995117188
3202.50459001981	1206.59997558594
3204.46886020284	1216.90002441406
3206.43260983356	1209.59997558594
3208.39583913341	1225
3210.35854832362	1219.19995117188
3212.32073762517	1215.59997558594
3214.28240725881	1209.40002441406
3216.24355744508	1208.09997558594
3218.20418840426	1212.69995117188
3220.16430035642	1215.5
3222.12389352137	1208.30004882813
3224.08296811873	1211.80004882813
3226.04152436784	1216.30004882813
3227.99956248784	1212.5
3229.95708269762	1208.40002441406
3231.91408521584	1215.90002441406
3233.87057026092	1219.40002441406
3235.82653805105	1222
3237.78198880419	1209.19995117188
3239.73692273806	1215.69995117188
3241.69134007013	1219.80004882813
3243.64524101764	1207.90002441406
3245.59862579761	1214.09997558594
3247.55149462681	1218.69995117188
3249.50384772176	1216.09997558594
3251.45568529877	1210.09997558594
3253.40700757387	1214.40002441406
3255.35781476288	1220.80004882813
3257.3081070814	1220.19995117188
3259.25788474473	1214.80004882813
3261.20714796799	1217.30004882813
3263.15589696602	1219.40002441406
3265.10413195345	1221.80004882813
3267.05185314463	1219.19995117188
3268.9990607537	1223.90002441406
3270.94575499455	1223.80004882813
3272.89193608081	1221.80004882813
3274.8376042259	1224.59997558594
3276.78275964296	1217.90002441406
3278.72740254492	1218.5
3280.67153314443	1222.80004882813
3282.61515165393	1224.5
3284.55825828559	1219.30004882813
3286.50085325135	1221.5
3288.44293676289	1227.80004882813
3290.38450903165	1223
3292.32557026883	1216.69995117188
3294.26612068537	1219.80004882813
3296.20616049198	1227.5
3298.14568989911	1222.59997558594
3300.08470911695	1221
3302.02321835546	1215.59997558594
3303.96121782435	1216
3305.89870773306	1219.69995117188
3307.83568829081	1220.19995117188
3309.77215970655	1219.19995117188
3311.70812218898	1216.40002441406
3313.64357594655	1219.80004882813
3315.57852118747	1221.19995117188
3317.51295811968	1220.5
3319.44688695087	1221
3321.38030788849	1217.69995117188
3323.31322113973	1219.80004882813
3325.24562691152	1227.90002441406
3327.17752541055	1226.30004882813
3329.10891684322	1217.5
3331.03980141573	1225.30004882813
3332.97017933399	1218.30004882813
3334.90005080364	1218.80004882813
3336.82941603011	1218.40002441406
3338.75827521852	1221.90002441406
3340.68662857377	1223.59997558594
3342.6144763005	1222.90002441406
3344.54181860308	1215.09997558594
3346.46865568561	1217.80004882813
3348.39498775195	1223
3350.32081500571	1220.30004882813
3352.24613765022	1222.80004882813
3354.17095588855	1220.09997558594
3356.09526992352	1223.40002441406
3358.01907995769	1225.69995117188
3359.94238619334	1221.30004882813
3361.86518883251	1218.5
3363.78748807697	1232.80004882813
3365.70928412823	1226.19995117188
3367.63057718752	1220.80004882813
3369.55136745582	1227.69995117188
3371.47165513386	1221.69995117188
3373.39144042208	1222.59997558594
3375.31072352066	1222.5
3377.22950462953	1222.09997558594
3379.14778394834	1223.69995117188
3381.06556167648	1214.59997558594
3382.98283801308	1227.40002441406
3384.89961315697	1223.90002441406
3386.81588730676	1222.40002441406
3388.73166066076	1224
3390.64693341702	1223
3392.56170577332	1222.09997558594
3394.47597792716	1225
3396.38975007581	1228.80004882813
3398.30302241623	1218.80004882813
3400.21579514512	1224.59997558594
3402.1280684589	1222.90002441406
3404.03984255374	1221.40002441406
3405.95111762553	1220.80004882813
3407.86189386987	1221.40002441406
3409.77217148212	1220.69995117188
3411.68195065733	1221.69995117188
3413.5912315903	1224.09997558594
3415.50001447556	1224.90002441406
3417.40829950735	1229.80004882813
3419.31608687963	1225.80004882813
3421.22337678611	1226
3423.1301694202	1225.80004882813
3425.03646497504	1231
3426.9422636435	1224.80004882813
3428.84756561816	1216.69995117188
3430.75237109135	1223.59997558594
3432.65668025508	1217.69995117188
3434.56049330112	1225.09997558594
3436.46381042093	1222.90002441406
3438.36663180571	1225.5
3440.26895764638	1223.59997558594
3442.17078813357	1231
3444.07212345762	1225.09997558594
3445.97296380863	1226.80004882813
3447.87330937636	1222.80004882813
3449.77316035033	1224.30004882813
3451.67251691977	1212.59997558594
3453.57137927361	1219.80004882813
3455.46974760052	1219.5
3457.36762208886	1216
3459.26500292671	1218.30004882813
3461.16189030191	1221.30004882813
3463.05828440194	1217.90002441406
3464.95418541406	1216.5
3466.84959352519	1219.30004882813
3468.74450892201	1225.80004882813
3470.63893179088	1225
3472.53286231788	1218
3474.42630068881	1214
3476.31924708918	1217.59997558594
3478.2117017042	1215.40002441406
3480.1036647188	1218.69995117188
3481.99513631761	1216.90002441406
3483.88611668498	1214
3485.77660600498	1221.90002441406
3487.66660446135	1223.80004882813
3489.55611223758	1211.40002441406
3491.44512951683	1215.80004882813
3493.333656482	1217.69995117188
3495.22169331568	1209.5
3497.10924020016	1215.30004882813
3498.99629731746	1222.59997558594
3500.88286484927	1210.5
3502.76894297702	1209.30004882813
3504.65453188182	1211.5
3506.53963174449	1210
3508.42424274555	1213.80004882813
3510.30836506524	1209.5
3512.19199888349	1215
3514.07514437992	1201.40002441406
3515.95780173387	1207.90002441406
3517.83997112437	1206.69995117188
3519.72165273016	1209.80004882813
3521.60284672967	1206.69995117188
3523.48355330104	1206.69995117188
3525.36377262208	1201.30004882813
3527.24350487035	1206.5
3529.12275022306	1195.90002441406
3531.00150885715	1209.30004882813
3532.87978094923	1203.5
3534.75756667562	1203.19995117188
3536.63486621235	1200
3538.51167973512	1200.90002441406
3540.38800741934	1203.69995117188
3542.26384944011	1206.90002441406
3544.13920597223	1197.09997558594
3546.01407719018	1199.30004882813
3547.88846326815	1204.30004882813
3549.76236438002	1195.09997558594
3551.63578069934	1192.09997558594
3553.50871239938	1197.80004882813
3555.38115965309	1202.09997558594
3557.25312263311	1200.09997558594
3559.12460151177	1194.69995117188
3560.99559646109	1199.90002441406
3562.86610765279	1196.69995117188
3564.73613525825	1197.80004882813
3566.60567944857	1193.80004882813
3568.47474039453	1197.59997558594
3570.34331826658	1200.59997558594
3572.21141323487	1192.80004882813
3574.07902546925	1192.09997558594
3575.94615513922	1192.40002441406
3577.81280241401	1191.19995117188
3579.67896746249	1191.19995117188
3581.54465045325	1192.5
3583.40985155455	1199.5
3585.27457093432	1194.19995117188
3587.1388087602	1188.19995117188
3589.00256519949	1195
3590.86584041919	1195.69995117188
3592.72863458597	1191.40002441406
3594.59094786618	1195.59997558594
3596.45278042585	1189.80004882813
3598.31413243069	1191.90002441406
3600.17500404611	1189.09997558594
3602.03539543717	1187.5
3603.89530676861	1185.80004882813
3605.75473820488	1186.40002441406
3607.61368991007	1189.09997558594
3609.47216204797	1195.5
3611.33015478203	1188.30004882813
3613.18766827539	1189.30004882813
3615.04470269087	1189.80004882813
3616.90125819094	1185.80004882813
3618.75733493776	1185.69995117188
3620.61293309318	1177.80004882813
3622.46805281869	1185.90002441406
3624.32269427547	1181.90002441406
3626.17685762439	1181.59997558594
3628.03054302596	1185.40002441406
3629.88375064038	1186.80004882813
3631.73648062751	1189
3633.5887331469	1185
3635.44050835775	1186.80004882813
3637.29180641893	1183.5
3639.14262748899	1187.40002441406
3640.99297172614	1181
3642.84283928828	1185.90002441406
3644.69223033294	1182.30004882813
3646.54114501734	1181.19995117188
3648.38958349836	1183.59997558594
3650.23754593256	1183.09997558594
3652.08503247614	1183.59997558594
3653.93204328497	1185.90002441406
3655.77857851462	1183.90002441406
3657.62463832028	1178.19995117188
3659.47022285682	1179.30004882813
3661.31533227877	1176.69995117188
3663.15996674033	1181
3665.00412639535	1178.59997558594
3666.84781139736	1183.40002441406
3668.69102189953	1177.90002441406
3670.5337580547	1176.40002441406
3672.37602001537	1174
3674.21780793368	1178
3676.05912196148	1175
3677.89996225021	1173.90002441406
3679.74032895103	1179.59997558594
3681.58022221471	1179.30004882813
3683.41964219171	1175.40002441406
3685.25858903211	1176.59997558594
3687.0970628857	1170.19995117188
3688.93506390186	1174.80004882813
3690.77259222968	1173.09997558594
3692.60964801787	1173.09997558594
3694.44623141481	1171.30004882813
3696.28234256853	1169.69995117188
3698.11798162669	1179.5
3699.95314873665	1171.80004882813
3701.78784404537	1172.19995117188
3703.62206769951	1176.80004882813
3705.45581984533	1170.40002441406
3707.28910062877	1169.40002441406
3709.12191019542	1170.19995117188
3710.95424869052	1171.09997558594
3712.78611625894	1168
3714.6175130452	1172.19995117188
3716.44843919349	1169.69995117188
3718.27889484764	1170.30004882813
3720.1088801511	1172.40002441406
3721.93839524699	1169.30004882813
3723.76744027808	1176.19995117188
3725.59601538677	1170.90002441406
3727.4241207151	1169
