40.2973356941271	1129.5
43.2236257608418	1133
46.1488808466109	1132.40002441406
49.0731017336173	1133.59997558594
51.9962892025666	1142
54.9184440327569	1139.19995117188
57.8395670020446	1143.90002441406
60.7596588868509	1147.40002441406
63.6787204621708	1155.40002441406
66.5967525015794	1158
69.5137557772381	1170.09997558594
72.4297310598838	1175.30004882813
75.3446791188512	1191.59997558594
78.2586007220466	1215.59997558594
81.1714966360015	1243.69995117188
84.0833676258266	1270.59997558594
86.994214455242	1305
89.9040378865662	1360.40002441406
92.8128386807427	1397.5
95.7206175973133	1411.09997558594
98.6273753944444	1458
101.533112828928	1470.40002441406
104.437830656161	1481.80004882813
107.34152963018	1493.09997558594
110.244210503676	1479.5
113.145874027931	1471.69995117188
116.046520952895	1496.5
118.946152027154	1462.09997558594
121.844767997933	1480.40002441406
124.74236961111	1477.09997558594
127.638957611212	1471.80004882813
130.534532741422	1483.59997558594
133.429095743606	1489.59997558594
136.322647358252	1496.90002441406
139.215188324544	1495.19995117188
142.106719380311	1492.5
144.997241262089	1505.5
147.886754705057	1491.90002441406
150.775260443096	1506.69995117188
153.662759208748	1507.40002441406
156.549251733282	1489.5
159.434738746612	1514.69995117188
162.319220977376	1509.19995117188
165.20269915289	1501.30004882813
168.085173999178	1494.59997558594
170.966646240977	1482.69995117188
173.847116601709	1511.40002441406
176.726585803528	1499.90002441406
179.605054567295	1509.09997558594
182.48252361259	1500.5
185.358993657701	1494
188.234465419645	1498
191.108939614183	1495.09997558594
193.982416955795	1501.69995117188
196.854898157687	1489.19995117188
199.726383931801	1492.90002441406
202.596874988835	1491.59997558594
205.466372038225	1485.19995117188
208.334875788145	1489.59997558594
211.202386945534	1492.59997558594
214.068906216069	1503.80004882813
216.934434304194	1499.80004882813
219.798971913111	1513.19995117188
222.662519744776	1510.80004882813
225.525078499925	1504.30004882813
228.386648878069	1502
231.247231577465	1501.80004882813
234.106827295172	1495.40002441406
236.965436727012	1502.19995117188
239.823060567597	1499.09997558594
242.679699510337	1507
245.535354247396	1492.90002441406
248.390025469775	1488.69995117188
251.243713867223	1493.80004882813
254.096420128327	1481.59997558594
256.948144940459	1496.90002441406
259.798888989788	1502.5
262.648652961315	1494.40002441406
265.49743753883	1502.5
268.345243404939	1515.5
271.192071241073	1515.09997558594
274.037921727485	1504.09997558594
276.882795543246	1500.19995117188
279.72669336624	1497.09997558594
282.569615873213	1497.59997558594
285.411563739724	1519.90002441406
288.252537640165	1512.19995117188
291.092538247763	1508.90002441406
293.931566234616	1525.5
296.769622271633	1519.5
299.606707028594	1507
302.442821174104	1526.5
305.277965375652	1521.40002441406
308.112140299574	1516.19995117188
310.945346611062	1528.19995117188
313.777584974167	1534.69995117188
316.608856051813	1517.09997558594
319.439160505797	1511.59997558594
322.268498996783	1530.59997558594
325.096872184303	1527.69995117188
327.924280726782	1518.69995117188
330.750725281521	1513.90002441406
333.576206504693	1519.80004882813
336.400725051388	1520
339.224281575542	1518.30004882813
342.046876730026	1525.40002441406
344.868511166586	1520.90002441406
347.689185535872	1522.80004882813
350.508900487421	1514.5
353.327656669699	1517.30004882813
356.145454730079	1511.09997558594
358.962295314817	1522.69995117188
361.778179069105	1521
364.593106637051	1516.69995117188
367.407078661675	1512
370.220095784913	1514.19995117188
373.032158647655	1537.40002441406
375.843267889676	1520.19995117188
378.653424149715	1526.80004882813
381.462628065436	1530.80004882813
384.270880273432	1540.80004882813
387.078181409254	1521.30004882813
389.884532107358	1535
392.689933001188	1538.5
395.494384723112	1542.30004882813
398.29788790445	1529.5
401.100443175488	1537.09997558594
403.902051165437	1540.80004882813
406.702712502518	1535.69995117188
409.502427813866	1537.59997558594
412.301197725607	1547.90002441406
415.099022862823	1544.19995117188
417.89590384957	1528.19995117188
420.691841308876	1551.30004882813
423.486835862752	1535.69995117188
426.280888132173	1545.5
429.073998737112	1536.59997558594
431.866168296507	1553.59997558594
434.657397428298	1539.09997558594
437.447686749412	1549.30004882813
440.237036875762	1547.09997558594
443.025448422257	1533.19995117188
445.812922002813	1545.30004882813
448.599458230326	1537.69995117188
451.38505771672	1544.69995117188
454.169721072909	1548.30004882813
456.953448908819	1543.80004882813
459.736241833384	1548.09997558594
462.518100454555	1540.80004882813
465.2990253793	1542.69995117188
468.079017213605	1540.90002441406
470.858076562476	1554.90002441406
473.636204029939	1558.90002441406
476.41340021906	1542.09997558594
479.189665731938	1554.19995117188
481.965001169667	1542.90002441406
484.739407132419	1561.90002441406
487.512884219391	1559.19995117188
490.285433028796	1556.69995117188
493.057054157921	1545
495.827748203087	1551.30004882813
498.597515759658	1556.69995117188
501.366357422061	1552.09997558594
504.134273783759	1564.09997558594
506.901265437278	1559.90002441406
509.66733297421	1554.80004882813
512.432476985198	1552.90002441406
515.196698059945	1556.19995117188
517.959996787225	1548.19995117188
520.722373754895	1560.69995117188
523.483829549856	1561.59997558594
526.24436475811	1564.30004882813
529.003979964696	1549.5
531.762675753779	1554.90002441406
534.520452708569	1556.40002441406
537.277311411375	1550.30004882813
540.03325244359	1560.59997558594
542.788276385682	1549.5
545.54238381725	1561.19995117188
548.295575316938	1558.30004882813
551.047851462516	1574.90002441406
553.799212830831	1558.5
556.549659997851	1559.19995117188
559.299193538643	1565
562.047814027381	1548.5
564.795522037318	1559.40002441406
567.542318140861	1548.69995117188
570.288202909507	1559.69995117188
573.033176913873	1564
575.7772407237	1559.5
578.520394907829	1549.40002441406
581.26264003424	1554.30004882813
584.003976670046	1536.80004882813
586.744405381469	1557.90002441406
589.483926733869	1542.09997558594
592.222541291746	1568.19995117188
594.96024961872	1558.90002441406
597.697052277563	1579.19995117188
600.432949830166	1564.40002441406
603.167942837587	1556.59997558594
605.902031860012	1562.09997558594
608.635217456783	1563.90002441406
611.367500186378	1559
614.098880606429	1558.80004882813
616.82935927374	1568.59997558594
619.558936744248	1570.90002441406
622.287613573072	1574.30004882813
625.015390314457	1569.19995117188
627.742267521848	1562.80004882813
630.468245747829	1570
633.193325544166	1562.40002441406
635.917507461792	1566.30004882813
638.640792050804	1587.19995117188
641.36317986048	1562
644.084671439281	1559.80004882813
646.805267334845	1566.5
649.524968093967	1578.19995117188
652.24377426266	1570.09997558594
654.961686386106	1579.40002441406
657.678705008678	1569.69995117188
660.394830673939	1560.30004882813
663.110063924628	1569.30004882813
665.824405302728	1572.19995117188
668.537855349351	1560.40002441406
671.250414604863	1585.19995117188
673.962083608812	1564.90002441406
676.672862899949	1583.19995117188
679.382753016218	1576.19995117188
682.091754494801	1569.80004882813
684.799867872061	1565.59997558594
687.507093683595	1591.30004882813
690.213432464198	1583.80004882813
692.918884747899	1597.09997558594
695.623451067937	1593.30004882813
698.327131956755	1584.5
701.029927946065	1583.40002441406
703.731839566754	1584.19995117188
706.43286734896	1577.5
709.133011822067	1585.40002441406
711.832273514658	1583.59997558594
714.53065295457	1571.90002441406
717.228150668879	1580.90002441406
719.924767183889	1583.30004882813
722.620503025148	1587
725.315358717446	1590.09997558594
728.009334784827	1592
730.702431750559	1580.5
733.394650137188	1592.80004882813
736.085990466498	1572.59997558594
738.776453259519	1574
741.466039036542	1601.69995117188
744.154748317125	1584.80004882813
746.842581620074	1575.09997558594
749.529539463458	1579
752.215622364608	1585
754.900830840131	1562.09997558594
757.585165405892	1587.19995117188
760.26862657703	1591.5
762.951214867957	1593.69995117188
765.632930792356	1586.90002441406
768.313774863181	1582.5
770.993747592673	1587.59997558594
773.672849492359	1587.5
776.351081073017	1587.30004882813
779.028442844757	1588.30004882813
781.704935316928	1594.59997558594
784.380558998208	1594
787.055314396528	1593
789.729202019141	1604.69995117188
792.402222372581	1589.30004882813
795.074375962669	1583.09997558594
797.745663294537	1598.69995117188
800.416084872622	1606.5
803.085641200652	1603.59997558594
805.754332781664	1612.30004882813
808.422160117986	1605
811.089123711292	1602.80004882813
813.75522406252	1598.59997558594
816.420461671951	1600.09997558594
819.084837039164	1606.90002441406
821.748350663067	1611.69995117188
824.411003041866	1610.69995117188
827.072794673116	1605.59997558594
829.733726053668	1603.30004882813
832.39379767971	1610.19995117188
835.05301004674	1619.09997558594
837.711363649601	1616.80004882813
840.368858982457	1610.30004882813
843.025496538805	1614.40002441406
845.681276811467	1631.80004882813
848.336200292618	1631
850.99026747375	1635
853.643478845713	1618.09997558594
856.29583489868	1620.30004882813
858.947336122176	1625.19995117188
861.59798300506	1614.69995117188
864.247776035556	1620.09997558594
866.896715701222	1624.09997558594
869.544802488959	1631.80004882813
872.192036885046	1649.40002441406
874.838419375087	1656.59997558594
877.483950444054	1637.19995117188
880.128630576285	1616.09997558594
882.772460255461	1640.69995117188
885.415439964628	1639.5
888.057570186211	1645
890.698851401966	1647
893.339284093045	1613.80004882813
895.978868739961	1619.69995117188
898.617605822596	1638.09997558594
901.255495820196	1623.80004882813
903.892539211396	1622.19995117188
906.528736474184	1624.40002441406
909.164088085949	1635.80004882813
911.798594523442	1634.90002441406
914.432256262804	1620.90002441406
917.065073779549	1641.5
919.697047548589	1617.40002441406
922.328178044212	1631
924.9584657401	1641.59997558594
927.587911109317	1646.69995117188
930.216514624317	1654.19995117188
932.844276756963	1643.59997558594
935.471197978488	1655
938.097278759538	1636.90002441406
940.722519570163	1654.09997558594
943.346920879798	1656.80004882813
945.97048315729	1659.09997558594
948.593206870885	1685.59997558594
951.215092488219	1711.59997558594
953.836140476366	1715.80004882813
956.456351301787	1719.80004882813
959.07572543037	1701.09997558594
961.694263327369	1741.09997558594
964.311965457521	1723.90002441406
966.928832284933	1720.40002441406
969.544864273135	1712.19995117188
972.160061885076	1702.69995117188
974.774425583129	1697.80004882813
977.387955829099	1678.90002441406
980.000653084196	1689.59997558594
982.612517809061	1701.80004882813
985.223550463768	1679
987.833751507819	1711.69995117188
990.443121400135	1720.40002441406
993.051660599081	1719.5
995.659369562449	1753.69995117188
998.266248747469	1780.40002441406
1000.87229861081	1817.5
1003.47751960857	1874.09997558594
1006.0819121963	1917.40002441406
1008.68547682897	1886.59997558594
1011.28821396104	1838.69995117188
1013.89012404635	1798.40002441406
1016.49120753824	1781.19995117188
1019.09146488947	1753.30004882813
1021.69089655226	1746.40002441406
1024.28950297827	1727
1026.88728461863	1737.5
1029.48424192392	1721.40002441406
1032.08037534416	1703.90002441406
1034.67568532886	1713
1037.27017232694	1702.30004882813
1039.86383678682	1696.5
1042.45667915637	1699.59997558594
1045.04869988293	1706.30004882813
1047.6398994133	1701.19995117188
1050.23027819374	1715.5
1052.81983666998	1704.80004882813
1055.40857528724	1708
1057.99649449018	1698.5
1060.58359472296	1694.40002441406
1063.1698764292	1688.80004882813
1065.755340052	1704.90002441406
1068.33998603393	1694.5
1070.92381481706	1701
1073.50682684291	1710.19995117188
1076.08902255251	1698.80004882813
1078.67040238637	1716.30004882813
1081.25096678445	1696.90002441406
1083.83071618624	1701.09997558594
1086.4096510307	1702.59997558594
1088.98777175629	1709.09997558594
1091.56507880094	1701.09997558594
1094.14157260208	1708.30004882813
1096.71725359664	1713.30004882813
1099.29212222106	1710
1101.86617891125	1726.90002441406
1104.43942410262	1720.40002441406
1107.01185823011	1713.30004882813
1109.58348172812	1744.40002441406
1112.15429503057	1737.59997558594
1114.7242985709	1713.90002441406
1117.29349278203	1721.69995117188
1119.86187809642	1748
1122.42945494599	1763.59997558594
1124.99622376222	1780.59997558594
1127.56218497606	1792
1130.12733901801	1783.40002441406
1132.69168631804	1814
1135.25522730568	1822.69995117188
1137.81796240995	1840.40002441406
1140.37989205941	1872.80004882813
1142.9410166821	1894.80004882813
1145.50133670561	1986.40002441406
1148.06085255708	2052
1150.61956466311	2190.30004882813
1153.17747344987	2332.10009765625
1155.73457934305	2469.80004882813
1158.29088276786	2522.69995117188
1160.84638414903	2431.10009765625
1163.40108391085	2258
1165.95498247711	2086
1168.50808027116	1984.59997558594
1171.06037771587	1904.5
1173.61187523364	1890.5
1176.16257324643	1858
1178.71247217573	1848.19995117188
1181.26157244255	1819.59997558594
1183.80987446746	1839.80004882813
1186.35737867059	1839.19995117188
1188.90408547157	1875.80004882813
1191.44999528961	1873.30004882813
1193.99510854347	1893.09997558594
1196.53942565142	1881.80004882813
1199.08294703133	1863.90002441406
1201.62567310057	1851.59997558594
1204.16760427611	1812.90002441406
1206.70874097445	1788.5
1209.24908361163	1793.19995117188
1211.78863260327	1784.59997558594
1214.32738836454	1779.59997558594
1216.86535131017	1769.69995117188
1219.40252185445	1778.09997558594
1221.93890041121	1767.19995117188
1224.47448739389	1754.59997558594
1227.00928321544	1746.5
1229.54328828842	1760.09997558594
1232.07650302491	1755.59997558594
1234.60892783662	1760.19995117188
1237.14056313477	1755.09997558594
1239.67140933017	1749.19995117188
1242.2014668332	1773.09997558594
1244.73073605384	1777.30004882813
1247.25921740159	1778.90002441406
1249.78691128558	1775.90002441406
1252.31381811448	1779.5
1254.83993829655	1781.59997558594
1257.36527223962	1781.69995117188
1259.88982035112	1802.80004882813
1262.41358303803	1810.69995117188
1264.93656070696	1824.80004882813
1267.45875376405	1812.5
1269.98016261505	1817.90002441406
1272.50078766531	1862.59997558594
1275.02062931974	1841.30004882813
1277.53968798285	1829.19995117188
1280.05796405875	1826.69995117188
1282.57545795112	1821.69995117188
1285.09217006325	1805
1287.60810079802	1793.59997558594
1290.12325055788	1805.30004882813
1292.63761974492	1781.09997558594
1295.15120876079	1774.80004882813
1297.66401800676	1804.59997558594
1300.17604788367	1787.90002441406
1302.687298792	1785.5
1305.19777113181	1788.5
1307.70746530274	1796.80004882813
1310.21638170408	1793.09997558594
1312.7245207347	1807.30004882813
1315.23188279307	1785.19995117188
1317.73846827728	1799.40002441406
1320.24427758502	1781.40002441406
1322.74931111359	1791.40002441406
1325.25356925991	1809.09997558594
1327.75705242051	1775.30004882813
1330.25976099151	1789.09997558594
1332.76169536868	1771
1335.26285594737	1775.69995117188
1337.76324312256	1775.80004882813
1340.26285728887	1780.40002441406
1342.76169884052	1778.40002441406
1345.25976817132	1794.90002441406
1347.75706567474	1775.19995117188
1350.25359174387	1795.69995117188
1352.74934677141	1774.80004882813
1355.24433114968	1796.69995117188
1357.73854527062	1786
1360.23198952583	1790.90002441406
1362.7246643065	1776.30004882813
1365.21657000347	1770.40002441406
1367.7077070072	1787.30004882813
1370.19807570777	1790.09997558594
1372.68767649492	1778.40002441406
1375.176509758	1781.90002441406
1377.66457588599	1789.5
1380.15187526753	1795.19995117188
1382.63840829087	1793.59997558594
1385.1241753439	1802
1387.60917681417	1800.59997558594
1390.09341308884	1790.69995117188
1392.57688455474	1792.69995117188
1395.05959159829	1792.5
1397.54153460562	1810.40002441406
1400.02271396243	1785.40002441406
1402.50313005414	1782.80004882813
1404.98278326576	1823
1407.46167398196	1798.19995117188
1409.93980258707	1796.80004882813
1412.41716946504	1795
1414.89377499951	1786.90002441406
1417.36961957373	1798
1419.84470357062	1803.30004882813
1422.31902737275	1798.69995117188
1424.79259136235	1799.19995117188
1427.26539592129	1803.40002441406
1429.73744143111	1815.5
1432.20872827299	1819.30004882813
1434.67925682777	1821.59997558594
1437.14902747597	1853.69995117188
1439.61804059773	1835.30004882813
1442.0862965729	1851.19995117188
1444.55379578093	1849.59997558594
1447.02053860099	1869
1449.48652541188	1874.59997558594
1451.95175659206	1858.30004882813
1454.41623251969	1853.69995117188
1456.87995357255	1868
1459.34292012811	1852.19995117188
1461.80513256351	1853.5
1464.26659125557	1853.69995117188
1466.72729658073	1841.69995117188
1469.18724891517	1863.5
1471.64644863469	1871.69995117188
1474.10489611478	1850.90002441406
1476.5625917306	1894
1479.01953585699	1865.80004882813
1481.47572886844	1876.90002441406
1483.93117113917	1889.09997558594
1486.38586304302	1890.09997558594
1488.83980495354	1909.90002441406
1491.29299724395	1935.90002441406
1493.74544028715	1923
1496.19713445573	1968.09997558594
1498.64808012193	2023.69995117188
1501.09827765772	2050.89990234375
1503.54772743471	2129.39990234375
1505.99642982421	2243.60009765625
1508.44438519723	2354.30004882813
1510.89159392446	2515.10009765625
1513.33805637625	2676.5
1515.78377292266	2734.10009765625
1518.22874393346	2798.69995117188
1520.67296977806	2745.80004882813
1523.11645082559	2643.30004882813
1525.55918744488	2524.5
1528.00118000444	2372.69995117188
1530.44242887245	2210.39990234375
1532.88293441684	2088.89990234375
1535.32269700517	2025.69995117188
1537.76171700475	1966.80004882813
1540.19999478255	1928.09997558594
1542.63753070526	1916.5
1545.07432513925	1869.69995117188
1547.5103784506	1866.80004882813
1549.94569100509	1863.80004882813
1552.38026316819	1882.90002441406
1554.8140953051	1893.80004882813
1557.24718778067	1879.80004882813
1559.67954095952	1861.40002441406
1562.11115520592	1867.09997558594
1564.54203088386	1864.19995117188
1566.97216835704	2022.59997558594
1569.40156798888	2943.60009765625
1571.83023014248	2288.69995117188
1574.25815518067	1923.09997558594
1576.68534346597	1872.5
1579.11179536062	1857
1581.53751122658	1865.59997558594
1583.9624914255	1854.30004882813
1586.38673631876	1883.59997558594
1588.81024626745	2206.69995117188
1591.23302163235	2771.69995117188
1593.655062774	2802.10009765625
1596.07637005262	2353
1598.49694382815	1900.40002441406
1600.91678446025	1858.59997558594
1603.33589230831	1853
1605.75426773142	1853.30004882813
1608.1719110884	1837
1610.58882273779	1842
1613.00500303784	1843
1615.42045234654	1834.19995117188
1617.83517102158	1845.69995117188
1620.24915942039	1846.5
1622.66241790012	1837.30004882813
1625.07494681764	1834.59997558594
1627.48674652954	1858.30004882813
1629.89781739216	1841.59997558594
1632.30815976152	1839.5
1634.71777399343	1840.19995117188
1637.12666044338	1849.40002441406
1639.53481946661	1857.90002441406
1641.94225141808	1841.69995117188
1644.34895665248	1868
1646.75493552424	1848.5
1649.16018838752	1850.40002441406
1651.56471559621	1856.80004882813
1653.96851750392	1844
1656.37159446403	1848.90002441406
1658.7739468296	1863.59997558594
1661.17557495349	1865.59997558594
1663.57647918824	1879.90002441406
1665.97665988617	1840.69995117188
1668.37611739929	1844.80004882813
1670.77485207939	1843.30004882813
1673.17286427799	1835.90002441406
1675.57015434633	1832.5
1677.96672263542	1838.40002441406
1680.36256949598	1840.30004882813
1682.7576952785	1826.30004882813
1685.15210033318	1833.19995117188
1687.54578501	1832.90002441406
1689.93874965866	1838.30004882813
1692.33099462861	1823.30004882813
1694.72252026904	1854.30004882813
1697.11332692889	1837
1699.50341495686	1842.59997558594
1701.89278470137	1827.09997558594
1704.28143651061	1819
1706.66937073251	1818.09997558594
1709.05658771473	1831.30004882813
1711.44308780473	1827.69995117188
1713.82887134968	1826.90002441406
1716.21393869648	1823.19995117188
1718.59829019185	1830.19995117188
1720.98192618221	1826.80004882813
1723.36484701374	1809.19995117188
1725.74705303238	1805.09997558594
1728.12854458384	1824.5
1730.50932201356	1812.40002441406
1732.88938566673	1823.19995117188
1735.26873588834	1823.59997558594
1737.64737302307	1834
1740.02529741544	1848.80004882813
1742.40250940964	1819
1744.77900934969	1843.40002441406
1747.15479757933	1810
1749.52987444206	1838.09997558594
1751.90424028116	1830.69995117188
1754.27789543967	1831.69995117188
1756.65084026037	1827
1759.02307508582	1814.09997558594
1761.39460025833	1829.69995117188
1763.76541612	1851.19995117188
1766.13552301265	1824.80004882813
1768.50492127791	1807.80004882813
1770.87361125714	1831.30004882813
1773.2415932915	1828.30004882813
1775.60886772188	1843.40002441406
1777.97543488896	1842.59997558594
1780.34129513318	1818.5
1782.70644879475	1841.40002441406
1785.07089621365	1814.69995117188
1787.43463772964	1823.09997558594
1789.7976736822	1829
1792.16000441066	1826
1794.52163025405	1807.5
1796.88255155121	1826.90002441406
1799.24276864074	1823.09997558594
1801.60228186102	1842.19995117188
1803.96109155019	1817.59997558594
1806.31919804618	1840.69995117188
1808.67660168668	1809.09997558594
1811.03330280916	1831.90002441406
1813.38930175088	1839.30004882813
1815.74459884884	1828.69995117188
1818.09919443984	1835.90002441406
1820.45308886047	1830.69995117188
1822.80628244708	1805.30004882813
1825.1587755358	1828.19995117188
1827.51056846254	1835.59997558594
1829.86166156297	1827.5
1832.21205517258	1826.5
1834.56174962661	1845.19995117188
1836.91074526009	1839.90002441406
1839.25904240783	1833.5
1841.60664140443	1814.90002441406
1843.95354258425	1838
1846.29974628146	1816.19995117188
1848.64525282998	1835.30004882813
1850.99006256356	1841.5
1853.3341758157	1829
1855.67759291968	1820.40002441406
1858.02031420858	1826.40002441406
1860.36234001528	1815.80004882813
1862.70367067241	1833.69995117188
1865.04430651244	1833.90002441406
1867.38424786755	1814.80004882813
1869.72349506978	1844.09997558594
1872.06204845094	1836.90002441406
1874.39990834258	1838.40002441406
1876.73707507612	1821.80004882813
1879.07354898269	1820.59997558594
1881.40933039328	1825.69995117188
1883.74441963861	1838.30004882813
1886.07881704925	1834.69995117188
1888.41252295551	1843.80004882813
1890.74553768751	1829.19995117188
1893.07786157519	1819.09997558594
1895.40949494822	1825.19995117188
1897.74043813615	1813.09997558594
1900.07069146823	1815.09997558594
1902.40025527357	1838.59997558594
1904.72912988106	1824.5
1907.05731561938	1815.30004882813
1909.38481281699	1817.69995117188
1911.71162180217	1808.30004882813
1914.037742903	1812
1916.36317644734	1822.80004882813
1918.68792276284	1834.40002441406
1921.01198217697	1833.59997558594
1923.33535501699	1829.09997558594
1925.65804160996	1812.5
1927.98004228273	1808.19995117188
1930.30135736196	1807.09997558594
1932.6219871741	1821.19995117188
1934.94193204543	1826.59997558594
1937.26119230198	1825.09997558594
1939.57976826962	1823.40002441406
1941.89766027402	1815.90002441406
1944.21486864062	1819.59997558594
1946.53139369472	1815.59997558594
1948.84723576137	1819
1951.16239516543	1831.80004882813
1953.47687223159	1819.5
1955.79066728434	1809.69995117188
1958.10378064794	1827.09997558594
1960.4162126465	1808.69995117188
1962.7279636039	1817.19995117188
1965.03903384385	1829
1967.34942368987	1830.19995117188
1969.65913346524	1847.09997558594
1971.96816349311	1821
1974.2765140964	1826.40002441406
1976.58418559784	1818.5
1978.89117831997	1824.90002441406
1981.19749258516	1825
1983.50312871555	1837.80004882813
1985.80808703313	1836.30004882813
1988.11236785967	1809.09997558594
1990.41597151676	1822
1992.71889832581	1822.19995117188
1995.02114860801	1827.30004882813
1997.3227226844	1850.69995117188
1999.62362087581	1814.90002441406
2001.92384350288	1841.90002441406
2004.22339088608	1816.30004882813
2006.52226334567	1828.30004882813
2008.82046120173	1856.40002441406
2011.11798477417	1825.80004882813
2013.41483438269	1839.30004882813
2015.71101034681	1816.69995117188
2018.00651298588	1822.59997558594
2020.30134261905	1849.69995117188
2022.59549956528	1831.59997558594
2024.88898414337	1823.30004882813
2027.1817966719	1830.19995117188
2029.4739374693	1828
2031.76540685379	1820.19995117188
2034.05620514342	1816.59997558594
2036.34633265607	1823.19995117188
2038.6357897094	1828.80004882813
2040.92457662092	1798.09997558594
2043.21269370795	1827.19995117188
2045.50014128763	1826.80004882813
2047.78691967691	1839.80004882813
2050.07302919256	1799.09997558594
2052.35847015118	1818.69995117188
2054.64324286919	1808
2056.9273476628	1811
2059.21078484808	1797.80004882813
2061.4935547409	1804.19995117188
2063.77565765696	1801.19995117188
2066.05709391176	1812.90002441406
2068.33786382065	1838
2070.61796769879	1814.09997558594
2072.89740586116	1801.19995117188
2075.17617862255	1807.30004882813
2077.45428629759	1806
2079.73172920075	1825.90002441406
2082.00850764627	1816.40002441406
2084.28462194827	1806.90002441406
2086.56007242065	1814.19995117188
2088.83485937717	1811.5
2091.10898313139	1807.59997558594
2093.3824439967	1805.40002441406
2095.65524228632	1817.40002441406
2097.92737831328	1811.5
2100.19885239047	1814.69995117188
2102.46966483057	1794.09997558594
2104.7398159461	1822.09997558594
2107.00930604941	1820.19995117188
2109.27813545267	1828.19995117188
2111.54630446787	1828.19995117188
2113.81381340685	1834.30004882813
2116.08066258126	1845.5
2118.34685230257	1843.80004882813
2120.61238288211	1848.30004882813
2122.87725463099	1845.09997558594
2125.1414678602	1850.19995117188
2127.40502288052	1840.59997558594
2129.66792000257	1841.80004882813
2131.93015953682	1831.40002441406
2134.19174179353	1830.90002441406
2136.45266708282	1837.30004882813
2138.71293571463	1816.5
2140.97254799873	1841.09997558594
2143.23150424473	1833
2145.48980476205	1843
2147.74744985996	1852.5
2150.00443984754	1845.80004882813
2152.26077503373	1844
2154.51645572728	1849.40002441406
2156.77148223677	1852.80004882813
2159.02585487064	1853.80004882813
2161.27957393713	1866.59997558594
2163.53263974432	1880.90002441406
2165.78505260012	1869.59997558594
2168.0368128123	1841
2170.28792068844	1841.09997558594
2172.53837653595	1857.09997558594
2174.78818066207	1832.19995117188
2177.03733337389	1834.30004882813
2179.28583497833	1818
2181.53368578214	1842.5
2183.78088609192	1820
2186.02743621406	1811.69995117188
2188.27333645484	1823.40002441406
2190.51858712033	1810.19995117188
2192.76318851646	1807.59997558594
2195.00714094901	1804.09997558594
2197.25044472354	1802.09997558594
2199.49310014551	1808.19995117188
2201.73510752018	1836.59997558594
2203.97646715265	1795.19995117188
2206.21717934786	1803.09997558594
2208.45724441058	1813.40002441406
2210.69666264543	1793.09997558594
2212.93543435686	1812.09997558594
2215.17355984914	1805.90002441406
2217.41103942642	1797.30004882813
2219.64787339264	1803.30004882813
2221.8840620516	1786.30004882813
2224.11960570695	1807.19995117188
2226.35450466215	1807.90002441406
2228.58875922051	1787.59997558594
2230.82236968518	1795.59997558594
2233.05533635916	1791.69995117188
2235.28765954527	1800.5
2237.51933954617	1787.69995117188
2239.75037666437	1815.90002441406
2241.98077120221	1795.80004882813
2244.21052346188	1787.69995117188
2246.4396337454	1814.59997558594
2248.66810235461	1795.5
2250.89592959125	1805
2253.12311575681	1801.80004882813
2255.34966115272	1808.5
2257.57556608017	1800.19995117188
2259.80083084023	1802.09997558594
2262.02545573381	1820.19995117188
2264.24944106163	1808.40002441406
2266.47278712429	1807.19995117188
2268.69549422221	1808
2270.91756265564	1811.19995117188
2273.1389927247	1803.30004882813
2275.35978472934	1818.59997558594
2277.57993896933	1791.90002441406
2279.79945574431	1806.30004882813
2282.01833535375	1823.80004882813
2284.23657809696	1813.40002441406
2286.45418427309	1805.59997558594
2288.67115418114	1819.5
2290.88748811995	1834.09997558594
2293.10318638819	1819.59997558594
2295.3182492844	1822
2297.53267710693	1835.30004882813
2299.746470154	1841.19995117188
2301.95962872364	1844.40002441406
2304.17215311376	1842.5
2306.3840436221	1843.5
2308.59530054621	1863.30004882813
2310.80592418354	1863.30004882813
2313.01591483134	1878.30004882813
2315.22527278673	1852.09997558594
2317.43399834666	1862.09997558594
2319.64209180791	1866.40002441406
2321.84955346713	1828.90002441406
2324.05638362079	1822.59997558594
2326.26258256524	1819.90002441406
2328.46815059664	1826.19995117188
2330.67308801098	1822.80004882813
2332.87739510415	1832.40002441406
2335.08107217184	1809.19995117188
2337.2841195096	1803.5
2339.48653741281	1804.30004882813
2341.68832617672	1818.30004882813
2343.8894860964	1810
2346.09001746678	1827.90002441406
2348.28992058261	1821.80004882813
2350.48919573852	1828.19995117188
2352.68784322898	1817.30004882813
2354.88586334826	1814.80004882813
2357.08325639055	1793.40002441406
2359.2800226498	1813.59997558594
2361.47616241988	1808.59997558594
2363.67167599445	1806.5
2365.86656366706	1805.80004882813
2368.06082573107	1774.30004882813
2370.2544624797	1808.69995117188
2372.44747420603	1793.40002441406
2374.63986120295	1773.69995117188
2376.83162376322	1800.80004882813
2379.02276217945	1783.30004882813
2381.21327674408	1798.19995117188
2383.4031677494	1777.80004882813
2385.59243548756	1793.80004882813
2387.78108025053	1773.59997558594
2389.96910233014	1775.90002441406
2392.15650201809	1769.09997558594
2394.34327960587	1782.69995117188
2396.52943538486	1791.19995117188
2398.71496964628	1796.90002441406
2400.89988268118	1795.19995117188
2403.08417478048	1781.30004882813
2405.26784623491	1796.59997558594
2407.45089733509	1801.5
2409.63332837146	1785.80004882813
2411.81513963429	1789.59997558594
2413.99633141375	1770.59997558594
2416.1769039998	1779.59997558594
2418.35685768227	1782.80004882813
2420.53619275084	1779
2422.71490949505	1780
2424.89300820425	1780.5
2427.07048916765	1789.59997558594
2429.24735267433	1787.19995117188
2431.42359901319	1793.40002441406
2433.59922847297	1786
2435.7742413423	1793
2437.94863790961	1774.5
2440.12241846321	1790.59997558594
2442.29558329121	1768.30004882813
2444.46813268162	1781.30004882813
2446.64006692228	1762.59997558594
2448.81138630086	1775.5
2450.98209110489	1771.80004882813
2453.15218162174	1783.90002441406
2455.32165813864	1772.80004882813
2457.49052094265	1781.90002441406
2459.65877032069	1770.90002441406
2461.8264065595	1787.30004882813
2463.99342994572	1780.30004882813
2466.15984076579	1815.69995117188
2468.325639306	1801.5
2470.49082585251	1775.59997558594
2472.65540069131	1818.40002441406
2474.81936410824	1785.59997558594
2476.98271638899	1793
2479.14545781909	1797
2481.30758868392	1786.90002441406
2483.4691092687	1774.5
2485.63001985852	1781.69995117188
2487.79032073829	1794.90002441406
2489.95001219277	1782.59997558594
2492.10909450659	1788.30004882813
2494.26756796419	1788.40002441406
2496.42543284989	1773.5
2498.58268944783	1789.40002441406
2500.73933804202	1793.40002441406
2502.8953789163	1808.59997558594
2505.05081235436	1802.69995117188
2507.20563863974	1796.80004882813
2509.35985805582	1797.09997558594
2511.51347088583	1811.59997558594
2513.66647741285	1796.69995117188
2515.81887791981	1805.19995117188
2517.97067268946	1804.5
2520.12186200443	1826
2522.27244614716	1813.59997558594
2524.42242539999	1786.90002441406
2526.57180004504	1801.09997558594
2528.72057036433	1787.90002441406
2530.8687366397	1782.09997558594
2533.01629915284	1784.80004882813
2535.16325818527	1777.40002441406
2537.30961401839	1771.5
2539.45536693343	1769.5
2541.60051721145	1760.09997558594
2543.74506513338	1766.80004882813
2545.88901097997	1758.19995117188
2548.03235503185	1765.19995117188
2550.17509756946	1740.19995117188
2552.31723887311	1738.69995117188
2554.45877922293	1761.90002441406
2556.59971889893	1745.90002441406
2558.74005818094	1756.90002441406
2560.87979734864	1745
2563.01893668155	1756.09997558594
2565.15747645906	1744.09997558594
2567.29541696037	1746.19995117188
2569.43275846454	1746
2571.56950125049	1736.69995117188
2573.70564559696	1758.40002441406
2575.84119178254	1739.40002441406
2577.97614008569	1747
2580.11049078468	1733
2582.24424415764	1737.30004882813
2584.37740048255	1747.19995117188
2586.50996003722	1746.30004882813
2588.64192309931	1765.5
2590.77328994634	1750.80004882813
2592.90406085564	1744.30004882813
2595.03423610442	1744.30004882813
2597.16381596971	1743.40002441406
2599.29280072839	1748.59997558594
2601.42119065719	1748.5
2603.54898603267	1749.09997558594
2605.67618713125	1750.59997558594
2607.80279422919	1766.19995117188
2609.92880760257	1745.19995117188
2612.05422752735	1743.90002441406
2614.17905427932	1742.5
2616.30328813408	1757.19995117188
2618.42692936713	1753.5
2620.54997825377	1759.80004882813
2622.67243506915	1754.5
2624.79430008828	1746.19995117188
2626.915573586	1756.69995117188
2629.03625583699	1762.19995117188
2631.15634711579	1752.40002441406
2633.27584769675	1760.09997558594
2635.39475785408	1780.09997558594
2637.51307786185	1789.09997558594
2639.63080799394	1775.59997558594
2641.74794852409	1793.80004882813
2643.86449972589	1792.90002441406
2645.98046187273	1799.80004882813
2648.0958352379	1813.40002441406
2650.21062009449	1797.59997558594
2652.32481671544	1796.5
2654.43842537353	1815
2656.5514463414	1841.59997558594
2658.66387989151	1846.5
2660.77572629616	1846.09997558594
2662.88698582751	1852
2664.99765875753	1866.19995117188
2667.10774535806	1875
2669.21724590076	1855.80004882813
2671.32616065714	1854.5
2673.43448989857	1839.09997558594
2675.5422338962	1824.5
2677.64939292108	1824.19995117188
2679.75596724408	1823.69995117188
2681.86195713589	1788.80004882813
2683.96736286707	1769.59997558594
2686.07218470799	1783.90002441406
2688.17642292889	1788
2690.28007779982	1770.30004882813
2692.38314959069	1776.90002441406
2694.48563857123	1757.80004882813
2696.58754501103	1762.80004882813
2698.6888691795	1742.69995117188
2700.78961134588	1760
2702.8897717793	1768.40002441406
2704.98935074864	1739.5
2707.08834852271	1751.09997558594
2709.18676537009	1729.40002441406
2711.28460155925	1734.59997558594
2713.38185735843	1751.80004882813
2715.47853303577	1748.59997558594
2717.57462885924	1732.30004882813
2719.67014509659	1757.90002441406
2721.76508201548	1731.30004882813
2723.85943988337	1717.90002441406
2725.95321896754	1728.59997558594
2728.04641953515	1731.59997558594
2730.13904185316	1725.09997558594
2732.23108618837	1722.09997558594
2734.32255280744	1731.69995117188
2736.41344197683	1710
2738.50375396288	1717
2740.5934890317	1712.19995117188
2742.68264744932	1702.19995117188
2744.77122948153	1702.69995117188
2746.85923539398	1692.30004882813
2748.94666545217	1694.40002441406
2751.03351992142	1708.59997558594
2753.11979906688	1695.19995117188
2755.20550315355	1700.40002441406
2757.29063244624	1702.59997558594
2759.37518720963	1702.69995117188
2761.45916770819	1675.90002441406
2763.54257420625	1705.90002441406
2765.62540696797	1705.19995117188
2767.70766625733	1707.40002441406
2769.78935233816	1691.30004882813
2771.87046547413	1691.19995117188
2773.95100592869	1695.40002441406
2776.03097396519	1696.80004882813
2778.11036984677	1710.5
2780.18919383641	1710.59997558594
2782.26744619693	1689.69995117188
2784.34512719097	1720.59997558594
2786.42223708102	1717.90002441406
2788.49877612937	1699
2790.57474459816	1718.59997558594
2792.65014274937	1700.5
2794.7249708448	1700.90002441406
2796.79922914607	1695.40002441406
2798.87291791465	1705.30004882813
2800.94603741181	1702.90002441406
2803.01858789869	1700.90002441406
2805.09056963623	1694.5
2807.1619828852	1694.40002441406
2809.23282790621	1689.40002441406
2811.30310495971	1694
2813.37281430593	1690.80004882813
2815.441956205	1707.69995117188
2817.51053091682	1690.19995117188
2819.57853870114	1709.19995117188
2821.64597981753	1695.80004882813
2823.7128545254	1698.09997558594
2825.77916308399	1703.59997558594
2827.84490575233	1692.59997558594
2829.91008278933	1703.80004882813
2831.97469445369	1692.5
2834.03874100395	1684.09997558594
2836.10222269847	1702.59997558594
2838.16513979544	1674.40002441406
2840.22749255288	1708.19995117188
2842.28928122863	1692.19995117188
2844.35050608034	1682.69995117188
2846.41116736553	1711.80004882813
2848.47126534149	1697
2850.53080026537	1723.19995117188
2852.58977239414	1713.09997558594
2854.64818198459	1711
2856.70602929332	1698.5
2858.76331457678	1699.90002441406
2860.82003809123	1703.40002441406
2862.87620009274	1712.40002441406
2864.93180083723	1724.19995117188
2866.98684058043	1704.09997558594
2869.04131957789	1707.30004882813
2871.09523808497	1709.40002441406
2873.14859635689	1717.19995117188
2875.20139464866	1702.90002441406
2877.2536332151	1721.69995117188
2879.30531231091	1741.69995117188
2881.35643219054	1720.59997558594
2883.40699310831	1724.40002441406
2885.45699531834	1713
2887.50643907457	1723.59997558594
2889.55532463077	1705.30004882813
2891.60365224053	1727.40002441406
2893.65142215724	1710.19995117188
2895.69863463414	1703.40002441406
2897.74528992426	1717.30004882813
2899.79138828046	1708.5
2901.83692995544	1730.80004882813
2903.88191520168	1722.69995117188
2905.92634427151	1731.19995117188
2907.97021741706	1710.5
2910.01353489027	1731.59997558594
2912.05629694294	1707.5
2914.09850382663	1720.19995117188
2916.14015579276	1733.19995117188
2918.18125309254	1713.69995117188
2920.22179597702	1745.40002441406
2922.26178469705	1732.19995117188
2924.30121950329	1723.5
2926.34010064624	1776.30004882813
2928.37842837619	1738.30004882813
2930.41620294326	1747.09997558594
2932.45342459737	1739.40002441406
2934.49009358828	1744.59997558594
2936.52621016555	1743.30004882813
2938.56177457854	1747
2940.59678707645	1747
2942.63124790827	1744
2944.66515732282	1728.30004882813
2946.69851556873	1736.40002441406
2948.73132289443	1715.5
2950.76357954817	1711.90002441406
2952.79528577803	1715.09997558594
2954.82644183188	1712
2956.85704795741	1718.30004882813
2958.8871044021	1706.59997558594
2960.91661141328	1718.19995117188
2962.94556923807	1712.09997558594
2964.97397812339	1703
2967.00183831598	1700.5
2969.0291500624	1707.30004882813
2971.05591360902	1706.90002441406
2973.08212920199	1708.5
2975.1077970873	1717.5
2977.13291751074	1704.80004882813
2979.1574907179	1701.90002441406
2981.18151695419	1701.5
2983.20499646482	1703.30004882813
2985.2279294948	1700
2987.25031628898	1706.30004882813
2989.27215709199	1704.69995117188
2991.29345214825	1699.5
2993.31420170204	1690.40002441406
2995.33440599738	1693.5
2997.35406527816	1687.40002441406
2999.37317978802	1696.59997558594
3001.39174977045	1690.09997558594
3003.40977546872	1672.30004882813
3005.42725712591	1685.30004882813
3007.44419498491	1711.09997558594
3009.4605892884	1701.09997558594
3011.47644027889	1698.30004882813
3013.49174819865	1693.90002441406
3015.5065132898	1693.59997558594
3017.52073579424	1687.19995117188
3019.53441595366	1703.40002441406
3021.54755400959	1705.69995117188
3023.56015020332	1710.40002441406
3025.57220477598	1706.30004882813
3027.58371796846	1698.80004882813
3029.5946900215	1726.59997558594
3031.6051211756	1714.59997558594
3033.61501167107	1694.19995117188
3035.62436174803	1720.5
3037.6331716464	1682.59997558594
3039.64144160588	1683.09997558594
3041.649171866	1669.80004882813
3043.65636266607	1690.69995117188
3045.6630142452	1677.5
3047.66912684229	1683.69995117188
3049.67470069605	1692.69995117188
3051.679736045	1667.40002441406
3053.68423312742	1655.40002441406
3055.68819218143	1667.40002441406
3057.6916134449	1665.19995117188
3059.69449715556	1652.09997558594
3061.69684355086	1677.30004882813
3063.6986528681	1661.59997558594
3065.69992534437	1671.19995117188
3067.70066121653	1649.30004882813
3069.70086072126	1655.19995117188
3071.700524095	1648.30004882813
3073.69965157405	1650.30004882813
3075.69824339442	1653
3077.69629979197	1638.59997558594
3079.69382100235	1645.69995117188
3081.69080726098	1633.69995117188
3083.68725880307	1639.40002441406
3085.68317586366	1652.5
3087.67855867755	1634.59997558594
3089.67340747933	1649.5
3091.6677225034	1623.90002441406
3093.66150398392	1640.69995117188
3095.6547521549	1644.90002441406
3097.64746725006	1654.40002441406
3099.63964950297	1657
3101.63129914698	1649.30004882813
3103.6224164152	1642.19995117188
3105.61300154056	1642.80004882813
3107.60305475576	1656.69995117188
3109.59257629331	1660.19995117188
3111.58156638547	1631.59997558594
3113.57002526432	1628.40002441406
3115.55795316172	1648.30004882813
3117.54535030932	1640.5
3119.53221693853	1642.09997558594
3121.51855328057	1632.5
3123.50435956646	1623.80004882813
3125.48963602698	1640.40002441406
3127.4743828927	1630.40002441406
3129.45860039397	1632.30004882813
3131.44228876093	1646.09997558594
3133.42544822353	1645
3135.40807901145	1652.69995117188
3137.39018135418	1665.90002441406
3139.37175548102	1649.90002441406
3141.35280162101	1641.40002441406
3143.33332000299	1641.30004882813
3145.31331085559	1642
3147.2927744072	1648.19995117188
3149.27171088602	1657
3151.25012052	1646.69995117188
3153.22800353689	1659.09997558594
3155.20536016422	1652.90002441406
3157.18219062929	1647.59997558594
3159.15849515918	1643.90002441406
3161.13427398075	1653.59997558594
3163.10952732066	1640.90002441406
3165.08425540532	1653
3167.05845846092	1639.59997558594
3169.03213671344	1649.5
3171.00529038863	1652.30004882813
3172.97791971203	1657.40002441406
3174.95002490893	1674.09997558594
3176.92160620443	1650.30004882813
3178.89266382337	1653
3180.8631979904	1659.40002441406
3182.83320892991	1648
3184.80269686609	1651.40002441406
3186.77166202289	1646.69995117188
3188.74010462406	1647.5
3190.70802489307	1639.69995117188
3192.67542305323	1644.59997558594
3194.64229932757	1647.69995117188
3196.60865393892	1641.90002441406
3198.57448710987	1644.80004882813
3200.53979906279	1652.5
3202.50459001981	1650.90002441406
3204.46886020284	1643.09997558594
3206.43260983356	1670.30004882813
3208.39583913341	1647.90002441406
3210.35854832362	1639.5
3212.32073762517	1659.69995117188
3214.28240725881	1652.19995117188
3216.24355744508	1632.69995117188
3218.20418840426	1645
3220.16430035642	1647
3222.12389352137	1638.30004882813
3224.08296811873	1668.90002441406
3226.04152436784	1642.5
3227.99956248784	1645.5
3229.95708269762	1635.19995117188
3231.91408521584	1647.19995117188
3233.87057026092	1647.30004882813
3235.82653805105	1645.80004882813
3237.78198880419	1660.69995117188
3239.73692273806	1651.30004882813
3241.69134007013	1642.59997558594
3243.64524101764	1635.59997558594
3245.59862579761	1668
3247.55149462681	1652.5
3249.50384772176	1665.80004882813
3251.45568529877	1647.19995117188
3253.40700757387	1652.40002441406
3255.35781476288	1666.30004882813
3257.3081070814	1636.09997558594
3259.25788474473	1656
3261.20714796799	1659.40002441406
3263.15589696602	1641.09997558594
3265.10413195345	1645.09997558594
3267.05185314463	1658.90002441406
3268.9990607537	1650.30004882813
3270.94575499455	1652.09997558594
3272.89193608081	1653.30004882813
3274.8376042259	1646.69995117188
3276.78275964296	1635.30004882813
3278.72740254492	1649.30004882813
3280.67153314443	1658.90002441406
3282.61515165393	1644.5
3284.55825828559	1655.80004882813
3286.50085325135	1661.40002441406
3288.44293676289	1647.59997558594
3290.38450903165	1659.19995117188
3292.32557026883	1662.40002441406
3294.26612068537	1639
3296.20616049198	1660.19995117188
3298.14568989911	1652.69995117188
3300.08470911695	1648.90002441406
3302.02321835546	1654.90002441406
3303.96121782435	1642.59997558594
3305.89870773306	1635.09997558594
3307.83568829081	1627.30004882813
3309.77215970655	1647.90002441406
3311.70812218898	1634.80004882813
3313.64357594655	1658
3315.57852118747	1633
3317.51295811968	1651.69995117188
3319.44688695087	1653.59997558594
3321.38030788849	1640.90002441406
3323.31322113973	1643.90002441406
3325.24562691152	1645.40002441406
3327.17752541055	1644.90002441406
3329.10891684322	1630.19995117188
3331.03980141573	1638.09997558594
3332.97017933399	1636.90002441406
3334.90005080364	1653.40002441406
3336.82941603011	1643
3338.75827521852	1626
3340.68662857377	1625.40002441406
3342.6144763005	1639.40002441406
3344.54181860308	1638.19995117188
3346.46865568561	1628.80004882813
3348.39498775195	1626.40002441406
3350.32081500571	1638.40002441406
3352.24613765022	1645.30004882813
3354.17095588855	1640.80004882813
3356.09526992352	1630.80004882813
3358.01907995769	1645.19995117188
3359.94238619334	1646.19995117188
3361.86518883251	1639.19995117188
3363.78748807697	1627.90002441406
3365.70928412823	1655.30004882813
3367.63057718752	1657.69995117188
3369.55136745582	1651.80004882813
3371.47165513386	1646.59997558594
3373.39144042208	1634.90002441406
3375.31072352066	1644
3377.22950462953	1631
3379.14778394834	1632.5
3381.06556167648	1628.09997558594
3382.98283801308	1650.69995117188
3384.89961315697	1650.19995117188
3386.81588730676	1627.30004882813
3388.73166066076	1624.5
3390.64693341702	1655.80004882813
3392.56170577332	1651.19995117188
3394.47597792716	1640.19995117188
3396.38975007581	1634.80004882813
3398.30302241623	1640.19995117188
3400.21579514512	1633.30004882813
3402.1280684589	1635.59997558594
3404.03984255374	1643.19995117188
3405.95111762553	1643.5
3407.86189386987	1629.40002441406
3409.77217148212	1633.19995117188
3411.68195065733	1622.30004882813
3413.5912315903	1621.69995117188
3415.50001447556	1629.19995117188
3417.40829950735	1634.90002441406
3419.31608687963	1610.69995117188
3421.22337678611	1615.5
3423.1301694202	1623.5
3425.03646497504	1625.5
3426.9422636435	1609.90002441406
3428.84756561816	1641
3430.75237109135	1615.80004882813
3432.65668025508	1626.5
3434.56049330112	1632.5
3436.46381042093	1614.59997558594
3438.36663180571	1623.30004882813
3440.26895764638	1644.19995117188
3442.17078813357	1631.80004882813
3444.07212345762	1631.90002441406
3445.97296380863	1622.69995117188
3447.87330937636	1640.19995117188
3449.77316035033	1622.59997558594
3451.67251691977	1616.5
3453.57137927361	1623.40002441406
3455.46974760052	1628.19995117188
3457.36762208886	1627
3459.26500292671	1598.40002441406
3461.16189030191	1622.59997558594
3463.05828440194	1613.80004882813
3464.95418541406	1621.90002441406
3466.84959352519	1615.90002441406
3468.74450892201	1602.40002441406
3470.63893179088	1621.59997558594
3472.53286231788	1611.80004882813
3474.42630068881	1626.09997558594
3476.31924708918	1619.90002441406
3478.2117017042	1606
3480.1036647188	1604.90002441406
3481.99513631761	1604.59997558594
3483.88611668498	1620
3485.77660600498	1619.5
3487.66660446135	1607.90002441406
3489.55611223758	1603.19995117188
3491.44512951683	1610.69995117188
3493.333656482	1603.90002441406
3495.22169331568	1618.5
3497.10924020016	1607.30004882813
3498.99629731746	1608.19995117188
3500.88286484927	1589.40002441406
3502.76894297702	1596.90002441406
3504.65453188182	1598.80004882813
3506.53963174449	1592.59997558594
3508.42424274555	1595.30004882813
3510.30836506524	1600
3512.19199888349	1580.80004882813
3514.07514437992	1582.09997558594
3515.95780173387	1579.40002441406
3517.83997112437	1573.90002441406
3519.72165273016	1571.90002441406
3521.60284672967	1579.30004882813
3523.48355330104	1582.30004882813
3525.36377262208	1571.19995117188
3527.24350487035	1572.69995117188
3529.12275022306	1570.69995117188
3531.00150885715	1574.19995117188
3532.87978094923	1582.59997558594
3534.75756667562	1571.59997558594
3536.63486621235	1572.30004882813
3538.51167973512	1575.59997558594
3540.38800741934	1563
3542.26384944011	1572.30004882813
3544.13920597223	1566.09997558594
3546.01407719018	1574.90002441406
3547.88846326815	1583.69995117188
3549.76236438002	1563.19995117188
3551.63578069934	1577
3553.50871239938	1565.19995117188
3555.38115965309	1555.09997558594
3557.25312263311	1548.19995117188
3559.12460151177	1558.59997558594
3560.99559646109	1545.19995117188
3562.86610765279	1551.59997558594
3564.73613525825	1551.69995117188
3566.60567944857	1570.59997558594
3568.47474039453	1557.90002441406
3570.34331826658	1556.5
3572.21141323487	1554.80004882813
3574.07902546925	1562.69995117188
3575.94615513922	1547.59997558594
3577.81280241401	1547.90002441406
3579.67896746249	1549.40002441406
3581.54465045325	1553
3583.40985155455	1550
3585.27457093432	1542.19995117188
3587.1388087602	1551.69995117188
3589.00256519949	1546.40002441406
3590.86584041919	1550.5
3592.72863458597	1538.40002441406
3594.59094786618	1553.30004882813
3596.45278042585	1534.09997558594
3598.31413243069	1553.09997558594
3600.17500404611	1551.19995117188
3602.03539543717	1547.59997558594
3603.89530676861	1544.69995117188
3605.75473820488	1544.19995117188
3607.61368991007	1545
3609.47216204797	1539.69995117188
3611.33015478203	1537.40002441406
3613.18766827539	1541.80004882813
3615.04470269087	1544.09997558594
3616.90125819094	1535.59997558594
3618.75733493776	1546.09997558594
3620.61293309318	1533.19995117188
3622.46805281869	1543.80004882813
3624.32269427547	1534.5
3626.17685762439	1536.90002441406
3628.03054302596	1534.19995117188
3629.88375064038	1551.40002441406
3631.73648062751	1537.80004882813
3633.5887331469	1532.19995117188
3635.44050835775	1516.09997558594
3637.29180641893	1529
3639.14262748899	1523.30004882813
3640.99297172614	1536.30004882813
3642.84283928828	1518.69995117188
3644.69223033294	1518.5
3646.54114501734	1523.30004882813
3648.38958349836	1511.90002441406
3650.23754593256	1531
3652.08503247614	1514.59997558594
3653.93204328497	1526
3655.77857851462	1512.59997558594
3657.62463832028	1504.30004882813
3659.47022285682	1513.19995117188
3661.31533227877	1522.90002441406
3663.15996674033	1519.09997558594
3665.00412639535	1512.90002441406
3666.84781139736	1515.80004882813
3668.69102189953	1509.5
3670.5337580547	1517.59997558594
3672.37602001537	1502.40002441406
3674.21780793368	1513.5
3676.05912196148	1501.19995117188
3677.89996225021	1515.40002441406
3679.74032895103	1518.19995117188
3681.58022221471	1498.40002441406
3683.41964219171	1504.80004882813
3685.25858903211	1497.69995117188
3687.0970628857	1502.69995117188
3688.93506390186	1505.90002441406
3690.77259222968	1507.69995117188
3692.60964801787	1491.40002441406
3694.44623141481	1492.80004882813
3696.28234256853	1494.80004882813
3698.11798162669	1494.5
3699.95314873665	1498.09997558594
3701.78784404537	1491.59997558594
3703.62206769951	1507
3705.45581984533	1486.80004882813
3707.28910062877	1497.69995117188
3709.12191019542	1481.30004882813
3710.95424869052	1491.5
3712.78611625894	1493.30004882813
3714.6175130452	1490.09997558594
3716.44843919349	1491.90002441406
3718.27889484764	1491.19995117188
3720.1088801511	1502.30004882813
3721.93839524699	1492.19995117188
3723.76744027808	1498.09997558594
3725.59601538677	1483.69995117188
3727.4241207151	1496.19995117188
