40.2973356941271	1543.69995117188
43.2236257608418	1743.40002441406
46.1488808466109	1977.59997558594
49.0731017336173	2213.10009765625
51.9962892025666	2590.5
54.9184440327569	3051.89990234375
57.8395670020446	3534
60.7596588868509	4149
63.6787204621708	4926.7001953125
66.5967525015794	5927.10009765625
69.5137557772381	7230.2998046875
72.4297310598838	8891.2998046875
75.3446791188512	11158.2998046875
78.2586007220466	14316.7998046875
81.1714966360015	18248.80078125
84.0833676258266	23102.5
86.994214455242	29291.599609375
89.9040378865662	36377.3984375
92.8128386807427	43869.19921875
95.7206175973133	50431.69921875
98.6273753944444	54124.6015625
101.533112828928	56559
104.437830656161	57959.30078125
107.34152963018	58807.80078125
110.244210503676	59241.80078125
113.145874027931	59448
116.046520952895	59601.3984375
118.946152027154	59578.80078125
121.844767997933	59808.5
124.74236961111	60179.8984375
127.638957611212	60305
130.534532741422	60717.5
133.429095743606	60981.5
136.322647358252	61450.3984375
139.215188324544	61739
142.106719380311	61973.19921875
144.997241262089	62178
147.886754705057	62290
150.775260443096	62469.80078125
153.662759208748	62714.80078125
156.549251733282	62622.30078125
159.434738746612	62877
162.319220977376	62823.30078125
165.20269915289	62908.1015625
168.085173999178	63087.80078125
170.966646240977	63017.6015625
173.847116601709	63070.69921875
176.726585803528	63053.30078125
179.605054567295	63062.19921875
182.48252361259	63142.69921875
185.358993657701	63191.1015625
188.234465419645	63267.80078125
191.108939614183	63392.19921875
193.982416955795	63482.19921875
196.854898157687	63557.80078125
199.726383931801	63626.5
202.596874988835	63842.80078125
205.466372038225	64008.5
208.334875788145	64078.5
211.202386945534	64317.69921875
214.068906216069	64307.3984375
216.934434304194	64431.80078125
219.798971913111	64564.6015625
222.662519744776	64656.19921875
225.525078499925	64655.80078125
228.386648878069	64664.80078125
231.247231577465	64672
234.106827295172	64673.30078125
236.965436727012	64673.3984375
239.823060567597	64680.19921875
242.679699510337	64684.6015625
245.535354247396	64694.6015625
248.390025469775	64689.8984375
251.243713867223	64696.30078125
254.096420128327	64695
256.948144940459	64705
259.798888989788	64706.5
262.648652961315	64712
265.49743753883	64711
268.345243404939	64715.69921875
271.192071241073	64720.6015625
274.037921727485	64722.8984375
276.882795543246	64723.19921875
279.72669336624	64725.1015625
282.569615873213	64734.80078125
285.411563739724	64735.69921875
288.252537640165	64735.1015625
291.092538247763	64743.69921875
293.931566234616	64739.5
296.769622271633	64751.80078125
299.606707028594	64750.1015625
302.442821174104	64758.5
305.277965375652	64751.8984375
308.112140299574	64764.6015625
310.945346611062	64763.8984375
313.777584974167	64771
316.608856051813	64774.69921875
319.439160505797	64777
322.268498996783	64776.8984375
325.096872184303	64788
327.924280726782	64786.1015625
330.750725281521	64792.80078125
333.576206504693	64788.69921875
336.400725051388	64796.5
339.224281575542	64793.6015625
342.046876730026	64803.30078125
344.868511166586	64801.80078125
347.689185535872	64809.8984375
350.508900487421	64808.80078125
353.327656669699	64816.19921875
356.145454730079	64814
358.962295314817	64816.19921875
361.778179069105	64821.80078125
364.593106637051	64822.3984375
367.407078661675	64825.30078125
370.220095784913	64820.8984375
373.032158647655	64825.19921875
375.843267889676	64832.6015625
378.653424149715	64835.6015625
381.462628065436	64834.1015625
384.270880273432	64840.1015625
387.078181409254	64838.30078125
389.884532107358	64848.3984375
392.689933001188	64848.19921875
395.494384723112	64849.1015625
398.29788790445	64850.5
401.100443175488	64853.3984375
403.902051165437	64853.5
406.702712502518	64857.69921875
409.502427813866	64858.5
412.301197725607	64859.69921875
415.099022862823	64865.8984375
417.89590384957	64860
420.691841308876	64871
423.486835862752	64867.69921875
426.280888132173	64871.30078125
429.073998737112	64875.69921875
431.866168296507	64880
434.657397428298	64870.3984375
437.447686749412	64882.3984375
440.237036875762	64890.19921875
443.025448422257	64883.5
445.812922002813	64882
448.599458230326	64890
451.38505771672	64888.8984375
454.169721072909	64890.6015625
456.953448908819	64893.69921875
459.736241833384	64903.19921875
462.518100454555	64895.8984375
465.2990253793	64902.30078125
468.079017213605	64901.30078125
470.858076562476	64902
473.636204029939	64910
476.41340021906	64905.80078125
479.189665731938	64907.8984375
481.965001169667	64912.19921875
484.739407132419	64909.30078125
487.512884219391	64912.19921875
490.285433028796	64911.80078125
493.057054157921	64916.19921875
495.827748203087	64918.30078125
498.597515759658	64919.19921875
501.366357422061	64921.69921875
504.134273783759	64918.69921875
506.901265437278	64927.1015625
509.66733297421	64927.5
512.432476985198	64928.69921875
515.196698059945	64924.8984375
517.959996787225	64931.8984375
520.722373754895	64931.6015625
523.483829549856	64934.19921875
526.24436475811	64930.8984375
529.003979964696	64934.6015625
531.762675753779	64935.8984375
534.520452708569	64937.3984375
537.277311411375	64934
540.03325244359	64943.69921875
542.788276385682	64943
545.54238381725	64936.80078125
548.295575316938	64948.80078125
551.047851462516	64944.1015625
553.799212830831	64942.30078125
556.549659997851	64940.3984375
559.299193538643	64946.1015625
562.047814027381	64944.6015625
564.795522037318	64948.80078125
567.542318140861	64950.80078125
570.288202909507	64945.69921875
573.033176913873	64954.19921875
575.7772407237	64947.80078125
578.520394907829	64957.80078125
581.26264003424	64947.5
584.003976670046	64948.3984375
586.744405381469	64952.8984375
589.483926733869	64956.80078125
592.222541291746	64960.30078125
594.96024961872	64955.1015625
597.697052277563	64955.5
600.432949830166	64959.5
603.167942837587	64954.19921875
605.902031860012	64966.30078125
608.635217456783	64955.5
611.367500186378	64958.8984375
614.098880606429	64964.6015625
616.82935927374	64964
619.558936744248	64962.80078125
622.287613573072	64962.30078125
625.015390314457	64966.30078125
627.742267521848	64969.1015625
630.468245747829	64965.8984375
633.193325544166	64971.80078125
635.917507461792	64964.80078125
638.640792050804	64965
641.36317986048	64972.69921875
644.084671439281	64967.8984375
646.805267334845	64964.80078125
649.524968093967	64966.5
652.24377426266	64968.6015625
654.961686386106	64967.80078125
657.678705008678	64974.5
660.394830673939	64976.8984375
663.110063924628	64969.80078125
665.824405302728	64977.30078125
668.537855349351	64977.30078125
671.250414604863	64976.69921875
673.962083608812	64971.8984375
676.672862899949	64976
679.382753016218	64974.6015625
682.091754494801	64972.69921875
684.799867872061	64975.5
687.507093683595	64977
690.213432464198	64980.30078125
692.918884747899	64975.80078125
695.623451067937	64980.6015625
698.327131956755	64985.8984375
701.029927946065	64975.30078125
703.731839566754	64988.5
706.43286734896	64978
709.133011822067	64964
711.832273514658	64987.8984375
714.53065295457	64978
717.228150668879	64984.69921875
719.924767183889	64986.80078125
722.620503025148	64986.1015625
725.315358717446	64991.8984375
728.009334784827	64990.1015625
730.702431750559	64990.6015625
733.394650137188	64990.1015625
736.085990466498	64992.69921875
738.776453259519	64994
741.466039036542	64993.30078125
744.154748317125	64993.5
746.842581620074	64996.80078125
749.529539463458	64995.1015625
752.215622364608	65001.3984375
754.900830840131	65001
757.585165405892	65007.3984375
760.26862657703	64985.1015625
762.951214867957	65014.1015625
765.632930792356	65004.3984375
768.313774863181	65014.5
770.993747592673	65016.19921875
773.672849492359	65020.8984375
776.351081073017	65017.3984375
779.028442844757	65012.3984375
781.704935316928	65026
784.380558998208	65032
787.055314396528	65035.5
789.729202019141	65029.1015625
792.402222372581	65036.1015625
795.074375962669	65043.80078125
797.745663294537	65045.5
800.416084872622	65046.19921875
803.085641200652	65055.69921875
805.754332781664	65046.1015625
808.422160117986	65062.19921875
811.089123711292	65048.8984375
813.75522406252	65048.8984375
816.420461671951	65057.19921875
819.084837039164	65057.5
821.748350663067	65063.1015625
824.411003041866	65070.5
827.072794673116	65058.6015625
829.733726053668	65080.1015625
832.39379767971	65077.80078125
835.05301004674	65076.30078125
837.711363649601	65078
840.368858982457	65079
843.025496538805	65082
845.681276811467	65090.69921875
848.336200292618	65090.8984375
850.99026747375	65100.3984375
853.643478845713	65098.8984375
856.29583489868	65097.5
858.947336122176	65108.3984375
861.59798300506	65102.80078125
864.247776035556	65107.30078125
866.896715701222	65119.3984375
869.544802488959	65105.3984375
872.192036885046	65122.3984375
874.838419375087	65120.1015625
877.483950444054	65128.1015625
880.128630576285	65128
882.772460255461	65128.3984375
885.415439964628	65140.5
888.057570186211	65132.8984375
890.698851401966	65140.19921875
893.339284093045	65150
895.978868739961	65142.19921875
898.617605822596	65143.80078125
901.255495820196	65150.6015625
903.892539211396	65146.3984375
906.528736474184	65157.6015625
909.164088085949	65156.5
911.798594523442	65161.3984375
914.432256262804	65164
917.065073779549	65156.3984375
919.697047548589	65167.80078125
922.328178044212	65168.8984375
924.9584657401	65180.1015625
927.587911109317	65165.1015625
930.216514624317	65174.30078125
932.844276756963	65180.69921875
935.471197978488	65164.8984375
938.097278759538	65190.30078125
940.722519570163	65175.80078125
943.346920879798	65192.1015625
945.97048315729	65196.19921875
948.593206870885	65198
951.215092488219	65191.6015625
953.836140476366	65193.1015625
956.456351301787	65194.8984375
959.07572543037	65210.8984375
961.694263327369	65197.5
964.311965457521	65209
966.928832284933	65204.80078125
969.544864273135	65193.1015625
972.160061885076	65210
974.774425583129	65206.1015625
977.387955829099	65216.80078125
980.000653084196	65226.80078125
982.612517809061	65211.3984375
985.223550463768	65223.6015625
987.833751507819	65225.80078125
990.443121400135	65226.5
993.051660599081	65224.19921875
995.659369562449	65225.8984375
998.266248747469	65236.6015625
1000.87229861081	65227.6015625
1003.47751960857	65238.30078125
1006.0819121963	65250
1008.68547682897	65232.69921875
1011.28821396104	65247.8984375
1013.89012404635	65240.19921875
1016.49120753824	65238.1015625
1019.09146488947	65242.80078125
1021.69089655226	65247.3984375
1024.28950297827	65250.8984375
1026.88728461863	65251
1029.48424192392	65259.30078125
1032.08037534416	65267.1015625
1034.67568532886	65251.30078125
1037.27017232694	65264.19921875
1039.86383678682	65275.19921875
1042.45667915637	65270.19921875
1045.04869988293	65268.6015625
1047.6398994133	65282.1015625
1050.23027819374	65275.8984375
1052.81983666998	65272.1015625
1055.40857528724	65280
1057.99649449018	65283.80078125
1060.58359472296	65291.1015625
1063.1698764292	65275.69921875
1065.755340052	65288.19921875
1068.33998603393	65289
1070.92381481706	65285.6015625
1073.50682684291	65295
1076.08902255251	65291.5
1078.67040238637	65295.80078125
1081.25096678445	65299.5
1083.83071618624	65301
1086.4096510307	65305.80078125
1088.98777175629	65283.30078125
1091.56507880094	65298.6015625
1094.14157260208	65304
1096.71725359664	65307.3984375
1099.29212222106	65304.19921875
1101.86617891125	65295.80078125
1104.43942410262	65311
1107.01185823011	65295.19921875
1109.58348172812	65305.19921875
1112.15429503057	65303.8984375
1114.7242985709	65306.69921875
1117.29349278203	65308.80078125
1119.86187809642	65316.1015625
1122.42945494599	65309.30078125
1124.99622376222	65325
1127.56218497606	65320.6015625
1130.12733901801	65309.19921875
1132.69168631804	65321.3984375
1135.25522730568	65324.5
1137.81796240995	65311.30078125
1140.37989205941	65324.3984375
1142.9410166821	65332.1015625
1145.50133670561	65326.6015625
1148.06085255708	65331
1150.61956466311	65327.6015625
1153.17747344987	65335.1015625
1155.73457934305	65329.3984375
1158.29088276786	65323.8984375
1160.84638414903	65336.19921875
1163.40108391085	65313.1015625
1165.95498247711	65341.8984375
1168.50808027116	65335.30078125
1171.06037771587	65340.1015625
1173.61187523364	65331.80078125
1176.16257324643	65343
1178.71247217573	65339.80078125
1181.26157244255	65334.6015625
1183.80987446746	65338.80078125
1186.35737867059	65340.30078125
1188.90408547157	65333.80078125
1191.44999528961	65345.69921875
1193.99510854347	65334.30078125
1196.53942565142	65336.5
1199.08294703133	65349.6015625
1201.62567310057	65342.5
1204.16760427611	65351.80078125
1206.70874097445	65345
1209.24908361163	65336.1015625
1211.78863260327	65344.80078125
1214.32738836454	65345.80078125
1216.86535131017	65365.30078125
1219.40252185445	65357.8984375
1221.93890041121	65353.1015625
1224.47448739389	65366.6015625
1227.00928321544	65350.6015625
1229.54328828842	65375
1232.07650302491	65358.30078125
1234.60892783662	65377.8984375
1237.14056313477	65375.69921875
1239.67140933017	65392.8984375
1242.2014668332	65375.19921875
1244.73073605384	65387.3984375
1247.25921740159	65377.3984375
1249.78691128558	65388.69921875
1252.31381811448	65385.69921875
1254.83993829655	65380.80078125
1257.36527223962	65404.19921875
1259.88982035112	65387.69921875
1262.41358303803	65401.3984375
1264.93656070696	65394.30078125
1267.45875376405	65390.69921875
1269.98016261505	65409.19921875
1272.50078766531	65392.6015625
1275.02062931974	65385.8984375
1277.53968798285	65405.1015625
1280.05796405875	65411.6015625
1282.57545795112	65404.8984375
1285.09217006325	65388.30078125
1287.60810079802	65424.30078125
1290.12325055788	65391
1292.63761974492	65402
1295.15120876079	65414.8984375
1297.66401800676	65413.3984375
1300.17604788367	65420.80078125
1302.687298792	65412
1305.19777113181	65402
1307.70746530274	65419
1310.21638170408	65406.3984375
1312.7245207347	65411.30078125
1315.23188279307	65429.80078125
1317.73846827728	65408.1015625
1320.24427758502	65412.3984375
1322.74931111359	65423.3984375
1325.25356925991	65428.80078125
1327.75705242051	65410.69921875
1330.25976099151	65424.19921875
1332.76169536868	65420.5
1335.26285594737	65422.19921875
1337.76324312256	65427.80078125
1340.26285728887	65415.5
1342.76169884052	65415.19921875
1345.25976817132	65437.19921875
1347.75706567474	65424.19921875
1350.25359174387	65413.5
1352.74934677141	65437.8984375
1355.24433114968	65416.3984375
1357.73854527062	65427.3984375
1360.23198952583	65427.5
1362.7246643065	65426.6015625
1365.21657000347	65434
1367.7077070072	65430.3984375
1370.19807570777	65428.30078125
1372.68767649492	65438.19921875
1375.176509758	65435
1377.66457588599	65422.69921875
1380.15187526753	65442.1015625
1382.63840829087	65431.8984375
1385.1241753439	65432.80078125
1387.60917681417	65430.8984375
1390.09341308884	65438.69921875
1392.57688455474	65428.5
1395.05959159829	65457.69921875
1397.54153460562	65427.5
1400.02271396243	65445.5
1402.50313005414	65458.3984375
1404.98278326576	65420.69921875
1407.46167398196	65449.69921875
1409.93980258707	65444.19921875
1412.41716946504	65439
1414.89377499951	65455.1015625
1417.36961957373	65449.19921875
1419.84470357062	65447.3984375
1422.31902737275	65439.3984375
1424.79259136235	65451.30078125
1427.26539592129	65447.6015625
1429.73744143111	65441.3984375
1432.20872827299	65447.19921875
1434.67925682777	65458.80078125
1437.14902747597	65427
1439.61804059773	65454.80078125
1442.0862965729	65451.1015625
1444.55379578093	65444.1015625
1447.02053860099	65442.1015625
1449.48652541188	65461.69921875
1451.95175659206	65442.6015625
1454.41623251969	65446.8984375
1456.87995357255	65442.69921875
1459.34292012811	65466.6015625
1461.80513256351	65444.8984375
1464.26659125557	65461.69921875
1466.72729658073	65451.69921875
1469.18724891517	65455.1015625
1471.64644863469	65434.5
1474.10489611478	65475
1476.5625917306	65436.1015625
1479.01953585699	65472.80078125
1481.47572886844	65464.6015625
1483.93117113917	65448.1015625
1486.38586304302	65469.19921875
1488.83980495354	65464
1491.29299724395	65460.5
1493.74544028715	65475.30078125
1496.19713445573	65444
1498.64808012193	65476.5
1501.09827765772	65458.8984375
1503.54772743471	65460.69921875
1505.99642982421	65457.30078125
1508.44438519723	65467.1015625
1510.89159392446	65469.80078125
1513.33805637625	65462.5
1515.78377292266	65471.69921875
1518.22874393346	65468.19921875
1520.67296977806	65459.30078125
1523.11645082559	65468.3984375
1525.55918744488	65463.30078125
1528.00118000444	65459.30078125
1530.44242887245	65461.1015625
1532.88293441684	65478.8984375
1535.32269700517	65459.6015625
1537.76171700475	65469.1015625
1540.19999478255	65451.69921875
1542.63753070526	65462.19921875
1545.07432513925	65462.19921875
1547.5103784506	65466.69921875
1549.94569100509	65450.30078125
1552.38026316819	65454
1554.8140953051	65454.3984375
1557.24718778067	65440.5
1559.67954095952	65450
1562.11115520592	65457.69921875
1564.54203088386	65447.3984375
1566.97216835704	65429.69921875
1569.40156798888	65424.5
1571.83023014248	65421.5
1574.25815518067	65425
1576.68534346597	65435
1579.11179536062	65473.5
1581.53751122658	65486.8984375
1583.9624914255	65474.19921875
1586.38673631876	65493.8984375
1588.81024626745	65473.1015625
1591.23302163235	65496.8984375
1593.655062774	65469.80078125
1596.07637005262	65491.69921875
1598.49694382815	65499.69921875
1600.91678446025	65489.6015625
1603.33589230831	65473.80078125
1605.75426773142	65495.6015625
1608.1719110884	65486.8984375
1610.58882273779	65458.3984375
1613.00500303784	65445.1015625
1615.42045234654	65442
1617.83517102158	65455.1015625
1620.24915942039	65426.80078125
1622.66241790012	65448.8984375
1625.07494681764	65442
1627.48674652954	65435.6015625
1629.89781739216	65438.8984375
1632.30815976152	65457.1015625
1634.71777399343	65440.6015625
1637.12666044338	65446.80078125
1639.53481946661	65442.8984375
1641.94225141808	65451.80078125
1644.34895665248	65445.69921875
1646.75493552424	65448.6015625
1649.16018838752	65445.5
1651.56471559621	65438
1653.96851750392	65452.6015625
1656.37159446403	65431.19921875
1658.7739468296	65454
1661.17557495349	65437.3984375
1663.57647918824	65451
1665.97665988617	65438.3984375
1668.37611739929	65442.19921875
1670.77485207939	65441.6015625
1673.17286427799	65453.69921875
1675.57015434633	65449.80078125
1677.96672263542	65446.19921875
1680.36256949598	65436.69921875
1682.7576952785	65437.80078125
1685.15210033318	65433.69921875
1687.54578501	65440.8984375
1689.93874965866	65437.3984375
1692.33099462861	65440.1015625
1694.72252026904	65434
1697.11332692889	65422.1015625
1699.50341495686	65439.1015625
1701.89278470137	65436.6015625
1704.28143651061	65434.8984375
1706.66937073251	65423.5
1709.05658771473	65432.8984375
1711.44308780473	65436.3984375
1713.82887134968	65427.3984375
1716.21393869648	65429.1015625
1718.59829019185	65421.6015625
1720.98192618221	65425.19921875
1723.36484701374	65410.3984375
1725.74705303238	65427.8984375
1728.12854458384	65409.30078125
1730.50932201356	65403.1015625
1732.88938566673	65381
1735.26873588834	65398.19921875
1737.64737302307	65376.80078125
1740.02529741544	65442.69921875
1742.40250940964	65454.3984375
1744.77900934969	65439.3984375
1747.15479757933	65449.1015625
1749.52987444206	65438.80078125
1751.90424028116	65445.80078125
1754.27789543967	65446.5
1756.65084026037	65447.1015625
1759.02307508582	65445.19921875
1761.39460025833	65450.30078125
1763.76541612	65429.8984375
1766.13552301265	65451.1015625
1768.50492127791	65444.30078125
1770.87361125714	65441.30078125
1773.2415932915	65452.19921875
1775.60886772188	65443.3984375
1777.97543488896	65439.69921875
1780.34129513318	65454.3984375
1782.70644879475	65396.1015625
1785.07089621365	65396.30078125
1787.43463772964	65401.5
1789.7976736822	65394.19921875
1792.16000441066	65396.30078125
1794.52163025405	65394.1015625
1796.88255155121	65381.5
1799.24276864074	65387.69921875
1801.60228186102	65383.5
1803.96109155019	65382.6015625
1806.31919804618	65359.30078125
1808.67660168668	65387.3984375
1811.03330280916	65352.19921875
1813.38930175088	65385.6015625
1815.74459884884	65368
1818.09919443984	65369.1015625
1820.45308886047	65375.30078125
1822.80628244708	65374.69921875
1825.1587755358	65367.30078125
1827.51056846254	65365.69921875
1829.86166156297	65371.30078125
1832.21205517258	65371.1015625
1834.56174962661	65361.8984375
1836.91074526009	65356.19921875
1839.25904240783	65362.19921875
1841.60664140443	65356.69921875
1843.95354258425	65353.8984375
1846.29974628146	65349.5
1848.64525282998	65351.3984375
1850.99006256356	65354
1853.3341758157	65340.19921875
1855.67759291968	65342.30078125
1858.02031420858	65326
1860.36234001528	65334.8984375
1862.70367067241	65331.3984375
1865.04430651244	65329.19921875
1867.38424786755	65321.3984375
1869.72349506978	65313.8984375
1872.06204845094	65323.5
1874.39990834258	65312.1015625
1876.73707507612	65291.1015625
1879.07354898269	65302.3984375
1881.40933039328	65269.1015625
1883.74441963861	65350.1015625
1886.07881704925	65340.19921875
1888.41252295551	65347.80078125
1890.74553768751	65335.80078125
1893.07786157519	65346.3984375
1895.40949494822	65325.3984375
1897.74043813615	65336
1900.07069146823	65323
1902.40025527357	65321
1904.72912988106	65318.8984375
1907.05731561938	65323.6015625
1909.38481281699	65311.80078125
1911.71162180217	65327.8984375
1914.037742903	65316.3984375
1916.36317644734	65303.80078125
1918.68792276284	65325.6015625
1921.01198217697	65306.30078125
1923.33535501699	65307.69921875
1925.65804160996	65311.30078125
1927.98004228273	65302.80078125
1930.30135736196	65295.30078125
1932.6219871741	65289.3984375
1934.94193204543	65264.80078125
1937.26119230198	65237.19921875
1939.57976826962	65188.6015625
1941.89766027402	65204.80078125
1944.21486864062	65170.80078125
1946.53139369472	65181.3984375
1948.84723576137	65164.80078125
1951.16239516543	65172.3984375
1953.47687223159	65170.5
1955.79066728434	65157.5
1958.10378064794	65135.3984375
1960.4162126465	65146.69921875
1962.7279636039	65126
1965.03903384385	65124.19921875
1967.34942368987	65088.30078125
1969.65913346524	65085.6015625
1971.96816349311	65030.5
1974.2765140964	65021.19921875
1976.58418559784	64997.6015625
1978.89117831997	65002.3984375
1981.19749258516	64976.5
1983.50312871555	64987.80078125
1985.80808703313	64983.69921875
1988.11236785967	64974.80078125
1990.41597151676	64977.30078125
1992.71889832581	64961.8984375
1995.02114860801	64936.8984375
1997.3227226844	64947.3984375
1999.62362087581	64922.19921875
2001.92384350288	64881.80078125
2004.22339088608	64879.19921875
2006.52226334567	64887
2008.82046120173	64860.8984375
2011.11798477417	64860.69921875
2013.41483438269	64857
2015.71101034681	64845.3984375
2018.00651298588	64842.80078125
2020.30134261905	64812
2022.59549956528	64784.1015625
2024.88898414337	64740.80078125
2027.1817966719	64710.1015625
2029.4739374693	64679.80078125
2031.76540685379	64665.80078125
2034.05620514342	64657.80078125
2036.34633265607	64658.80078125
2038.6357897094	64660.1015625
2040.92457662092	64663.1015625
2043.21269370795	64635
2045.50014128763	64623.80078125
2047.78691967691	64608.1015625
2050.07302919256	64605.69921875
2052.35847015118	64575.8984375
2054.64324286919	64575.80078125
2056.9273476628	64554.1015625
2059.21078484808	64551.6015625
2061.4935547409	64539.80078125
2063.77565765696	64532.6015625
2066.05709391176	64504.3984375
2068.33786382065	64488.5
2070.61796769879	64489
2072.89740586116	64462.6015625
2075.17617862255	64447.19921875
2077.45428629759	64409.19921875
2079.73172920075	64405.30078125
2082.00850764627	64374
2084.28462194827	64383.19921875
2086.56007242065	64362.69921875
2088.83485937717	64325.8984375
2091.10898313139	64391
2093.3824439967	64367.80078125
2095.65524228632	64344.30078125
2097.92737831328	64304.19921875
2100.19885239047	64259.80078125
2102.46966483057	64205.1015625
2104.7398159461	64158.3984375
2107.00930604941	64121.19921875
2109.27813545267	64057.30078125
2111.54630446787	63992
2113.81381340685	63953
2116.08066258126	63893.69921875
2118.34685230257	63812.1015625
2120.61238288211	63685.8984375
2122.87725463099	63556.19921875
2125.1414678602	63457.3984375
2127.40502288052	63362
2129.66792000257	63275.69921875
2131.93015953682	63166
2134.19174179353	63009.6015625
2136.45266708282	62835.3984375
2138.71293571463	62642.8984375
2140.97254799873	62373.19921875
2143.23150424473	62012.80078125
2145.48980476205	61641.5
2147.74744985996	61377.69921875
2150.00443984754	61162.3984375
2152.26077503373	60945.8984375
2154.51645572728	60748.19921875
2156.77148223677	60600
2159.02585487064	60384.80078125
2161.27957393713	60123.30078125
2163.53263974432	59870.6015625
2165.78505260012	59606.80078125
2168.0368128123	59325.8984375
2170.28792068844	59093
2172.53837653595	58832.5
2174.78818066207	58601
2177.03733337389	58590.1015625
2179.28583497833	58581.80078125
2181.53368578214	58578.80078125
2183.78088609192	58571
2186.02743621406	58562.6015625
2188.27333645484	58554.1015625
2190.51858712033	58542.8984375
2192.76318851646	58536.3984375
2195.00714094901	58522.19921875
2197.25044472354	58504.69921875
2199.49310014551	58474.8984375
2201.73510752018	58439.80078125
2203.97646715265	58441.69921875
2206.21717934786	58408
2208.45724441058	58424.19921875
2210.69666264543	58407.30078125
2212.93543435686	58412.3984375
2215.17355984914	58406.6015625
2217.41103942642	58408.1015625
2219.64787339264	58396.8984375
2221.8840620516	58387.80078125
2224.11960570695	58385.30078125
2226.35450466215	58371.30078125
2228.58875922051	58367.6015625
2230.82236968518	58345.69921875
2233.05533635916	58344
2235.28765954527	58329.6015625
2237.51933954617	58314.6015625
2239.75037666437	58299.19921875
2241.98077120221	58304.3984375
2244.21052346188	58290.1015625
2246.4396337454	58289
2248.66810235461	58296.3984375
2250.89592959125	58273.19921875
2253.12311575681	58278.1015625
2255.34966115272	58276.6015625
2257.57556608017	58258.3984375
2259.80083084023	58258.6015625
2262.02545573381	58236.6015625
2264.24944106163	58219.8984375
2266.47278712429	58167.69921875
2268.69549422221	58151.6015625
2270.91756265564	58116.3984375
2273.1389927247	58112.30078125
2275.35978472934	58091.1015625
2277.57993896933	58085.19921875
2279.79945574431	58084.6015625
2282.01833535375	58075.69921875
2284.23657809696	58057.80078125
2286.45418427309	58050.30078125
2288.67115418114	58051.30078125
2290.88748811995	58043.1015625
2293.10318638819	58029.6015625
2295.3182492844	58029.30078125
2297.53267710693	58005.3984375
2299.746470154	57987.19921875
2301.95962872364	57974.19921875
2304.17215311376	57961.30078125
2306.3840436221	57951.80078125
2308.59530054621	57949.1015625
2310.80592418354	57955.3984375
2313.01591483134	57937.69921875
2315.22527278673	57931.30078125
2317.43399834666	57914.5
2319.64209180791	57914.6015625
2321.84955346713	57884.1015625
2324.05638362079	57850.30078125
2326.26258256524	57828.30078125
2328.46815059664	57811.5
2330.67308801098	57794.6015625
2332.87739510415	57750.69921875
2335.08107217184	57740.8984375
2337.2841195096	57738.3984375
2339.48653741281	57719.19921875
2341.68832617672	57714.3984375
2343.8894860964	57701.5
2346.09001746678	57697.8984375
2348.28992058261	57690.69921875
2350.48919573852	57658.30078125
2352.68784322898	57647.1015625
2354.88586334826	57599.5
2357.08325639055	57567.5
2359.2800226498	57526.6015625
2361.47616241988	57483
2363.67167599445	57418.19921875
2365.86656366706	57371.8984375
2368.06082573107	57291.8984375
2370.2544624797	57245.19921875
2372.44747420603	57196
2374.63986120295	57179.19921875
2376.83162376322	57121.5
2379.02276217945	57092.1015625
2381.21327674408	57035.3984375
2383.4031677494	56995
2385.59243548756	56908.8984375
2387.78108025053	56812.8984375
2389.96910233014	56718.80078125
2392.15650201809	56632.69921875
2394.34327960587	56563
2396.52943538486	56505.80078125
2398.71496964628	56413.19921875
2400.89988268118	56351.80078125
2403.08417478048	56275.30078125
2405.26784623491	56169.69921875
2407.45089733509	56067.8984375
2409.63332837146	55966.1015625
2411.81513963429	55842.30078125
2413.99633141375	55674
2416.1769039998	55463
2418.35685768227	55184.80078125
2420.53619275084	54917.80078125
2422.71490949505	54668
2424.89300820425	54496.80078125
2427.07048916765	54322.6015625
2429.24735267433	54154.19921875
2431.42359901319	54007.69921875
2433.59922847297	53875.19921875
2435.7742413423	53735.5
2437.94863790961	53593.3984375
2440.12241846321	53362.69921875
2442.29558329121	53130.8984375
2444.46813268162	52899.1015625
2446.64006692228	52688.1015625
2448.81138630086	52482.6015625
2450.98209110489	52281.69921875
2453.15218162174	52088.1015625
2455.32165813864	51890.3984375
2457.49052094265	51701.80078125
2459.65877032069	51612.30078125
2461.8264065595	51583.30078125
2463.99342994572	51602.80078125
2466.15984076579	51576.8984375
2468.325639306	51578.3984375
2470.49082585251	51569.5
2472.65540069131	51550.80078125
2474.81936410824	51540.19921875
2476.98271638899	51520.80078125
2479.14545781909	51514.80078125
2481.30758868392	51519
2483.4691092687	51493.5
2485.63001985852	51507.1015625
2487.79032073829	51491.69921875
2489.95001219277	51492.8984375
2492.10909450659	51488.6015625
2494.26756796419	51480.30078125
2496.42543284989	51487.3984375
2498.58268944783	51477.19921875
2500.73933804202	51454.80078125
2502.8953789163	51458.5
2505.05081235436	51447
2507.20563863974	51414.6015625
2509.35985805582	51411.19921875
2511.51347088583	51390.1015625
2513.66647741285	51394.3984375
2515.81887791981	51370.6015625
2517.97067268946	51370.1015625
2520.12186200443	51361.80078125
2522.27244614716	51354.69921875
2524.42242539999	51357
2526.57180004504	51347.5
2528.72057036433	51354.6015625
2530.8687366397	51342.3984375
2533.01629915284	51335
2535.16325818527	51327.30078125
2537.30961401839	51306.1015625
2539.45536693343	51304.69921875
2541.60051721145	51278.30078125
2543.74506513338	51254
2545.88901097997	51231.3984375
2548.03235503185	51208.1015625
2550.17509756946	51172.8984375
2552.31723887311	51161.80078125
2554.45877922293	51119.80078125
2556.59971889893	51100.80078125
2558.74005818094	51052.30078125
2560.87979734864	51033.30078125
2563.01893668155	51002.19921875
2565.15747645906	51009.19921875
2567.29541696037	50951.3984375
2569.43275846454	50960.19921875
2571.56950125049	50901.69921875
2573.70564559696	50891.1015625
2575.84119178254	50855.6015625
2577.97614008569	50804.5
2580.11049078468	50775.69921875
2582.24424415764	50697.1015625
2584.37740048255	50627.30078125
2586.50996003722	50557.80078125
2588.64192309931	50473.30078125
2590.77328994634	50434.69921875
2592.90406085564	50381.6015625
2595.03423610442	50336.19921875
2597.16381596971	50277.80078125
2599.29280072839	50236.30078125
2601.42119065719	50172
2603.54898603267	50110
2605.67618713125	50053.80078125
2607.80279422919	49968.6015625
2609.92880760257	49886.6015625
2612.05422752735	49798.80078125
2614.17905427932	49694.80078125
2616.30328813408	49541.80078125
2618.42692936713	49370
2620.54997825377	49184.30078125
2622.67243506915	48932.19921875
2624.79430008828	48752.6015625
2626.915573586	48573.3984375
2629.03625583699	48435
2631.15634711579	48315.30078125
2633.27584769675	48189.69921875
2635.39475785408	48096.6015625
2637.51307786185	47955.69921875
2639.63080799394	47899
2641.74794852409	47780.30078125
2643.86449972589	47696.5
2645.98046187273	47617.6015625
2648.0958352379	47494.69921875
2650.21062009449	47375.30078125
2652.32481671544	47229.30078125
2654.43842537353	47102.19921875
2656.5514463414	46969.6015625
2658.66387989151	46834.3984375
2660.77572629616	46713.30078125
2662.88698582751	46573.69921875
2664.99765875753	46473.8984375
2667.10774535806	46351.30078125
2669.21724590076	46221.69921875
2671.32616065714	46074
2673.43448989857	45966.1015625
2675.5422338962	45855.80078125
2677.64939292108	45754.80078125
2679.75596724408	45712.1015625
2681.86195713589	45705.3984375
2683.96736286707	45709.1015625
2686.07218470799	45702.3984375
2688.17642292889	45707.19921875
2690.28007779982	45701.6015625
2692.38314959069	45707.8984375
2694.48563857123	45698.30078125
2696.58754501103	45701.69921875
2698.6888691795	45689.80078125
2700.78961134588	45699.69921875
2702.8897717793	45680.3984375
2704.98935074864	45700.69921875
2707.08834852271	45680.5
2709.18676537009	45686.80078125
2711.28460155925	45676.6015625
2713.38185735843	45673.6015625
2715.47853303577	45669.30078125
2717.57462885924	45654.5
2719.67014509659	45654.30078125
2721.76508201548	45655.80078125
2723.85943988337	45640.3984375
2725.95321896754	45645.1015625
2728.04641953515	45635.80078125
2730.13904185316	45637.3984375
2732.23108618837	45637.30078125
2734.32255280744	45632.6015625
2736.41344197683	45631.6015625
2738.50375396288	45630.19921875
2740.5934890317	45633.5
2742.68264744932	45626.69921875
2744.77122948153	45619.69921875
2746.85923539398	45637.69921875
2748.94666545217	45624.80078125
2751.03351992142	45621.3984375
2753.11979906688	45622.80078125
2755.20550315355	45626.1015625
2757.29063244624	45624.69921875
2759.37518720963	45627.1015625
2761.45916770819	45619.5
2763.54257420625	45613.19921875
2765.62540696797	45617.6015625
2767.70766625733	45617.6015625
2769.78935233816	45616
2771.87046547413	45614.69921875
2773.95100592869	45609.8984375
2776.03097396519	45598.5
2778.11036984677	45612.8984375
2780.18919383641	45609.80078125
2782.26744619693	45606.19921875
2784.34512719097	45609.80078125
2786.42223708102	45596.6015625
2788.49877612937	45612.1015625
2790.57474459816	45600.80078125
2792.65014274937	45594.8984375
2794.7249708448	45610.80078125
2796.79922914607	45593
2798.87291791465	45595.1015625
2800.94603741181	45588.3984375
2803.01858789869	45608.1015625
2805.09056963623	45588.19921875
2807.1619828852	45586.3984375
2809.23282790621	45595.8984375
2811.30310495971	45584
2813.37281430593	45596.80078125
2815.441956205	45592.30078125
2817.51053091682	45583.69921875
2819.57853870114	45576
2821.64597981753	45590.80078125
2823.7128545254	45570.30078125
2825.77916308399	45582.30078125
2827.84490575233	45573.19921875
2829.91008278933	45570.8984375
2831.97469445369	45580.80078125
2834.03874100395	45569.6015625
2836.10222269847	45572.3984375
2838.16513979544	45568.3984375
2840.22749255288	45554.19921875
2842.28928122863	45569.6015625
2844.35050608034	45565.6015625
2846.41116736553	45563.80078125
2848.47126534149	45557.69921875
2850.53080026537	45557.80078125
2852.58977239414	45551.5
2854.64818198459	45556.80078125
2856.70602929332	45551.30078125
2858.76331457678	45544.69921875
2860.82003809123	45551.1015625
2862.87620009274	45531.69921875
2864.93180083723	45557.6015625
2866.98684058043	45538.30078125
2869.04131957789	45546.3984375
2871.09523808497	45539.5
2873.14859635689	45542.3984375
2875.20139464866	45539.19921875
2877.2536332151	45531.80078125
2879.30531231091	45540.69921875
2881.35643219054	45532.69921875
2883.40699310831	45534.1015625
2885.45699531834	45527
2887.50643907457	45532.69921875
2889.55532463077	45530
2891.60365224053	45527.30078125
2893.65142215724	45530.5
2895.69863463414	45535.69921875
2897.74528992426	45521.3984375
2899.79138828046	45533.5
2901.83692995544	45523.3984375
2903.88191520168	45532.1015625
2905.92634427151	45518.69921875
2907.97021741706	45534.69921875
2910.01353489027	45513.80078125
2912.05629694294	45531.8984375
2914.09850382663	45516
2916.14015579276	45515.8984375
2918.18125309254	45527.8984375
2920.22179597702	45521.8984375
2922.26178469705	45531.80078125
2924.30121950329	45530.1015625
2926.34010064624	45521.6015625
2928.37842837619	45530
2930.41620294326	45531.69921875
2932.45342459737	45528.19921875
2934.49009358828	45522.69921875
2936.52621016555	45522.30078125
2938.56177457854	45523.19921875
2940.59678707645	45521
2942.63124790827	45523
2944.66515732282	45528
2946.69851556873	45523.1015625
2948.73132289443	45533.1015625
2950.76357954817	45524.5
2952.79528577803	45536.5
2954.82644183188	45533.69921875
2956.85704795741	45534
2958.8871044021	45529.80078125
2960.91661141328	45535.80078125
2962.94556923807	45530.3984375
2964.97397812339	45535.80078125
2967.00183831598	45532.6015625
2969.0291500624	45544.1015625
2971.05591360902	45525.1015625
2973.08212920199	45548.69921875
2975.1077970873	45549.3984375
2977.13291751074	45533.6015625
2979.1574907179	45549
2981.18151695419	45545.6015625
2983.20499646482	45542.69921875
2985.2279294948	45545
2987.25031628898	45545.80078125
2989.27215709199	45545.19921875
2991.29345214825	45546.30078125
2993.31420170204	45552.19921875
2995.33440599738	45554.30078125
2997.35406527816	45539.5
2999.37317978802	45552.19921875
3001.39174977045	45551.8984375
3003.40977546872	45556.80078125
3005.42725712591	45560.69921875
3007.44419498491	45548.69921875
3009.4605892884	45569.19921875
3011.47644027889	45556.69921875
3013.49174819865	45562.8984375
3015.5065132898	45563.8984375
3017.52073579424	45566.8984375
3019.53441595366	45563.69921875
3021.54755400959	45560.30078125
3023.56015020332	45573.19921875
3025.57220477598	45553.69921875
3027.58371796846	45580.80078125
3029.5946900215	45567.3984375
3031.6051211756	45577.8984375
3033.61501167107	45567.80078125
3035.62436174803	45579.19921875
3037.6331716464	45578.3984375
3039.64144160588	45557.3984375
3041.649171866	45591.3984375
3043.65636266607	45576.1015625
3045.6630142452	45589.69921875
3047.66912684229	45576.1015625
3049.67470069605	45584.5
3051.679736045	45581.30078125
3053.68423312742	45585.8984375
3055.68819218143	45581.5
3057.6916134449	45587.1015625
3059.69449715556	45594.8984375
3061.69684355086	45580.19921875
3063.6986528681	45595.1015625
3065.69992534437	45584.3984375
3067.70066121653	45592.19921875
3069.70086072126	45593
3071.700524095	45595.80078125
3073.69965157405	45591.69921875
3075.69824339442	45596.19921875
3077.69629979197	45592.30078125
3079.69382100235	45609.6015625
3081.69080726098	45585.30078125
3083.68725880307	45604.69921875
3085.68317586366	45594.1015625
3087.67855867755	45597.69921875
3089.67340747933	45609.8984375
3091.6677225034	45605.1015625
3093.66150398392	45601.6015625
3095.6547521549	45611.8984375
3097.64746725006	45598.8984375
3099.63964950297	45613.1015625
3101.63129914698	45605
3103.6224164152	45610
3105.61300154056	45612.80078125
3107.60305475576	45605.5
3109.59257629331	45623.1015625
3111.58156638547	45604.69921875
3113.57002526432	45616.8984375
3115.55795316172	45610
3117.54535030932	45625.19921875
3119.53221693853	45616.69921875
3121.51855328057	45618.69921875
3123.50435956646	45634.5
3125.48963602698	45627.8984375
3127.4743828927	45628.19921875
3129.45860039397	45632.3984375
3131.44228876093	45645.1015625
3133.42544822353	45644.5
3135.40807901145	45648.6015625
3137.39018135418	45657.30078125
3139.37175548102	45657.8984375
3141.35280162101	45659.69921875
3143.33332000299	45668.69921875
3145.31331085559	45663.1015625
3147.2927744072	45670.19921875
3149.27171088602	45667.1015625
3151.25012052	45671.80078125
3153.22800353689	45673.6015625
3155.20536016422	45671.6015625
3157.18219062929	45677.80078125
3159.15849515918	45689.80078125
3161.13427398075	45665.5
3163.10952732066	45682.1015625
3165.08425540532	45679.6015625
3167.05845846092	45675.6015625
3169.03213671344	45681.8984375
3171.00529038863	45679.1015625
3172.97791971203	45683.5
3174.95002490893	45684.3984375
3176.92160620443	45681.19921875
3178.89266382337	45687.30078125
3180.8631979904	45681.30078125
3182.83320892991	45684.80078125
3184.80269686609	45687.19921875
3186.77166202289	45686.8984375
3188.74010462406	45683.30078125
3190.70802489307	45683.69921875
3192.67542305323	45687.19921875
3194.64229932757	45684
3196.60865393892	45692
3198.57448710987	45687
3200.53979906279	45686.8984375
3202.50459001981	45688.3984375
3204.46886020284	45688.30078125
3206.43260983356	45687.6015625
3208.39583913341	45689.3984375
3210.35854832362	45686.6015625
3212.32073762517	45689
3214.28240725881	45689.30078125
3216.24355744508	45687.8984375
3218.20418840426	45696.19921875
3220.16430035642	45681.69921875
3222.12389352137	45702
3224.08296811873	45691.80078125
3226.04152436784	45699.5
3227.99956248784	45704
3229.95708269762	45698.3984375
3231.91408521584	45694.30078125
3233.87057026092	45703.3984375
3235.82653805105	45699.3984375
3237.78198880419	45715.5
3239.73692273806	45704.30078125
3241.69134007013	45707.80078125
3243.64524101764	45710.3984375
3245.59862579761	45699.8984375
3247.55149462681	45720.69921875
3249.50384772176	45700.3984375
3251.45568529877	45710.8984375
3253.40700757387	45717.1015625
3255.35781476288	45711.3984375
3257.3081070814	45711.19921875
3259.25788474473	45708.80078125
3261.20714796799	45708.3984375
3263.15589696602	45710.19921875
3265.10413195345	45702.30078125
3267.05185314463	45707.8984375
3268.9990607537	45706.1015625
3270.94575499455	45708.80078125
3272.89193608081	45747.69921875
3274.8376042259	45790
3276.78275964296	45844.1015625
3278.72740254492	45896.69921875
3280.67153314443	45947.19921875
3282.61515165393	45988.6015625
3284.55825828559	46060.5
3286.50085325135	46108.30078125
3288.44293676289	46167.69921875
3290.38450903165	46232.30078125
3292.32557026883	46306.1015625
3294.26612068537	46351.30078125
3296.20616049198	46409.80078125
3298.14568989911	46450.30078125
3300.08470911695	46527.6015625
3302.02321835546	46556.80078125
3303.96121782435	46607.1015625
3305.89870773306	46682.5
3307.83568829081	46708.5
3309.77215970655	46761.1015625
3311.70812218898	46828.8984375
3313.64357594655	46914.6015625
3315.57852118747	46928.69921875
3317.51295811968	47031.19921875
3319.44688695087	47089.80078125
3321.38030788849	47174.1015625
3323.31322113973	47231.8984375
3325.24562691152	47284.69921875
3327.17752541055	47340
3329.10891684322	47392.69921875
3331.03980141573	47449.80078125
3332.97017933399	47496.19921875
3334.90005080364	47578.80078125
3336.82941603011	47605.80078125
3338.75827521852	47631.30078125
3340.68662857377	47690.5
3342.6144763005	47717.30078125
3344.54181860308	47793.30078125
3346.46865568561	47824.3984375
3348.39498775195	47869.8984375
3350.32081500571	47902.8984375
3352.24613765022	47957
3354.17095588855	48007.80078125
3356.09526992352	48051.6015625
3358.01907995769	48111.3984375
3359.94238619334	48151.1015625
3361.86518883251	48190.3984375
3363.78748807697	48243.19921875
3365.70928412823	48302.1015625
3367.63057718752	48381.1015625
3369.55136745582	48435
3371.47165513386	48493.69921875
3373.39144042208	48614.8984375
3375.31072352066	48728.6015625
3377.22950462953	48859.5
3379.14778394834	49020
3381.06556167648	49132.69921875
3382.98283801308	49319.69921875
3384.89961315697	49477.1015625
3386.81588730676	49618.5
3388.73166066076	49801.1015625
3390.64693341702	49955.19921875
3392.56170577332	50078.1015625
3394.47597792716	50211.1015625
3396.38975007581	50342.5
3398.30302241623	50478.1015625
3400.21579514512	50554.1015625
3402.1280684589	50665.69921875
3404.03984255374	50793.1015625
3405.95111762553	50830.19921875
3407.86189386987	50973
3409.77217148212	51019.8984375
3411.68195065733	51159
3413.5912315903	51275.30078125
3415.50001447556	51360.8984375
3417.40829950735	51427.8984375
3419.31608687963	51534.8984375
3421.22337678611	51591.30078125
3423.1301694202	51683.19921875
3425.03646497504	51811.69921875
3426.9422636435	51900.1015625
3428.84756561816	52004
3430.75237109135	52106.6015625
3432.65668025508	52167.5
3434.56049330112	52261.30078125
3436.46381042093	52313.8984375
3438.36663180571	52430.1015625
3440.26895764638	52479.19921875
3442.17078813357	52581.8984375
3444.07212345762	52665.1015625
3445.97296380863	52751.5
3447.87330937636	52864.30078125
3449.77316035033	52943.30078125
3451.67251691977	53059.80078125
3453.57137927361	53166
3455.46974760052	53242.1015625
3457.36762208886	53331.5
3459.26500292671	53391.69921875
3461.16189030191	53492.6015625
3463.05828440194	53565.19921875
3464.95418541406	53667.80078125
3466.84959352519	53735.1015625
3468.74450892201	53817.3984375
3470.63893179088	53896.69921875
3472.53286231788	54013.3984375
3474.42630068881	54172.8984375
3476.31924708918	54270.3984375
3478.2117017042	54409.1015625
3480.1036647188	54535.69921875
3481.99513631761	54628.5
3483.88611668498	54741.80078125
3485.77660600498	54835.30078125
3487.66660446135	54938.1015625
3489.55611223758	55028.80078125
3491.44512951683	55114.3984375
3493.333656482	55204.6015625
3495.22169331568	55289.5
3497.10924020016	55349
3498.99629731746	55398.3984375
3500.88286484927	55467.3984375
3502.76894297702	55514.3984375
3504.65453188182	55595.3984375
3506.53963174449	55612.69921875
3508.42424274555	55675.1015625
3510.30836506524	55714.3984375
3512.19199888349	55758
3514.07514437992	55815.8984375
3515.95780173387	55865.19921875
3517.83997112437	55876.8984375
3519.72165273016	55915.19921875
3521.60284672967	55948
3523.48355330104	55986
3525.36377262208	56018.6015625
3527.24350487035	56058.8984375
3529.12275022306	56076.3984375
3531.00150885715	56104.69921875
3532.87978094923	56143.30078125
3534.75756667562	56221.30078125
3536.63486621235	56263.80078125
3538.51167973512	56330.8984375
3540.38800741934	56365
3542.26384944011	56406.1015625
3544.13920597223	56433.19921875
3546.01407719018	56476.5
3547.88846326815	56522.30078125
3549.76236438002	56549.3984375
3551.63578069934	56563.5
3553.50871239938	56604
3555.38115965309	56624.69921875
3557.25312263311	56640.6015625
3559.12460151177	56660.6015625
3560.99559646109	56707
3562.86610765279	56716.80078125
3564.73613525825	56721.5
3566.60567944857	56747.6015625
3568.47474039453	56753.5
3570.34331826658	56771.8984375
3572.21141323487	56795.5
3574.07902546925	56799.6015625
3575.94615513922	56840.8984375
3577.81280241401	56853.80078125
3579.67896746249	56859.8984375
3581.54465045325	56898.8984375
3583.40985155455	56908
3585.27457093432	56939.30078125
3587.1388087602	56959
3589.00256519949	56987.6015625
3590.86584041919	56988.5
3592.72863458597	57030.5
3594.59094786618	57053.6015625
3596.45278042585	57079.3984375
3598.31413243069	57116.69921875
3600.17500404611	57129.8984375
3602.03539543717	57135.5
3603.89530676861	57139.69921875
3605.75473820488	57167.19921875
3607.61368991007	57166.3984375
3609.47216204797	57169
3611.33015478203	57186.1015625
3613.18766827539	57187.19921875
3615.04470269087	57194.5
3616.90125819094	57211.8984375
3618.75733493776	57213.8984375
3620.61293309318	57219.5
3622.46805281869	57229.1015625
3624.32269427547	57227.8984375
3626.17685762439	57219.30078125
3628.03054302596	57259.3984375
3629.88375064038	57275.8984375
3631.73648062751	57318.6015625
3633.5887331469	57348.3984375
3635.44050835775	57371.6015625
3637.29180641893	57385.69921875
3639.14262748899	57414.3984375
3640.99297172614	57438.6015625
3642.84283928828	57460.30078125
3644.69223033294	57456.6015625
3646.54114501734	57451
3648.38958349836	57491.1015625
3650.23754593256	57487.5
3652.08503247614	57495.80078125
3653.93204328497	57511.80078125
3655.77857851462	57508.8984375
3657.62463832028	57512.8984375
3659.47022285682	57524
3661.31533227877	57537.69921875
3663.15996674033	57548.1015625
3665.00412639535	57555.5
3666.84781139736	57565.5
3668.69102189953	57591.3984375
3670.5337580547	57622.69921875
3672.37602001537	57694.3984375
3674.21780793368	57758.19921875
3676.05912196148	57800.5
3677.89996225021	57869.6015625
3679.74032895103	57937.3984375
3681.58022221471	57951.69921875
3683.41964219171	58006.5
3685.25858903211	58075.6015625
3687.0970628857	58131.19921875
3688.93506390186	58181.30078125
3690.77259222968	58233.19921875
3692.60964801787	58313.30078125
3694.44623141481	58354.1015625
3696.28234256853	58411
3698.11798162669	58464.30078125
3699.95314873665	58540.3984375
3701.78784404537	58575.19921875
3703.62206769951	58657.3984375
3705.45581984533	58708.3984375
3707.28910062877	58797.1015625
3709.12191019542	58825.69921875
3710.95424869052	58923.80078125
3712.78611625894	58984.6015625
3714.6175130452	59041.3984375
3716.44843919349	59147.5
3718.27889484764	59217.30078125
3720.1088801511	59279.1015625
3721.93839524699	59346.5
3723.76744027808	59420.3984375
3725.59601538677	59477.80078125
3727.4241207151	59523.80078125
