40.2973356941271	1130.59997558594
43.2236257608418	1139
46.1488808466109	1139.69995117188
49.0731017336173	1144.09997558594
51.9962892025666	1155
54.9184440327569	1159.90002441406
57.8395670020446	1168.30004882813
60.7596588868509	1175.69995117188
63.6787204621708	1187
66.5967525015794	1209.59997558594
69.5137557772381	1225.59997558594
72.4297310598838	1251.90002441406
75.3446791188512	1291.19995117188
78.2586007220466	1338.80004882813
81.1714966360015	1418.19995117188
84.0833676258266	1505.40002441406
86.994214455242	1596.90002441406
89.9040378865662	1710.09997558594
92.8128386807427	1798.5
95.7206175973133	1942
98.6273753944444	2014.90002441406
101.533112828928	2094.89990234375
104.437830656161	2126.89990234375
107.34152963018	2150.39990234375
110.244210503676	2162.89990234375
113.145874027931	2158.39990234375
116.046520952895	2158.5
118.946152027154	2165.19995117188
121.844767997933	2173
124.74236961111	2167.5
127.638957611212	2161
130.534532741422	2201.19995117188
133.429095743606	2218.39990234375
136.322647358252	2217.60009765625
139.215188324544	2237.69995117188
142.106719380311	2246.39990234375
144.997241262089	2274
147.886754705057	2305.10009765625
150.775260443096	2299.19995117188
153.662759208748	2298.39990234375
156.549251733282	2289.60009765625
159.434738746612	2335.5
162.319220977376	2312.60009765625
165.20269915289	2286.80004882813
168.085173999178	2335.30004882813
170.966646240977	2316.39990234375
173.847116601709	2334.5
176.726585803528	2334
179.605054567295	2326.19995117188
182.48252361259	2321.19995117188
185.358993657701	2343.80004882813
188.234465419645	2308.69995117188
191.108939614183	2356
193.982416955795	2350.69995117188
196.854898157687	2331.60009765625
199.726383931801	2377.69995117188
202.596874988835	2370.39990234375
205.466372038225	2388
208.334875788145	2412.10009765625
211.202386945534	2427.80004882813
214.068906216069	2413.30004882813
216.934434304194	2444.5
219.798971913111	2452.60009765625
222.662519744776	2438.5
225.525078499925	2463.80004882813
228.386648878069	2470.30004882813
231.247231577465	2454.10009765625
234.106827295172	2502.89990234375
236.965436727012	2490.69995117188
239.823060567597	2492.69995117188
242.679699510337	2498.19995117188
245.535354247396	2538
248.390025469775	2528.30004882813
251.243713867223	2522.69995117188
254.096420128327	2499.89990234375
256.948144940459	2532.39990234375
259.798888989788	2516.30004882813
262.648652961315	2534.60009765625
265.49743753883	2538.60009765625
268.345243404939	2541.80004882813
271.192071241073	2550.30004882813
274.037921727485	2587.10009765625
276.882795543246	2585.39990234375
279.72669336624	2584.80004882813
282.569615873213	2591.10009765625
285.411563739724	2571.10009765625
288.252537640165	2617.89990234375
291.092538247763	2630.5
293.931566234616	2628.39990234375
296.769622271633	2623.10009765625
299.606707028594	2625
302.442821174104	2648
305.277965375652	2651.80004882813
308.112140299574	2705.5
310.945346611062	2671.19995117188
313.777584974167	2692.30004882813
316.608856051813	2709.60009765625
319.439160505797	2666.5
322.268498996783	2731.5
325.096872184303	2726.19995117188
327.924280726782	2709
330.750725281521	2765.19995117188
333.576206504693	2752.80004882813
336.400725051388	2755.69995117188
339.224281575542	2768.10009765625
342.046876730026	2757
344.868511166586	2815.89990234375
347.689185535872	2761.5
350.508900487421	2766.39990234375
353.327656669699	2801.39990234375
356.145454730079	2765.19995117188
358.962295314817	2777
361.778179069105	2811.60009765625
364.593106637051	2809.89990234375
367.407078661675	2809.60009765625
370.220095784913	2818.19995117188
373.032158647655	2834.19995117188
375.843267889676	2860
378.653424149715	2877.19995117188
381.462628065436	2884.39990234375
384.270880273432	2892
387.078181409254	2900.69995117188
389.884532107358	2923.80004882813
392.689933001188	2977.30004882813
395.494384723112	2943.60009765625
398.29788790445	2930.19995117188
401.100443175488	2944.60009765625
403.902051165437	2994.10009765625
406.702712502518	3002.30004882813
409.502427813866	2998.89990234375
412.301197725607	3013.39990234375
415.099022862823	3001.19995117188
417.89590384957	3005.10009765625
420.691841308876	3043.80004882813
423.486835862752	3029
426.280888132173	3043.60009765625
429.073998737112	3099.80004882813
431.866168296507	3049.5
434.657397428298	3064.89990234375
437.447686749412	3054.69995117188
440.237036875762	3076.89990234375
443.025448422257	3102.10009765625
445.812922002813	3118.80004882813
448.599458230326	3115.30004882813
451.38505771672	3145.30004882813
454.169721072909	3118.80004882813
456.953448908819	3161.69995117188
459.736241833384	3134.19995117188
462.518100454555	3162
465.2990253793	3191.89990234375
468.079017213605	3180.5
470.858076562476	3214.89990234375
473.636204029939	3240.30004882813
476.41340021906	3231
479.189665731938	3242.89990234375
481.965001169667	3233.89990234375
484.739407132419	3258.69995117188
487.512884219391	3287.39990234375
490.285433028796	3276.19995117188
493.057054157921	3258.60009765625
495.827748203087	3265.80004882813
498.597515759658	3324.39990234375
501.366357422061	3283.19995117188
504.134273783759	3339.89990234375
506.901265437278	3346.30004882813
509.66733297421	3360.89990234375
512.432476985198	3358.30004882813
515.196698059945	3376.80004882813
517.959996787225	3359.60009765625
520.722373754895	3414.80004882813
523.483829549856	3425.39990234375
526.24436475811	3426.89990234375
529.003979964696	3463.39990234375
531.762675753779	3448.5
534.520452708569	3453.39990234375
537.277311411375	3499.30004882813
540.03325244359	3496.5
542.788276385682	3468.89990234375
545.54238381725	3507.19995117188
548.295575316938	3543.30004882813
551.047851462516	3528.19995117188
553.799212830831	3539.60009765625
556.549659997851	3559.30004882813
559.299193538643	3573.5
562.047814027381	3551.80004882813
564.795522037318	3555.80004882813
567.542318140861	3605.80004882813
570.288202909507	3611.80004882813
573.033176913873	3578.5
575.7772407237	3632.10009765625
578.520394907829	3622.30004882813
581.26264003424	3624
584.003976670046	3563.30004882813
586.744405381469	3646.69995117188
589.483926733869	3634.19995117188
592.222541291746	3662.69995117188
594.96024961872	3707.30004882813
597.697052277563	3707.80004882813
600.432949830166	3694
603.167942837587	3753.80004882813
605.902031860012	3780.69995117188
608.635217456783	3788.39990234375
611.367500186378	3764.5
614.098880606429	3803.10009765625
616.82935927374	3836
619.558936744248	3796.80004882813
622.287613573072	3866.5
625.015390314457	3875.10009765625
627.742267521848	3863.60009765625
630.468245747829	3866
633.193325544166	3851.39990234375
635.917507461792	3877.89990234375
638.640792050804	3900
641.36317986048	3929.39990234375
644.084671439281	3932
646.805267334845	3866.89990234375
649.524968093967	3949.10009765625
652.24377426266	3938.5
654.961686386106	3926.60009765625
657.678705008678	3946.5
660.394830673939	3965.80004882813
663.110063924628	4000.80004882813
665.824405302728	3972.69995117188
668.537855349351	4025.60009765625
671.250414604863	4017.60009765625
673.962083608812	4031.69995117188
676.672862899949	4068.10009765625
679.382753016218	4110.89990234375
682.091754494801	4114.60009765625
684.799867872061	4087.10009765625
687.507093683595	4168.5
690.213432464198	4192.2001953125
692.918884747899	4195.39990234375
695.623451067937	4241
698.327131956755	4168.2998046875
701.029927946065	4243.7001953125
703.731839566754	4265.7998046875
706.43286734896	4249.39990234375
709.133011822067	4251.7001953125
711.832273514658	4266
714.53065295457	4253.60009765625
717.228150668879	4302.10009765625
719.924767183889	4326.89990234375
722.620503025148	4327.39990234375
725.315358717446	4269.60009765625
728.009334784827	4308
730.702431750559	4329.39990234375
733.394650137188	4335.5
736.085990466498	4387.2001953125
738.776453259519	4340
741.466039036542	4363.5
744.154748317125	4346.2001953125
746.842581620074	4394.89990234375
749.529539463458	4437.10009765625
752.215622364608	4423.7001953125
754.900830840131	4430.7001953125
757.585165405892	4462.5
760.26862657703	4516
762.951214867957	4493.7001953125
765.632930792356	4503.7001953125
768.313774863181	4535.2001953125
770.993747592673	4556.5
773.672849492359	4548.39990234375
776.351081073017	4556.7998046875
779.028442844757	4594.89990234375
781.704935316928	4646.10009765625
784.380558998208	4606.7998046875
787.055314396528	4651.2001953125
789.729202019141	4661.39990234375
792.402222372581	4710.89990234375
795.074375962669	4679.89990234375
797.745663294537	4678.89990234375
800.416084872622	4701.7001953125
803.085641200652	4735.39990234375
805.754332781664	4723.60009765625
808.422160117986	4762.7998046875
811.089123711292	4712.7001953125
813.75522406252	4770.7998046875
816.420461671951	4804.5
819.084837039164	4829.10009765625
821.748350663067	4819.2001953125
824.411003041866	4818.7998046875
827.072794673116	4823.7001953125
829.733726053668	4836.2001953125
832.39379767971	4886.2998046875
835.05301004674	4853.7001953125
837.711363649601	4874.60009765625
840.368858982457	4868.7998046875
843.025496538805	4913.39990234375
845.681276811467	4899.89990234375
848.336200292618	4997.7998046875
850.99026747375	5001.7998046875
853.643478845713	5008.7998046875
856.29583489868	4974.5
858.947336122176	4971.2001953125
861.59798300506	5033.39990234375
864.247776035556	5097
866.896715701222	5091.10009765625
869.544802488959	5074
872.192036885046	5060.39990234375
874.838419375087	5126.7001953125
877.483950444054	5118.2998046875
880.128630576285	5120.89990234375
882.772460255461	5176.2998046875
885.415439964628	5147.39990234375
888.057570186211	5183.7001953125
890.698851401966	5240.39990234375
893.339284093045	5200.5
895.978868739961	5220.2998046875
898.617605822596	5238.5
901.255495820196	5281
903.892539211396	5291.7998046875
906.528736474184	5267.2001953125
909.164088085949	5318.2001953125
911.798594523442	5281.5
914.432256262804	5341.60009765625
917.065073779549	5378.60009765625
919.697047548589	5352.7001953125
922.328178044212	5389.10009765625
924.9584657401	5366.7998046875
927.587911109317	5416.39990234375
930.216514624317	5376.7998046875
932.844276756963	5468.89990234375
935.471197978488	5468.7998046875
938.097278759538	5466.7998046875
940.722519570163	5539.89990234375
943.346920879798	5556.5
945.97048315729	5529.10009765625
948.593206870885	5631.2001953125
951.215092488219	5592.7998046875
953.836140476366	5621.39990234375
956.456351301787	5632.7001953125
959.07572543037	5690.7001953125
961.694263327369	5643.7001953125
964.311965457521	5685.5
966.928832284933	5663.60009765625
969.544864273135	5689.89990234375
972.160061885076	5702.2998046875
974.774425583129	5719.2998046875
977.387955829099	5741.39990234375
980.000653084196	5752.7998046875
982.612517809061	5715.2001953125
985.223550463768	5753.10009765625
987.833751507819	5768
990.443121400135	5801.2001953125
993.051660599081	5776.89990234375
995.659369562449	5864.7998046875
998.266248747469	5794.5
1000.87229861081	5863.60009765625
1003.47751960857	5936.7001953125
1006.0819121963	5883.60009765625
1008.68547682897	5885.5
1011.28821396104	5882.2001953125
1013.89012404635	5878.10009765625
1016.49120753824	5954.7001953125
1019.09146488947	5964.5
1021.69089655226	6025.7001953125
1024.28950297827	5993.60009765625
1026.88728461863	6019.2001953125
1029.48424192392	6033.5
1032.08037534416	6029.2998046875
1034.67568532886	6056.7998046875
1037.27017232694	6145.60009765625
1039.86383678682	6085.5
1042.45667915637	6118.2001953125
1045.04869988293	6130.2998046875
1047.6398994133	6156.7001953125
1050.23027819374	6174.60009765625
1052.81983666998	6227.5
1055.40857528724	6232
1057.99649449018	6254.7001953125
1060.58359472296	6153
1063.1698764292	6237.5
1065.755340052	6258.5
1068.33998603393	6288.39990234375
1070.92381481706	6280.7998046875
1073.50682684291	6304.2001953125
1076.08902255251	6313.60009765625
1078.67040238637	6275.10009765625
1081.25096678445	6268.60009765625
1083.83071618624	6316.7998046875
1086.4096510307	6261.7998046875
1088.98777175629	6369.89990234375
1091.56507880094	6353.2001953125
1094.14157260208	6404.10009765625
1096.71725359664	6407.5
1099.29212222106	6370.60009765625
1101.86617891125	6425.7001953125
1104.43942410262	6390.60009765625
1107.01185823011	6385.2001953125
1109.58348172812	6443.39990234375
1112.15429503057	6455.5
1114.7242985709	6444.60009765625
1117.29349278203	6463.7998046875
1119.86187809642	6477.39990234375
1122.42945494599	6483.2998046875
1124.99622376222	6539.5
1127.56218497606	6565.10009765625
1130.12733901801	6538.60009765625
1132.69168631804	6540.2001953125
1135.25522730568	6543.7001953125
1137.81796240995	6597.7001953125
1140.37989205941	6609.10009765625
1142.9410166821	6638
1145.50133670561	6627.2001953125
1148.06085255708	6617.2001953125
1150.61956466311	6687.5
1153.17747344987	6675.10009765625
1155.73457934305	6646.2001953125
1158.29088276786	6690
1160.84638414903	6612.2998046875
1163.40108391085	6707.7001953125
1165.95498247711	6686.89990234375
1168.50808027116	6733.60009765625
1171.06037771587	6714.5
1173.61187523364	6746.89990234375
1176.16257324643	6733.39990234375
1178.71247217573	6745.2001953125
1181.26157244255	6726.39990234375
1183.80987446746	6787.7998046875
1186.35737867059	6791.2001953125
1188.90408547157	6769.10009765625
1191.44999528961	6710.89990234375
1193.99510854347	6755.2001953125
1196.53942565142	6840.10009765625
1199.08294703133	6847.7001953125
1201.62567310057	6893
1204.16760427611	6877.7001953125
1206.70874097445	6937.7998046875
1209.24908361163	6884
1211.78863260327	6891.10009765625
1214.32738836454	6978.7998046875
1216.86535131017	6999.10009765625
1219.40252185445	7029.5
1221.93890041121	7004.5
1224.47448739389	6951
1227.00928321544	7073
1229.54328828842	7084.89990234375
1232.07650302491	7127.89990234375
1234.60892783662	7152.39990234375
1237.14056313477	7208.2998046875
1239.67140933017	7158.7998046875
1242.2014668332	7241.5
1244.73073605384	7164.60009765625
1247.25921740159	7224.7998046875
1249.78691128558	7254.60009765625
1252.31381811448	7276.89990234375
1254.83993829655	7309.2998046875
1257.36527223962	7327.7001953125
1259.88982035112	7377.2998046875
1262.41358303803	7311.10009765625
1264.93656070696	7377.39990234375
1267.45875376405	7425.2998046875
1269.98016261505	7396.7998046875
1272.50078766531	7371.60009765625
1275.02062931974	7462.7001953125
1277.53968798285	7491.10009765625
1280.05796405875	7478.89990234375
1282.57545795112	7451
1285.09217006325	7506.39990234375
1287.60810079802	7427.89990234375
1290.12325055788	7529.2001953125
1292.63761974492	7606.10009765625
1295.15120876079	7555.89990234375
1297.66401800676	7544.2001953125
1300.17604788367	7566.2998046875
1302.687298792	7554.60009765625
1305.19777113181	7612.60009765625
1307.70746530274	7581.7001953125
1310.21638170408	7625.60009765625
1312.7245207347	7724.2998046875
1315.23188279307	7659.2998046875
1317.73846827728	7675.89990234375
1320.24427758502	7671.60009765625
1322.74931111359	7650.60009765625
1325.25356925991	7726.39990234375
1327.75705242051	7702.2998046875
1330.25976099151	7775.89990234375
1332.76169536868	7720.2001953125
1335.26285594737	7747.2001953125
1337.76324312256	7733
1340.26285728887	7664.39990234375
1342.76169884052	7795.89990234375
1345.25976817132	7735
1347.75706567474	7759
1350.25359174387	7807.10009765625
1352.74934677141	7788.39990234375
1355.24433114968	7778.5
1357.73854527062	7780.10009765625
1360.23198952583	7842
1362.7246643065	7783.7998046875
1365.21657000347	7829.7998046875
1367.7077070072	7831.60009765625
1370.19807570777	7885
1372.68767649492	7941
1375.176509758	7832.89990234375
1377.66457588599	7968.2998046875
1380.15187526753	7923.7998046875
1382.63840829087	7928.7998046875
1385.1241753439	7971
1387.60917681417	7944.10009765625
1390.09341308884	7979.5
1392.57688455474	8103.5
1395.05959159829	8034.2998046875
1397.54153460562	8152.2998046875
1400.02271396243	8113.89990234375
1402.50313005414	8042.2001953125
1404.98278326576	8077.39990234375
1407.46167398196	8077.10009765625
1409.93980258707	8167.2998046875
1412.41716946504	8120.10009765625
1414.89377499951	8215.099609375
1417.36961957373	8128.7001953125
1419.84470357062	8130
1422.31902737275	8201
1424.79259136235	8150.5
1427.26539592129	8147.60009765625
1429.73744143111	8148
1432.20872827299	8218
1434.67925682777	8124
1437.14902747597	8163.10009765625
1439.61804059773	8220
1442.0862965729	8157.10009765625
1444.55379578093	8255.7001953125
1447.02053860099	8210.099609375
1449.48652541188	8228.099609375
1451.95175659206	8189.89990234375
1454.41623251969	8277.7998046875
1456.87995357255	8391.400390625
1459.34292012811	8322.5
1461.80513256351	8288.7998046875
1464.26659125557	8296.5
1466.72729658073	8322.2998046875
1469.18724891517	8365
1471.64644863469	8418.900390625
1474.10489611478	8328.2998046875
1476.5625917306	8437.599609375
1479.01953585699	8393.099609375
1481.47572886844	8381.099609375
1483.93117113917	8457
1486.38586304302	8391
1488.83980495354	8421.2001953125
1491.29299724395	8407.7998046875
1493.74544028715	8484.900390625
1496.19713445573	8552
1498.64808012193	8509
1501.09827765772	8519.2998046875
1503.54772743471	8504.599609375
1505.99642982421	8547.5
1508.44438519723	8474.7001953125
1510.89159392446	8522.7998046875
1513.33805637625	8470.900390625
1515.78377292266	8519.900390625
1518.22874393346	8502.400390625
1520.67296977806	8522.5
1523.11645082559	8518.900390625
1525.55918744488	8519.7998046875
1528.00118000444	8573
1530.44242887245	8637.2998046875
1532.88293441684	8567.099609375
1535.32269700517	8496.2001953125
1537.76171700475	8534
1540.19999478255	8563.400390625
1542.63753070526	8621.7998046875
1545.07432513925	8640
1547.5103784506	8680.7001953125
1549.94569100509	8633.099609375
1552.38026316819	8655.599609375
1554.8140953051	8696.2001953125
1557.24718778067	8711.599609375
1559.67954095952	8657.900390625
1562.11115520592	8778.599609375
1564.54203088386	8666.099609375
1566.97216835704	8775.099609375
1569.40156798888	8732.099609375
1571.83023014248	8821.099609375
1574.25815518067	8772.7001953125
1576.68534346597	8743.599609375
1579.11179536062	8800.2998046875
1581.53751122658	8729.099609375
1583.9624914255	8782.099609375
1586.38673631876	8818.599609375
1588.81024626745	8848.599609375
1591.23302163235	8801.599609375
1593.655062774	8901.400390625
1596.07637005262	8918.099609375
1598.49694382815	8915
1600.91678446025	8842.7001953125
1603.33589230831	8918.5
1605.75426773142	8810.7001953125
1608.1719110884	8881.900390625
1610.58882273779	8869.400390625
1613.00500303784	8836.7998046875
1615.42045234654	8934.2001953125
1617.83517102158	8861.599609375
1620.24915942039	8926.7998046875
1622.66241790012	8916.599609375
1625.07494681764	8955
1627.48674652954	8865.900390625
1629.89781739216	8914.7001953125
1632.30815976152	8898.099609375
1634.71777399343	9012.400390625
1637.12666044338	8921.099609375
1639.53481946661	9040.7001953125
1641.94225141808	8937.5
1644.34895665248	8949.7001953125
1646.75493552424	8945.2001953125
1649.16018838752	8921.599609375
1651.56471559621	8948.400390625
1653.96851750392	8897.7998046875
1656.37159446403	9041
1658.7739468296	8969.099609375
1661.17557495349	8965.2998046875
1663.57647918824	8991
1665.97665988617	8985.099609375
1668.37611739929	9018.900390625
1670.77485207939	8973.7998046875
1673.17286427799	9024.5
1675.57015434633	9021.2001953125
1677.96672263542	8967.7998046875
1680.36256949598	8930.7001953125
1682.7576952785	8954.5
1685.15210033318	8936.5
1687.54578501	9033.400390625
1689.93874965866	9044.2998046875
1692.33099462861	9016
1694.72252026904	9033.400390625
1697.11332692889	9085.900390625
1699.50341495686	9059.099609375
1701.89278470137	9014
1704.28143651061	8994.099609375
1706.66937073251	9090.7001953125
1709.05658771473	9066.599609375
1711.44308780473	9055.7998046875
1713.82887134968	9078.2001953125
1716.21393869648	9021.2998046875
1718.59829019185	9111.400390625
1720.98192618221	9047.900390625
1723.36484701374	9170.599609375
1725.74705303238	9020.7998046875
1728.12854458384	9196.400390625
1730.50932201356	9158.599609375
1732.88938566673	9196.2001953125
1735.26873588834	9118.900390625
1737.64737302307	9182.599609375
1740.02529741544	9162.400390625
1742.40250940964	9177.099609375
1744.77900934969	9214.7998046875
1747.15479757933	9171.599609375
1749.52987444206	9162
1751.90424028116	9217.7001953125
1754.27789543967	9205
1756.65084026037	9224.599609375
1759.02307508582	9194.099609375
1761.39460025833	9282.599609375
1763.76541612	9246.7998046875
1766.13552301265	9244.7001953125
1768.50492127791	9262.2001953125
1770.87361125714	9309.900390625
1773.2415932915	9268.400390625
1775.60886772188	9258.2001953125
1777.97543488896	9364.7001953125
1780.34129513318	9254
1782.70644879475	9198.2998046875
1785.07089621365	9378.5
1787.43463772964	9298.5
1789.7976736822	9287.5
1792.16000441066	9314.599609375
1794.52163025405	9316
1796.88255155121	9308.900390625
1799.24276864074	9386.5
1801.60228186102	9387.7001953125
1803.96109155019	9363.400390625
1806.31919804618	9459.599609375
1808.67660168668	9311.2998046875
1811.03330280916	9461.900390625
1813.38930175088	9410
1815.74459884884	9425.599609375
1818.09919443984	9459.2998046875
1820.45308886047	9442.5
1822.80628244708	9395.099609375
1825.1587755358	9370.2998046875
1827.51056846254	9398.7001953125
1829.86166156297	9404.7001953125
1832.21205517258	9394.900390625
1834.56174962661	9468.099609375
1836.91074526009	9488.7001953125
1839.25904240783	9498.7001953125
1841.60664140443	9476
1843.95354258425	9443.2001953125
1846.29974628146	9439.099609375
1848.64525282998	9535.900390625
1850.99006256356	9460.7001953125
1853.3341758157	9460.5
1855.67759291968	9351.400390625
1858.02031420858	9522.5
1860.36234001528	9485.099609375
1862.70367067241	9479
1865.04430651244	9556.900390625
1867.38424786755	9554.099609375
1869.72349506978	9558
1872.06204845094	9573
1874.39990834258	9587.7998046875
1876.73707507612	9573.599609375
1879.07354898269	9475.7998046875
1881.40933039328	9611.7001953125
1883.74441963861	9532.5
1886.07881704925	9641.400390625
1888.41252295551	9618.2001953125
1890.74553768751	9568.400390625
1893.07786157519	9542.099609375
1895.40949494822	9620.599609375
1897.74043813615	9539.900390625
1900.07069146823	9525.7001953125
1902.40025527357	9623.400390625
1904.72912988106	9577.099609375
1907.05731561938	9497.099609375
1909.38481281699	9692.5
1911.71162180217	9571.7001953125
1914.037742903	9589.400390625
1916.36317644734	9677
1918.68792276284	9617.7998046875
1921.01198217697	9640.400390625
1923.33535501699	9643.7001953125
1925.65804160996	9610.099609375
1927.98004228273	9582.7998046875
1930.30135736196	9689.599609375
1932.6219871741	9731.599609375
1934.94193204543	9769.099609375
1937.26119230198	9656.2001953125
1939.57976826962	9654.5
1941.89766027402	9670.900390625
1944.21486864062	9754.2001953125
1946.53139369472	9731.7998046875
1948.84723576137	9753.599609375
1951.16239516543	9734.400390625
1953.47687223159	9757.400390625
1955.79066728434	9708.5
1958.10378064794	9756.7001953125
1960.4162126465	9740.099609375
1962.7279636039	9737.5
1965.03903384385	9748.5
1967.34942368987	9789.599609375
1969.65913346524	9841.400390625
1971.96816349311	9849
1974.2765140964	9831.900390625
1976.58418559784	9871.5
1978.89117831997	9768.599609375
1981.19749258516	9779
1983.50312871555	9888.7001953125
1985.80808703313	9831.599609375
1988.11236785967	9894.400390625
1990.41597151676	9839.900390625
1992.71889832581	9824.099609375
1995.02114860801	9887
1997.3227226844	9974
1999.62362087581	9807.099609375
2001.92384350288	9919
2004.22339088608	9981.5
2006.52226334567	9871.900390625
2008.82046120173	9886
2011.11798477417	9857.400390625
2013.41483438269	9899.7998046875
2015.71101034681	9951.599609375
2018.00651298588	9908.7998046875
2020.30134261905	9968
2022.59549956528	10023.7001953125
2024.88898414337	10041.7998046875
2027.1817966719	10002.900390625
2029.4739374693	10041.2001953125
2031.76540685379	9987.099609375
2034.05620514342	9974.599609375
2036.34633265607	10008.400390625
2038.6357897094	9933.099609375
2040.92457662092	9958.5
2043.21269370795	10007.099609375
2045.50014128763	10033.900390625
2047.78691967691	10073.7998046875
2050.07302919256	10019.599609375
2052.35847015118	9968.2998046875
2054.64324286919	9998.7998046875
2056.9273476628	9958.7998046875
2059.21078484808	10045.5
2061.4935547409	10120.2998046875
2063.77565765696	9969.599609375
2066.05709391176	10089.900390625
2068.33786382065	9995.7998046875
2070.61796769879	10096.900390625
2072.89740586116	10017.099609375
2075.17617862255	9981.7001953125
2077.45428629759	10068
2079.73172920075	9994.2998046875
2082.00850764627	10065
2084.28462194827	10054.2001953125
2086.56007242065	10010.400390625
2088.83485937717	10108.099609375
2091.10898313139	10101.7001953125
2093.3824439967	10167.2998046875
2095.65524228632	10110.2998046875
2097.92737831328	10140.900390625
2100.19885239047	10165
2102.46966483057	10144.2998046875
2104.7398159461	10193.599609375
2107.00930604941	10237
2109.27813545267	10196.2998046875
2111.54630446787	10217.2998046875
2113.81381340685	10240.400390625
2116.08066258126	10191.5
2118.34685230257	10215
2120.61238288211	10464.400390625
2122.87725463099	10325
2125.1414678602	10423.900390625
2127.40502288052	10291.5
2129.66792000257	10303.7001953125
2131.93015953682	10332.900390625
2134.19174179353	10281.5
2136.45266708282	10236.5
2138.71293571463	10321.2998046875
2140.97254799873	10396.2001953125
2143.23150424473	10292.5
2145.48980476205	10325.400390625
2147.74744985996	10350.7998046875
2150.00443984754	10373.400390625
2152.26077503373	10369.900390625
2154.51645572728	10334.2998046875
2156.77148223677	10373.400390625
2159.02585487064	10367.599609375
2161.27957393713	10351.7998046875
2163.53263974432	10414.900390625
2165.78505260012	10300.7998046875
2168.0368128123	10373.2998046875
2170.28792068844	10355.099609375
2172.53837653595	10299.2998046875
2174.78818066207	10361.2001953125
2177.03733337389	10348
2179.28583497833	10245.099609375
2181.53368578214	10242.400390625
2183.78088609192	10335.599609375
2186.02743621406	10392.2998046875
2188.27333645484	10344.2001953125
2190.51858712033	10262.099609375
2192.76318851646	10204.5
2195.00714094901	10237.2998046875
2197.25044472354	10313.7998046875
2199.49310014551	10273.7001953125
2201.73510752018	10384.7998046875
2203.97646715265	10214.099609375
2206.21717934786	10349.2998046875
2208.45724441058	10337.099609375
2210.69666264543	10342.599609375
2212.93543435686	10305.2998046875
2215.17355984914	10332.7001953125
2217.41103942642	10378.5
2219.64787339264	10284.099609375
2221.8840620516	10328.7998046875
2224.11960570695	10266.5
2226.35450466215	10309.7998046875
2228.58875922051	10368.7001953125
2230.82236968518	10407.2001953125
2233.05533635916	10315.7998046875
2235.28765954527	10296.599609375
2237.51933954617	10415.2998046875
2239.75037666437	10402
2241.98077120221	10421.599609375
2244.21052346188	10404.599609375
2246.4396337454	10456.7998046875
2248.66810235461	10356.599609375
2250.89592959125	10471.2001953125
2253.12311575681	10491.599609375
2255.34966115272	10498.7998046875
2257.57556608017	10530.099609375
2259.80083084023	10429
2262.02545573381	10481.2998046875
2264.24944106163	10385.2001953125
2266.47278712429	10420
2268.69549422221	10416.7001953125
2270.91756265564	10529.2998046875
2273.1389927247	10442.5
2275.35978472934	10484
2277.57993896933	10405.099609375
2279.79945574431	10489.900390625
2282.01833535375	10430.5
2284.23657809696	10518.7001953125
2286.45418427309	10442.099609375
2288.67115418114	10491.900390625
2290.88748811995	10431.099609375
2293.10318638819	10497.5
2295.3182492844	10442.7001953125
2297.53267710693	10487
2299.746470154	10466.7001953125
2301.95962872364	10438.7001953125
2304.17215311376	10523.7001953125
2306.3840436221	10486.7998046875
2308.59530054621	10519.7998046875
2310.80592418354	10466.2998046875
2313.01591483134	10483
2315.22527278673	10469.7998046875
2317.43399834666	10564
2319.64209180791	10485.2998046875
2321.84955346713	10417.099609375
2324.05638362079	10448.900390625
2326.26258256524	10497.400390625
2328.46815059664	10515.599609375
2330.67308801098	10483.2001953125
2332.87739510415	10498.099609375
2335.08107217184	10558.599609375
2337.2841195096	10508.5
2339.48653741281	10595.7001953125
2341.68832617672	10588.2001953125
2343.8894860964	10660.2001953125
2346.09001746678	10555.400390625
2348.28992058261	10577.7998046875
2350.48919573852	10548.400390625
2352.68784322898	10552.900390625
2354.88586334826	10550.2998046875
2357.08325639055	10630.900390625
2359.2800226498	10599
2361.47616241988	10595.900390625
2363.67167599445	10585.5
2365.86656366706	10551.7001953125
2368.06082573107	10543
2370.2544624797	10636.2001953125
2372.44747420603	10650.2001953125
2374.63986120295	10512.400390625
2376.83162376322	10601.599609375
2379.02276217945	10540.7001953125
2381.21327674408	10586.2998046875
2383.4031677494	10568.900390625
2385.59243548756	10592.599609375
2387.78108025053	10507.599609375
2389.96910233014	10613.7001953125
2392.15650201809	10594.400390625
2394.34327960587	10626.599609375
2396.52943538486	10634.400390625
2398.71496964628	10567.5
2400.89988268118	10560.099609375
2403.08417478048	10582.2001953125
2405.26784623491	10595.2998046875
2407.45089733509	10651.5
2409.63332837146	10657.400390625
2411.81513963429	10631.400390625
2413.99633141375	10468.099609375
2416.1769039998	10541.400390625
2418.35685768227	10471.599609375
2420.53619275084	10516.599609375
2422.71490949505	10550.900390625
2424.89300820425	10529.7998046875
2427.07048916765	10565.2998046875
2429.24735267433	10539.7001953125
2431.42359901319	10551.099609375
2433.59922847297	10556.900390625
2435.7742413423	10499.2998046875
2437.94863790961	10511.400390625
2440.12241846321	10539.7998046875
2442.29558329121	10472.7998046875
2444.46813268162	10568.2998046875
2446.64006692228	10554.900390625
2448.81138630086	10505.2998046875
2450.98209110489	10426.400390625
2453.15218162174	10485.2001953125
2455.32165813864	10484.5
2457.49052094265	10600.7001953125
2459.65877032069	10573.2001953125
2461.8264065595	10634.5
2463.99342994572	10602.5
2466.15984076579	10698
2468.325639306	10585.900390625
2470.49082585251	10677.2998046875
2472.65540069131	10671.2998046875
2474.81936410824	10614.900390625
2476.98271638899	10661.7998046875
2479.14545781909	10709.2001953125
2481.30758868392	10583.2001953125
2483.4691092687	10707.2998046875
2485.63001985852	10615
2487.79032073829	10723.2001953125
2489.95001219277	10630.5
2492.10909450659	10640.599609375
2494.26756796419	10716.599609375
2496.42543284989	10658.599609375
2498.58268944783	10681.599609375
2500.73933804202	10674.099609375
2502.8953789163	10640
2505.05081235436	10667.7998046875
2507.20563863974	10673.2001953125
2509.35985805582	10701.400390625
2511.51347088583	10621.099609375
2513.66647741285	10634.7998046875
2515.81887791981	10643.099609375
2517.97067268946	10701.900390625
2520.12186200443	10718.099609375
2522.27244614716	10658.099609375
2524.42242539999	10550.2001953125
2526.57180004504	10538.2001953125
2528.72057036433	10539.7998046875
2530.8687366397	10583.7998046875
2533.01629915284	10625.099609375
2535.16325818527	10590.099609375
2537.30961401839	10622.099609375
2539.45536693343	10616.7001953125
2541.60051721145	10544.099609375
2543.74506513338	10462.900390625
2545.88901097997	10585
2548.03235503185	10459.5
2550.17509756946	10548.2998046875
2552.31723887311	10488.599609375
2554.45877922293	10573.7001953125
2556.59971889893	10404.7998046875
2558.74005818094	10535.900390625
2560.87979734864	10511.099609375
2563.01893668155	10543.7001953125
2565.15747645906	10461.2998046875
2567.29541696037	10555.099609375
2569.43275846454	10479.599609375
2571.56950125049	10497.599609375
2573.70564559696	10479.2001953125
2575.84119178254	10484.5
2577.97614008569	10440.7001953125
2580.11049078468	10435.900390625
2582.24424415764	10493.400390625
2584.37740048255	10651.7001953125
2586.50996003722	10522.599609375
2588.64192309931	10569.099609375
2590.77328994634	10439.5
2592.90406085564	10468.2001953125
2595.03423610442	10470.7001953125
2597.16381596971	10444
2599.29280072839	10521.7998046875
2601.42119065719	10518
2603.54898603267	10485.599609375
2605.67618713125	10513.900390625
2607.80279422919	10529.2998046875
2609.92880760257	10561.7998046875
2612.05422752735	10577.900390625
2614.17905427932	10560.099609375
2616.30328813408	10504
2618.42692936713	10619.5
2620.54997825377	10455.599609375
2622.67243506915	10444.7998046875
2624.79430008828	10551.099609375
2626.915573586	10570.7001953125
2629.03625583699	10499.5
2631.15634711579	10521.2001953125
2633.27584769675	10497.900390625
2635.39475785408	10519.2001953125
2637.51307786185	10520.2998046875
2639.63080799394	10565.2998046875
2641.74794852409	10497.7001953125
2643.86449972589	10633.2998046875
2645.98046187273	10580.599609375
2648.0958352379	10494.2998046875
2650.21062009449	10464.400390625
2652.32481671544	10498.599609375
2654.43842537353	10447.099609375
2656.5514463414	10575.7001953125
2658.66387989151	10495.900390625
2660.77572629616	10447.5
2662.88698582751	10468.900390625
2664.99765875753	10450.7998046875
2667.10774535806	10617.7001953125
2669.21724590076	10529.099609375
2671.32616065714	10460.7998046875
2673.43448989857	10566.5
2675.5422338962	10438.400390625
2677.64939292108	10471.7001953125
2679.75596724408	10474.7001953125
2681.86195713589	10501.2998046875
2683.96736286707	10452.2998046875
2686.07218470799	10522
2688.17642292889	10497.2998046875
2690.28007779982	10522.599609375
2692.38314959069	10477.2998046875
2694.48563857123	10464.599609375
2696.58754501103	10405.400390625
2698.6888691795	10426.400390625
2700.78961134588	10446.7998046875
2702.8897717793	10464.5
2704.98935074864	10457.900390625
2707.08834852271	10446.599609375
2709.18676537009	10435.7998046875
2711.28460155925	10429.900390625
2713.38185735843	10467.2001953125
2715.47853303577	10436.7001953125
2717.57462885924	10404.400390625
2719.67014509659	10423.7001953125
2721.76508201548	10334
2723.85943988337	10418.2998046875
2725.95321896754	10352.599609375
2728.04641953515	10413.7998046875
2730.13904185316	10423.2001953125
2732.23108618837	10359.099609375
2734.32255280744	10367.400390625
2736.41344197683	10390.599609375
2738.50375396288	10437.2998046875
2740.5934890317	10351
2742.68264744932	10382.5
2744.77122948153	10454.099609375
2746.85923539398	10393.5
2748.94666545217	10326.2998046875
2751.03351992142	10370.7001953125
2753.11979906688	10307.2001953125
2755.20550315355	10301.2001953125
2757.29063244624	10297.5
2759.37518720963	10189.7001953125
2761.45916770819	10203.599609375
2763.54257420625	10304
2765.62540696797	10362.900390625
2767.70766625733	10287
2769.78935233816	10312.099609375
2771.87046547413	10184.900390625
2773.95100592869	10277.2998046875
2776.03097396519	10352.5
2778.11036984677	10301
2780.18919383641	10257.400390625
2782.26744619693	10200.599609375
2784.34512719097	10265.599609375
2786.42223708102	10298
2788.49877612937	10268.7001953125
2790.57474459816	10239.099609375
2792.65014274937	10302.7001953125
2794.7249708448	10302.400390625
2796.79922914607	10277.900390625
2798.87291791465	10263.7001953125
2800.94603741181	10414.599609375
2803.01858789869	10317.599609375
2805.09056963623	10233.599609375
2807.1619828852	10267.2001953125
2809.23282790621	10246.599609375
2811.30310495971	10319.900390625
2813.37281430593	10275.2998046875
2815.441956205	10239.099609375
2817.51053091682	10197.5
2819.57853870114	10277.400390625
2821.64597981753	10205.400390625
2823.7128545254	10253.900390625
2825.77916308399	10238.900390625
2827.84490575233	10142.400390625
2829.91008278933	10228.400390625
2831.97469445369	10155.5
2834.03874100395	10124.7998046875
2836.10222269847	10193.099609375
2838.16513979544	10116.2001953125
2840.22749255288	10216.2998046875
2842.28928122863	10252.2998046875
2844.35050608034	10164
2846.41116736553	10195.900390625
2848.47126534149	10214
2850.53080026537	10150
2852.58977239414	10137.400390625
2854.64818198459	10101.7001953125
2856.70602929332	10053.5
2858.76331457678	10121.400390625
2860.82003809123	10100.400390625
2862.87620009274	10247.099609375
2864.93180083723	10153.5
2866.98684058043	10214.5
2869.04131957789	10139.400390625
2871.09523808497	10131.599609375
2873.14859635689	10123.2001953125
2875.20139464866	10094.5
2877.2536332151	10145.5
2879.30531231091	10145.900390625
2881.35643219054	10156.400390625
2883.40699310831	10133.900390625
2885.45699531834	10089
2887.50643907457	10111.900390625
2889.55532463077	10073
2891.60365224053	10057.7998046875
2893.65142215724	10139.7998046875
2895.69863463414	10002.2001953125
2897.74528992426	10098.099609375
2899.79138828046	10044.2001953125
2901.83692995544	10071
2903.88191520168	10015.2998046875
2905.92634427151	10079.2001953125
2907.97021741706	9981.599609375
2910.01353489027	9983
2912.05629694294	9999.7998046875
2914.09850382663	9943.2998046875
2916.14015579276	10065.5
2918.18125309254	10011.7001953125
2920.22179597702	10052.5
2922.26178469705	10034.2998046875
2924.30121950329	10046.7998046875
2926.34010064624	10004
2928.37842837619	10093.099609375
2930.41620294326	10045.5
2932.45342459737	9999.2998046875
2934.49009358828	10000.7001953125
2936.52621016555	10099.599609375
2938.56177457854	10003.5
2940.59678707645	10032.900390625
2942.63124790827	10050.7001953125
2944.66515732282	9953
2946.69851556873	10122.7998046875
2948.73132289443	9992.900390625
2950.76357954817	9975.7998046875
2952.79528577803	9892.400390625
2954.82644183188	9942.599609375
2956.85704795741	9927.7998046875
2958.8871044021	9980.900390625
2960.91661141328	9945.7998046875
2962.94556923807	9953.099609375
2964.97397812339	9931.599609375
2967.00183831598	9913.2998046875
2969.0291500624	9854.099609375
2971.05591360902	9873.2001953125
2973.08212920199	9908.7998046875
2975.1077970873	9894.5
2977.13291751074	9871.400390625
2979.1574907179	9923.2998046875
2981.18151695419	9840.599609375
2983.20499646482	9878
2985.2279294948	9865.7998046875
2987.25031628898	9830.099609375
2989.27215709199	9823.900390625
2991.29345214825	9878.7998046875
2993.31420170204	9767.400390625
2995.33440599738	9776.7001953125
2997.35406527816	9834.599609375
2999.37317978802	9766.400390625
3001.39174977045	9900.400390625
3003.40977546872	9801.900390625
3005.42725712591	9810.900390625
3007.44419498491	9815.2998046875
3009.4605892884	9783.900390625
3011.47644027889	9731
3013.49174819865	9807.599609375
3015.5065132898	9737.900390625
3017.52073579424	9819.400390625
3019.53441595366	9738.900390625
3021.54755400959	9714.7998046875
3023.56015020332	9677.599609375
3025.57220477598	9703.7998046875
3027.58371796846	9719.7001953125
3029.5946900215	9793
3031.6051211756	9725.599609375
3033.61501167107	9696.400390625
3035.62436174803	9657.599609375
3037.6331716464	9553.900390625
3039.64144160588	9659.5
3041.649171866	9620.5
3043.65636266607	9624.2001953125
3045.6630142452	9649.099609375
3047.66912684229	9624.099609375
3049.67470069605	9563
3051.679736045	9571.599609375
3053.68423312742	9466.7998046875
3055.68819218143	9572.400390625
3057.6916134449	9582.7001953125
3059.69449715556	9530.7001953125
3061.69684355086	9553.7998046875
3063.6986528681	9512.5
3065.69992534437	9455.2998046875
3067.70066121653	9509.400390625
3069.70086072126	9537.599609375
3071.700524095	9442.5
3073.69965157405	9546.400390625
3075.69824339442	9475.599609375
3077.69629979197	9548.400390625
3079.69382100235	9526.599609375
3081.69080726098	9528.599609375
3083.68725880307	9418
3085.68317586366	9446.7998046875
3087.67855867755	9473.099609375
3089.67340747933	9469
3091.6677225034	9471.900390625
3093.66150398392	9447
3095.6547521549	9486.2998046875
3097.64746725006	9548.099609375
3099.63964950297	9465.400390625
3101.63129914698	9508.2001953125
3103.6224164152	9458.2998046875
3105.61300154056	9401.7998046875
3107.60305475576	9559.7001953125
3109.59257629331	9437.7001953125
3111.58156638547	9443.7998046875
3113.57002526432	9437.400390625
3115.55795316172	9576.2998046875
3117.54535030932	9479.099609375
3119.53221693853	9499.2001953125
3121.51855328057	9459.2001953125
3123.50435956646	9540.400390625
3125.48963602698	9490.7001953125
3127.4743828927	9440
3129.45860039397	9445.599609375
3131.44228876093	9452.599609375
3133.42544822353	9362.599609375
3135.40807901145	9445.5
3137.39018135418	9500.900390625
3139.37175548102	9528.7998046875
3141.35280162101	9462.7001953125
3143.33332000299	9381.400390625
3145.31331085559	9435.5
3147.2927744072	9301.2998046875
3149.27171088602	9316.5
3151.25012052	9409.5
3153.22800353689	9356.400390625
3155.20536016422	9366.7998046875
3157.18219062929	9406.2001953125
3159.15849515918	9251.7001953125
3161.13427398075	9271.099609375
3163.10952732066	9283.599609375
3165.08425540532	9298.5
3167.05845846092	9258.5
3169.03213671344	9262
3171.00529038863	9231
3172.97791971203	9332.5
3174.95002490893	9208.599609375
3176.92160620443	9241.5
3178.89266382337	9222.900390625
3180.8631979904	9240.599609375
3182.83320892991	9155.2998046875
3184.80269686609	9170.7001953125
3186.77166202289	9134.099609375
3188.74010462406	9139
3190.70802489307	9246.7001953125
3192.67542305323	9203.2998046875
3194.64229932757	9312.5
3196.60865393892	9196.599609375
3198.57448710987	9171
3200.53979906279	9159.7998046875
3202.50459001981	9153.400390625
3204.46886020284	9090.599609375
3206.43260983356	9167.099609375
3208.39583913341	9152.2998046875
3210.35854832362	9210
3212.32073762517	9125
3214.28240725881	9170.400390625
3216.24355744508	9219
3218.20418840426	9147.2998046875
3220.16430035642	9213.900390625
3222.12389352137	9110.400390625
3224.08296811873	9130.099609375
3226.04152436784	9205
3227.99956248784	9144.7998046875
3229.95708269762	9170.400390625
3231.91408521584	9133.900390625
3233.87057026092	9159.7998046875
3235.82653805105	9178.2001953125
3237.78198880419	9109
3239.73692273806	9203.400390625
3241.69134007013	9176.5
3243.64524101764	9173.099609375
3245.59862579761	9179.7998046875
3247.55149462681	9195.7001953125
3249.50384772176	9144.7001953125
3251.45568529877	9165.2998046875
3253.40700757387	9112.099609375
3255.35781476288	9164.400390625
3257.3081070814	9045
3259.25788474473	9141.400390625
3261.20714796799	9156.5
3263.15589696602	9104.900390625
3265.10413195345	9128.7001953125
3267.05185314463	9037.400390625
3268.9990607537	9082
3270.94575499455	9149.400390625
3272.89193608081	9102.5
3274.8376042259	9169.599609375
3276.78275964296	9043.900390625
3278.72740254492	8950.900390625
3280.67153314443	9065.400390625
3282.61515165393	9070.2998046875
3284.55825828559	8986.7998046875
3286.50085325135	8941.2998046875
3288.44293676289	9022
3290.38450903165	8993
3292.32557026883	8980.7001953125
3294.26612068537	8971.2001953125
3296.20616049198	8932.099609375
3298.14568989911	8890.2001953125
3300.08470911695	8922.099609375
3302.02321835546	8878.7001953125
3303.96121782435	8939.400390625
3305.89870773306	8879.2001953125
3307.83568829081	8883.400390625
3309.77215970655	8861.400390625
3311.70812218898	8916.2998046875
3313.64357594655	8773.5
3315.57852118747	8780
3317.51295811968	8925.7998046875
3319.44688695087	8868.900390625
3321.38030788849	8822.5
3323.31322113973	8788.400390625
3325.24562691152	8856.5
3327.17752541055	8833.7001953125
3329.10891684322	8867
3331.03980141573	8836.2001953125
3332.97017933399	8920.2001953125
3334.90005080364	8860.599609375
3336.82941603011	8849.599609375
3338.75827521852	8806.099609375
3340.68662857377	8849.599609375
3342.6144763005	8775.7001953125
3344.54181860308	8791.400390625
3346.46865568561	8827.400390625
3348.39498775195	8738.900390625
3350.32081500571	8803.099609375
3352.24613765022	8850.7001953125
3354.17095588855	8812.5
3356.09526992352	8838.2998046875
3358.01907995769	8813.099609375
3359.94238619334	8812.599609375
3361.86518883251	8811.2001953125
3363.78748807697	8765.7001953125
3365.70928412823	8887.7998046875
3367.63057718752	8923.099609375
3369.55136745582	8769.099609375
3371.47165513386	8870.900390625
3373.39144042208	8780.7001953125
3375.31072352066	8746.2001953125
3377.22950462953	8778
3379.14778394834	8811.400390625
3381.06556167648	8745.2998046875
3382.98283801308	8760.7001953125
3384.89961315697	8805.900390625
3386.81588730676	8792.2998046875
3388.73166066076	8827.400390625
3390.64693341702	8761.599609375
3392.56170577332	8728.7998046875
3394.47597792716	8719.2998046875
3396.38975007581	8738.400390625
3398.30302241623	8697
3400.21579514512	8703.400390625
3402.1280684589	8724.5
3404.03984255374	8635.599609375
3405.95111762553	8706.2001953125
3407.86189386987	8716.599609375
3409.77217148212	8713.7998046875
3411.68195065733	8700
3413.5912315903	8717.7998046875
3415.50001447556	8695.5
3417.40829950735	8638.599609375
3419.31608687963	8635.7001953125
3421.22337678611	8675.7001953125
3423.1301694202	8578.7998046875
3425.03646497504	8598.5
3426.9422636435	8588.7998046875
3428.84756561816	8582.2001953125
3430.75237109135	8592.7998046875
3432.65668025508	8641
3434.56049330112	8583.7998046875
3436.46381042093	8691.599609375
3438.36663180571	8640.7001953125
3440.26895764638	8648.7001953125
3442.17078813357	8597.7001953125
3444.07212345762	8577.2001953125
3445.97296380863	8601.400390625
3447.87330937636	8560.099609375
3449.77316035033	8612.5
3451.67251691977	8573.5
3453.57137927361	8447.7001953125
3455.46974760052	8573.2001953125
3457.36762208886	8484.7998046875
3459.26500292671	8515.2001953125
3461.16189030191	8531.2998046875
3463.05828440194	8516.2001953125
3464.95418541406	8533.099609375
3466.84959352519	8515.2998046875
3468.74450892201	8424.400390625
3470.63893179088	8482.2001953125
3472.53286231788	8447.5
3474.42630068881	8595.599609375
3476.31924708918	8504.599609375
3478.2117017042	8455.7998046875
3480.1036647188	8554
3481.99513631761	8580.2998046875
3483.88611668498	8531.7001953125
3485.77660600498	8521.599609375
3487.66660446135	8564.099609375
3489.55611223758	8603
3491.44512951683	8554.7001953125
3493.333656482	8514
3495.22169331568	8575.400390625
3497.10924020016	8440.099609375
3498.99629731746	8424.099609375
3500.88286484927	8493.7998046875
3502.76894297702	8507.400390625
3504.65453188182	8524.900390625
3506.53963174449	8490.2001953125
3508.42424274555	8433
3510.30836506524	8438.7001953125
3512.19199888349	8439.900390625
3514.07514437992	8418.5
3515.95780173387	8316.099609375
3517.83997112437	8398.2001953125
3519.72165273016	8406.2998046875
3521.60284672967	8387.2998046875
3523.48355330104	8408.900390625
3525.36377262208	8382.2998046875
3527.24350487035	8378.599609375
3529.12275022306	8337.599609375
3531.00150885715	8351.599609375
3532.87978094923	8339.2001953125
3534.75756667562	8344
3536.63486621235	8320
3538.51167973512	8319.900390625
3540.38800741934	8342.900390625
3542.26384944011	8282.7001953125
3544.13920597223	8296.7001953125
3546.01407719018	8304.7998046875
3547.88846326815	8349
3549.76236438002	8379.599609375
3551.63578069934	8283.900390625
3553.50871239938	8257
3555.38115965309	8186.7001953125
3557.25312263311	8196.7001953125
3559.12460151177	8261.2001953125
3560.99559646109	8320.900390625
3562.86610765279	8211.099609375
3564.73613525825	8318
3566.60567944857	8280.5
3568.47474039453	8204.7001953125
3570.34331826658	8247.900390625
3572.21141323487	8304.7001953125
3574.07902546925	8214.400390625
3575.94615513922	8310.2001953125
3577.81280241401	8271
3579.67896746249	8255
3581.54465045325	8243.2001953125
3583.40985155455	8257
3585.27457093432	8305.2998046875
3587.1388087602	8261.900390625
3589.00256519949	8288.2998046875
3590.86584041919	8312.7998046875
3592.72863458597	8298.2998046875
3594.59094786618	8316.400390625
3596.45278042585	8338.900390625
3598.31413243069	8306
3600.17500404611	8328.599609375
3602.03539543717	8188.60009765625
3603.89530676861	8241.099609375
3605.75473820488	8293.2998046875
3607.61368991007	8213.900390625
3609.47216204797	8265.2001953125
3611.33015478203	8198.599609375
3613.18766827539	8225
3615.04470269087	8269.599609375
3616.90125819094	8223.2998046875
3618.75733493776	8213.400390625
3620.61293309318	8204.599609375
3622.46805281869	8208.599609375
3624.32269427547	8143.7001953125
3626.17685762439	8194.599609375
3628.03054302596	8217.5
3629.88375064038	8235.400390625
3631.73648062751	8169.10009765625
3633.5887331469	8208.099609375
3635.44050835775	8147.7001953125
3637.29180641893	8078.60009765625
3639.14262748899	8089.2001953125
3640.99297172614	8077.7998046875
3642.84283928828	8152.7998046875
3644.69223033294	8120.7998046875
3646.54114501734	8092
3648.38958349836	8125.7001953125
3650.23754593256	8064.89990234375
3652.08503247614	8084.10009765625
3653.93204328497	8137.2001953125
3655.77857851462	8067.7001953125
3657.62463832028	8040.60009765625
3659.47022285682	8075.7001953125
3661.31533227877	8085.2001953125
3663.15996674033	8055
3665.00412639535	7984.7998046875
3666.84781139736	8074.7998046875
3668.69102189953	8057.5
3670.5337580547	7977.2998046875
3672.37602001537	8062.39990234375
3674.21780793368	8036.89990234375
3676.05912196148	8091.7001953125
3677.89996225021	8009.39990234375
3679.74032895103	8027.39990234375
3681.58022221471	7963.2998046875
3683.41964219171	7995.39990234375
3685.25858903211	8013.60009765625
3687.0970628857	8005.39990234375
3688.93506390186	8016.2998046875
3690.77259222968	8102.7998046875
3692.60964801787	8056.89990234375
3694.44623141481	7983.10009765625
3696.28234256853	8011.10009765625
3698.11798162669	7989
3699.95314873665	7878.7001953125
3701.78784404537	7986.60009765625
3703.62206769951	8026.10009765625
3705.45581984533	8001.2001953125
3707.28910062877	8100.10009765625
3709.12191019542	8071.10009765625
3710.95424869052	8057.7998046875
3712.78611625894	8043
3714.6175130452	8017
3716.44843919349	7973.5
3718.27889484764	8042.5
3720.1088801511	7983.10009765625
3721.93839524699	7887.2001953125
3723.76744027808	7983.7998046875
3725.59601538677	7944.2001953125
3727.4241207151	7999.7998046875
