40.2973356941271	1129.59997558594
43.2236257608418	1132.09997558594
46.1488808466109	1134.90002441406
49.0731017336173	1138.19995117188
51.9962892025666	1140.59997558594
54.9184440327569	1145.59997558594
57.8395670020446	1150.90002441406
60.7596588868509	1153.40002441406
63.6787204621708	1160.90002441406
66.5967525015794	1170.30004882813
69.5137557772381	1175.59997558594
72.4297310598838	1197
75.3446791188512	1212.90002441406
78.2586007220466	1241.09997558594
81.1714966360015	1258.80004882813
84.0833676258266	1305.19995117188
86.994214455242	1353.80004882813
89.9040378865662	1401.30004882813
92.8128386807427	1455.5
95.7206175973133	1506.90002441406
98.6273753944444	1535.09997558594
101.533112828928	1585.5
104.437830656161	1610.30004882813
107.34152963018	1634.5
110.244210503676	1617.80004882813
113.145874027931	1619.5
116.046520952895	1603.59997558594
118.946152027154	1640.40002441406
121.844767997933	1627.19995117188
124.74236961111	1627.5
127.638957611212	1636.69995117188
130.534532741422	1628
133.429095743606	1621.5
136.322647358252	1640.40002441406
139.215188324544	1649.90002441406
142.106719380311	1671.40002441406
144.997241262089	1650.19995117188
147.886754705057	1661.59997558594
150.775260443096	1639
153.662759208748	1665.09997558594
156.549251733282	1658.40002441406
159.434738746612	1666
162.319220977376	1672.5
165.20269915289	1662
168.085173999178	1667.5
170.966646240977	1675.40002441406
173.847116601709	1672
176.726585803528	1677.59997558594
179.605054567295	1667.5
182.48252361259	1676.5
185.358993657701	1679.80004882813
188.234465419645	1687.80004882813
191.108939614183	1682.80004882813
193.982416955795	1674.59997558594
196.854898157687	1671.30004882813
199.726383931801	1674.09997558594
202.596874988835	1681.80004882813
205.466372038225	1687.30004882813
208.334875788145	1697.5
211.202386945534	1705.80004882813
214.068906216069	1729.09997558594
216.934434304194	1726.90002441406
219.798971913111	1711.40002441406
222.662519744776	1733.30004882813
225.525078499925	1729
228.386648878069	1721.09997558594
231.247231577465	1724.5
234.106827295172	1734.69995117188
236.965436727012	1736.69995117188
239.823060567597	1738.69995117188
242.679699510337	1759.5
245.535354247396	1730.80004882813
248.390025469775	1743.69995117188
251.243713867223	1731.19995117188
254.096420128327	1762.30004882813
256.948144940459	1750.80004882813
259.798888989788	1764.09997558594
262.648652961315	1758.59997558594
265.49743753883	1742.5
268.345243404939	1775.90002441406
271.192071241073	1781
274.037921727485	1778.40002441406
276.882795543246	1769.69995117188
279.72669336624	1773.59997558594
282.569615873213	1768.69995117188
285.411563739724	1763.30004882813
288.252537640165	1775.69995117188
291.092538247763	1781.40002441406
293.931566234616	1797.30004882813
296.769622271633	1809.69995117188
299.606707028594	1807.30004882813
302.442821174104	1819.5
305.277965375652	1791.59997558594
308.112140299574	1815.09997558594
310.945346611062	1822.30004882813
313.777584974167	1835.80004882813
316.608856051813	1833.69995117188
319.439160505797	1829.19995117188
322.268498996783	1840.09997558594
325.096872184303	1839.90002441406
327.924280726782	1841.80004882813
330.750725281521	1847.90002441406
333.576206504693	1838
336.400725051388	1863.90002441406
339.224281575542	1845
342.046876730026	1856.19995117188
344.868511166586	1853.19995117188
347.689185535872	1873.5
350.508900487421	1861.69995117188
353.327656669699	1880.5
356.145454730079	1857.90002441406
358.962295314817	1873.80004882813
361.778179069105	1862.30004882813
364.593106637051	1857.30004882813
367.407078661675	1875.40002441406
370.220095784913	1865.59997558594
373.032158647655	1898.59997558594
375.843267889676	1865.30004882813
378.653424149715	1906.69995117188
381.462628065436	1910
384.270880273432	1918.40002441406
387.078181409254	1925.40002441406
389.884532107358	1933.40002441406
392.689933001188	1940.69995117188
395.494384723112	1929.90002441406
398.29788790445	1959.59997558594
401.100443175488	1939.69995117188
403.902051165437	1954.80004882813
406.702712502518	1944.90002441406
409.502427813866	1986.80004882813
412.301197725607	1955.19995117188
415.099022862823	1956.09997558594
417.89590384957	1970.90002441406
420.691841308876	1990.90002441406
423.486835862752	1993.90002441406
426.280888132173	1969.5
429.073998737112	1993.40002441406
431.866168296507	1985.30004882813
434.657397428298	1988.19995117188
437.447686749412	2006.59997558594
440.237036875762	2034.09997558594
443.025448422257	2026.59997558594
445.812922002813	2011.09997558594
448.599458230326	2001.90002441406
451.38505771672	2039.5
454.169721072909	2010.90002441406
456.953448908819	2041.30004882813
459.736241833384	2029.59997558594
462.518100454555	2032.90002441406
465.2990253793	2042.40002441406
468.079017213605	2039.5
470.858076562476	2035.30004882813
473.636204029939	2050
476.41340021906	2048.69995117188
479.189665731938	2066.30004882813
481.965001169667	2045.5
484.739407132419	2055.19995117188
487.512884219391	2082.89990234375
490.285433028796	2076.30004882813
493.057054157921	2083.69995117188
495.827748203087	2045.5
498.597515759658	2108.19995117188
501.366357422061	2110
504.134273783759	2098.10009765625
506.901265437278	2117.5
509.66733297421	2099.39990234375
512.432476985198	2100.10009765625
515.196698059945	2128.10009765625
517.959996787225	2119.19995117188
520.722373754895	2118.39990234375
523.483829549856	2151.39990234375
526.24436475811	2125.89990234375
529.003979964696	2147.5
531.762675753779	2147.89990234375
534.520452708569	2164
537.277311411375	2158
540.03325244359	2166.80004882813
542.788276385682	2171.80004882813
545.54238381725	2143.10009765625
548.295575316938	2176.19995117188
551.047851462516	2186.69995117188
553.799212830831	2190.5
556.549659997851	2210.30004882813
559.299193538643	2201.39990234375
562.047814027381	2176.80004882813
564.795522037318	2209.19995117188
567.542318140861	2208
570.288202909507	2199.39990234375
573.033176913873	2219.30004882813
575.7772407237	2206.39990234375
578.520394907829	2241.39990234375
581.26264003424	2215.30004882813
584.003976670046	2236.80004882813
586.744405381469	2245.30004882813
589.483926733869	2260.69995117188
592.222541291746	2250
594.96024961872	2256.39990234375
597.697052277563	2237.5
600.432949830166	2268.60009765625
603.167942837587	2282.19995117188
605.902031860012	2297.10009765625
608.635217456783	2283.89990234375
611.367500186378	2286.60009765625
614.098880606429	2313.39990234375
616.82935927374	2301.19995117188
619.558936744248	2331.30004882813
622.287613573072	2318.5
625.015390314457	2333.89990234375
627.742267521848	2324.19995117188
630.468245747829	2320.19995117188
633.193325544166	2315.5
635.917507461792	2351.30004882813
638.640792050804	2328.30004882813
641.36317986048	2330.30004882813
644.084671439281	2353.89990234375
646.805267334845	2340.39990234375
649.524968093967	2369.10009765625
652.24377426266	2378.69995117188
654.961686386106	2384.80004882813
657.678705008678	2366.89990234375
660.394830673939	2371.19995117188
663.110063924628	2399.5
665.824405302728	2391.5
668.537855349351	2413.80004882813
671.250414604863	2381.10009765625
673.962083608812	2401.80004882813
676.672862899949	2420.80004882813
679.382753016218	2412.80004882813
682.091754494801	2432.80004882813
684.799867872061	2419.60009765625
687.507093683595	2445
690.213432464198	2451
692.918884747899	2439
695.623451067937	2448.89990234375
698.327131956755	2472.19995117188
701.029927946065	2466.60009765625
703.731839566754	2467.80004882813
706.43286734896	2487.10009765625
709.133011822067	2500.89990234375
711.832273514658	2482.5
714.53065295457	2480.10009765625
717.228150668879	2501.30004882813
719.924767183889	2530.80004882813
722.620503025148	2512.60009765625
725.315358717446	2523.30004882813
728.009334784827	2532.19995117188
730.702431750559	2557
733.394650137188	2484.80004882813
736.085990466498	2520.10009765625
738.776453259519	2555
741.466039036542	2532.10009765625
744.154748317125	2546.60009765625
746.842581620074	2520.60009765625
749.529539463458	2559
752.215622364608	2572.89990234375
754.900830840131	2551.89990234375
757.585165405892	2626.60009765625
760.26862657703	2603.5
762.951214867957	2599.30004882813
765.632930792356	2601.80004882813
768.313774863181	2608.19995117188
770.993747592673	2594.39990234375
773.672849492359	2634
776.351081073017	2591.30004882813
779.028442844757	2651.60009765625
781.704935316928	2657.5
784.380558998208	2673.19995117188
787.055314396528	2680.69995117188
789.729202019141	2659.10009765625
792.402222372581	2672.69995117188
795.074375962669	2671
797.745663294537	2665
800.416084872622	2681.60009765625
803.085641200652	2670
805.754332781664	2714.39990234375
808.422160117986	2697.89990234375
811.089123711292	2700.89990234375
813.75522406252	2738
816.420461671951	2723.39990234375
819.084837039164	2710.19995117188
821.748350663067	2722.60009765625
824.411003041866	2718.10009765625
827.072794673116	2729.5
829.733726053668	2737.30004882813
832.39379767971	2757.89990234375
835.05301004674	2735.89990234375
837.711363649601	2756.80004882813
840.368858982457	2758.10009765625
843.025496538805	2776.89990234375
845.681276811467	2781.80004882813
848.336200292618	2817.19995117188
850.99026747375	2785.80004882813
853.643478845713	2811
856.29583489868	2831.10009765625
858.947336122176	2822.80004882813
861.59798300506	2818.5
864.247776035556	2814.10009765625
866.896715701222	2849.89990234375
869.544802488959	2888.10009765625
872.192036885046	2856.10009765625
874.838419375087	2878.39990234375
877.483950444054	2864.30004882813
880.128630576285	2872.60009765625
882.772460255461	2871
885.415439964628	2897.89990234375
888.057570186211	2898.80004882813
890.698851401966	2918.80004882813
893.339284093045	2911.30004882813
895.978868739961	2921.80004882813
898.617605822596	2903.60009765625
901.255495820196	2934
903.892539211396	2907.19995117188
906.528736474184	2938.10009765625
909.164088085949	2975
911.798594523442	2925.10009765625
914.432256262804	2963.89990234375
917.065073779549	2961.89990234375
919.697047548589	2970.19995117188
922.328178044212	2980.39990234375
924.9584657401	3026.10009765625
927.587911109317	3033.10009765625
930.216514624317	3025.39990234375
932.844276756963	3007.39990234375
935.471197978488	3029.30004882813
938.097278759538	3012.89990234375
940.722519570163	3036.80004882813
943.346920879798	3072.19995117188
945.97048315729	3062.5
948.593206870885	3097.39990234375
951.215092488219	3085.5
953.836140476366	3102.60009765625
956.456351301787	3146.89990234375
959.07572543037	3135.60009765625
961.694263327369	3133.80004882813
964.311965457521	3173.5
966.928832284933	3186.89990234375
969.544864273135	3156.19995117188
972.160061885076	3128.19995117188
974.774425583129	3118
977.387955829099	3107.89990234375
980.000653084196	3153.39990234375
982.612517809061	3134.39990234375
985.223550463768	3095.60009765625
987.833751507819	3181.19995117188
990.443121400135	3206.30004882813
993.051660599081	3169.30004882813
995.659369562449	3185.30004882813
998.266248747469	3170.30004882813
1000.87229861081	3171.5
1003.47751960857	3187.89990234375
1006.0819121963	3185.30004882813
1008.68547682897	3201.30004882813
1011.28821396104	3204.69995117188
1013.89012404635	3199.80004882813
1016.49120753824	3214.80004882813
1019.09146488947	3263.60009765625
1021.69089655226	3226.60009765625
1024.28950297827	3226.30004882813
1026.88728461863	3269.5
1029.48424192392	3244.5
1032.08037534416	3308.89990234375
1034.67568532886	3288.39990234375
1037.27017232694	3289.5
1039.86383678682	3310.5
1042.45667915637	3297.19995117188
1045.04869988293	3299.89990234375
1047.6398994133	3335.80004882813
1050.23027819374	3313.10009765625
1052.81983666998	3312.10009765625
1055.40857528724	3341.30004882813
1057.99649449018	3347.10009765625
1060.58359472296	3344.10009765625
1063.1698764292	3346
1065.755340052	3343.89990234375
1068.33998603393	3374.39990234375
1070.92381481706	3347.30004882813
1073.50682684291	3393.19995117188
1076.08902255251	3400.69995117188
1078.67040238637	3359.60009765625
1081.25096678445	3389.39990234375
1083.83071618624	3418.80004882813
1086.4096510307	3367.10009765625
1088.98777175629	3386.5
1091.56507880094	3413.89990234375
1094.14157260208	3375.5
1096.71725359664	3450.30004882813
1099.29212222106	3412.39990234375
1101.86617891125	3390.69995117188
1104.43942410262	3422.60009765625
1107.01185823011	3460.30004882813
1109.58348172812	3425.19995117188
1112.15429503057	3393.89990234375
1114.7242985709	3438.30004882813
1117.29349278203	3475.5
1119.86187809642	3447.5
1122.42945494599	3479.80004882813
1124.99622376222	3492.60009765625
1127.56218497606	3462.80004882813
1130.12733901801	3448.39990234375
1132.69168631804	3488.19995117188
1135.25522730568	3486.89990234375
1137.81796240995	3483.69995117188
1140.37989205941	3498.89990234375
1142.9410166821	3506.89990234375
1145.50133670561	3510.69995117188
1148.06085255708	3523.30004882813
1150.61956466311	3532.5
1153.17747344987	3539.89990234375
1155.73457934305	3527.5
1158.29088276786	3548.19995117188
1160.84638414903	3543.89990234375
1163.40108391085	3521.19995117188
1165.95498247711	3526.19995117188
1168.50808027116	3550.89990234375
1171.06037771587	3592.10009765625
1173.61187523364	3581.10009765625
1176.16257324643	3565.30004882813
1178.71247217573	3568.39990234375
1181.26157244255	3559
1183.80987446746	3580
1186.35737867059	3605.10009765625
1188.90408547157	3609.5
1191.44999528961	3582.19995117188
1193.99510854347	3605.10009765625
1196.53942565142	3622.19995117188
1199.08294703133	3632
1201.62567310057	3633
1204.16760427611	3648.89990234375
1206.70874097445	3651.19995117188
1209.24908361163	3665.19995117188
1211.78863260327	3635.5
1214.32738836454	3667.80004882813
1216.86535131017	3663.39990234375
1219.40252185445	3695.69995117188
1221.93890041121	3716.39990234375
1224.47448739389	3703.69995117188
1227.00928321544	3747.10009765625
1229.54328828842	3748.60009765625
1232.07650302491	3760.89990234375
1234.60892783662	3777.69995117188
1237.14056313477	3769.5
1239.67140933017	3811.80004882813
1242.2014668332	3830.89990234375
1244.73073605384	3844.80004882813
1247.25921740159	3863.39990234375
1249.78691128558	3844.10009765625
1252.31381811448	3814.69995117188
1254.83993829655	3841.19995117188
1257.36527223962	3857.39990234375
1259.88982035112	3889
1262.41358303803	3869.89990234375
1264.93656070696	3854.19995117188
1267.45875376405	3877
1269.98016261505	3911.80004882813
1272.50078766531	3903.10009765625
1275.02062931974	3903.30004882813
1277.53968798285	3952.10009765625
1280.05796405875	3954.69995117188
1282.57545795112	3910.60009765625
1285.09217006325	3935.80004882813
1287.60810079802	3918.19995117188
1290.12325055788	3933.10009765625
1292.63761974492	3961.5
1295.15120876079	4009.89990234375
1297.66401800676	4006.69995117188
1300.17604788367	3972.30004882813
1302.687298792	3972.10009765625
1305.19777113181	3983.10009765625
1307.70746530274	3998.30004882813
1310.21638170408	3997.5
1312.7245207347	4061
1315.23188279307	4030
1317.73846827728	4035.80004882813
1320.24427758502	4033.69995117188
1322.74931111359	4041.89990234375
1325.25356925991	4030.39990234375
1327.75705242051	4046.89990234375
1330.25976099151	4076.39990234375
1332.76169536868	4094.39990234375
1335.26285594737	4025.30004882813
1337.76324312256	4045.39990234375
1340.26285728887	4060.69995117188
1342.76169884052	4063
1345.25976817132	4101.7001953125
1347.75706567474	4104.7001953125
1350.25359174387	4102.39990234375
1352.74934677141	4092.5
1355.24433114968	4076.30004882813
1357.73854527062	4078.10009765625
1360.23198952583	4097
1362.7246643065	4077.19995117188
1365.21657000347	4075.89990234375
1367.7077070072	4108.2998046875
1370.19807570777	4113.89990234375
1372.68767649492	4096.60009765625
1375.176509758	4129.7998046875
1377.66457588599	4112.2998046875
1380.15187526753	4140.2001953125
1382.63840829087	4179
1385.1241753439	4146.10009765625
1387.60917681417	4187.39990234375
1390.09341308884	4194.7001953125
1392.57688455474	4198.60009765625
1395.05959159829	4199.7998046875
1397.54153460562	4222.2001953125
1400.02271396243	4231.7998046875
1402.50313005414	4238
1404.98278326576	4236
1407.46167398196	4252
1409.93980258707	4224.10009765625
1412.41716946504	4263.89990234375
1414.89377499951	4232.7001953125
1417.36961957373	4231.5
1419.84470357062	4261.10009765625
1422.31902737275	4269.10009765625
1424.79259136235	4279.7998046875
1427.26539592129	4283.39990234375
1429.73744143111	4260.7001953125
1432.20872827299	4258
1434.67925682777	4236.7001953125
1437.14902747597	4280.60009765625
1439.61804059773	4288.7998046875
1442.0862965729	4302.10009765625
1444.55379578093	4300.7001953125
1447.02053860099	4303.39990234375
1449.48652541188	4275.39990234375
1451.95175659206	4337.39990234375
1454.41623251969	4293.7001953125
1456.87995357255	4336.2001953125
1459.34292012811	4291.2998046875
1461.80513256351	4282.10009765625
1464.26659125557	4344.7001953125
1466.72729658073	4320.7998046875
1469.18724891517	4347.10009765625
1471.64644863469	4374.2998046875
1474.10489611478	4361.10009765625
1476.5625917306	4376.89990234375
1479.01953585699	4376.10009765625
1481.47572886844	4371.7001953125
1483.93117113917	4398.7001953125
1486.38586304302	4383.60009765625
1488.83980495354	4404.2998046875
1491.29299724395	4436.7998046875
1493.74544028715	4389.5
1496.19713445573	4392.2001953125
1498.64808012193	4388.7998046875
1501.09827765772	4405.2001953125
1503.54772743471	4429.60009765625
1505.99642982421	4423
1508.44438519723	4450.7998046875
1510.89159392446	4483.7001953125
1513.33805637625	4414.2998046875
1515.78377292266	4430.2998046875
1518.22874393346	4450.89990234375
1520.67296977806	4446.7998046875
1523.11645082559	4471.2998046875
1525.55918744488	4493.7998046875
1528.00118000444	4496.2998046875
1530.44242887245	4498.5
1532.88293441684	4450
1535.32269700517	4475.7998046875
1537.76171700475	4492.2001953125
1540.19999478255	4487.39990234375
1542.63753070526	4493.2001953125
1545.07432513925	4487.2001953125
1547.5103784506	4514.89990234375
1549.94569100509	4546.7998046875
1552.38026316819	4535
1554.8140953051	4533.60009765625
1557.24718778067	4573.7998046875
1559.67954095952	4532.39990234375
1562.11115520592	4568.5
1564.54203088386	4574.7001953125
1566.97216835704	4552.10009765625
1569.40156798888	4598.7001953125
1571.83023014248	4585.2998046875
1574.25815518067	4566.7998046875
1576.68534346597	4606.10009765625
1579.11179536062	4604.10009765625
1581.53751122658	4609.39990234375
1583.9624914255	4648.7001953125
1586.38673631876	4618.89990234375
1588.81024626745	4648.39990234375
1591.23302163235	4627.7998046875
1593.655062774	4633.10009765625
1596.07637005262	4681.2998046875
1598.49694382815	4655.7001953125
1600.91678446025	4622.60009765625
1603.33589230831	4669.5
1605.75426773142	4662.7998046875
1608.1719110884	4653.39990234375
1610.58882273779	4655.39990234375
1613.00500303784	4691.39990234375
1615.42045234654	4693.89990234375
1617.83517102158	4630.2001953125
1620.24915942039	4664
1622.66241790012	4692.10009765625
1625.07494681764	4710.39990234375
1627.48674652954	4697.7001953125
1629.89781739216	4656.89990234375
1632.30815976152	4663
1634.71777399343	4635.39990234375
1637.12666044338	4677.7001953125
1639.53481946661	4633.39990234375
1641.94225141808	4657.7001953125
1644.34895665248	4651.2001953125
1646.75493552424	4643.39990234375
1649.16018838752	4698.7998046875
1651.56471559621	4639.7998046875
1653.96851750392	4728.2001953125
1656.37159446403	4688
1658.7739468296	4724.7001953125
1661.17557495349	4676.60009765625
1663.57647918824	4694
1665.97665988617	4728.2998046875
1668.37611739929	4682.10009765625
1670.77485207939	4706.89990234375
1673.17286427799	4657.60009765625
1675.57015434633	4680.5
1677.96672263542	4657.2998046875
1680.36256949598	4659.7001953125
1682.7576952785	4664.10009765625
1685.15210033318	4658.2001953125
1687.54578501	4728.60009765625
1689.93874965866	4704.2998046875
1692.33099462861	4662.89990234375
1694.72252026904	4688.5
1697.11332692889	4691.89990234375
1699.50341495686	4707.5
1701.89278470137	4697.7001953125
1704.28143651061	4669.60009765625
1706.66937073251	4700.5
1709.05658771473	4685
1711.44308780473	4690.60009765625
1713.82887134968	4710.7998046875
1716.21393869648	4707.60009765625
1718.59829019185	4688
1720.98192618221	4660.89990234375
1723.36484701374	4738.2001953125
1725.74705303238	4727.89990234375
1728.12854458384	4716.10009765625
1730.50932201356	4752.60009765625
1732.88938566673	4768.5
1735.26873588834	4704.7001953125
1737.64737302307	4724.60009765625
1740.02529741544	4750.2998046875
1742.40250940964	4773.39990234375
1744.77900934969	4748.7998046875
1747.15479757933	4747.60009765625
1749.52987444206	4771.60009765625
1751.90424028116	4725.7998046875
1754.27789543967	4711.2998046875
1756.65084026037	4775
1759.02307508582	4756.2998046875
1761.39460025833	4780.89990234375
1763.76541612	4828.10009765625
1766.13552301265	4795.7998046875
1768.50492127791	4772.60009765625
1770.87361125714	4834.7001953125
1773.2415932915	4773.10009765625
1775.60886772188	4790.89990234375
1777.97543488896	4771.5
1780.34129513318	4804.7998046875
1782.70644879475	4773.5
1785.07089621365	4777.10009765625
1787.43463772964	4780
1789.7976736822	4744.60009765625
1792.16000441066	4795.2998046875
1794.52163025405	4724.7001953125
1796.88255155121	4792.10009765625
1799.24276864074	4826.2001953125
1801.60228186102	4771.7001953125
1803.96109155019	4833.2998046875
1806.31919804618	4824.10009765625
1808.67660168668	4795.2998046875
1811.03330280916	4852.2998046875
1813.38930175088	4836.7998046875
1815.74459884884	4825.39990234375
1818.09919443984	4896.7001953125
1820.45308886047	4835.2001953125
1822.80628244708	4845.89990234375
1825.1587755358	4811.39990234375
1827.51056846254	4845
1829.86166156297	4808.2998046875
1832.21205517258	4866.5
1834.56174962661	4845.7998046875
1836.91074526009	4923.89990234375
1839.25904240783	4888
1841.60664140443	4858.2998046875
1843.95354258425	4824.2001953125
1846.29974628146	4857.2998046875
1848.64525282998	4848.2001953125
1850.99006256356	4846.89990234375
1853.3341758157	4861.39990234375
1855.67759291968	4858.5
1858.02031420858	4879.2001953125
1860.36234001528	4869.7998046875
1862.70367067241	4854.7998046875
1865.04430651244	4879.39990234375
1867.38424786755	4885.10009765625
1869.72349506978	4916.60009765625
1872.06204845094	4892.60009765625
1874.39990834258	4885.10009765625
1876.73707507612	4911.60009765625
1879.07354898269	4905.60009765625
1881.40933039328	4908.39990234375
1883.74441963861	4927.39990234375
1886.07881704925	4918.5
1888.41252295551	4923.2001953125
1890.74553768751	4915
1893.07786157519	4915.60009765625
1895.40949494822	4914.7998046875
1897.74043813615	4860.7998046875
1900.07069146823	4876.2001953125
1902.40025527357	4934.7001953125
1904.72912988106	4973.10009765625
1907.05731561938	4899.60009765625
1909.38481281699	4907.5
1911.71162180217	4951.7001953125
1914.037742903	4878.60009765625
1916.36317644734	4925.5
1918.68792276284	4951.2998046875
1921.01198217697	4943.5
1923.33535501699	4980.7001953125
1925.65804160996	4947.7998046875
1927.98004228273	4947.2001953125
1930.30135736196	4952.89990234375
1932.6219871741	4987
1934.94193204543	4951.7998046875
1937.26119230198	5004.60009765625
1939.57976826962	4979.89990234375
1941.89766027402	4950.89990234375
1944.21486864062	5000.2001953125
1946.53139369472	4934.89990234375
1948.84723576137	4991.5
1951.16239516543	4976.89990234375
1953.47687223159	4982.2998046875
1955.79066728434	4982.2998046875
1958.10378064794	4987.39990234375
1960.4162126465	5004.2998046875
1962.7279636039	5032.10009765625
1965.03903384385	5011.39990234375
1967.34942368987	4976.2998046875
1969.65913346524	4996.7001953125
1971.96816349311	5024.89990234375
1974.2765140964	4979.89990234375
1976.58418559784	5011.39990234375
1978.89117831997	4987.39990234375
1981.19749258516	5017.7001953125
1983.50312871555	5050.39990234375
1985.80808703313	4966.7998046875
1988.11236785967	5035.2001953125
1990.41597151676	5003.2001953125
1992.71889832581	4951.39990234375
1995.02114860801	5023.7998046875
1997.3227226844	5018
1999.62362087581	4994.5
2001.92384350288	5080
2004.22339088608	5049.89990234375
2006.52226334567	5087.7001953125
2008.82046120173	5082.2001953125
2011.11798477417	5026.7001953125
2013.41483438269	5014.10009765625
2015.71101034681	5048.7001953125
2018.00651298588	5061.2998046875
2020.30134261905	5094.2998046875
2022.59549956528	5000.39990234375
2024.88898414337	5109.89990234375
2027.1817966719	5050.7998046875
2029.4739374693	5075.2001953125
2031.76540685379	5088.5
2034.05620514342	5046.2998046875
2036.34633265607	5078.89990234375
2038.6357897094	5050.10009765625
2040.92457662092	5029.2001953125
2043.21269370795	5071
2045.50014128763	5052.89990234375
2047.78691967691	5100.10009765625
2050.07302919256	5060.89990234375
2052.35847015118	5041.2998046875
2054.64324286919	5027
2056.9273476628	4963.89990234375
2059.21078484808	5045.2001953125
2061.4935547409	5139.89990234375
2063.77565765696	5060.89990234375
2066.05709391176	5057.10009765625
2068.33786382065	5067.10009765625
2070.61796769879	5122.5
2072.89740586116	5098.7001953125
2075.17617862255	5058
2077.45428629759	5045
2079.73172920075	5058.60009765625
2082.00850764627	5032.2998046875
2084.28462194827	5112.2001953125
2086.56007242065	5057
2088.83485937717	5112.5
2091.10898313139	5067
2093.3824439967	5153.7998046875
2095.65524228632	5095.2001953125
2097.92737831328	5105.7998046875
2100.19885239047	5106
2102.46966483057	5122.5
2104.7398159461	5123.60009765625
2107.00930604941	5142.5
2109.27813545267	5142.39990234375
2111.54630446787	5162.89990234375
2113.81381340685	5116.2001953125
2116.08066258126	5166.2001953125
2118.34685230257	5166.89990234375
2120.61238288211	5180.7998046875
2122.87725463099	5185.5
2125.1414678602	5151
2127.40502288052	5203
2129.66792000257	5141.10009765625
2131.93015953682	5150.5
2134.19174179353	5104.7998046875
2136.45266708282	5117.5
2138.71293571463	5162.2001953125
2140.97254799873	5192.39990234375
2143.23150424473	5204.2001953125
2145.48980476205	5211.5
2147.74744985996	5187.89990234375
2150.00443984754	5150.89990234375
2152.26077503373	5203.60009765625
2154.51645572728	5179.2001953125
2156.77148223677	5201
2159.02585487064	5187.2001953125
2161.27957393713	5191.10009765625
2163.53263974432	5263.10009765625
2165.78505260012	5222.2998046875
2168.0368128123	5204.10009765625
2170.28792068844	5166.2001953125
2172.53837653595	5148.39990234375
2174.78818066207	5214.7998046875
2177.03733337389	5183.7001953125
2179.28583497833	5184.2998046875
2181.53368578214	5198.2001953125
2183.78088609192	5163.2998046875
2186.02743621406	5167.2998046875
2188.27333645484	5142.7001953125
2190.51858712033	5131.7998046875
2192.76318851646	5153.2001953125
2195.00714094901	5167.2998046875
2197.25044472354	5145.5
2199.49310014551	5130.10009765625
2201.73510752018	5205.89990234375
2203.97646715265	5156.7001953125
2206.21717934786	5215.2001953125
2208.45724441058	5199.2001953125
2210.69666264543	5225
2212.93543435686	5219.2998046875
2215.17355984914	5190.7001953125
2217.41103942642	5133.89990234375
2219.64787339264	5192.10009765625
2221.8840620516	5178.39990234375
2224.11960570695	5149.7001953125
2226.35450466215	5196.89990234375
2228.58875922051	5163.39990234375
2230.82236968518	5219.5
2233.05533635916	5203.89990234375
2235.28765954527	5161.5
2237.51933954617	5142.60009765625
2239.75037666437	5192.2998046875
2241.98077120221	5264.10009765625
2244.21052346188	5236.60009765625
2246.4396337454	5236
2248.66810235461	5211.7998046875
2250.89592959125	5165.39990234375
2253.12311575681	5215.39990234375
2255.34966115272	5230.5
2257.57556608017	5224
2259.80083084023	5209.39990234375
2262.02545573381	5178.5
2264.24944106163	5191.10009765625
2266.47278712429	5207.5
2268.69549422221	5206.39990234375
2270.91756265564	5201.2001953125
2273.1389927247	5219.10009765625
2275.35978472934	5227
2277.57993896933	5230.7998046875
2279.79945574431	5195.89990234375
2282.01833535375	5193.7998046875
2284.23657809696	5245.7001953125
2286.45418427309	5207.10009765625
2288.67115418114	5261.89990234375
2290.88748811995	5201.5
2293.10318638819	5244.10009765625
2295.3182492844	5217.89990234375
2297.53267710693	5243.5
2299.746470154	5201.2001953125
2301.95962872364	5200.2998046875
2304.17215311376	5258.89990234375
2306.3840436221	5200.39990234375
2308.59530054621	5175.89990234375
2310.80592418354	5176.89990234375
2313.01591483134	5238.5
2315.22527278673	5231.2001953125
2317.43399834666	5247.39990234375
2319.64209180791	5230
2321.84955346713	5221.7001953125
2324.05638362079	5259.2001953125
2326.26258256524	5292.60009765625
2328.46815059664	5199
2330.67308801098	5218.7998046875
2332.87739510415	5219.60009765625
2335.08107217184	5211.10009765625
2337.2841195096	5220.5
2339.48653741281	5268.60009765625
2341.68832617672	5250.2998046875
2343.8894860964	5258.60009765625
2346.09001746678	5275.2001953125
2348.28992058261	5228.60009765625
2350.48919573852	5246.2001953125
2352.68784322898	5251
2354.88586334826	5230.7998046875
2357.08325639055	5227.5
2359.2800226498	5222.60009765625
2361.47616241988	5265.7001953125
2363.67167599445	5238
2365.86656366706	5234.10009765625
2368.06082573107	5263.60009765625
2370.2544624797	5240.2998046875
2372.44747420603	5245.10009765625
2374.63986120295	5223.5
2376.83162376322	5283.2998046875
2379.02276217945	5245.39990234375
2381.21327674408	5234.5
2383.4031677494	5261.39990234375
2385.59243548756	5186.2001953125
2387.78108025053	5224.2001953125
2389.96910233014	5261.10009765625
2392.15650201809	5258.2998046875
2394.34327960587	5249.60009765625
2396.52943538486	5269.60009765625
2398.71496964628	5247.10009765625
2400.89988268118	5237.60009765625
2403.08417478048	5257.10009765625
2405.26784623491	5240.2001953125
2407.45089733509	5294.5
2409.63332837146	5290.7998046875
2411.81513963429	5267.89990234375
2413.99633141375	5265.89990234375
2416.1769039998	5202.89990234375
2418.35685768227	5203.60009765625
2420.53619275084	5260.39990234375
2422.71490949505	5218.7001953125
2424.89300820425	5246.60009765625
2427.07048916765	5250.10009765625
2429.24735267433	5272.89990234375
2431.42359901319	5222.7001953125
2433.59922847297	5223.5
2435.7742413423	5284.89990234375
2437.94863790961	5237.89990234375
2440.12241846321	5231.60009765625
2442.29558329121	5215.60009765625
2444.46813268162	5209.60009765625
2446.64006692228	5201.7001953125
2448.81138630086	5216.7001953125
2450.98209110489	5233.7001953125
2453.15218162174	5245.10009765625
2455.32165813864	5251.5
2457.49052094265	5269
2459.65877032069	5227.10009765625
2461.8264065595	5339.2998046875
2463.99342994572	5243.39990234375
2466.15984076579	5283.39990234375
2468.325639306	5238.5
2470.49082585251	5252.89990234375
2472.65540069131	5289.5
2474.81936410824	5276
2476.98271638899	5284.39990234375
2479.14545781909	5280.39990234375
2481.30758868392	5262.60009765625
2483.4691092687	5340
2485.63001985852	5324.89990234375
2487.79032073829	5298.39990234375
2489.95001219277	5256
2492.10909450659	5300.2001953125
2494.26756796419	5316.7998046875
2496.42543284989	5269.2998046875
2498.58268944783	5252.89990234375
2500.73933804202	5275.5
2502.8953789163	5295.7998046875
2505.05081235436	5321.39990234375
2507.20563863974	5312
2509.35985805582	5276.2001953125
2511.51347088583	5321.10009765625
2513.66647741285	5260.10009765625
2515.81887791981	5269.10009765625
2517.97067268946	5276.60009765625
2520.12186200443	5317.39990234375
2522.27244614716	5277.7001953125
2524.42242539999	5224.7001953125
2526.57180004504	5225.39990234375
2528.72057036433	5215
2530.8687366397	5224.60009765625
2533.01629915284	5269.5
2535.16325818527	5242.89990234375
2537.30961401839	5260.2998046875
2539.45536693343	5210.60009765625
2541.60051721145	5258.2001953125
2543.74506513338	5240.2001953125
2545.88901097997	5236.60009765625
2548.03235503185	5246.89990234375
2550.17509756946	5230.2998046875
2552.31723887311	5210.5
2554.45877922293	5220.2998046875
2556.59971889893	5219.7001953125
2558.74005818094	5235.39990234375
2560.87979734864	5195
2563.01893668155	5237.7998046875
2565.15747645906	5231.10009765625
2567.29541696037	5216.60009765625
2569.43275846454	5268.10009765625
2571.56950125049	5204.2998046875
2573.70564559696	5198
2575.84119178254	5201.89990234375
2577.97614008569	5206.60009765625
2580.11049078468	5206.2001953125
2582.24424415764	5202.7001953125
2584.37740048255	5206.2001953125
2586.50996003722	5231
2588.64192309931	5250.7998046875
2590.77328994634	5249.5
2592.90406085564	5159.60009765625
2595.03423610442	5213.89990234375
2597.16381596971	5226.39990234375
2599.29280072839	5207.89990234375
2601.42119065719	5192.89990234375
2603.54898603267	5238.10009765625
2605.67618713125	5207.7001953125
2607.80279422919	5212.5
2609.92880760257	5284.2998046875
2612.05422752735	5254.60009765625
2614.17905427932	5214.89990234375
2616.30328813408	5258.7001953125
2618.42692936713	5265.2001953125
2620.54997825377	5188.7001953125
2622.67243506915	5234.10009765625
2624.79430008828	5224.2001953125
2626.915573586	5202
2629.03625583699	5228.10009765625
2631.15634711579	5247
2633.27584769675	5186.10009765625
2635.39475785408	5211.39990234375
2637.51307786185	5245.60009765625
2639.63080799394	5214.10009765625
2641.74794852409	5183.2001953125
2643.86449972589	5266
2645.98046187273	5265.89990234375
2648.0958352379	5224.2998046875
2650.21062009449	5180.2001953125
2652.32481671544	5194.10009765625
2654.43842537353	5207.2998046875
2656.5514463414	5206.39990234375
2658.66387989151	5214.5
2660.77572629616	5271.7998046875
2662.88698582751	5157.10009765625
2664.99765875753	5228.39990234375
2667.10774535806	5243.2001953125
2669.21724590076	5179.10009765625
2671.32616065714	5213
2673.43448989857	5191
2675.5422338962	5199.39990234375
2677.64939292108	5235.60009765625
2679.75596724408	5142.60009765625
2681.86195713589	5180.5
2683.96736286707	5196.5
2686.07218470799	5223.10009765625
2688.17642292889	5215.89990234375
2690.28007779982	5187.60009765625
2692.38314959069	5202.39990234375
2694.48563857123	5165.10009765625
2696.58754501103	5168.7998046875
2698.6888691795	5180.7001953125
2700.78961134588	5157.89990234375
2702.8897717793	5137
2704.98935074864	5168.5
2707.08834852271	5156.2998046875
2709.18676537009	5150.7998046875
2711.28460155925	5127.10009765625
2713.38185735843	5186.2001953125
2715.47853303577	5160.2001953125
2717.57462885924	5180.39990234375
2719.67014509659	5203.39990234375
2721.76508201548	5138.5
2723.85943988337	5156.2001953125
2725.95321896754	5127.39990234375
2728.04641953515	5166.5
2730.13904185316	5152
2732.23108618837	5130.10009765625
2734.32255280744	5129.2001953125
2736.41344197683	5166.10009765625
2738.50375396288	5173
2740.5934890317	5141.5
2742.68264744932	5153.60009765625
2744.77122948153	5143.89990234375
2746.85923539398	5144.89990234375
2748.94666545217	5126.89990234375
2751.03351992142	5131.7998046875
2753.11979906688	5141.5
2755.20550315355	5133.89990234375
2757.29063244624	5170.7998046875
2759.37518720963	5125.39990234375
2761.45916770819	5065.2001953125
2763.54257420625	5100.2001953125
2765.62540696797	5073.7001953125
2767.70766625733	5090.60009765625
2769.78935233816	5041.7001953125
2771.87046547413	5093.7001953125
2773.95100592869	5083.5
2776.03097396519	5119.60009765625
2778.11036984677	5096.7001953125
2780.18919383641	5147.89990234375
2782.26744619693	5098.2001953125
2784.34512719097	5048.7998046875
2786.42223708102	5100.5
2788.49877612937	5117.89990234375
2790.57474459816	5129.2998046875
2792.65014274937	5129.7001953125
2794.7249708448	5125.60009765625
2796.79922914607	5081.39990234375
2798.87291791465	5073.10009765625
2800.94603741181	5137.89990234375
2803.01858789869	5061.2998046875
2805.09056963623	5131
2807.1619828852	5081.10009765625
2809.23282790621	5110.7998046875
2811.30310495971	5138.10009765625
2813.37281430593	5119.2001953125
2815.441956205	5087.60009765625
2817.51053091682	5063.2001953125
2819.57853870114	5084.39990234375
2821.64597981753	5045.60009765625
2823.7128545254	5081.10009765625
2825.77916308399	5075.2001953125
2827.84490575233	5075.5
2829.91008278933	5041.2001953125
2831.97469445369	5040.39990234375
2834.03874100395	5067.7001953125
2836.10222269847	5041.2998046875
2838.16513979544	5029.7001953125
2840.22749255288	5080.7001953125
2842.28928122863	5016.5
2844.35050608034	5032.39990234375
2846.41116736553	5099.7001953125
2848.47126534149	5093.10009765625
2850.53080026537	5005
2852.58977239414	5013.89990234375
2854.64818198459	4995.7001953125
2856.70602929332	5048.2001953125
2858.76331457678	5050.2001953125
2860.82003809123	4987.10009765625
2862.87620009274	5025.5
2864.93180083723	5047.10009765625
2866.98684058043	5083.7001953125
2869.04131957789	5022.60009765625
2871.09523808497	5076.39990234375
2873.14859635689	5098
2875.20139464866	5065.7998046875
2877.2536332151	5026.7001953125
2879.30531231091	5069.2998046875
2881.35643219054	5049.2998046875
2883.40699310831	5058.5
2885.45699531834	5019.89990234375
2887.50643907457	5013.7001953125
2889.55532463077	5030.2998046875
2891.60365224053	5005.7998046875
2893.65142215724	5041.7998046875
2895.69863463414	5061.5
2897.74528992426	5005.39990234375
2899.79138828046	4997
2901.83692995544	5039.10009765625
2903.88191520168	5036.2001953125
2905.92634427151	5067.7001953125
2907.97021741706	4970.10009765625
2910.01353489027	5019.7998046875
2912.05629694294	4980.89990234375
2914.09850382663	4950.60009765625
2916.14015579276	4992.10009765625
2918.18125309254	5054.7001953125
2920.22179597702	5038.39990234375
2922.26178469705	5001.89990234375
2924.30121950329	4974.39990234375
2926.34010064624	4998.7998046875
2928.37842837619	5055.89990234375
2930.41620294326	5047.5
2932.45342459737	5045.39990234375
2934.49009358828	5018.89990234375
2936.52621016555	5034.2998046875
2938.56177457854	5086.2001953125
2940.59678707645	5035.60009765625
2942.63124790827	5012.2998046875
2944.66515732282	5037.39990234375
2946.69851556873	5055.10009765625
2948.73132289443	5037.7001953125
2950.76357954817	5059.10009765625
2952.79528577803	5002.2998046875
2954.82644183188	4955
2956.85704795741	5006.60009765625
2958.8871044021	5001.5
2960.91661141328	4979.2998046875
2962.94556923807	4984.10009765625
2964.97397812339	5007.2001953125
2967.00183831598	4981.2001953125
2969.0291500624	4961.5
2971.05591360902	5009.7998046875
2973.08212920199	4946.7998046875
2975.1077970873	4967
2977.13291751074	4960.39990234375
2979.1574907179	4977.2001953125
2981.18151695419	4946.5
2983.20499646482	4959.5
2985.2279294948	4965.7998046875
2987.25031628898	4947.10009765625
2989.27215709199	4985.10009765625
2991.29345214825	4936.2001953125
2993.31420170204	4949.10009765625
2995.33440599738	4942.2998046875
2997.35406527816	4938.60009765625
2999.37317978802	4915.5
3001.39174977045	4900.5
3003.40977546872	4906
3005.42725712591	4942
3007.44419498491	4966.2001953125
3009.4605892884	4862.7998046875
3011.47644027889	4879.5
3013.49174819865	4862.39990234375
3015.5065132898	4892.7001953125
3017.52073579424	4892.60009765625
3019.53441595366	4885
3021.54755400959	4869.5
3023.56015020332	4850.60009765625
3025.57220477598	4852
3027.58371796846	4859
3029.5946900215	4889.89990234375
3031.6051211756	4878.89990234375
3033.61501167107	4831.39990234375
3035.62436174803	4881.5
3037.6331716464	4772.39990234375
3039.64144160588	4855
3041.649171866	4756.7001953125
3043.65636266607	4771
3045.6630142452	4771
3047.66912684229	4790.2001953125
3049.67470069605	4766.60009765625
3051.679736045	4827.89990234375
3053.68423312742	4787.39990234375
3055.68819218143	4768.2998046875
3057.6916134449	4840.10009765625
3059.69449715556	4779.2998046875
3061.69684355086	4800.39990234375
3063.6986528681	4781.2998046875
3065.69992534437	4702.7001953125
3067.70066121653	4792.2001953125
3069.70086072126	4769.10009765625
3071.700524095	4763.2998046875
3073.69965157405	4778
3075.69824339442	4769.2998046875
3077.69629979197	4829.7998046875
3079.69382100235	4792.7001953125
3081.69080726098	4796.39990234375
3083.68725880307	4733.39990234375
3085.68317586366	4702.60009765625
3087.67855867755	4778.39990234375
3089.67340747933	4814.89990234375
3091.6677225034	4742.2998046875
3093.66150398392	4766.7001953125
3095.6547521549	4703.7998046875
3097.64746725006	4757.10009765625
3099.63964950297	4756.60009765625
3101.63129914698	4748.7001953125
3103.6224164152	4803.7998046875
3105.61300154056	4741.10009765625
3107.60305475576	4771.5
3109.59257629331	4756.10009765625
3111.58156638547	4757.2998046875
3113.57002526432	4723.39990234375
3115.55795316172	4752.39990234375
3117.54535030932	4733.39990234375
3119.53221693853	4778.2001953125
3121.51855328057	4838.39990234375
3123.50435956646	4772.5
3125.48963602698	4798
3127.4743828927	4742.5
3129.45860039397	4760.39990234375
3131.44228876093	4753.89990234375
3133.42544822353	4752.5
3135.40807901145	4779.89990234375
3137.39018135418	4741.39990234375
3139.37175548102	4740.7001953125
3141.35280162101	4728.39990234375
3143.33332000299	4708
3145.31331085559	4722.10009765625
3147.2927744072	4719
3149.27171088602	4702.2001953125
3151.25012052	4754
3153.22800353689	4680.2001953125
3155.20536016422	4692.89990234375
3157.18219062929	4684.2998046875
3159.15849515918	4672.10009765625
3161.13427398075	4667.7001953125
3163.10952732066	4703.2001953125
3165.08425540532	4662.39990234375
3167.05845846092	4659.39990234375
3169.03213671344	4669.39990234375
3171.00529038863	4654.89990234375
3172.97791971203	4707
3174.95002490893	4643.89990234375
3176.92160620443	4632.2998046875
3178.89266382337	4644.60009765625
3180.8631979904	4690
3182.83320892991	4662.7998046875
3184.80269686609	4632.7001953125
3186.77166202289	4623.5
3188.74010462406	4633.89990234375
3190.70802489307	4626.5
3192.67542305323	4642.10009765625
3194.64229932757	4660.2998046875
3196.60865393892	4682.39990234375
3198.57448710987	4642.10009765625
3200.53979906279	4619
3202.50459001981	4585.2998046875
3204.46886020284	4619
3206.43260983356	4656.5
3208.39583913341	4620.7001953125
3210.35854832362	4647.5
3212.32073762517	4627.7001953125
3214.28240725881	4651.39990234375
3216.24355744508	4680.60009765625
3218.20418840426	4614.7001953125
3220.16430035642	4656.60009765625
3222.12389352137	4638
3224.08296811873	4614.7001953125
3226.04152436784	4620.7998046875
3227.99956248784	4632
3229.95708269762	4607.89990234375
3231.91408521584	4617.2001953125
3233.87057026092	4641.2001953125
3235.82653805105	4653.10009765625
3237.78198880419	4614.7998046875
3239.73692273806	4612.89990234375
3241.69134007013	4603.39990234375
3243.64524101764	4655.2001953125
3245.59862579761	4664.39990234375
3247.55149462681	4617.10009765625
3249.50384772176	4585.2001953125
3251.45568529877	4629.39990234375
3253.40700757387	4672.10009765625
3255.35781476288	4642.7998046875
3257.3081070814	4626.7001953125
3259.25788474473	4606.2001953125
3261.20714796799	4585.2001953125
3263.15589696602	4625.89990234375
3265.10413195345	4587.2001953125
3267.05185314463	4590.5
3268.9990607537	4642.10009765625
3270.94575499455	4645.2998046875
3272.89193608081	4583.5
3274.8376042259	4617
3276.78275964296	4528.5
3278.72740254492	4538.89990234375
3280.67153314443	4577.39990234375
3282.61515165393	4584.39990234375
3284.55825828559	4567.7001953125
3286.50085325135	4573.2001953125
3288.44293676289	4581.7998046875
3290.38450903165	4530
3292.32557026883	4584.39990234375
3294.26612068537	4547.2001953125
3296.20616049198	4559.39990234375
3298.14568989911	4512.2001953125
3300.08470911695	4552.5
3302.02321835546	4513.2998046875
3303.96121782435	4538.10009765625
3305.89870773306	4479.10009765625
3307.83568829081	4511.2998046875
3309.77215970655	4510.2001953125
3311.70812218898	4560
3313.64357594655	4492.7998046875
3315.57852118747	4536.89990234375
3317.51295811968	4503.10009765625
3319.44688695087	4463.2998046875
3321.38030788849	4507.89990234375
3323.31322113973	4460.2001953125
3325.24562691152	4516.10009765625
3327.17752541055	4491.60009765625
3329.10891684322	4496.7998046875
3331.03980141573	4528.2001953125
3332.97017933399	4487.60009765625
3334.90005080364	4512.60009765625
3336.82941603011	4486.60009765625
3338.75827521852	4484.10009765625
3340.68662857377	4496.2998046875
3342.6144763005	4437.10009765625
3344.54181860308	4508.89990234375
3346.46865568561	4502.5
3348.39498775195	4496.7001953125
3350.32081500571	4500.7001953125
3352.24613765022	4501.2001953125
3354.17095588855	4478.7001953125
3356.09526992352	4542.39990234375
3358.01907995769	4512.2001953125
3359.94238619334	4561.89990234375
3361.86518883251	4510.39990234375
3363.78748807697	4442.2998046875
3365.70928412823	4532.60009765625
3367.63057718752	4499.2998046875
3369.55136745582	4500.2998046875
3371.47165513386	4532.7001953125
3373.39144042208	4507.60009765625
3375.31072352066	4484.89990234375
3377.22950462953	4466.2998046875
3379.14778394834	4518.10009765625
3381.06556167648	4451.5
3382.98283801308	4471.2998046875
3384.89961315697	4500.39990234375
3386.81588730676	4474.39990234375
3388.73166066076	4487.60009765625
3390.64693341702	4457
3392.56170577332	4469.89990234375
3394.47597792716	4485.7998046875
3396.38975007581	4432.2998046875
3398.30302241623	4468.7001953125
3400.21579514512	4442.7998046875
3402.1280684589	4458
3404.03984255374	4449.10009765625
3405.95111762553	4452.7001953125
3407.86189386987	4452.89990234375
3409.77217148212	4437.60009765625
3411.68195065733	4443.60009765625
3413.5912315903	4437.10009765625
3415.50001447556	4435.89990234375
3417.40829950735	4443.7001953125
3419.31608687963	4441.2001953125
3421.22337678611	4422
3423.1301694202	4416.89990234375
3425.03646497504	4385.7001953125
3426.9422636435	4426.7001953125
3428.84756561816	4399.89990234375
3430.75237109135	4388.10009765625
3432.65668025508	4379.2998046875
3434.56049330112	4428.60009765625
3436.46381042093	4396.7998046875
3438.36663180571	4377.89990234375
3440.26895764638	4436.2001953125
3442.17078813357	4398.89990234375
3444.07212345762	4399.5
3445.97296380863	4396.60009765625
3447.87330937636	4417.2001953125
3449.77316035033	4404
3451.67251691977	4377.60009765625
3453.57137927361	4375.7001953125
3455.46974760052	4402.60009765625
3457.36762208886	4350.10009765625
3459.26500292671	4409.89990234375
3461.16189030191	4403.7998046875
3463.05828440194	4422.5
3464.95418541406	4424.39990234375
3466.84959352519	4368
3468.74450892201	4328.7001953125
3470.63893179088	4366.5
3472.53286231788	4383.10009765625
3474.42630068881	4357.2001953125
3476.31924708918	4347.2998046875
3478.2117017042	4355.7001953125
3480.1036647188	4370
3481.99513631761	4352.7998046875
3483.88611668498	4310
3485.77660600498	4375.89990234375
3487.66660446135	4414.39990234375
3489.55611223758	4332.5
3491.44512951683	4327.10009765625
3493.333656482	4376.5
3495.22169331568	4381
3497.10924020016	4301.60009765625
3498.99629731746	4350.39990234375
3500.88286484927	4342.7998046875
3502.76894297702	4335.10009765625
3504.65453188182	4348.7001953125
3506.53963174449	4313.7001953125
3508.42424274555	4306.60009765625
3510.30836506524	4342
3512.19199888349	4328.2998046875
3514.07514437992	4312.10009765625
3515.95780173387	4312.7001953125
3517.83997112437	4277.89990234375
3519.72165273016	4291.5
3521.60284672967	4313.7001953125
3523.48355330104	4306.7001953125
3525.36377262208	4313.7001953125
3527.24350487035	4299.2001953125
3529.12275022306	4257.39990234375
3531.00150885715	4276.7001953125
3532.87978094923	4300.2998046875
3534.75756667562	4300
3536.63486621235	4240.39990234375
3538.51167973512	4290.89990234375
3540.38800741934	4285
3542.26384944011	4243.89990234375
3544.13920597223	4267.10009765625
3546.01407719018	4183.89990234375
3547.88846326815	4259.5
3549.76236438002	4275.2001953125
3551.63578069934	4303.7001953125
3553.50871239938	4217.10009765625
3555.38115965309	4212.7998046875
3557.25312263311	4226
3559.12460151177	4226.60009765625
3560.99559646109	4247.2998046875
3562.86610765279	4221.2001953125
3564.73613525825	4216.2001953125
3566.60567944857	4266.7001953125
3568.47474039453	4225.89990234375
3570.34331826658	4249.7001953125
3572.21141323487	4187.5
3574.07902546925	4244.89990234375
3575.94615513922	4263
3577.81280241401	4240.7998046875
3579.67896746249	4205.39990234375
3581.54465045325	4223.39990234375
3583.40985155455	4225.60009765625
3585.27457093432	4234.10009765625
3587.1388087602	4218.7001953125
3589.00256519949	4229.2001953125
3590.86584041919	4256.60009765625
3592.72863458597	4260.7998046875
3594.59094786618	4209.10009765625
3596.45278042585	4238.39990234375
3598.31413243069	4236.2001953125
3600.17500404611	4210.2998046875
3602.03539543717	4204.7001953125
3603.89530676861	4222.7998046875
3605.75473820488	4190.60009765625
3607.61368991007	4242.7001953125
3609.47216204797	4217.7001953125
3611.33015478203	4200.89990234375
3613.18766827539	4227.10009765625
3615.04470269087	4215.10009765625
3616.90125819094	4226.39990234375
3618.75733493776	4217
3620.61293309318	4193.2998046875
3622.46805281869	4198.7998046875
3624.32269427547	4141.7001953125
3626.17685762439	4218.60009765625
3628.03054302596	4260.5
3629.88375064038	4174.7998046875
3631.73648062751	4205.2998046875
3633.5887331469	4184.2998046875
3635.44050835775	4203
3637.29180641893	4181.10009765625
3639.14262748899	4134.7001953125
3640.99297172614	4149.39990234375
3642.84283928828	4160.10009765625
3644.69223033294	4181.5
3646.54114501734	4149.39990234375
3648.38958349836	4146.60009765625
3650.23754593256	4163.39990234375
3652.08503247614	4107.5
3653.93204328497	4127.5
3655.77857851462	4124.60009765625
3657.62463832028	4089.30004882813
3659.47022285682	4146.2998046875
3661.31533227877	4122.5
3663.15996674033	4134.60009765625
3665.00412639535	4089.69995117188
3666.84781139736	4112.60009765625
3668.69102189953	4077.5
3670.5337580547	4111.5
3672.37602001537	4126.2998046875
3674.21780793368	4109.7998046875
3676.05912196148	4155.89990234375
3677.89996225021	4104.60009765625
3679.74032895103	4117.5
3681.58022221471	4145
3683.41964219171	4108.89990234375
3685.25858903211	4093
3687.0970628857	4099.2001953125
3688.93506390186	4119.2998046875
3690.77259222968	4146.89990234375
3692.60964801787	4123.5
3694.44623141481	4099
3696.28234256853	4116.2001953125
3698.11798162669	4095.69995117188
3699.95314873665	4041
3701.78784404537	4078.30004882813
3703.62206769951	4076
3705.45581984533	4130
3707.28910062877	4074.5
3709.12191019542	4084.89990234375
3710.95424869052	4092.19995117188
3712.78611625894	4144.5
3714.6175130452	4112.10009765625
3716.44843919349	4068.30004882813
3718.27889484764	4121.60009765625
3720.1088801511	4126.10009765625
3721.93839524699	4067.69995117188
3723.76744027808	4099.89990234375
3725.59601538677	4070.5
3727.4241207151	4100.39990234375
