40.2973356941271	1128.69995117188
43.2236257608418	1127.69995117188
46.1488808466109	1131.30004882813
49.0731017336173	1131.09997558594
51.9962892025666	1135.40002441406
54.9184440327569	1137.09997558594
57.8395670020446	1140.30004882813
60.7596588868509	1143.69995117188
63.6787204621708	1147.5
66.5967525015794	1151.40002441406
69.5137557772381	1152.69995117188
72.4297310598838	1156.09997558594
75.3446791188512	1168.59997558594
78.2586007220466	1177.5
81.1714966360015	1192
84.0833676258266	1203.90002441406
86.994214455242	1216.19995117188
89.9040378865662	1240.5
92.8128386807427	1265
95.7206175973133	1269.59997558594
98.6273753944444	1281.80004882813
101.533112828928	1288.90002441406
104.437830656161	1284.30004882813
107.34152963018	1288.09997558594
110.244210503676	1280.80004882813
113.145874027931	1270.19995117188
116.046520952895	1274
118.946152027154	1272.90002441406
121.844767997933	1260.5
124.74236961111	1265
127.638957611212	1259
130.534532741422	1261
133.429095743606	1261
136.322647358252	1245.30004882813
139.215188324544	1251
142.106719380311	1248.5
144.997241262089	1248.19995117188
147.886754705057	1243.40002441406
150.775260443096	1239.5
153.662759208748	1246.59997558594
156.549251733282	1240.09997558594
159.434738746612	1244.90002441406
162.319220977376	1232.59997558594
165.20269915289	1236
168.085173999178	1230.80004882813
170.966646240977	1227.30004882813
173.847116601709	1222.5
176.726585803528	1226.09997558594
179.605054567295	1225.30004882813
182.48252361259	1222.09997558594
185.358993657701	1216.90002441406
188.234465419645	1227.5
191.108939614183	1216.80004882813
193.982416955795	1218.09997558594
196.854898157687	1207
199.726383931801	1208.69995117188
202.596874988835	1211.69995117188
205.466372038225	1209
208.334875788145	1209.19995117188
211.202386945534	1213.40002441406
214.068906216069	1208
216.934434304194	1209.5
219.798971913111	1202.90002441406
222.662519744776	1208.09997558594
225.525078499925	1205.59997558594
228.386648878069	1208
231.247231577465	1197.19995117188
234.106827295172	1204.80004882813
236.965436727012	1200.30004882813
239.823060567597	1205.09997558594
242.679699510337	1197.90002441406
245.535354247396	1195.40002441406
248.390025469775	1191.19995117188
251.243713867223	1194.09997558594
254.096420128327	1194.40002441406
256.948144940459	1190.80004882813
259.798888989788	1188.19995117188
262.648652961315	1184
265.49743753883	1191.30004882813
268.345243404939	1178.40002441406
271.192071241073	1188.40002441406
274.037921727485	1180.5
276.882795543246	1186.69995117188
279.72669336624	1188.69995117188
282.569615873213	1180.30004882813
285.411563739724	1184.59997558594
288.252537640165	1182.40002441406
291.092538247763	1183.69995117188
293.931566234616	1185.69995117188
296.769622271633	1178.5
299.606707028594	1179.59997558594
302.442821174104	1178.59997558594
305.277965375652	1177.5
308.112140299574	1187
310.945346611062	1174
313.777584974167	1184.80004882813
316.608856051813	1180.90002441406
319.439160505797	1181.69995117188
322.268498996783	1187
325.096872184303	1176
327.924280726782	1179.40002441406
330.750725281521	1182.5
333.576206504693	1174.5
336.400725051388	1176.80004882813
339.224281575542	1169.69995117188
342.046876730026	1176.80004882813
344.868511166586	1175.5
347.689185535872	1178.30004882813
350.508900487421	1174.5
353.327656669699	1178.59997558594
356.145454730079	1175.90002441406
358.962295314817	1176.59997558594
361.778179069105	1179.80004882813
364.593106637051	1173.30004882813
367.407078661675	1174.69995117188
370.220095784913	1179.5
373.032158647655	1183.80004882813
375.843267889676	1174.40002441406
378.653424149715	1174.80004882813
381.462628065436	1172.80004882813
384.270880273432	1180.40002441406
387.078181409254	1180.80004882813
389.884532107358	1176.40002441406
392.689933001188	1179.90002441406
395.494384723112	1173.09997558594
398.29788790445	1178.40002441406
401.100443175488	1180.40002441406
403.902051165437	1175.90002441406
406.702712502518	1182.59997558594
409.502427813866	1177.40002441406
412.301197725607	1182.90002441406
415.099022862823	1183
417.89590384957	1176.69995117188
420.691841308876	1179.09997558594
423.486835862752	1176.69995117188
426.280888132173	1177.80004882813
429.073998737112	1184.59997558594
431.866168296507	1177.90002441406
434.657397428298	1180.80004882813
437.447686749412	1171.90002441406
440.237036875762	1179.09997558594
443.025448422257	1181.5
445.812922002813	1173.40002441406
448.599458230326	1173.40002441406
451.38505771672	1175.80004882813
454.169721072909	1177.19995117188
456.953448908819	1180.90002441406
459.736241833384	1174.30004882813
462.518100454555	1178.80004882813
465.2990253793	1178.90002441406
468.079017213605	1178.40002441406
470.858076562476	1179
473.636204029939	1180.09997558594
476.41340021906	1180.59997558594
479.189665731938	1178.80004882813
481.965001169667	1182.5
484.739407132419	1179.69995117188
487.512884219391	1177.19995117188
490.285433028796	1181.90002441406
493.057054157921	1182.40002441406
495.827748203087	1185.19995117188
498.597515759658	1185.09997558594
501.366357422061	1177.59997558594
504.134273783759	1173.80004882813
506.901265437278	1176.40002441406
509.66733297421	1184.09997558594
512.432476985198	1178.5
515.196698059945	1188
517.959996787225	1172.19995117188
520.722373754895	1181
523.483829549856	1182.5
526.24436475811	1182.19995117188
529.003979964696	1176.5
531.762675753779	1178.5
534.520452708569	1176.80004882813
537.277311411375	1175.90002441406
540.03325244359	1186.09997558594
542.788276385682	1174
545.54238381725	1184.30004882813
548.295575316938	1186
551.047851462516	1183
553.799212830831	1177.40002441406
556.549659997851	1180.5
559.299193538643	1180.5
562.047814027381	1182.59997558594
564.795522037318	1179.90002441406
567.542318140861	1184.19995117188
570.288202909507	1174.30004882813
573.033176913873	1175.19995117188
575.7772407237	1177.90002441406
578.520394907829	1178.09997558594
581.26264003424	1177.80004882813
584.003976670046	1178.40002441406
586.744405381469	1179.5
589.483926733869	1177.5
592.222541291746	1182.30004882813
594.96024961872	1182.40002441406
597.697052277563	1184.59997558594
600.432949830166	1177
603.167942837587	1184.19995117188
605.902031860012	1178.09997558594
608.635217456783	1177
611.367500186378	1173.30004882813
614.098880606429	1177.90002441406
616.82935927374	1180
619.558936744248	1183.40002441406
622.287613573072	1176.5
625.015390314457	1183.5
627.742267521848	1181.40002441406
630.468245747829	1182.80004882813
633.193325544166	1179.90002441406
635.917507461792	1181.59997558594
638.640792050804	1179.80004882813
641.36317986048	1178.19995117188
644.084671439281	1181.30004882813
646.805267334845	1177
649.524968093967	1182.09997558594
652.24377426266	1177.69995117188
654.961686386106	1179.90002441406
657.678705008678	1181.19995117188
660.394830673939	1180.80004882813
663.110063924628	1184.69995117188
665.824405302728	1175.19995117188
668.537855349351	1180.80004882813
671.250414604863	1179.90002441406
673.962083608812	1175.80004882813
676.672862899949	1181.59997558594
679.382753016218	1182.90002441406
682.091754494801	1177.90002441406
684.799867872061	1179.40002441406
687.507093683595	1189
690.213432464198	1179.90002441406
692.918884747899	1177.5
695.623451067937	1182.30004882813
698.327131956755	1177.90002441406
701.029927946065	1187.59997558594
703.731839566754	1180.5
706.43286734896	1181.30004882813
709.133011822067	1182.5
711.832273514658	1183.59997558594
714.53065295457	1181.90002441406
717.228150668879	1187.30004882813
719.924767183889	1187.09997558594
722.620503025148	1184.09997558594
725.315358717446	1184.19995117188
728.009334784827	1185.30004882813
730.702431750559	1188.30004882813
733.394650137188	1184.80004882813
736.085990466498	1187
738.776453259519	1184.90002441406
741.466039036542	1178.5
744.154748317125	1187.69995117188
746.842581620074	1184.80004882813
749.529539463458	1180
752.215622364608	1181.30004882813
754.900830840131	1188
757.585165405892	1185.5
760.26862657703	1181.5
762.951214867957	1190.5
765.632930792356	1184.59997558594
768.313774863181	1185.59997558594
770.993747592673	1183.40002441406
773.672849492359	1178.80004882813
776.351081073017	1183.5
779.028442844757	1181.30004882813
781.704935316928	1185.5
784.380558998208	1179.09997558594
787.055314396528	1177.40002441406
789.729202019141	1181.30004882813
792.402222372581	1179
795.074375962669	1181.40002441406
797.745663294537	1183.59997558594
800.416084872622	1180.5
803.085641200652	1184.40002441406
805.754332781664	1182.09997558594
808.422160117986	1180.59997558594
811.089123711292	1183.90002441406
813.75522406252	1180.40002441406
816.420461671951	1183.59997558594
819.084837039164	1185.19995117188
821.748350663067	1187
824.411003041866	1187.59997558594
827.072794673116	1193.09997558594
829.733726053668	1196.69995117188
832.39379767971	1186.69995117188
835.05301004674	1182.80004882813
837.711363649601	1190.40002441406
840.368858982457	1189.19995117188
843.025496538805	1198.80004882813
845.681276811467	1191.19995117188
848.336200292618	1189.40002441406
850.99026747375	1191.59997558594
853.643478845713	1198.30004882813
856.29583489868	1196
858.947336122176	1198.5
861.59798300506	1190.59997558594
864.247776035556	1198.09997558594
866.896715701222	1198.40002441406
869.544802488959	1191.59997558594
872.192036885046	1192.40002441406
874.838419375087	1191
877.483950444054	1195.59997558594
880.128630576285	1194.69995117188
882.772460255461	1198.09997558594
885.415439964628	1193
888.057570186211	1189.09997558594
890.698851401966	1191.90002441406
893.339284093045	1193.5
895.978868739961	1191.90002441406
898.617605822596	1193
901.255495820196	1202.19995117188
903.892539211396	1194.09997558594
906.528736474184	1189.90002441406
909.164088085949	1191.19995117188
911.798594523442	1190.90002441406
914.432256262804	1190
917.065073779549	1194.19995117188
919.697047548589	1197.69995117188
922.328178044212	1194.09997558594
924.9584657401	1187.5
927.587911109317	1202.59997558594
930.216514624317	1203
932.844276756963	1199.40002441406
935.471197978488	1197.69995117188
938.097278759538	1199
940.722519570163	1197.30004882813
943.346920879798	1204.5
945.97048315729	1204.90002441406
948.593206870885	1196.30004882813
951.215092488219	1197.19995117188
953.836140476366	1202.19995117188
956.456351301787	1200.09997558594
959.07572543037	1195.90002441406
961.694263327369	1206.80004882813
964.311965457521	1196.80004882813
966.928832284933	1190.69995117188
969.544864273135	1197.69995117188
972.160061885076	1200.30004882813
974.774425583129	1198.09997558594
977.387955829099	1197.80004882813
980.000653084196	1195.69995117188
982.612517809061	1196.59997558594
985.223550463768	1199.5
987.833751507819	1190.30004882813
990.443121400135	1189.59997558594
993.051660599081	1193.09997558594
995.659369562449	1189.30004882813
998.266248747469	1196.30004882813
1000.87229861081	1211.5
1003.47751960857	1212.09997558594
1006.0819121963	1204.90002441406
1008.68547682897	1194.90002441406
1011.28821396104	1202.90002441406
1013.89012404635	1197.5
1016.49120753824	1191.30004882813
1019.09146488947	1201.30004882813
1021.69089655226	1194.59997558594
1024.28950297827	1193.69995117188
1026.88728461863	1195.09997558594
1029.48424192392	1194
1032.08037534416	1199.09997558594
1034.67568532886	1190.19995117188
1037.27017232694	1198.59997558594
1039.86383678682	1197
1042.45667915637	1196.30004882813
1045.04869988293	1196.19995117188
1047.6398994133	1193.90002441406
1050.23027819374	1191
1052.81983666998	1193.09997558594
1055.40857528724	1197.30004882813
1057.99649449018	1201.59997558594
1060.58359472296	1200.90002441406
1063.1698764292	1197.19995117188
1065.755340052	1198.30004882813
1068.33998603393	1197.40002441406
1070.92381481706	1193.69995117188
1073.50682684291	1201.30004882813
1076.08902255251	1201.09997558594
1078.67040238637	1200.5
1081.25096678445	1203.19995117188
1083.83071618624	1205.09997558594
1086.4096510307	1203.5
1088.98777175629	1195.40002441406
1091.56507880094	1200.80004882813
1094.14157260208	1200.90002441406
1096.71725359664	1200
1099.29212222106	1192.69995117188
1101.86617891125	1197.30004882813
1104.43942410262	1199.40002441406
1107.01185823011	1198.09997558594
1109.58348172812	1191.5
1112.15429503057	1192.90002441406
1114.7242985709	1196.09997558594
1117.29349278203	1199.09997558594
1119.86187809642	1199
1122.42945494599	1197.19995117188
1124.99622376222	1198.30004882813
1127.56218497606	1196.40002441406
1130.12733901801	1199
1132.69168631804	1192.40002441406
1135.25522730568	1195.40002441406
1137.81796240995	1189.59997558594
1140.37989205941	1188.90002441406
1142.9410166821	1188.90002441406
1145.50133670561	1184.40002441406
1148.06085255708	1191.30004882813
1150.61956466311	1192.90002441406
1153.17747344987	1196.69995117188
1155.73457934305	1191.19995117188
1158.29088276786	1197.90002441406
1160.84638414903	1198.40002441406
1163.40108391085	1197.80004882813
1165.95498247711	1192.30004882813
1168.50808027116	1191.69995117188
1171.06037771587	1192.09997558594
1173.61187523364	1191.5
1176.16257324643	1191.19995117188
1178.71247217573	1199.19995117188
1181.26157244255	1192.30004882813
1183.80987446746	1196.09997558594
1186.35737867059	1192.59997558594
1188.90408547157	1197.40002441406
1191.44999528961	1190.59997558594
1193.99510854347	1190.80004882813
1196.53942565142	1193.5
1199.08294703133	1196.09997558594
1201.62567310057	1197.69995117188
1204.16760427611	1198.90002441406
1206.70874097445	1197.80004882813
1209.24908361163	1196.5
1211.78863260327	1194.5
1214.32738836454	1193.40002441406
1216.86535131017	1194.90002441406
1219.40252185445	1194.09997558594
1221.93890041121	1192.90002441406
1224.47448739389	1198
1227.00928321544	1199.30004882813
1229.54328828842	1200.69995117188
1232.07650302491	1202.5
1234.60892783662	1199.30004882813
1237.14056313477	1201.69995117188
1239.67140933017	1201.40002441406
1242.2014668332	1207.69995117188
1244.73073605384	1203.59997558594
1247.25921740159	1209.5
1249.78691128558	1207.90002441406
1252.31381811448	1204.5
1254.83993829655	1207.69995117188
1257.36527223962	1210
1259.88982035112	1209.90002441406
1262.41358303803	1209.09997558594
1264.93656070696	1215.80004882813
1267.45875376405	1203.40002441406
1269.98016261505	1217
1272.50078766531	1206.90002441406
1275.02062931974	1214.80004882813
1277.53968798285	1215
1280.05796405875	1210
1282.57545795112	1212.19995117188
1285.09217006325	1213
1287.60810079802	1209.69995117188
1290.12325055788	1205.40002441406
1292.63761974492	1209.90002441406
1295.15120876079	1217
1297.66401800676	1216.5
1300.17604788367	1218.90002441406
1302.687298792	1218.30004882813
1305.19777113181	1218.5
1307.70746530274	1221
1310.21638170408	1215.19995117188
1312.7245207347	1211.59997558594
1315.23188279307	1221.30004882813
1317.73846827728	1215.69995117188
1320.24427758502	1212.5
1322.74931111359	1213.09997558594
1325.25356925991	1212.69995117188
1327.75705242051	1220.5
1330.25976099151	1213.09997558594
1332.76169536868	1212.40002441406
1335.26285594737	1215.69995117188
1337.76324312256	1216.30004882813
1340.26285728887	1218.59997558594
1342.76169884052	1213.80004882813
1345.25976817132	1209.69995117188
1347.75706567474	1210.69995117188
1350.25359174387	1208.59997558594
1352.74934677141	1205.19995117188
1355.24433114968	1198.19995117188
1357.73854527062	1203.30004882813
1360.23198952583	1199.80004882813
1362.7246643065	1201.59997558594
1365.21657000347	1205.59997558594
1367.7077070072	1205.40002441406
1370.19807570777	1194.90002441406
1372.68767649492	1202.69995117188
1375.176509758	1203.69995117188
1377.66457588599	1194.90002441406
1380.15187526753	1198
1382.63840829087	1198.90002441406
1385.1241753439	1201
1387.60917681417	1204.59997558594
1390.09341308884	1198.80004882813
1392.57688455474	1207.69995117188
1395.05959159829	1195.90002441406
1397.54153460562	1202.80004882813
1400.02271396243	1205.40002441406
1402.50313005414	1208
1404.98278326576	1208.19995117188
1407.46167398196	1203.69995117188
1409.93980258707	1204.19995117188
1412.41716946504	1203.80004882813
1414.89377499951	1209.09997558594
1417.36961957373	1205.90002441406
1419.84470357062	1202.09997558594
1422.31902737275	1210.30004882813
1424.79259136235	1208.30004882813
1427.26539592129	1208.09997558594
1429.73744143111	1208.80004882813
1432.20872827299	1217.80004882813
1434.67925682777	1220.09997558594
1437.14902747597	1217.5
1439.61804059773	1223.40002441406
1442.0862965729	1224.69995117188
1444.55379578093	1230.09997558594
1447.02053860099	1225.80004882813
1449.48652541188	1229.09997558594
1451.95175659206	1231.09997558594
1454.41623251969	1230.09997558594
1456.87995357255	1223.40002441406
1459.34292012811	1228.5
1461.80513256351	1223.19995117188
1464.26659125557	1217.40002441406
1466.72729658073	1214
1469.18724891517	1212.40002441406
1471.64644863469	1209.5
1474.10489611478	1205.69995117188
1476.5625917306	1202
1479.01953585699	1203.59997558594
1481.47572886844	1195.30004882813
1483.93117113917	1200.5
1486.38586304302	1204.5
1488.83980495354	1190.80004882813
1491.29299724395	1199.40002441406
1493.74544028715	1191
1496.19713445573	1191.80004882813
1498.64808012193	1197.90002441406
1501.09827765772	1193.40002441406
1503.54772743471	1197.19995117188
1505.99642982421	1192
1508.44438519723	1197.09997558594
1510.89159392446	1196.5
1513.33805637625	1194.19995117188
1515.78377292266	1192.80004882813
1518.22874393346	1194.69995117188
1520.67296977806	1199.69995117188
1523.11645082559	1192.5
1525.55918744488	1196.69995117188
1528.00118000444	1194.80004882813
1530.44242887245	1196.40002441406
1532.88293441684	1191.40002441406
1535.32269700517	1201.30004882813
1537.76171700475	1196.40002441406
1540.19999478255	1194.5
1542.63753070526	1198.90002441406
1545.07432513925	1203.90002441406
1547.5103784506	1196.19995117188
1549.94569100509	1198.40002441406
1552.38026316819	1202.40002441406
1554.8140953051	1198.90002441406
1557.24718778067	1200.5
1559.67954095952	1202.59997558594
1562.11115520592	1195.30004882813
1564.54203088386	1197.30004882813
1566.97216835704	1195.40002441406
1569.40156798888	1197.30004882813
1571.83023014248	1199.09997558594
1574.25815518067	1197.30004882813
1576.68534346597	1205
1579.11179536062	1199.69995117188
1581.53751122658	1211.09997558594
1583.9624914255	1201.59997558594
1586.38673631876	1208.19995117188
1588.81024626745	1204.90002441406
1591.23302163235	1201.5
1593.655062774	1197.80004882813
1596.07637005262	1206.30004882813
1598.49694382815	1207.90002441406
1600.91678446025	1204.40002441406
1603.33589230831	1208.5
1605.75426773142	1206.5
1608.1719110884	1205.90002441406
1610.58882273779	1204.09997558594
1613.00500303784	1214.69995117188
1615.42045234654	1206.19995117188
1617.83517102158	1213.40002441406
1620.24915942039	1203
1622.66241790012	1209.40002441406
1625.07494681764	1215.40002441406
1627.48674652954	1211.5
1629.89781739216	1209.69995117188
1632.30815976152	1213.09997558594
1634.71777399343	1210.30004882813
1637.12666044338	1213.69995117188
1639.53481946661	1217.19995117188
1641.94225141808	1218.19995117188
1644.34895665248	1220.69995117188
1646.75493552424	1222.80004882813
1649.16018838752	1236
1651.56471559621	1242.80004882813
1653.96851750392	1240.5
1656.37159446403	1243.5
1658.7739468296	1234.69995117188
1661.17557495349	1234.30004882813
1663.57647918824	1229
1665.97665988617	1228
1668.37611739929	1222
1670.77485207939	1214.09997558594
1673.17286427799	1223.59997558594
1675.57015434633	1207.90002441406
1677.96672263542	1213.59997558594
1680.36256949598	1211.69995117188
1682.7576952785	1205.40002441406
1685.15210033318	1204.90002441406
1687.54578501	1202.40002441406
1689.93874965866	1207.40002441406
1692.33099462861	1198.30004882813
1694.72252026904	1195.59997558594
1697.11332692889	1198.80004882813
1699.50341495686	1187.09997558594
1701.89278470137	1198.19995117188
1704.28143651061	1196
1706.66937073251	1191.69995117188
1709.05658771473	1197.59997558594
1711.44308780473	1199.30004882813
1713.82887134968	1190.40002441406
1716.21393869648	1195.80004882813
1718.59829019185	1200.59997558594
1720.98192618221	1191
1723.36484701374	1193.5
1725.74705303238	1191.69995117188
1728.12854458384	1197.59997558594
1730.50932201356	1195.80004882813
1732.88938566673	1191.59997558594
1735.26873588834	1194.40002441406
1737.64737302307	1188
1740.02529741544	1197
1742.40250940964	1198.69995117188
1744.77900934969	1192.40002441406
1747.15479757933	1195.69995117188
1749.52987444206	1193
1751.90424028116	1192.19995117188
1754.27789543967	1194.09997558594
1756.65084026037	1186.5
1759.02307508582	1191.40002441406
1761.39460025833	1187.5
1763.76541612	1193.69995117188
1766.13552301265	1189.19995117188
1768.50492127791	1200.09997558594
1770.87361125714	1189
1773.2415932915	1187.40002441406
1775.60886772188	1196.09997558594
1777.97543488896	1191.09997558594
1780.34129513318	1193.80004882813
1782.70644879475	1194.40002441406
1785.07089621365	1186.30004882813
1787.43463772964	1185
1789.7976736822	1191.90002441406
1792.16000441066	1184.30004882813
1794.52163025405	1191.30004882813
1796.88255155121	1194.59997558594
1799.24276864074	1189.40002441406
1801.60228186102	1188.80004882813
1803.96109155019	1188
1806.31919804618	1184
1808.67660168668	1190
1811.03330280916	1185.09997558594
1813.38930175088	1189
1815.74459884884	1194.09997558594
1818.09919443984	1186
1820.45308886047	1184.59997558594
1822.80628244708	1185.30004882813
1825.1587755358	1195.69995117188
1827.51056846254	1183.59997558594
1829.86166156297	1193.59997558594
1832.21205517258	1189.30004882813
1834.56174962661	1185.80004882813
1836.91074526009	1190.19995117188
1839.25904240783	1192.69995117188
1841.60664140443	1191.30004882813
1843.95354258425	1188.59997558594
1846.29974628146	1190.09997558594
1848.64525282998	1191
1850.99006256356	1186
1853.3341758157	1193.80004882813
1855.67759291968	1192.19995117188
1858.02031420858	1188.69995117188
1860.36234001528	1186.90002441406
1862.70367067241	1187.59997558594
1865.04430651244	1194.80004882813
1867.38424786755	1188.40002441406
1869.72349506978	1198.69995117188
1872.06204845094	1189.90002441406
1874.39990834258	1191.69995117188
1876.73707507612	1188.59997558594
1879.07354898269	1193.40002441406
1881.40933039328	1191.30004882813
1883.74441963861	1189.30004882813
1886.07881704925	1199.5
1888.41252295551	1194.09997558594
1890.74553768751	1189.90002441406
1893.07786157519	1189
1895.40949494822	1185.5
1897.74043813615	1193
1900.07069146823	1191.90002441406
1902.40025527357	1192
1904.72912988106	1190.5
1907.05731561938	1193.30004882813
1909.38481281699	1192.30004882813
1911.71162180217	1190.90002441406
1914.037742903	1189.19995117188
1916.36317644734	1187.80004882813
1918.68792276284	1192.40002441406
1921.01198217697	1188.90002441406
1923.33535501699	1195.09997558594
1925.65804160996	1192.09997558594
1927.98004228273	1191.59997558594
1930.30135736196	1192
1932.6219871741	1190.59997558594
1934.94193204543	1191.40002441406
1937.26119230198	1196.5
1939.57976826962	1193.30004882813
1941.89766027402	1191.40002441406
1944.21486864062	1193.19995117188
1946.53139369472	1195.30004882813
1948.84723576137	1192.5
1951.16239516543	1191.40002441406
1953.47687223159	1186.59997558594
1955.79066728434	1189.69995117188
1958.10378064794	1192.30004882813
1960.4162126465	1186.30004882813
1962.7279636039	1192.19995117188
1965.03903384385	1191.59997558594
1967.34942368987	1196
1969.65913346524	1197
1971.96816349311	1196.59997558594
1974.2765140964	1192.19995117188
1976.58418559784	1197.09997558594
1978.89117831997	1197.80004882813
1981.19749258516	1192.59997558594
1983.50312871555	1185.5
1985.80808703313	1194
1988.11236785967	1189.59997558594
1990.41597151676	1196
1992.71889832581	1191.69995117188
1995.02114860801	1195.69995117188
1997.3227226844	1192.40002441406
1999.62362087581	1188
2001.92384350288	1194.59997558594
2004.22339088608	1193.59997558594
2006.52226334567	1196.09997558594
2008.82046120173	1196.40002441406
2011.11798477417	1192.69995117188
2013.41483438269	1193.30004882813
2015.71101034681	1201.90002441406
2018.00651298588	1189.09997558594
2020.30134261905	1189.5
2022.59549956528	1193.69995117188
2024.88898414337	1198
2027.1817966719	1192.5
2029.4739374693	1198.40002441406
2031.76540685379	1193.69995117188
2034.05620514342	1189.40002441406
2036.34633265607	1193.80004882813
2038.6357897094	1196.09997558594
2040.92457662092	1194.30004882813
2043.21269370795	1189.09997558594
2045.50014128763	1194.69995117188
2047.78691967691	1198.90002441406
2050.07302919256	1193.09997558594
2052.35847015118	1195.80004882813
2054.64324286919	1193.09997558594
2056.9273476628	1192.69995117188
2059.21078484808	1197.40002441406
2061.4935547409	1192.90002441406
2063.77565765696	1194.80004882813
2066.05709391176	1195.59997558594
2068.33786382065	1197.69995117188
2070.61796769879	1194
2072.89740586116	1185.69995117188
2075.17617862255	1197.19995117188
2077.45428629759	1191.80004882813
2079.73172920075	1195.90002441406
2082.00850764627	1193.30004882813
2084.28462194827	1193.59997558594
2086.56007242065	1194.69995117188
2088.83485937717	1194.5
2091.10898313139	1194.30004882813
2093.3824439967	1198.40002441406
2095.65524228632	1193
2097.92737831328	1187.40002441406
2100.19885239047	1196.69995117188
2102.46966483057	1196.40002441406
2104.7398159461	1195
2107.00930604941	1196
2109.27813545267	1196.40002441406
2111.54630446787	1189.5
2113.81381340685	1195.69995117188
2116.08066258126	1201.90002441406
2118.34685230257	1195.40002441406
2120.61238288211	1194
2122.87725463099	1199.90002441406
2125.1414678602	1195.30004882813
2127.40502288052	1200.40002441406
2129.66792000257	1203.90002441406
2131.93015953682	1199.09997558594
2134.19174179353	1199.90002441406
2136.45266708282	1196
2138.71293571463	1199.90002441406
2140.97254799873	1203.59997558594
2143.23150424473	1193.09997558594
2145.48980476205	1196.30004882813
2147.74744985996	1192.59997558594
2150.00443984754	1201.69995117188
2152.26077503373	1189
2154.51645572728	1197.69995117188
2156.77148223677	1192.19995117188
2159.02585487064	1193.5
2161.27957393713	1200.19995117188
2163.53263974432	1200.80004882813
2165.78505260012	1202.80004882813
2168.0368128123	1197.5
2170.28792068844	1193.80004882813
2172.53837653595	1195.09997558594
2174.78818066207	1199.90002441406
2177.03733337389	1191.19995117188
2179.28583497833	1195.59997558594
2181.53368578214	1204.69995117188
2183.78088609192	1199.09997558594
2186.02743621406	1195.80004882813
2188.27333645484	1193.19995117188
2190.51858712033	1195.69995117188
2192.76318851646	1200.40002441406
2195.00714094901	1191.19995117188
2197.25044472354	1198.59997558594
2199.49310014551	1196.80004882813
2201.73510752018	1199
2203.97646715265	1198.90002441406
2206.21717934786	1196.5
2208.45724441058	1196.90002441406
2210.69666264543	1197.90002441406
2212.93543435686	1195.30004882813
2215.17355984914	1204.09997558594
2217.41103942642	1196.90002441406
2219.64787339264	1198.09997558594
2221.8840620516	1201.80004882813
2224.11960570695	1194
2226.35450466215	1195.90002441406
2228.58875922051	1202.80004882813
2230.82236968518	1197.5
2233.05533635916	1197.90002441406
2235.28765954527	1196.90002441406
2237.51933954617	1188.59997558594
2239.75037666437	1195.80004882813
2241.98077120221	1198.90002441406
2244.21052346188	1194.69995117188
2246.4396337454	1197.5
2248.66810235461	1195.30004882813
2250.89592959125	1195.59997558594
2253.12311575681	1196.80004882813
2255.34966115272	1197.30004882813
2257.57556608017	1197.80004882813
2259.80083084023	1195.09997558594
2262.02545573381	1198.69995117188
2264.24944106163	1195
2266.47278712429	1200.30004882813
2268.69549422221	1200.19995117188
2270.91756265564	1199.90002441406
2273.1389927247	1197.30004882813
2275.35978472934	1199.09997558594
2277.57993896933	1199.5
2279.79945574431	1201.19995117188
2282.01833535375	1198.40002441406
2284.23657809696	1191.59997558594
2286.45418427309	1197.09997558594
2288.67115418114	1199
2290.88748811995	1195.69995117188
2293.10318638819	1193.80004882813
2295.3182492844	1199.19995117188
2297.53267710693	1197.40002441406
2299.746470154	1196.40002441406
2301.95962872364	1198
2304.17215311376	1197.69995117188
2306.3840436221	1194.5
2308.59530054621	1194
2310.80592418354	1195.5
2313.01591483134	1200
2315.22527278673	1191.40002441406
2317.43399834666	1199.30004882813
2319.64209180791	1195.90002441406
2321.84955346713	1191.69995117188
2324.05638362079	1191
2326.26258256524	1202.30004882813
2328.46815059664	1197.59997558594
2330.67308801098	1202.69995117188
2332.87739510415	1194.5
2335.08107217184	1200.40002441406
2337.2841195096	1195.19995117188
2339.48653741281	1201.30004882813
2341.68832617672	1194.80004882813
2343.8894860964	1196.30004882813
2346.09001746678	1194.5
2348.28992058261	1199.69995117188
2350.48919573852	1189.19995117188
2352.68784322898	1192.30004882813
2354.88586334826	1197.5
2357.08325639055	1197
2359.2800226498	1201.09997558594
2361.47616241988	1203.69995117188
2363.67167599445	1197.69995117188
2365.86656366706	1197.40002441406
2368.06082573107	1196.19995117188
2370.2544624797	1197.30004882813
2372.44747420603	1193.80004882813
2374.63986120295	1193.59997558594
2376.83162376322	1196
2379.02276217945	1196.19995117188
2381.21327674408	1192.30004882813
2383.4031677494	1191.80004882813
2385.59243548756	1200.19995117188
2387.78108025053	1199.5
2389.96910233014	1194.19995117188
2392.15650201809	1195.90002441406
2394.34327960587	1193.09997558594
2396.52943538486	1201.30004882813
2398.71496964628	1199.80004882813
2400.89988268118	1200.5
2403.08417478048	1196
2405.26784623491	1201.09997558594
2407.45089733509	1194.90002441406
2409.63332837146	1198.5
2411.81513963429	1196.09997558594
2413.99633141375	1197.59997558594
2416.1769039998	1191.5
2418.35685768227	1199.19995117188
2420.53619275084	1192.40002441406
2422.71490949505	1195.5
2424.89300820425	1196.59997558594
2427.07048916765	1196.59997558594
2429.24735267433	1193.80004882813
2431.42359901319	1196.90002441406
2433.59922847297	1198.40002441406
2435.7742413423	1199.80004882813
2437.94863790961	1194.90002441406
2440.12241846321	1196.90002441406
2442.29558329121	1195.80004882813
2444.46813268162	1195.5
2446.64006692228	1195.80004882813
2448.81138630086	1198.30004882813
2450.98209110489	1199.09997558594
2453.15218162174	1192.19995117188
2455.32165813864	1198
2457.49052094265	1196.90002441406
2459.65877032069	1195.30004882813
2461.8264065595	1191.5
2463.99342994572	1195.19995117188
2466.15984076579	1198
2468.325639306	1202.59997558594
2470.49082585251	1197.69995117188
2472.65540069131	1199.40002441406
2474.81936410824	1197.30004882813
2476.98271638899	1197.30004882813
2479.14545781909	1197.90002441406
2481.30758868392	1199.59997558594
2483.4691092687	1198.5
2485.63001985852	1202.5
2487.79032073829	1198.69995117188
2489.95001219277	1193.30004882813
2492.10909450659	1192.80004882813
2494.26756796419	1197.40002441406
2496.42543284989	1204
2498.58268944783	1191.5
2500.73933804202	1196
2502.8953789163	1202.90002441406
2505.05081235436	1201.59997558594
2507.20563863974	1197.5
2509.35985805582	1199.69995117188
2511.51347088583	1199.80004882813
2513.66647741285	1200.69995117188
2515.81887791981	1199.59997558594
2517.97067268946	1197.19995117188
2520.12186200443	1197.80004882813
2522.27244614716	1201.5
2524.42242539999	1202.19995117188
2526.57180004504	1195.40002441406
2528.72057036433	1191.09997558594
2530.8687366397	1192.59997558594
2533.01629915284	1197.59997558594
2535.16325818527	1198.69995117188
2537.30961401839	1196.80004882813
2539.45536693343	1201.5
2541.60051721145	1199.59997558594
2543.74506513338	1197.30004882813
2545.88901097997	1193
2548.03235503185	1198.59997558594
2550.17509756946	1198.59997558594
2552.31723887311	1193.90002441406
2554.45877922293	1200.30004882813
2556.59971889893	1195.5
2558.74005818094	1195.80004882813
2560.87979734864	1202.40002441406
2563.01893668155	1201.5
2565.15747645906	1200.59997558594
2567.29541696037	1200.30004882813
2569.43275846454	1192.5
2571.56950125049	1204.5
2573.70564559696	1200.5
2575.84119178254	1202.80004882813
2577.97614008569	1200.69995117188
2580.11049078468	1196.69995117188
2582.24424415764	1202.40002441406
2584.37740048255	1201.09997558594
2586.50996003722	1195.5
2588.64192309931	1196.30004882813
2590.77328994634	1202.19995117188
2592.90406085564	1201.59997558594
2595.03423610442	1195.69995117188
2597.16381596971	1201.09997558594
2599.29280072839	1201
2601.42119065719	1194.30004882813
2603.54898603267	1207.90002441406
2605.67618713125	1200.69995117188
2607.80279422919	1199.19995117188
2609.92880760257	1203.40002441406
2612.05422752735	1202.19995117188
2614.17905427932	1195.40002441406
2616.30328813408	1200.69995117188
2618.42692936713	1206.5
2620.54997825377	1197.40002441406
2622.67243506915	1194.69995117188
2624.79430008828	1198
2626.915573586	1207.90002441406
2629.03625583699	1199.40002441406
2631.15634711579	1202
2633.27584769675	1203.59997558594
2635.39475785408	1202.59997558594
2637.51307786185	1202.59997558594
2639.63080799394	1202.5
2641.74794852409	1207.09997558594
2643.86449972589	1205.90002441406
2645.98046187273	1200.40002441406
2648.0958352379	1199.40002441406
2650.21062009449	1201.80004882813
2652.32481671544	1202.40002441406
2654.43842537353	1198.80004882813
2656.5514463414	1199.30004882813
2658.66387989151	1199.09997558594
2660.77572629616	1200.80004882813
2662.88698582751	1202.5
2664.99765875753	1199.80004882813
2667.10774535806	1204.90002441406
2669.21724590076	1200.30004882813
2671.32616065714	1203
2673.43448989857	1204.80004882813
2675.5422338962	1201.90002441406
2677.64939292108	1201.80004882813
2679.75596724408	1205.69995117188
2681.86195713589	1201.30004882813
2683.96736286707	1200.40002441406
2686.07218470799	1201.5
2688.17642292889	1206.40002441406
2690.28007779982	1206.5
2692.38314959069	1207.69995117188
2694.48563857123	1209.5
2696.58754501103	1204.30004882813
2698.6888691795	1209.19995117188
2700.78961134588	1206.40002441406
2702.8897717793	1207.59997558594
2704.98935074864	1206.69995117188
2707.08834852271	1206.69995117188
2709.18676537009	1208.19995117188
2711.28460155925	1205.30004882813
2713.38185735843	1207.30004882813
2715.47853303577	1201.90002441406
2717.57462885924	1205.80004882813
2719.67014509659	1221.30004882813
2721.76508201548	1211.30004882813
2723.85943988337	1219.09997558594
2725.95321896754	1213.90002441406
2728.04641953515	1210.09997558594
2730.13904185316	1211.59997558594
2732.23108618837	1214.80004882813
2734.32255280744	1209.5
2736.41344197683	1209.80004882813
2738.50375396288	1210.40002441406
2740.5934890317	1204
2742.68264744932	1210.09997558594
2744.77122948153	1206.59997558594
2746.85923539398	1208.5
2748.94666545217	1204.30004882813
2751.03351992142	1205.5
2753.11979906688	1209.40002441406
2755.20550315355	1205.40002441406
2757.29063244624	1207.19995117188
2759.37518720963	1206.40002441406
2761.45916770819	1205.40002441406
2763.54257420625	1209.09997558594
2765.62540696797	1206
2767.70766625733	1207
2769.78935233816	1208.59997558594
2771.87046547413	1203.80004882813
2773.95100592869	1207.5
2776.03097396519	1202.69995117188
2778.11036984677	1208.19995117188
2780.18919383641	1210.40002441406
2782.26744619693	1206.90002441406
2784.34512719097	1207.40002441406
2786.42223708102	1211.19995117188
2788.49877612937	1204.30004882813
2790.57474459816	1215
2792.65014274937	1207.5
2794.7249708448	1209.80004882813
2796.79922914607	1209
2798.87291791465	1205.5
2800.94603741181	1212.30004882813
2803.01858789869	1208.59997558594
2805.09056963623	1210
2807.1619828852	1209.19995117188
2809.23282790621	1210.5
2811.30310495971	1205.69995117188
2813.37281430593	1209.80004882813
2815.441956205	1206.90002441406
2817.51053091682	1211.80004882813
2819.57853870114	1213.69995117188
2821.64597981753	1215.40002441406
2823.7128545254	1216.5
2825.77916308399	1212.5
2827.84490575233	1225.69995117188
2829.91008278933	1223
2831.97469445369	1226.69995117188
2834.03874100395	1228.80004882813
2836.10222269847	1229.80004882813
2838.16513979544	1245.40002441406
2840.22749255288	1246.19995117188
2842.28928122863	1255.09997558594
2844.35050608034	1265.40002441406
2846.41116736553	1277.90002441406
2848.47126534149	1299.30004882813
2850.53080026537	1304.19995117188
2852.58977239414	1315.90002441406
2854.64818198459	1321.40002441406
2856.70602929332	1311.30004882813
2858.76331457678	1303.90002441406
2860.82003809123	1315.19995117188
2862.87620009274	1322.59997558594
2864.93180083723	1318.40002441406
2866.98684058043	1325
2869.04131957789	1331.19995117188
2871.09523808497	1339.19995117188
2873.14859635689	1339
2875.20139464866	1341.90002441406
2877.2536332151	1346.09997558594
2879.30531231091	1352.40002441406
2881.35643219054	1361.30004882813
2883.40699310831	1353.69995117188
2885.45699531834	1359.40002441406
2887.50643907457	1373.90002441406
2889.55532463077	1351
2891.60365224053	1369.40002441406
2893.65142215724	1368.69995117188
2895.69863463414	1363.90002441406
2897.74528992426	1372.69995117188
2899.79138828046	1372.40002441406
2901.83692995544	1360.19995117188
2903.88191520168	1379.90002441406
2905.92634427151	1371.09997558594
2907.97021741706	1377.09997558594
2910.01353489027	1390.40002441406
2912.05629694294	1383
2914.09850382663	1387.90002441406
2916.14015579276	1393.40002441406
2918.18125309254	1409.40002441406
2920.22179597702	1421.69995117188
2922.26178469705	1429
2924.30121950329	1427.19995117188
2926.34010064624	1433.80004882813
2928.37842837619	1440.90002441406
2930.41620294326	1444.69995117188
2932.45342459737	1445.80004882813
2934.49009358828	1439.5
2936.52621016555	1439.80004882813
2938.56177457854	1440.40002441406
2940.59678707645	1413.80004882813
2942.63124790827	1421.40002441406
2944.66515732282	1416
2946.69851556873	1397.69995117188
2948.73132289443	1378.69995117188
2950.76357954817	1377.40002441406
2952.79528577803	1376
2954.82644183188	1364.59997558594
2956.85704795741	1366.5
2958.8871044021	1348.19995117188
2960.91661141328	1354.90002441406
2962.94556923807	1346.90002441406
2964.97397812339	1344.09997558594
2967.00183831598	1342.80004882813
2969.0291500624	1344.40002441406
2971.05591360902	1322.19995117188
2973.08212920199	1319.90002441406
2975.1077970873	1324.40002441406
2977.13291751074	1326.80004882813
2979.1574907179	1314.90002441406
2981.18151695419	1296.80004882813
2983.20499646482	1313.09997558594
2985.2279294948	1312.09997558594
2987.25031628898	1301.40002441406
2989.27215709199	1301.40002441406
2991.29345214825	1296.5
2993.31420170204	1293.90002441406
2995.33440599738	1284.09997558594
2997.35406527816	1283.90002441406
2999.37317978802	1284.19995117188
3001.39174977045	1281.09997558594
3003.40977546872	1279.40002441406
3005.42725712591	1285.40002441406
3007.44419498491	1282.69995117188
3009.4605892884	1278
3011.47644027889	1272.80004882813
3013.49174819865	1277.40002441406
3015.5065132898	1272.90002441406
3017.52073579424	1269.19995117188
3019.53441595366	1266.30004882813
3021.54755400959	1263.59997558594
3023.56015020332	1261.59997558594
3025.57220477598	1257.09997558594
3027.58371796846	1262.09997558594
3029.5946900215	1246.09997558594
3031.6051211756	1254.69995117188
3033.61501167107	1265.40002441406
3035.62436174803	1254.5
3037.6331716464	1258.59997558594
3039.64144160588	1250.59997558594
3041.649171866	1252.40002441406
3043.65636266607	1259.90002441406
3045.6630142452	1249.90002441406
3047.66912684229	1265.59997558594
3049.67470069605	1259.69995117188
3051.679736045	1256.80004882813
3053.68423312742	1260.69995117188
3055.68819218143	1256.90002441406
3057.6916134449	1271.40002441406
3059.69449715556	1276.40002441406
3061.69684355086	1277.69995117188
3063.6986528681	1273.09997558594
3065.69992534437	1267.19995117188
3067.70066121653	1270.90002441406
3069.70086072126	1277.5
3071.700524095	1276.69995117188
3073.69965157405	1270.90002441406
3075.69824339442	1268.90002441406
3077.69629979197	1275.5
3079.69382100235	1264.80004882813
3081.69080726098	1265.30004882813
3083.68725880307	1269.5
3085.68317586366	1270.19995117188
3087.67855867755	1274.80004882813
3089.67340747933	1268.30004882813
3091.6677225034	1281.90002441406
3093.66150398392	1277.5
3095.6547521549	1264.09997558594
3097.64746725006	1276.30004882813
3099.63964950297	1285.80004882813
3101.63129914698	1280.30004882813
3103.6224164152	1271.80004882813
3105.61300154056	1285.59997558594
3107.60305475576	1280.19995117188
3109.59257629331	1290.80004882813
3111.58156638547	1280.59997558594
3113.57002526432	1291.30004882813
3115.55795316172	1284.90002441406
3117.54535030932	1293.59997558594
3119.53221693853	1290.90002441406
3121.51855328057	1295.19995117188
3123.50435956646	1293.80004882813
3125.48963602698	1299.59997558594
3127.4743828927	1297.19995117188
3129.45860039397	1309.80004882813
3131.44228876093	1293.40002441406
3133.42544822353	1295.09997558594
3135.40807901145	1310.40002441406
3137.39018135418	1303.69995117188
3139.37175548102	1308.90002441406
3141.35280162101	1318.69995117188
3143.33332000299	1313.19995117188
3145.31331085559	1316
3147.2927744072	1323.59997558594
3149.27171088602	1329.19995117188
3151.25012052	1323.5
3153.22800353689	1327.69995117188
3155.20536016422	1319.80004882813
3157.18219062929	1329.30004882813
3159.15849515918	1332.19995117188
3161.13427398075	1324.69995117188
3163.10952732066	1332.90002441406
3165.08425540532	1338.19995117188
3167.05845846092	1334.19995117188
3169.03213671344	1337.40002441406
3171.00529038863	1352.5
3172.97791971203	1340.59997558594
3174.95002490893	1332.90002441406
3176.92160620443	1347.30004882813
3178.89266382337	1350.09997558594
3180.8631979904	1343.5
3182.83320892991	1347
3184.80269686609	1365.19995117188
3186.77166202289	1350.30004882813
3188.74010462406	1361.5
3190.70802489307	1354.19995117188
3192.67542305323	1362.69995117188
3194.64229932757	1367.40002441406
3196.60865393892	1352.09997558594
3198.57448710987	1349.40002441406
3200.53979906279	1362.80004882813
3202.50459001981	1371
3204.46886020284	1375.5
3206.43260983356	1374.80004882813
3208.39583913341	1381.09997558594
3210.35854832362	1378.80004882813
3212.32073762517	1383.90002441406
3214.28240725881	1369
3216.24355744508	1375.59997558594
3218.20418840426	1387
3220.16430035642	1371.30004882813
3222.12389352137	1382.69995117188
3224.08296811873	1383
3226.04152436784	1385.30004882813
3227.99956248784	1389.80004882813
3229.95708269762	1388.09997558594
3231.91408521584	1398.09997558594
3233.87057026092	1388.59997558594
3235.82653805105	1396.90002441406
3237.78198880419	1384.40002441406
3239.73692273806	1389.30004882813
3241.69134007013	1389.5
3243.64524101764	1389.69995117188
3245.59862579761	1392.19995117188
3247.55149462681	1391
3249.50384772176	1389.40002441406
3251.45568529877	1394.69995117188
3253.40700757387	1387.90002441406
3255.35781476288	1395.30004882813
3257.3081070814	1397.69995117188
3259.25788474473	1395.09997558594
3261.20714796799	1394.30004882813
3263.15589696602	1397.59997558594
3265.10413195345	1411.5
3267.05185314463	1407
3268.9990607537	1403.19995117188
3270.94575499455	1403.09997558594
3272.89193608081	1404.69995117188
3274.8376042259	1412.09997558594
3276.78275964296	1414.80004882813
3278.72740254492	1415.59997558594
3280.67153314443	1413.30004882813
3282.61515165393	1401.90002441406
3284.55825828559	1408.59997558594
3286.50085325135	1410
3288.44293676289	1413.59997558594
3290.38450903165	1408.09997558594
3292.32557026883	1401.80004882813
3294.26612068537	1413.30004882813
3296.20616049198	1416
3298.14568989911	1407.59997558594
3300.08470911695	1416.40002441406
3302.02321835546	1416.09997558594
3303.96121782435	1413.80004882813
3305.89870773306	1411.69995117188
3307.83568829081	1415.90002441406
3309.77215970655	1404.5
3311.70812218898	1415.30004882813
3313.64357594655	1411.90002441406
3315.57852118747	1417.90002441406
3317.51295811968	1416.5
3319.44688695087	1417.40002441406
3321.38030788849	1417.40002441406
3323.31322113973	1405.80004882813
3325.24562691152	1412.30004882813
3327.17752541055	1409.90002441406
3329.10891684322	1409.5
3331.03980141573	1423.80004882813
3332.97017933399	1419.69995117188
3334.90005080364	1413.40002441406
3336.82941603011	1414.69995117188
3338.75827521852	1407.40002441406
3340.68662857377	1433.09997558594
3342.6144763005	1422.5
3344.54181860308	1420.90002441406
3346.46865568561	1417.5
3348.39498775195	1417.80004882813
3350.32081500571	1420.59997558594
3352.24613765022	1413.19995117188
3354.17095588855	1429.09997558594
3356.09526992352	1410.80004882813
3358.01907995769	1428.80004882813
3359.94238619334	1425.09997558594
3361.86518883251	1420.80004882813
3363.78748807697	1424.30004882813
3365.70928412823	1442.40002441406
3367.63057718752	1432.69995117188
3369.55136745582	1421.40002441406
3371.47165513386	1425.69995117188
3373.39144042208	1434.69995117188
3375.31072352066	1436.59997558594
3377.22950462953	1434.19995117188
3379.14778394834	1446
3381.06556167648	1432.90002441406
3382.98283801308	1423.40002441406
3384.89961315697	1434.90002441406
3386.81588730676	1423.5
3388.73166066076	1439
3390.64693341702	1433.09997558594
3392.56170577332	1442
3394.47597792716	1426.40002441406
3396.38975007581	1438.80004882813
3398.30302241623	1429.5
3400.21579514512	1424.80004882813
3402.1280684589	1439.90002441406
3404.03984255374	1441.09997558594
3405.95111762553	1430.5
3407.86189386987	1452.90002441406
3409.77217148212	1435.59997558594
3411.68195065733	1436.5
3413.5912315903	1430.90002441406
3415.50001447556	1454.19995117188
3417.40829950735	1438.90002441406
3419.31608687963	1443.5
3421.22337678611	1433.69995117188
3423.1301694202	1426.40002441406
3425.03646497504	1434.5
3426.9422636435	1442.69995117188
3428.84756561816	1438.30004882813
3430.75237109135	1443.90002441406
3432.65668025508	1419
3434.56049330112	1433
3436.46381042093	1429.5
3438.36663180571	1432.90002441406
3440.26895764638	1424.59997558594
3442.17078813357	1431.40002441406
3444.07212345762	1415.5
3445.97296380863	1434.30004882813
3447.87330937636	1428
3449.77316035033	1427.59997558594
3451.67251691977	1418.30004882813
3453.57137927361	1430.30004882813
3455.46974760052	1415
3457.36762208886	1423.19995117188
3459.26500292671	1423.59997558594
3461.16189030191	1402.80004882813
3463.05828440194	1439.19995117188
3464.95418541406	1423.80004882813
3466.84959352519	1400.80004882813
3468.74450892201	1411.40002441406
3470.63893179088	1409.19995117188
3472.53286231788	1415.40002441406
3474.42630068881	1407.69995117188
3476.31924708918	1403
3478.2117017042	1395.69995117188
3480.1036647188	1405.40002441406
3481.99513631761	1409.80004882813
3483.88611668498	1406.69995117188
3485.77660600498	1400.40002441406
3487.66660446135	1405.40002441406
3489.55611223758	1407.59997558594
3491.44512951683	1399.19995117188
3493.333656482	1401.59997558594
3495.22169331568	1396.09997558594
3497.10924020016	1380.80004882813
3498.99629731746	1387.90002441406
3500.88286484927	1394.80004882813
3502.76894297702	1396.90002441406
3504.65453188182	1387.80004882813
3506.53963174449	1383.80004882813
3508.42424274555	1376.40002441406
3510.30836506524	1373.90002441406
3512.19199888349	1383.69995117188
3514.07514437992	1376.80004882813
3515.95780173387	1369.59997558594
3517.83997112437	1372.69995117188
3519.72165273016	1366.5
3521.60284672967	1363.40002441406
3523.48355330104	1360.09997558594
3525.36377262208	1376.09997558594
3527.24350487035	1353.90002441406
3529.12275022306	1354.90002441406
3531.00150885715	1351.90002441406
3532.87978094923	1353.19995117188
3534.75756667562	1349.30004882813
3536.63486621235	1339.5
3538.51167973512	1342
3540.38800741934	1338.19995117188
3542.26384944011	1341.69995117188
3544.13920597223	1339
3546.01407719018	1348.09997558594
3547.88846326815	1348.59997558594
3549.76236438002	1339
3551.63578069934	1331.40002441406
3553.50871239938	1330.40002441406
3555.38115965309	1336.59997558594
3557.25312263311	1319.90002441406
3559.12460151177	1326.90002441406
3560.99559646109	1319.90002441406
3562.86610765279	1323.90002441406
3564.73613525825	1317.40002441406
3566.60567944857	1318.09997558594
3568.47474039453	1318.30004882813
3570.34331826658	1321.80004882813
3572.21141323487	1311.90002441406
3574.07902546925	1312.19995117188
3575.94615513922	1310.80004882813
3577.81280241401	1302.5
3579.67896746249	1304.80004882813
3581.54465045325	1314.40002441406
3583.40985155455	1307
3585.27457093432	1301
3587.1388087602	1309.40002441406
3589.00256519949	1311.59997558594
3590.86584041919	1302.80004882813
3592.72863458597	1307.09997558594
3594.59094786618	1297
3596.45278042585	1304.69995117188
3598.31413243069	1304.59997558594
3600.17500404611	1305.19995117188
3602.03539543717	1299.80004882813
3603.89530676861	1299.30004882813
3605.75473820488	1288.90002441406
3607.61368991007	1293.69995117188
3609.47216204797	1288.19995117188
3611.33015478203	1290
3613.18766827539	1286.19995117188
3615.04470269087	1298.90002441406
3616.90125819094	1275.19995117188
3618.75733493776	1280.30004882813
3620.61293309318	1287.69995117188
3622.46805281869	1273
3624.32269427547	1281.69995117188
3626.17685762439	1275.5
3628.03054302596	1279.40002441406
3629.88375064038	1273.5
3631.73648062751	1278.5
3633.5887331469	1270.5
3635.44050835775	1266.5
3637.29180641893	1261
3639.14262748899	1268.69995117188
3640.99297172614	1263.5
3642.84283928828	1266.80004882813
3644.69223033294	1263.80004882813
3646.54114501734	1264.5
3648.38958349836	1251.30004882813
3650.23754593256	1257.19995117188
3652.08503247614	1252.69995117188
3653.93204328497	1257
3655.77857851462	1252.5
3657.62463832028	1257.30004882813
3659.47022285682	1260
3661.31533227877	1246.40002441406
3663.15996674033	1245.90002441406
3665.00412639535	1243
3666.84781139736	1240.30004882813
3668.69102189953	1239.09997558594
3670.5337580547	1241.69995117188
3672.37602001537	1242.09997558594
3674.21780793368	1242.80004882813
3676.05912196148	1235.09997558594
3677.89996225021	1229.69995117188
3679.74032895103	1228.5
3681.58022221471	1227.40002441406
3683.41964219171	1225.80004882813
3685.25858903211	1232.69995117188
3687.0970628857	1223.80004882813
3688.93506390186	1231.90002441406
3690.77259222968	1220.30004882813
3692.60964801787	1223.59997558594
3694.44623141481	1230.30004882813
3696.28234256853	1221.5
3698.11798162669	1214.30004882813
3699.95314873665	1224.30004882813
3701.78784404537	1212.19995117188
3703.62206769951	1219.5
3705.45581984533	1223.80004882813
3707.28910062877	1214.09997558594
3709.12191019542	1212.5
3710.95424869052	1220.09997558594
3712.78611625894	1210.59997558594
3714.6175130452	1217.59997558594
3716.44843919349	1210.80004882813
3718.27889484764	1208.59997558594
3720.1088801511	1210.19995117188
3721.93839524699	1215.90002441406
3723.76744027808	1209.80004882813
3725.59601538677	1211.5
3727.4241207151	1205.40002441406
