40.2973356941271	1130.80004882813
43.2236257608418	1134.40002441406
46.1488808466109	1139.80004882813
49.0731017336173	1144.80004882813
51.9962892025666	1147.19995117188
54.9184440327569	1153
57.8395670020446	1157
60.7596588868509	1158.5
63.6787204621708	1166.19995117188
66.5967525015794	1176.5
69.5137557772381	1183.09997558594
72.4297310598838	1196.59997558594
75.3446791188512	1211.30004882813
78.2586007220466	1225.5
81.1714966360015	1249.19995117188
84.0833676258266	1278.59997558594
86.994214455242	1305.09997558594
89.9040378865662	1344
92.8128386807427	1384.90002441406
95.7206175973133	1407.40002441406
98.6273753944444	1435.40002441406
101.533112828928	1448.09997558594
104.437830656161	1445.80004882813
107.34152963018	1457
110.244210503676	1450
113.145874027931	1426.09997558594
116.046520952895	1418
118.946152027154	1406.59997558594
121.844767997933	1421.30004882813
124.74236961111	1399.90002441406
127.638957611212	1404
130.534532741422	1396.09997558594
133.429095743606	1395.5
136.322647358252	1399.80004882813
139.215188324544	1393.90002441406
142.106719380311	1386.09997558594
144.997241262089	1389.5
147.886754705057	1379.40002441406
150.775260443096	1382.5
153.662759208748	1385.40002441406
156.549251733282	1396
159.434738746612	1378.09997558594
162.319220977376	1384.90002441406
165.20269915289	1376.90002441406
168.085173999178	1381
170.966646240977	1369.19995117188
173.847116601709	1363.40002441406
176.726585803528	1366.30004882813
179.605054567295	1359.80004882813
182.48252361259	1377.59997558594
185.358993657701	1354.69995117188
188.234465419645	1356.69995117188
191.108939614183	1358.80004882813
193.982416955795	1358.90002441406
196.854898157687	1366.59997558594
199.726383931801	1344.09997558594
202.596874988835	1355.90002441406
205.466372038225	1374.69995117188
208.334875788145	1366.80004882813
211.202386945534	1355
214.068906216069	1361.80004882813
216.934434304194	1377.40002441406
219.798971913111	1361.40002441406
222.662519744776	1363.40002441406
225.525078499925	1363.30004882813
228.386648878069	1371.90002441406
231.247231577465	1360.80004882813
234.106827295172	1367.40002441406
236.965436727012	1352.09997558594
239.823060567597	1353.59997558594
242.679699510337	1358.90002441406
245.535354247396	1345
248.390025469775	1356.09997558594
251.243713867223	1351.59997558594
254.096420128327	1363
256.948144940459	1356.30004882813
259.798888989788	1345.90002441406
262.648652961315	1357.30004882813
265.49743753883	1365.69995117188
268.345243404939	1345.80004882813
271.192071241073	1344.69995117188
274.037921727485	1347.90002441406
276.882795543246	1351.09997558594
279.72669336624	1347.69995117188
282.569615873213	1341.09997558594
285.411563739724	1336.19995117188
288.252537640165	1354.19995117188
291.092538247763	1342.59997558594
293.931566234616	1351.40002441406
296.769622271633	1353.59997558594
299.606707028594	1343.69995117188
302.442821174104	1339.59997558594
305.277965375652	1341.80004882813
308.112140299574	1354.19995117188
310.945346611062	1347.69995117188
313.777584974167	1356.80004882813
316.608856051813	1339.19995117188
319.439160505797	1347.09997558594
322.268498996783	1349.69995117188
325.096872184303	1355.09997558594
327.924280726782	1359.09997558594
330.750725281521	1348.09997558594
333.576206504693	1345.69995117188
336.400725051388	1345.30004882813
339.224281575542	1347.59997558594
342.046876730026	1350.5
344.868511166586	1332.40002441406
347.689185535872	1336.19995117188
350.508900487421	1340.69995117188
353.327656669699	1331.59997558594
356.145454730079	1344.80004882813
358.962295314817	1346.80004882813
361.778179069105	1338.80004882813
364.593106637051	1345.09997558594
367.407078661675	1350.59997558594
370.220095784913	1330.90002441406
373.032158647655	1345.90002441406
375.843267889676	1349.80004882813
378.653424149715	1341.40002441406
381.462628065436	1351.69995117188
384.270880273432	1340.19995117188
387.078181409254	1347
389.884532107358	1351.69995117188
392.689933001188	1352.40002441406
395.494384723112	1352.59997558594
398.29788790445	1354.90002441406
401.100443175488	1358.5
403.902051165437	1354.59997558594
406.702712502518	1357.19995117188
409.502427813866	1360.09997558594
412.301197725607	1362.30004882813
415.099022862823	1364.40002441406
417.89590384957	1358.69995117188
420.691841308876	1361
423.486835862752	1360.30004882813
426.280888132173	1358
429.073998737112	1362
431.866168296507	1354.69995117188
434.657397428298	1360.69995117188
437.447686749412	1357
440.237036875762	1359.19995117188
443.025448422257	1365.40002441406
445.812922002813	1364.5
448.599458230326	1353.59997558594
451.38505771672	1363.09997558594
454.169721072909	1357
456.953448908819	1359.80004882813
459.736241833384	1360.69995117188
462.518100454555	1357.69995117188
465.2990253793	1358.19995117188
468.079017213605	1380.09997558594
470.858076562476	1370.90002441406
473.636204029939	1371.90002441406
476.41340021906	1369.30004882813
479.189665731938	1372.40002441406
481.965001169667	1368.40002441406
484.739407132419	1367.69995117188
487.512884219391	1377.09997558594
490.285433028796	1366.80004882813
493.057054157921	1373
495.827748203087	1385.5
498.597515759658	1383.40002441406
501.366357422061	1381.80004882813
504.134273783759	1377.30004882813
506.901265437278	1369.19995117188
509.66733297421	1376.5
512.432476985198	1379.69995117188
515.196698059945	1379.69995117188
517.959996787225	1362.5
520.722373754895	1372.30004882813
523.483829549856	1373.90002441406
526.24436475811	1372.90002441406
529.003979964696	1366
531.762675753779	1373.80004882813
534.520452708569	1371
537.277311411375	1370.80004882813
540.03325244359	1378.69995117188
542.788276385682	1378.09997558594
545.54238381725	1376.59997558594
548.295575316938	1378.69995117188
551.047851462516	1376.90002441406
553.799212830831	1376.69995117188
556.549659997851	1385.80004882813
559.299193538643	1384.5
562.047814027381	1383.90002441406
564.795522037318	1384.30004882813
567.542318140861	1377.09997558594
570.288202909507	1378.80004882813
573.033176913873	1373.30004882813
575.7772407237	1382.40002441406
578.520394907829	1369.90002441406
581.26264003424	1379.30004882813
584.003976670046	1384.19995117188
586.744405381469	1379.80004882813
589.483926733869	1383.59997558594
592.222541291746	1388.09997558594
594.96024961872	1378.90002441406
597.697052277563	1383.80004882813
600.432949830166	1385.30004882813
603.167942837587	1390.5
605.902031860012	1387.69995117188
608.635217456783	1389.80004882813
611.367500186378	1398.80004882813
614.098880606429	1374.40002441406
616.82935927374	1396.80004882813
619.558936744248	1388.69995117188
622.287613573072	1402.40002441406
625.015390314457	1377.90002441406
627.742267521848	1403.40002441406
630.468245747829	1393
633.193325544166	1376.30004882813
635.917507461792	1393.30004882813
638.640792050804	1389.80004882813
641.36317986048	1396.09997558594
644.084671439281	1391.90002441406
646.805267334845	1376.80004882813
649.524968093967	1399.59997558594
652.24377426266	1393.59997558594
654.961686386106	1391.09997558594
657.678705008678	1381
660.394830673939	1391.40002441406
663.110063924628	1386.40002441406
665.824405302728	1392.40002441406
668.537855349351	1387.30004882813
671.250414604863	1394.40002441406
673.962083608812	1391.09997558594
676.672862899949	1397.90002441406
679.382753016218	1392.59997558594
682.091754494801	1402.59997558594
684.799867872061	1392
687.507093683595	1398.90002441406
690.213432464198	1400.80004882813
692.918884747899	1403.09997558594
695.623451067937	1397.59997558594
698.327131956755	1402.90002441406
701.029927946065	1401.40002441406
703.731839566754	1397.30004882813
706.43286734896	1400.90002441406
709.133011822067	1409.69995117188
711.832273514658	1410.69995117188
714.53065295457	1413.40002441406
717.228150668879	1411.59997558594
719.924767183889	1401.59997558594
722.620503025148	1415.80004882813
725.315358717446	1423
728.009334784827	1411.80004882813
730.702431750559	1417.69995117188
733.394650137188	1407
736.085990466498	1412.90002441406
738.776453259519	1413.59997558594
741.466039036542	1413.59997558594
744.154748317125	1414.90002441406
746.842581620074	1408.5
749.529539463458	1408.30004882813
752.215622364608	1399.5
754.900830840131	1411
757.585165405892	1416.09997558594
760.26862657703	1408
762.951214867957	1413.09997558594
765.632930792356	1420.90002441406
768.313774863181	1414.59997558594
770.993747592673	1413.80004882813
773.672849492359	1420.59997558594
776.351081073017	1402.69995117188
779.028442844757	1401.69995117188
781.704935316928	1404.80004882813
784.380558998208	1434.90002441406
787.055314396528	1424.5
789.729202019141	1421.5
792.402222372581	1416.80004882813
795.074375962669	1413.5
797.745663294537	1414.80004882813
800.416084872622	1420.5
803.085641200652	1421.19995117188
805.754332781664	1425.19995117188
808.422160117986	1428.5
811.089123711292	1421.90002441406
813.75522406252	1425.59997558594
816.420461671951	1443.5
819.084837039164	1445.19995117188
821.748350663067	1447.09997558594
824.411003041866	1444.09997558594
827.072794673116	1433.40002441406
829.733726053668	1446.19995117188
832.39379767971	1437.5
835.05301004674	1440.69995117188
837.711363649601	1440
840.368858982457	1457.5
843.025496538805	1451
845.681276811467	1457
848.336200292618	1453.09997558594
850.99026747375	1447.90002441406
853.643478845713	1464.59997558594
856.29583489868	1478.59997558594
858.947336122176	1457.69995117188
861.59798300506	1478.69995117188
864.247776035556	1479.40002441406
866.896715701222	1478.30004882813
869.544802488959	1486.19995117188
872.192036885046	1486.09997558594
874.838419375087	1469.59997558594
877.483950444054	1484.30004882813
880.128630576285	1456.90002441406
882.772460255461	1458.30004882813
885.415439964628	1465.30004882813
888.057570186211	1470.90002441406
890.698851401966	1482.90002441406
893.339284093045	1468.59997558594
895.978868739961	1466.5
898.617605822596	1471.5
901.255495820196	1474.30004882813
903.892539211396	1472.19995117188
906.528736474184	1477.19995117188
909.164088085949	1461.40002441406
911.798594523442	1462.09997558594
914.432256262804	1476.69995117188
917.065073779549	1482.90002441406
919.697047548589	1486.19995117188
922.328178044212	1492.30004882813
924.9584657401	1485.5
927.587911109317	1503.69995117188
930.216514624317	1487.40002441406
932.844276756963	1487.30004882813
935.471197978488	1501.40002441406
938.097278759538	1492.5
940.722519570163	1491.80004882813
943.346920879798	1480.59997558594
945.97048315729	1488.5
948.593206870885	1479.40002441406
951.215092488219	1485.09997558594
953.836140476366	1474.40002441406
956.456351301787	1478.90002441406
959.07572543037	1479
961.694263327369	1482.69995117188
964.311965457521	1489.80004882813
966.928832284933	1505.80004882813
969.544864273135	1491.5
972.160061885076	1496.40002441406
974.774425583129	1503.90002441406
977.387955829099	1511.09997558594
980.000653084196	1490.69995117188
982.612517809061	1483.19995117188
985.223550463768	1484.69995117188
987.833751507819	1473.69995117188
990.443121400135	1473
993.051660599081	1479.59997558594
995.659369562449	1478.40002441406
998.266248747469	1475
1000.87229861081	1487.30004882813
1003.47751960857	1483.09997558594
1006.0819121963	1481.30004882813
1008.68547682897	1481.59997558594
1011.28821396104	1490.19995117188
1013.89012404635	1486.09997558594
1016.49120753824	1470.69995117188
1019.09146488947	1477
1021.69089655226	1486.59997558594
1024.28950297827	1501.90002441406
1026.88728461863	1497.59997558594
1029.48424192392	1481.80004882813
1032.08037534416	1490.19995117188
1034.67568532886	1490.5
1037.27017232694	1504.30004882813
1039.86383678682	1495.5
1042.45667915637	1490
1045.04869988293	1513
1047.6398994133	1500.69995117188
1050.23027819374	1486
1052.81983666998	1492.5
1055.40857528724	1506.09997558594
1057.99649449018	1489.09997558594
1060.58359472296	1505.69995117188
1063.1698764292	1508.5
1065.755340052	1514.59997558594
1068.33998603393	1519.90002441406
1070.92381481706	1515.30004882813
1073.50682684291	1520.30004882813
1076.08902255251	1517.30004882813
1078.67040238637	1502.5
1081.25096678445	1503.19995117188
1083.83071618624	1509.09997558594
1086.4096510307	1491.19995117188
1088.98777175629	1505.59997558594
1091.56507880094	1509.59997558594
1094.14157260208	1500.5
1096.71725359664	1501.09997558594
1099.29212222106	1495.69995117188
1101.86617891125	1501.30004882813
1104.43942410262	1495.5
1107.01185823011	1500.09997558594
1109.58348172812	1502.59997558594
1112.15429503057	1478.30004882813
1114.7242985709	1487.19995117188
1117.29349278203	1493.59997558594
1119.86187809642	1499.59997558594
1122.42945494599	1504.90002441406
1124.99622376222	1484.19995117188
1127.56218497606	1512
1130.12733901801	1500.09997558594
1132.69168631804	1495.59997558594
1135.25522730568	1481.59997558594
1137.81796240995	1499.30004882813
1140.37989205941	1483.5
1142.9410166821	1495.59997558594
1145.50133670561	1486.40002441406
1148.06085255708	1489.40002441406
1150.61956466311	1487.80004882813
1153.17747344987	1483.40002441406
1155.73457934305	1489.5
1158.29088276786	1492.40002441406
1160.84638414903	1475.09997558594
1163.40108391085	1485.69995117188
1165.95498247711	1482.09997558594
1168.50808027116	1490
1171.06037771587	1503.19995117188
1173.61187523364	1476.69995117188
1176.16257324643	1493.30004882813
1178.71247217573	1493
1181.26157244255	1491.5
1183.80987446746	1480.5
1186.35737867059	1485.19995117188
1188.90408547157	1486.80004882813
1191.44999528961	1506.09997558594
1193.99510854347	1489
1196.53942565142	1492.80004882813
1199.08294703133	1508.09997558594
1201.62567310057	1499.5
1204.16760427611	1483.5
1206.70874097445	1494.69995117188
1209.24908361163	1498.80004882813
1211.78863260327	1501.5
1214.32738836454	1495.19995117188
1216.86535131017	1504.90002441406
1219.40252185445	1498.59997558594
1221.93890041121	1507.40002441406
1224.47448739389	1516.59997558594
1227.00928321544	1521.19995117188
1229.54328828842	1523.5
1232.07650302491	1537.80004882813
1234.60892783662	1525
1237.14056313477	1534.59997558594
1239.67140933017	1537.80004882813
1242.2014668332	1551.19995117188
1244.73073605384	1549.09997558594
1247.25921740159	1572.5
1249.78691128558	1574.09997558594
1252.31381811448	1588.5
1254.83993829655	1606.09997558594
1257.36527223962	1637.59997558594
1259.88982035112	1628.59997558594
1262.41358303803	1645.5
1264.93656070696	1647.5
1267.45875376405	1670.19995117188
1269.98016261505	1633.09997558594
1272.50078766531	1630.40002441406
1275.02062931974	1616
1277.53968798285	1613.5
1280.05796405875	1593.80004882813
1282.57545795112	1592.69995117188
1285.09217006325	1603.19995117188
1287.60810079802	1590.5
1290.12325055788	1561.59997558594
1292.63761974492	1586.09997558594
1295.15120876079	1595.40002441406
1297.66401800676	1592.5
1300.17604788367	1601.59997558594
1302.687298792	1610.59997558594
1305.19777113181	1599.69995117188
1307.70746530274	1599.59997558594
1310.21638170408	1595.19995117188
1312.7245207347	1586.40002441406
1315.23188279307	1583
1317.73846827728	1550
1320.24427758502	1564.80004882813
1322.74931111359	1563.40002441406
1325.25356925991	1557.90002441406
1327.75705242051	1551.19995117188
1330.25976099151	1539.80004882813
1332.76169536868	1560.40002441406
1335.26285594737	1553.19995117188
1337.76324312256	1550.69995117188
1340.26285728887	1541.19995117188
1342.76169884052	1542.69995117188
1345.25976817132	1542.69995117188
1347.75706567474	1544.5
1350.25359174387	1537.19995117188
1352.74934677141	1555.90002441406
1355.24433114968	1541.09997558594
1357.73854527062	1545
1360.23198952583	1519.80004882813
1362.7246643065	1535.09997558594
1365.21657000347	1531.69995117188
1367.7077070072	1546.69995117188
1370.19807570777	1544.30004882813
1372.68767649492	1538.5
1375.176509758	1540.5
1377.66457588599	1543
1380.15187526753	1540.90002441406
1382.63840829087	1522.69995117188
1385.1241753439	1534.5
1387.60917681417	1543.5
1390.09341308884	1551.69995117188
1392.57688455474	1564.90002441406
1395.05959159829	1555.40002441406
1397.54153460562	1535.40002441406
1400.02271396243	1541.30004882813
1402.50313005414	1550.80004882813
1404.98278326576	1549.30004882813
1407.46167398196	1544.90002441406
1409.93980258707	1550.19995117188
1412.41716946504	1572.59997558594
1414.89377499951	1558.69995117188
1417.36961957373	1559.30004882813
1419.84470357062	1566.09997558594
1422.31902737275	1572.30004882813
1424.79259136235	1576.5
1427.26539592129	1606.69995117188
1429.73744143111	1601.09997558594
1432.20872827299	1625.09997558594
1434.67925682777	1646.09997558594
1437.14902747597	1680.09997558594
1439.61804059773	1687.69995117188
1442.0862965729	1699.30004882813
1444.55379578093	1666.80004882813
1447.02053860099	1670.19995117188
1449.48652541188	1655.69995117188
1451.95175659206	1660
1454.41623251969	1660.19995117188
1456.87995357255	1655.59997558594
1459.34292012811	1636.09997558594
1461.80513256351	1632
1464.26659125557	1610.40002441406
1466.72729658073	1600.5
1469.18724891517	1593.19995117188
1471.64644863469	1575.5
1474.10489611478	1587.40002441406
1476.5625917306	1572.5
1479.01953585699	1555.19995117188
1481.47572886844	1551.40002441406
1483.93117113917	1548.90002441406
1486.38586304302	1559.90002441406
1488.83980495354	1559.80004882813
1491.29299724395	1561.5
1493.74544028715	1563.5
1496.19713445573	1556.40002441406
1498.64808012193	1548.40002441406
1501.09827765772	1539.59997558594
1503.54772743471	1545.69995117188
1505.99642982421	1555.69995117188
1508.44438519723	1547.69995117188
1510.89159392446	1546.80004882813
1513.33805637625	1551.90002441406
1515.78377292266	1543.30004882813
1518.22874393346	1549.19995117188
1520.67296977806	1556
1523.11645082559	1554.5
1525.55918744488	1541.80004882813
1528.00118000444	1548.69995117188
1530.44242887245	1550.80004882813
1532.88293441684	1542
1535.32269700517	1539.09997558594
1537.76171700475	1540.69995117188
1540.19999478255	1555.19995117188
1542.63753070526	1559.90002441406
1545.07432513925	1557.80004882813
1547.5103784506	1576.40002441406
1549.94569100509	1540.09997558594
1552.38026316819	1550
1554.8140953051	1555.69995117188
1557.24718778067	1539.19995117188
1559.67954095952	1556.40002441406
1562.11115520592	1555.69995117188
1564.54203088386	1574.09997558594
1566.97216835704	1574
1569.40156798888	1581.5
1571.83023014248	1559.80004882813
1574.25815518067	1563
1576.68534346597	1564.5
1579.11179536062	1555.69995117188
1581.53751122658	1561.19995117188
1583.9624914255	1574.5
1586.38673631876	1564.90002441406
1588.81024626745	1564.59997558594
1591.23302163235	1581.69995117188
1593.655062774	1566.80004882813
1596.07637005262	1584
1598.49694382815	1557.40002441406
1600.91678446025	1569.80004882813
1603.33589230831	1568.90002441406
1605.75426773142	1583.69995117188
1608.1719110884	1575.19995117188
1610.58882273779	1564.30004882813
1613.00500303784	1582.69995117188
1615.42045234654	1591.09997558594
1617.83517102158	1583
1620.24915942039	1589.40002441406
1622.66241790012	1589.59997558594
1625.07494681764	1584.69995117188
1627.48674652954	1584.09997558594
1629.89781739216	1604.69995117188
1632.30815976152	1604.19995117188
1634.71777399343	1600.80004882813
1637.12666044338	1606
1639.53481946661	1614.90002441406
1641.94225141808	1647.30004882813
1644.34895665248	1655
1646.75493552424	1693.19995117188
1649.16018838752	1729.69995117188
1651.56471559621	1787
1653.96851750392	1831.19995117188
1656.37159446403	1858.30004882813
1658.7739468296	1877.30004882813
1661.17557495349	1861.40002441406
1663.57647918824	1834.69995117188
1665.97665988617	1777.90002441406
1668.37611739929	1737.19995117188
1670.77485207939	1679.19995117188
1673.17286427799	1634.69995117188
1675.57015434633	1606.80004882813
1677.96672263542	1607.19995117188
1680.36256949598	1596.30004882813
1682.7576952785	1591.80004882813
1685.15210033318	1593.80004882813
1687.54578501	1589.5
1689.93874965866	1564.59997558594
1692.33099462861	1581.5
1694.72252026904	1592.80004882813
1697.11332692889	1580.80004882813
1699.50341495686	1572.40002441406
1701.89278470137	1571.59997558594
1704.28143651061	1568
1706.66937073251	1580.80004882813
1709.05658771473	1581
1711.44308780473	1590.19995117188
1713.82887134968	1575.69995117188
1716.21393869648	1568.09997558594
1718.59829019185	1578.69995117188
1720.98192618221	1566.80004882813
1723.36484701374	1572
1725.74705303238	1579.59997558594
1728.12854458384	1583.90002441406
1730.50932201356	1578.09997558594
1732.88938566673	1590.90002441406
1735.26873588834	1579.80004882813
1737.64737302307	1590.90002441406
1740.02529741544	1598.09997558594
1742.40250940964	1600.69995117188
1744.77900934969	1610.69995117188
1747.15479757933	1607.19995117188
1749.52987444206	1599.40002441406
1751.90424028116	1614.59997558594
1754.27789543967	1608.5
1756.65084026037	1598.5
1759.02307508582	1599
1761.39460025833	1578.59997558594
1763.76541612	1586.90002441406
1766.13552301265	1583.5
1768.50492127791	1586.80004882813
1770.87361125714	1572.69995117188
1773.2415932915	1574
1775.60886772188	1567.80004882813
1777.97543488896	1568.69995117188
1780.34129513318	1582.69995117188
1782.70644879475	1590.69995117188
1785.07089621365	1588.09997558594
1787.43463772964	1591.90002441406
1789.7976736822	1585.19995117188
1792.16000441066	1587.5
1794.52163025405	1582.69995117188
1796.88255155121	1582.80004882813
1799.24276864074	1577.69995117188
1801.60228186102	1579.30004882813
1803.96109155019	1570.40002441406
1806.31919804618	1581.5
1808.67660168668	1581.80004882813
1811.03330280916	1578.40002441406
1813.38930175088	1580.69995117188
1815.74459884884	1578.69995117188
1818.09919443984	1579.90002441406
1820.45308886047	1587.5
1822.80628244708	1579.59997558594
1825.1587755358	1582.90002441406
1827.51056846254	1587.09997558594
1829.86166156297	1592.80004882813
1832.21205517258	1579.59997558594
1834.56174962661	1588.30004882813
1836.91074526009	1581
1839.25904240783	1581.5
1841.60664140443	1598.69995117188
1843.95354258425	1588.5
1846.29974628146	1595.19995117188
1848.64525282998	1573.90002441406
1850.99006256356	1597.30004882813
1853.3341758157	1592.09997558594
1855.67759291968	1584.80004882813
1858.02031420858	1592.90002441406
1860.36234001528	1580.5
1862.70367067241	1583.09997558594
1865.04430651244	1599.40002441406
1867.38424786755	1582.69995117188
1869.72349506978	1587.40002441406
1872.06204845094	1586.40002441406
1874.39990834258	1589.59997558594
1876.73707507612	1612
1879.07354898269	1592.59997558594
1881.40933039328	1588.80004882813
1883.74441963861	1599.40002441406
1886.07881704925	1584.80004882813
1888.41252295551	1595.59997558594
1890.74553768751	1587.19995117188
1893.07786157519	1572.59997558594
1895.40949494822	1597
1897.74043813615	1579.80004882813
1900.07069146823	1587
1902.40025527357	1596.69995117188
1904.72912988106	1611.40002441406
1907.05731561938	1592
1909.38481281699	1589.19995117188
1911.71162180217	1600.09997558594
1914.037742903	1581
1916.36317644734	1598.30004882813
1918.68792276284	1588.69995117188
1921.01198217697	1607.09997558594
1923.33535501699	1594.40002441406
1925.65804160996	1597
1927.98004228273	1601.30004882813
1930.30135736196	1594.30004882813
1932.6219871741	1597.09997558594
1934.94193204543	1616.69995117188
1937.26119230198	1607.30004882813
1939.57976826962	1598.69995117188
1941.89766027402	1609.69995117188
1944.21486864062	1601.69995117188
1946.53139369472	1609.09997558594
1948.84723576137	1607.80004882813
1951.16239516543	1622.40002441406
1953.47687223159	1598.90002441406
1955.79066728434	1599.90002441406
1958.10378064794	1596.19995117188
1960.4162126465	1618.69995117188
1962.7279636039	1601.90002441406
1965.03903384385	1603.40002441406
1967.34942368987	1608.59997558594
1969.65913346524	1616.30004882813
1971.96816349311	1603.80004882813
1974.2765140964	1612.40002441406
1976.58418559784	1592.19995117188
1978.89117831997	1613.90002441406
1981.19749258516	1611.69995117188
1983.50312871555	1598.69995117188
1985.80808703313	1608.69995117188
1988.11236785967	1607.30004882813
1990.41597151676	1603.5
1992.71889832581	1609.09997558594
1995.02114860801	1618.80004882813
1997.3227226844	1626.90002441406
1999.62362087581	1597.90002441406
2001.92384350288	1623.19995117188
2004.22339088608	1608.59997558594
2006.52226334567	1613.80004882813
2008.82046120173	1601.30004882813
2011.11798477417	1626
2013.41483438269	1621
2015.71101034681	1616.30004882813
2018.00651298588	1594.09997558594
2020.30134261905	1619
2022.59549956528	1623
2024.88898414337	1607.69995117188
2027.1817966719	1621.5
2029.4739374693	1604.90002441406
2031.76540685379	1638.09997558594
2034.05620514342	1604.59997558594
2036.34633265607	1610.90002441406
2038.6357897094	1602.40002441406
2040.92457662092	1621.19995117188
2043.21269370795	1631
2045.50014128763	1624.5
2047.78691967691	1610
2050.07302919256	1618.19995117188
2052.35847015118	1605
2054.64324286919	1615.09997558594
2056.9273476628	1609.90002441406
2059.21078484808	1615.40002441406
2061.4935547409	1621.90002441406
2063.77565765696	1614.5
2066.05709391176	1615.59997558594
2068.33786382065	1620.30004882813
2070.61796769879	1607.5
2072.89740586116	1613.40002441406
2075.17617862255	1618.19995117188
2077.45428629759	1630.30004882813
2079.73172920075	1605.59997558594
2082.00850764627	1618.90002441406
2084.28462194827	1623.69995117188
2086.56007242065	1619.19995117188
2088.83485937717	1620.19995117188
2091.10898313139	1623.69995117188
2093.3824439967	1620.90002441406
2095.65524228632	1609.90002441406
2097.92737831328	1617.19995117188
2100.19885239047	1604.5
2102.46966483057	1612.59997558594
2104.7398159461	1614.59997558594
2107.00930604941	1628.80004882813
2109.27813545267	1631.59997558594
2111.54630446787	1630.19995117188
2113.81381340685	1635.30004882813
2116.08066258126	1638.69995117188
2118.34685230257	1646
2120.61238288211	1632.30004882813
2122.87725463099	1649.09997558594
2125.1414678602	1656.19995117188
2127.40502288052	1645.30004882813
2129.66792000257	1640.69995117188
2131.93015953682	1639.90002441406
2134.19174179353	1635.09997558594
2136.45266708282	1643.30004882813
2138.71293571463	1620.5
2140.97254799873	1623.5
2143.23150424473	1638.69995117188
2145.48980476205	1612.69995117188
2147.74744985996	1638.59997558594
2150.00443984754	1645.59997558594
2152.26077503373	1654
2154.51645572728	1642.90002441406
2156.77148223677	1634
2159.02585487064	1640.5
2161.27957393713	1627.30004882813
2163.53263974432	1630.80004882813
2165.78505260012	1640.80004882813
2168.0368128123	1643.40002441406
2170.28792068844	1644.09997558594
2172.53837653595	1629.30004882813
2174.78818066207	1644
2177.03733337389	1621.5
2179.28583497833	1626.90002441406
2181.53368578214	1634.90002441406
2183.78088609192	1620.90002441406
2186.02743621406	1628.59997558594
2188.27333645484	1647
2190.51858712033	1639.69995117188
2192.76318851646	1616
2195.00714094901	1621.30004882813
2197.25044472354	1626.40002441406
2199.49310014551	1638.30004882813
2201.73510752018	1651.80004882813
2203.97646715265	1638.5
2206.21717934786	1635.30004882813
2208.45724441058	1622.69995117188
2210.69666264543	1627.19995117188
2212.93543435686	1640
2215.17355984914	1624.80004882813
2217.41103942642	1635.19995117188
2219.64787339264	1641.80004882813
2221.8840620516	1645.19995117188
2224.11960570695	1627.30004882813
2226.35450466215	1637.19995117188
2228.58875922051	1626.69995117188
2230.82236968518	1645.09997558594
2233.05533635916	1645
2235.28765954527	1634.40002441406
2237.51933954617	1629.40002441406
2239.75037666437	1649.40002441406
2241.98077120221	1650.19995117188
2244.21052346188	1643.90002441406
2246.4396337454	1639.5
2248.66810235461	1659.19995117188
2250.89592959125	1653.69995117188
2253.12311575681	1654.90002441406
2255.34966115272	1636.59997558594
2257.57556608017	1647.69995117188
2259.80083084023	1638.30004882813
2262.02545573381	1650.80004882813
2264.24944106163	1645.09997558594
2266.47278712429	1628.30004882813
2268.69549422221	1630.30004882813
2270.91756265564	1644
2273.1389927247	1649.09997558594
2275.35978472934	1658.80004882813
2277.57993896933	1644.40002441406
2279.79945574431	1639.09997558594
2282.01833535375	1651
2284.23657809696	1653.40002441406
2286.45418427309	1650.40002441406
2288.67115418114	1652.40002441406
2290.88748811995	1630.19995117188
2293.10318638819	1659.09997558594
2295.3182492844	1651.59997558594
2297.53267710693	1645.69995117188
2299.746470154	1636.69995117188
2301.95962872364	1639
2304.17215311376	1645.90002441406
2306.3840436221	1640.90002441406
2308.59530054621	1657.19995117188
2310.80592418354	1657.30004882813
2313.01591483134	1639.5
2315.22527278673	1651.30004882813
2317.43399834666	1648.40002441406
2319.64209180791	1640.90002441406
2321.84955346713	1640.09997558594
2324.05638362079	1659.30004882813
2326.26258256524	1658.09997558594
2328.46815059664	1666.69995117188
2330.67308801098	1640.80004882813
2332.87739510415	1655.59997558594
2335.08107217184	1669.80004882813
2337.2841195096	1643.80004882813
2339.48653741281	1657.19995117188
2341.68832617672	1666.5
2343.8894860964	1641.80004882813
2346.09001746678	1651.80004882813
2348.28992058261	1662.09997558594
2350.48919573852	1639.19995117188
2352.68784322898	1662.40002441406
2354.88586334826	1662.09997558594
2357.08325639055	1659.90002441406
2359.2800226498	1657.30004882813
2361.47616241988	1667.19995117188
2363.67167599445	1651.30004882813
2365.86656366706	1657.19995117188
2368.06082573107	1646.69995117188
2370.2544624797	1647.09997558594
2372.44747420603	1672.59997558594
2374.63986120295	1638.19995117188
2376.83162376322	1671.40002441406
2379.02276217945	1656.40002441406
2381.21327674408	1665.30004882813
2383.4031677494	1658.40002441406
2385.59243548756	1674.69995117188
2387.78108025053	1654.09997558594
2389.96910233014	1664.69995117188
2392.15650201809	1656.40002441406
2394.34327960587	1649.09997558594
2396.52943538486	1667.90002441406
2398.71496964628	1659.30004882813
2400.89988268118	1661
2403.08417478048	1679.40002441406
2405.26784623491	1656.30004882813
2407.45089733509	1674.90002441406
2409.63332837146	1659.80004882813
2411.81513963429	1658.5
2413.99633141375	1657.69995117188
2416.1769039998	1660.80004882813
2418.35685768227	1653.19995117188
2420.53619275084	1669
2422.71490949505	1663
2424.89300820425	1655
2427.07048916765	1660.5
2429.24735267433	1662.69995117188
2431.42359901319	1656.59997558594
2433.59922847297	1665.30004882813
2435.7742413423	1656.19995117188
2437.94863790961	1667.69995117188
2440.12241846321	1672.59997558594
2442.29558329121	1650.69995117188
2444.46813268162	1665
2446.64006692228	1657
2448.81138630086	1657.30004882813
2450.98209110489	1673.19995117188
2453.15218162174	1662.59997558594
2455.32165813864	1653.90002441406
2457.49052094265	1655
2459.65877032069	1673
2461.8264065595	1651.19995117188
2463.99342994572	1660.5
2466.15984076579	1651
2468.325639306	1672
2470.49082585251	1673.30004882813
2472.65540069131	1673.59997558594
2474.81936410824	1671.90002441406
2476.98271638899	1669.90002441406
2479.14545781909	1681.59997558594
2481.30758868392	1684.80004882813
2483.4691092687	1669.40002441406
2485.63001985852	1671.69995117188
2487.79032073829	1687.5
2489.95001219277	1674.19995117188
2492.10909450659	1679.69995117188
2494.26756796419	1688.40002441406
2496.42543284989	1673.09997558594
2498.58268944783	1681.09997558594
2500.73933804202	1681.80004882813
2502.8953789163	1684.30004882813
2505.05081235436	1683.69995117188
2507.20563863974	1679.5
2509.35985805582	1690.19995117188
2511.51347088583	1687.40002441406
2513.66647741285	1683.69995117188
2515.81887791981	1668.69995117188
2517.97067268946	1687.69995117188
2520.12186200443	1673
2522.27244614716	1673.80004882813
2524.42242539999	1683.09997558594
2526.57180004504	1670.19995117188
2528.72057036433	1670.69995117188
2530.8687366397	1677.5
2533.01629915284	1687.40002441406
2535.16325818527	1680.40002441406
2537.30961401839	1692.80004882813
2539.45536693343	1687.40002441406
2541.60051721145	1680.09997558594
2543.74506513338	1679
2545.88901097997	1673.5
2548.03235503185	1671.80004882813
2550.17509756946	1668
2552.31723887311	1669.40002441406
2554.45877922293	1666.30004882813
2556.59971889893	1667.69995117188
2558.74005818094	1684
2560.87979734864	1687.30004882813
2563.01893668155	1685.90002441406
2565.15747645906	1679.59997558594
2567.29541696037	1685.19995117188
2569.43275846454	1696.59997558594
2571.56950125049	1675.90002441406
2573.70564559696	1679.40002441406
2575.84119178254	1678
2577.97614008569	1664
2580.11049078468	1688.09997558594
2582.24424415764	1673.19995117188
2584.37740048255	1655.80004882813
2586.50996003722	1672.09997558594
2588.64192309931	1671.30004882813
2590.77328994634	1681.40002441406
2592.90406085564	1686.5
2595.03423610442	1692.09997558594
2597.16381596971	1693.40002441406
2599.29280072839	1679
2601.42119065719	1684.30004882813
2603.54898603267	1686.80004882813
2605.67618713125	1691.69995117188
2607.80279422919	1700.30004882813
2609.92880760257	1695
2612.05422752735	1688.90002441406
2614.17905427932	1692.30004882813
2616.30328813408	1688.30004882813
2618.42692936713	1681.80004882813
2620.54997825377	1689.69995117188
2622.67243506915	1689.59997558594
2624.79430008828	1674.90002441406
2626.915573586	1699.80004882813
2629.03625583699	1702.5
2631.15634711579	1693.40002441406
2633.27584769675	1694.69995117188
2635.39475785408	1668.40002441406
2637.51307786185	1702.90002441406
2639.63080799394	1697.80004882813
2641.74794852409	1686.80004882813
2643.86449972589	1696.5
2645.98046187273	1700.80004882813
2648.0958352379	1694.69995117188
2650.21062009449	1700.80004882813
2652.32481671544	1710
2654.43842537353	1696.90002441406
2656.5514463414	1704.59997558594
2658.66387989151	1690.30004882813
2660.77572629616	1690.80004882813
2662.88698582751	1703.5
2664.99765875753	1701
2667.10774535806	1722.40002441406
2669.21724590076	1699.59997558594
2671.32616065714	1693.5
2673.43448989857	1718
2675.5422338962	1685.59997558594
2677.64939292108	1715
2679.75596724408	1716.19995117188
2681.86195713589	1721.30004882813
2683.96736286707	1713
2686.07218470799	1720.5
2688.17642292889	1724.09997558594
2690.28007779982	1706.59997558594
2692.38314959069	1707.30004882813
2694.48563857123	1713.30004882813
2696.58754501103	1694.80004882813
2698.6888691795	1717.69995117188
2700.78961134588	1691.09997558594
2702.8897717793	1718
2704.98935074864	1723.09997558594
2707.08834852271	1713.59997558594
2709.18676537009	1704
2711.28460155925	1707.19995117188
2713.38185735843	1714.69995117188
2715.47853303577	1731.09997558594
2717.57462885924	1725.59997558594
2719.67014509659	1732.90002441406
2721.76508201548	1724.69995117188
2723.85943988337	1730
2725.95321896754	1745.69995117188
2728.04641953515	1741.80004882813
2730.13904185316	1717.69995117188
2732.23108618837	1707.80004882813
2734.32255280744	1744.40002441406
2736.41344197683	1736.19995117188
2738.50375396288	1716.09997558594
2740.5934890317	1747.09997558594
2742.68264744932	1727.90002441406
2744.77122948153	1722.59997558594
2746.85923539398	1724
2748.94666545217	1717
2751.03351992142	1717.80004882813
2753.11979906688	1707.80004882813
2755.20550315355	1704.90002441406
2757.29063244624	1690.90002441406
2759.37518720963	1698.40002441406
2761.45916770819	1710.30004882813
2763.54257420625	1700.69995117188
2765.62540696797	1697.40002441406
2767.70766625733	1713.19995117188
2769.78935233816	1712.59997558594
2771.87046547413	1714.80004882813
2773.95100592869	1705.5
2776.03097396519	1726.30004882813
2778.11036984677	1715.40002441406
2780.18919383641	1692.40002441406
2782.26744619693	1720.59997558594
2784.34512719097	1725.40002441406
2786.42223708102	1701.59997558594
2788.49877612937	1729.90002441406
2790.57474459816	1713.69995117188
2792.65014274937	1735.80004882813
2794.7249708448	1715.69995117188
2796.79922914607	1725.30004882813
2798.87291791465	1712
2800.94603741181	1727.40002441406
2803.01858789869	1734.59997558594
2805.09056963623	1725.80004882813
2807.1619828852	1748.80004882813
2809.23282790621	1740.5
2811.30310495971	1752.40002441406
2813.37281430593	1759.40002441406
2815.441956205	1758
2817.51053091682	1749.59997558594
2819.57853870114	1782.90002441406
2821.64597981753	1774.30004882813
2823.7128545254	1784.69995117188
2825.77916308399	1789.59997558594
2827.84490575233	1795
2829.91008278933	1828.40002441406
2831.97469445369	1829.30004882813
2834.03874100395	1838.59997558594
2836.10222269847	1856.5
2838.16513979544	1903.90002441406
2840.22749255288	1933.09997558594
2842.28928122863	1999.40002441406
2844.35050608034	2078.80004882813
2846.41116736553	2211.10009765625
2848.47126534149	2306.89990234375
2850.53080026537	2347
2852.58977239414	2368.60009765625
2854.64818198459	2364.19995117188
2856.70602929332	2322.89990234375
2858.76331457678	2295
2860.82003809123	2268.69995117188
2862.87620009274	2267.60009765625
2864.93180083723	2274.39990234375
2866.98684058043	2239.89990234375
2869.04131957789	2281.10009765625
2871.09523808497	2299.80004882813
2873.14859635689	2301.5
2875.20139464866	2316.89990234375
2877.2536332151	2354.89990234375
2879.30531231091	2352.39990234375
2881.35643219054	2362.5
2883.40699310831	2361.69995117188
2885.45699531834	2383.60009765625
2887.50643907457	2409.89990234375
2889.55532463077	2392.80004882813
2891.60365224053	2403.10009765625
2893.65142215724	2427.60009765625
2895.69863463414	2422.69995117188
2897.74528992426	2414.89990234375
2899.79138828046	2418.39990234375
2901.83692995544	2443.89990234375
2903.88191520168	2428.5
2905.92634427151	2411.69995117188
2907.97021741706	2428.80004882813
2910.01353489027	2410.69995117188
2912.05629694294	2452.80004882813
2914.09850382663	2417.30004882813
2916.14015579276	2457.10009765625
2918.18125309254	2411.39990234375
2920.22179597702	2412.5
2922.26178469705	2427.39990234375
2924.30121950329	2423.69995117188
2926.34010064624	2459.19995117188
2928.37842837619	2425.80004882813
2930.41620294326	2470.89990234375
2932.45342459737	2438.39990234375
2934.49009358828	2464.39990234375
2936.52621016555	2424.5
2938.56177457854	2394.19995117188
2940.59678707645	2378.89990234375
2942.63124790827	2345.69995117188
2944.66515732282	2284
2946.69851556873	2237.89990234375
2948.73132289443	2218
2950.76357954817	2155.80004882813
2952.79528577803	2183
2954.82644183188	2153.30004882813
2956.85704795741	2130.30004882813
2958.8871044021	2141.10009765625
2960.91661141328	2130.60009765625
2962.94556923807	2112.5
2964.97397812339	2095
2967.00183831598	2054.60009765625
2969.0291500624	2074.10009765625
2971.05591360902	2060.19995117188
2973.08212920199	2027.90002441406
2975.1077970873	2009.69995117188
2977.13291751074	1976
2979.1574907179	1965.30004882813
2981.18151695419	1958.5
2983.20499646482	1921.80004882813
2985.2279294948	1918.09997558594
2987.25031628898	1881.19995117188
2989.27215709199	1896.09997558594
2991.29345214825	1868.80004882813
2993.31420170204	1894.59997558594
2995.33440599738	1870.09997558594
2997.35406527816	1886.09997558594
2999.37317978802	1864.09997558594
3001.39174977045	1912.19995117188
3003.40977546872	1939.09997558594
3005.42725712591	1962.5
3007.44419498491	1991.90002441406
3009.4605892884	2022.69995117188
3011.47644027889	2046.69995117188
3013.49174819865	2072.10009765625
3015.5065132898	2094.30004882813
3017.52073579424	2075.19995117188
3019.53441595366	2044.09997558594
3021.54755400959	2018.69995117188
3023.56015020332	1952.40002441406
3025.57220477598	1914.40002441406
3027.58371796846	1878.80004882813
3029.5946900215	1857.90002441406
3031.6051211756	1837.5
3033.61501167107	1830.19995117188
3035.62436174803	1814
3037.6331716464	1793.30004882813
3039.64144160588	1792.80004882813
3041.649171866	1777.40002441406
3043.65636266607	1784.80004882813
3045.6630142452	1777
3047.66912684229	1780.40002441406
3049.67470069605	1768.69995117188
3051.679736045	1761.80004882813
3053.68423312742	1759.30004882813
3055.68819218143	1766.59997558594
3057.6916134449	1774.69995117188
3059.69449715556	1784.59997558594
3061.69684355086	1800.5
3063.6986528681	1775.09997558594
3065.69992534437	1762.90002441406
3067.70066121653	1780.40002441406
3069.70086072126	1768.80004882813
3071.700524095	1769.90002441406
3073.69965157405	1779.69995117188
3075.69824339442	1757
3077.69629979197	1757
3079.69382100235	1772.59997558594
3081.69080726098	1758.09997558594
3083.68725880307	1754.19995117188
3085.68317586366	1757.09997558594
3087.67855867755	1756.09997558594
3089.67340747933	1759.40002441406
3091.6677225034	1763.90002441406
3093.66150398392	1755
3095.6547521549	1761.09997558594
3097.64746725006	1763.80004882813
3099.63964950297	1788
3101.63129914698	1753.40002441406
3103.6224164152	1771.19995117188
3105.61300154056	1757.69995117188
3107.60305475576	1754.19995117188
3109.59257629331	1773.5
3111.58156638547	1767.90002441406
3113.57002526432	1751.80004882813
3115.55795316172	1774.09997558594
3117.54535030932	1772.59997558594
3119.53221693853	1782.30004882813
3121.51855328057	1783.09997558594
3123.50435956646	1765.30004882813
3125.48963602698	1769.30004882813
3127.4743828927	1780.09997558594
3129.45860039397	1787.59997558594
3131.44228876093	1782.5
3133.42544822353	1762.30004882813
3135.40807901145	1791.19995117188
3137.39018135418	1785.19995117188
3139.37175548102	1787.40002441406
3141.35280162101	1805.69995117188
3143.33332000299	1778
3145.31331085559	1762.40002441406
3147.2927744072	1779.59997558594
3149.27171088602	1779.30004882813
3151.25012052	1771
3153.22800353689	1788.09997558594
3155.20536016422	1779.19995117188
3157.18219062929	1789.09997558594
3159.15849515918	1790.09997558594
3161.13427398075	1780
3163.10952732066	1772.69995117188
3165.08425540532	1770
3167.05845846092	1785.59997558594
3169.03213671344	1781.69995117188
3171.00529038863	1804.90002441406
3172.97791971203	1790.5
3174.95002490893	1790.19995117188
3176.92160620443	1792.90002441406
3178.89266382337	1798.59997558594
3180.8631979904	1811
3182.83320892991	1788.59997558594
3184.80269686609	1802.30004882813
3186.77166202289	1808.40002441406
3188.74010462406	1770.09997558594
3190.70802489307	1806
3192.67542305323	1785.5
3194.64229932757	1797.90002441406
3196.60865393892	1804.19995117188
3198.57448710987	1808.80004882813
3200.53979906279	1805.80004882813
3202.50459001981	1820.5
3204.46886020284	1816.30004882813
3206.43260983356	1804.59997558594
3208.39583913341	1813.90002441406
3210.35854832362	1819.5
3212.32073762517	1821.59997558594
3214.28240725881	1808.30004882813
3216.24355744508	1815.69995117188
3218.20418840426	1796.80004882813
3220.16430035642	1809.69995117188
3222.12389352137	1807.80004882813
3224.08296811873	1828.69995117188
3226.04152436784	1823.80004882813
3227.99956248784	1812.80004882813
3229.95708269762	1808.5
3231.91408521584	1820.09997558594
3233.87057026092	1839.59997558594
3235.82653805105	1832.30004882813
3237.78198880419	1816.40002441406
3239.73692273806	1828
3241.69134007013	1827.90002441406
3243.64524101764	1817.09997558594
3245.59862579761	1800.19995117188
3247.55149462681	1818.80004882813
3249.50384772176	1842.59997558594
3251.45568529877	1826.19995117188
3253.40700757387	1834.09997558594
3255.35781476288	1836.09997558594
3257.3081070814	1816.5
3259.25788474473	1831.90002441406
3261.20714796799	1833.69995117188
3263.15589696602	1839.80004882813
3265.10413195345	1826.69995117188
3267.05185314463	1831.80004882813
3268.9990607537	1831.69995117188
3270.94575499455	1839.40002441406
3272.89193608081	1849.80004882813
3274.8376042259	1847.90002441406
3276.78275964296	1852
3278.72740254492	1840.40002441406
3280.67153314443	1844.19995117188
3282.61515165393	1827
3284.55825828559	1858
3286.50085325135	1832.40002441406
3288.44293676289	1835.09997558594
3290.38450903165	1842.40002441406
3292.32557026883	1843.59997558594
3294.26612068537	1845.5
3296.20616049198	1821.80004882813
3298.14568989911	1831.5
3300.08470911695	1827.40002441406
3302.02321835546	1848
3303.96121782435	1834.69995117188
3305.89870773306	1818.69995117188
3307.83568829081	1823.90002441406
3309.77215970655	1840.40002441406
3311.70812218898	1829.19995117188
3313.64357594655	1835.09997558594
3315.57852118747	1831.59997558594
3317.51295811968	1838.90002441406
3319.44688695087	1838.80004882813
3321.38030788849	1840.19995117188
3323.31322113973	1830.90002441406
3325.24562691152	1841.90002441406
3327.17752541055	1820.09997558594
3329.10891684322	1838.40002441406
3331.03980141573	1834.5
3332.97017933399	1836
3334.90005080364	1821
3336.82941603011	1824
3338.75827521852	1822
3340.68662857377	1833.40002441406
3342.6144763005	1831.30004882813
3344.54181860308	1836.80004882813
3346.46865568561	1860
3348.39498775195	1838.59997558594
3350.32081500571	1837.19995117188
3352.24613765022	1841.80004882813
3354.17095588855	1828.90002441406
3356.09526992352	1846.5
3358.01907995769	1860.30004882813
3359.94238619334	1843.5
3361.86518883251	1857.19995117188
3363.78748807697	1847.59997558594
3365.70928412823	1864.09997558594
3367.63057718752	1869.59997558594
3369.55136745582	1850.09997558594
3371.47165513386	1853
3373.39144042208	1861.59997558594
3375.31072352066	1847.19995117188
3377.22950462953	1835.69995117188
3379.14778394834	1871.40002441406
3381.06556167648	1845.69995117188
3382.98283801308	1864.19995117188
3384.89961315697	1868.80004882813
3386.81588730676	1858.40002441406
3388.73166066076	1853
3390.64693341702	1847.19995117188
3392.56170577332	1840.90002441406
3394.47597792716	1853.59997558594
3396.38975007581	1861.09997558594
3398.30302241623	1847.5
3400.21579514512	1845.19995117188
3402.1280684589	1869.59997558594
3404.03984255374	1861.40002441406
3405.95111762553	1867.59997558594
3407.86189386987	1862.5
3409.77217148212	1859.30004882813
3411.68195065733	1839.90002441406
3413.5912315903	1849.30004882813
3415.50001447556	1836.19995117188
3417.40829950735	1845.40002441406
3419.31608687963	1838.69995117188
3421.22337678611	1860.90002441406
3423.1301694202	1859.5
3425.03646497504	1854.59997558594
3426.9422636435	1843.5
3428.84756561816	1848.40002441406
3430.75237109135	1841.09997558594
3432.65668025508	1860.90002441406
3434.56049330112	1850.69995117188
3436.46381042093	1867.09997558594
3438.36663180571	1849.69995117188
3440.26895764638	1856.69995117188
3442.17078813357	1848.40002441406
3444.07212345762	1844.90002441406
3445.97296380863	1860.30004882813
3447.87330937636	1847.09997558594
3449.77316035033	1861.69995117188
3451.67251691977	1847.90002441406
3453.57137927361	1845.59997558594
3455.46974760052	1848
3457.36762208886	1851.09997558594
3459.26500292671	1849
3461.16189030191	1861.19995117188
3463.05828440194	1852
3464.95418541406	1854.40002441406
3466.84959352519	1844.09997558594
3468.74450892201	1844.69995117188
3470.63893179088	1827.40002441406
3472.53286231788	1823.09997558594
3474.42630068881	1859.69995117188
3476.31924708918	1839.90002441406
3478.2117017042	1853.59997558594
3480.1036647188	1855.40002441406
3481.99513631761	1846.69995117188
3483.88611668498	1843.90002441406
3485.77660600498	1841.30004882813
3487.66660446135	1867.19995117188
3489.55611223758	1853.30004882813
3491.44512951683	1842.59997558594
3493.333656482	1850
3495.22169331568	1827.5
3497.10924020016	1842.09997558594
3498.99629731746	1840.80004882813
3500.88286484927	1811.30004882813
3502.76894297702	1829.30004882813
3504.65453188182	1844.30004882813
3506.53963174449	1822
3508.42424274555	1839.69995117188
3510.30836506524	1831.09997558594
3512.19199888349	1830.19995117188
3514.07514437992	1833
3515.95780173387	1838.80004882813
3517.83997112437	1816.59997558594
3519.72165273016	1798.90002441406
3521.60284672967	1832.59997558594
3523.48355330104	1823.5
3525.36377262208	1835.30004882813
3527.24350487035	1837.59997558594
3529.12275022306	1811.30004882813
3531.00150885715	1809.19995117188
3532.87978094923	1823.90002441406
3534.75756667562	1801.69995117188
3536.63486621235	1797.30004882813
3538.51167973512	1819.5
3540.38800741934	1821.09997558594
3542.26384944011	1789.59997558594
3544.13920597223	1800.69995117188
3546.01407719018	1828.30004882813
3547.88846326815	1815.5
3549.76236438002	1803.09997558594
3551.63578069934	1801.69995117188
3553.50871239938	1808.19995117188
3555.38115965309	1813.09997558594
3557.25312263311	1802.69995117188
3559.12460151177	1806.90002441406
3560.99559646109	1795.90002441406
3562.86610765279	1809.5
3564.73613525825	1811.59997558594
3566.60567944857	1787.69995117188
3568.47474039453	1799
3570.34331826658	1790.09997558594
3572.21141323487	1816.30004882813
3574.07902546925	1804.40002441406
3575.94615513922	1795.09997558594
3577.81280241401	1813.90002441406
3579.67896746249	1803.80004882813
3581.54465045325	1791.69995117188
3583.40985155455	1797
3585.27457093432	1815.30004882813
3587.1388087602	1797.80004882813
3589.00256519949	1783
3590.86584041919	1801.09997558594
3592.72863458597	1798.90002441406
3594.59094786618	1797.30004882813
3596.45278042585	1802.69995117188
3598.31413243069	1806.19995117188
3600.17500404611	1807.5
3602.03539543717	1804.5
3603.89530676861	1786.30004882813
3605.75473820488	1792.90002441406
3607.61368991007	1792.30004882813
3609.47216204797	1780.59997558594
3611.33015478203	1803.19995117188
3613.18766827539	1792.80004882813
3615.04470269087	1804.40002441406
3616.90125819094	1808.09997558594
3618.75733493776	1792.19995117188
3620.61293309318	1793.69995117188
3622.46805281869	1803.69995117188
3624.32269427547	1780.59997558594
3626.17685762439	1794.19995117188
3628.03054302596	1796.40002441406
3629.88375064038	1780.19995117188
3631.73648062751	1795.19995117188
3633.5887331469	1769.5
3635.44050835775	1781
3637.29180641893	1768.90002441406
3639.14262748899	1781.09997558594
3640.99297172614	1773.90002441406
3642.84283928828	1775.19995117188
3644.69223033294	1773.59997558594
3646.54114501734	1765.19995117188
3648.38958349836	1770.19995117188
3650.23754593256	1783.40002441406
3652.08503247614	1763.69995117188
3653.93204328497	1782.09997558594
3655.77857851462	1788.40002441406
3657.62463832028	1790.90002441406
3659.47022285682	1781.80004882813
3661.31533227877	1783.80004882813
3663.15996674033	1775.30004882813
3665.00412639535	1778.19995117188
3666.84781139736	1785.80004882813
3668.69102189953	1780.19995117188
3670.5337580547	1759.30004882813
3672.37602001537	1774.19995117188
3674.21780793368	1788.80004882813
3676.05912196148	1753.30004882813
3677.89996225021	1765.90002441406
3679.74032895103	1762.80004882813
3681.58022221471	1752.80004882813
3683.41964219171	1783.30004882813
3685.25858903211	1785.09997558594
3687.0970628857	1755.19995117188
3688.93506390186	1770.90002441406
3690.77259222968	1783.30004882813
3692.60964801787	1775.90002441406
3694.44623141481	1765.40002441406
3696.28234256853	1758.69995117188
3698.11798162669	1765.5
3699.95314873665	1770.40002441406
3701.78784404537	1763.5
3703.62206769951	1775.30004882813
3705.45581984533	1749.69995117188
3707.28910062877	1784.80004882813
3709.12191019542	1767.59997558594
3710.95424869052	1768.59997558594
3712.78611625894	1770.30004882813
3714.6175130452	1771.30004882813
3716.44843919349	1765.5
3718.27889484764	1777.5
3720.1088801511	1772.80004882813
3721.93839524699	1761.80004882813
3723.76744027808	1767.30004882813
3725.59601538677	1774.40002441406
3727.4241207151	1773
