40.2973356941271	1167.40002441406
43.2236257608418	1171.30004882813
46.1488808466109	1182.59997558594
49.0731017336173	1185.09997558594
51.9962892025666	1200.19995117188
54.9184440327569	1220
57.8395670020446	1239.69995117188
60.7596588868509	1261.30004882813
63.6787204621708	1294.40002441406
66.5967525015794	1330.69995117188
69.5137557772381	1381
72.4297310598838	1453.09997558594
75.3446791188512	1547.69995117188
78.2586007220466	1645.30004882813
81.1714966360015	1819.19995117188
84.0833676258266	1967.09997558594
86.994214455242	2196.89990234375
89.9040378865662	2419.60009765625
92.8128386807427	2665.19995117188
95.7206175973133	2893.60009765625
98.6273753944444	3068.10009765625
101.533112828928	3169.39990234375
104.437830656161	3258.10009765625
107.34152963018	3307.89990234375
110.244210503676	3324.19995117188
113.145874027931	3316.60009765625
116.046520952895	3323.19995117188
118.946152027154	3330.10009765625
121.844767997933	3329.80004882813
124.74236961111	3349.19995117188
127.638957611212	3381.30004882813
130.534532741422	3369.39990234375
133.429095743606	3404.39990234375
136.322647358252	3453.69995117188
139.215188324544	3493.10009765625
142.106719380311	3485.5
144.997241262089	3533
147.886754705057	3542.19995117188
150.775260443096	3527.39990234375
153.662759208748	3580.5
156.549251733282	3529.89990234375
159.434738746612	3588.19995117188
162.319220977376	3586.60009765625
165.20269915289	3621.30004882813
168.085173999178	3606.10009765625
170.966646240977	3556.5
173.847116601709	3586.80004882813
176.726585803528	3563.5
179.605054567295	3583.19995117188
182.48252361259	3573.89990234375
185.358993657701	3515.80004882813
188.234465419645	3537.60009765625
191.108939614183	3548.60009765625
193.982416955795	3530.89990234375
196.854898157687	3543.80004882813
199.726383931801	3537.5
202.596874988835	3540.69995117188
205.466372038225	3550
208.334875788145	3550.80004882813
211.202386945534	3595.89990234375
214.068906216069	3636.39990234375
216.934434304194	3619.69995117188
219.798971913111	3626
222.662519744776	3651.5
225.525078499925	3653.30004882813
228.386648878069	3705
231.247231577465	3683.80004882813
234.106827295172	3670.10009765625
236.965436727012	3648.80004882813
239.823060567597	3632.30004882813
242.679699510337	3639.5
245.535354247396	3630.30004882813
248.390025469775	3669.69995117188
251.243713867223	3629
254.096420128327	3651.69995117188
256.948144940459	3644.10009765625
259.798888989788	3624.5
262.648652961315	3638.69995117188
265.49743753883	3679.30004882813
268.345243404939	3642.30004882813
271.192071241073	3668.60009765625
274.037921727485	3702.30004882813
276.882795543246	3711.89990234375
279.72669336624	3711.80004882813
282.569615873213	3729.39990234375
285.411563739724	3701
288.252537640165	3787.5
291.092538247763	3791.10009765625
293.931566234616	3802.60009765625
296.769622271633	3761.19995117188
299.606707028594	3779.80004882813
302.442821174104	3787.19995117188
305.277965375652	3775.89990234375
308.112140299574	3849.39990234375
310.945346611062	3831.69995117188
313.777584974167	3845.5
316.608856051813	3870.80004882813
319.439160505797	3849.69995117188
322.268498996783	3848.89990234375
325.096872184303	3824.5
327.924280726782	3891.60009765625
330.750725281521	3835.80004882813
333.576206504693	3824.19995117188
336.400725051388	3820.5
339.224281575542	3809.5
342.046876730026	3802.5
344.868511166586	3848.10009765625
347.689185535872	3828.39990234375
350.508900487421	3809.10009765625
353.327656669699	3794.60009765625
356.145454730079	3786.60009765625
358.962295314817	3817.80004882813
361.778179069105	3820.89990234375
364.593106637051	3851.80004882813
367.407078661675	3830.5
370.220095784913	3875.10009765625
373.032158647655	3850.69995117188
375.843267889676	3878.5
378.653424149715	3882.5
381.462628065436	3893.19995117188
384.270880273432	3897.19995117188
387.078181409254	3944.69995117188
389.884532107358	3930
392.689933001188	3957.10009765625
395.494384723112	3975.30004882813
398.29788790445	4015.69995117188
401.100443175488	3980.89990234375
403.902051165437	3983.60009765625
406.702712502518	3924.80004882813
409.502427813866	3952.60009765625
412.301197725607	3992.39990234375
415.099022862823	3978.69995117188
417.89590384957	3984
420.691841308876	3954.89990234375
423.486835862752	3960.10009765625
426.280888132173	3946.10009765625
429.073998737112	4028.69995117188
431.866168296507	3994.89990234375
434.657397428298	4006.19995117188
437.447686749412	4004.39990234375
440.237036875762	4000.30004882813
443.025448422257	4036.80004882813
445.812922002813	4039.19995117188
448.599458230326	3987.5
451.38505771672	4034
454.169721072909	4050.89990234375
456.953448908819	3986.39990234375
459.736241833384	4016.19995117188
462.518100454555	4069.30004882813
465.2990253793	4058.30004882813
468.079017213605	4054.19995117188
470.858076562476	4068.39990234375
473.636204029939	4086.19995117188
476.41340021906	4110
479.189665731938	4020.60009765625
481.965001169667	4016.10009765625
484.739407132419	4081.69995117188
487.512884219391	4052.30004882813
490.285433028796	4094
493.057054157921	4065.30004882813
495.827748203087	4091.60009765625
498.597515759658	4127.89990234375
501.366357422061	4110.2001953125
504.134273783759	4117.60009765625
506.901265437278	4071.10009765625
509.66733297421	4132.2998046875
512.432476985198	4079.89990234375
515.196698059945	4089.89990234375
517.959996787225	4118.2998046875
520.722373754895	4129.39990234375
523.483829549856	4137.39990234375
526.24436475811	4129.7998046875
529.003979964696	4119.39990234375
531.762675753779	4097.10009765625
534.520452708569	4124.39990234375
537.277311411375	4102.5
540.03325244359	4147.2001953125
542.788276385682	4100
545.54238381725	4082.89990234375
548.295575316938	4051.60009765625
551.047851462516	4087.80004882813
553.799212830831	4090.19995117188
556.549659997851	4080.19995117188
559.299193538643	4096.7998046875
562.047814027381	4089.30004882813
564.795522037318	4066.10009765625
567.542318140861	4105.10009765625
570.288202909507	4093.39990234375
573.033176913873	4043.30004882813
575.7772407237	4054.39990234375
578.520394907829	4097.39990234375
581.26264003424	4099.2998046875
584.003976670046	4107.89990234375
586.744405381469	4104.60009765625
589.483926733869	4167.2001953125
592.222541291746	4148.60009765625
594.96024961872	4141.2001953125
597.697052277563	4193.7001953125
600.432949830166	4149.10009765625
603.167942837587	4192.89990234375
605.902031860012	4167.2998046875
608.635217456783	4151.89990234375
611.367500186378	4142
614.098880606429	4191.7998046875
616.82935927374	4172.60009765625
619.558936744248	4183.7001953125
622.287613573072	4222.10009765625
625.015390314457	4204.5
627.742267521848	4183
630.468245747829	4164.7998046875
633.193325544166	4213.10009765625
635.917507461792	4195.60009765625
638.640792050804	4177.7001953125
641.36317986048	4199.10009765625
644.084671439281	4225.89990234375
646.805267334845	4194.7998046875
649.524968093967	4203.89990234375
652.24377426266	4203.10009765625
654.961686386106	4215.5
657.678705008678	4183.7001953125
660.394830673939	4180.89990234375
663.110063924628	4223.10009765625
665.824405302728	4221.2998046875
668.537855349351	4222.10009765625
671.250414604863	4245.5
673.962083608812	4197.5
676.672862899949	4266.5
679.382753016218	4227.7998046875
682.091754494801	4215.60009765625
684.799867872061	4230.60009765625
687.507093683595	4244
690.213432464198	4268.39990234375
692.918884747899	4278.39990234375
695.623451067937	4271.39990234375
698.327131956755	4231.39990234375
701.029927946065	4268.39990234375
703.731839566754	4336.2998046875
706.43286734896	4280.10009765625
709.133011822067	4286.2001953125
711.832273514658	4296.2998046875
714.53065295457	4296.2998046875
717.228150668879	4303.7998046875
719.924767183889	4278.2001953125
722.620503025148	4305.7001953125
725.315358717446	4298.7998046875
728.009334784827	4282.2001953125
730.702431750559	4273.7001953125
733.394650137188	4254.10009765625
736.085990466498	4293.60009765625
738.776453259519	4245.2001953125
741.466039036542	4274.10009765625
744.154748317125	4287.7998046875
746.842581620074	4249.39990234375
749.529539463458	4281.5
752.215622364608	4313.89990234375
754.900830840131	4286.2998046875
757.585165405892	4245.2001953125
760.26862657703	4307.10009765625
762.951214867957	4302
765.632930792356	4293.5
768.313774863181	4291
770.993747592673	4291.39990234375
773.672849492359	4314.7998046875
776.351081073017	4294.60009765625
779.028442844757	4294.7998046875
781.704935316928	4319.5
784.380558998208	4345.7998046875
787.055314396528	4362.2001953125
789.729202019141	4344.60009765625
792.402222372581	4356.2001953125
795.074375962669	4373
797.745663294537	4347
800.416084872622	4372.7001953125
803.085641200652	4379.7998046875
805.754332781664	4417.2998046875
808.422160117986	4371.10009765625
811.089123711292	4376.89990234375
813.75522406252	4409.7001953125
816.420461671951	4401.39990234375
819.084837039164	4420.5
821.748350663067	4409.89990234375
824.411003041866	4422
827.072794673116	4421.2001953125
829.733726053668	4475.7998046875
832.39379767971	4480.89990234375
835.05301004674	4484.5
837.711363649601	4481.7998046875
840.368858982457	4500.89990234375
843.025496538805	4529
845.681276811467	4544.2001953125
848.336200292618	4521.89990234375
850.99026747375	4508.2998046875
853.643478845713	4584.2998046875
856.29583489868	4542.10009765625
858.947336122176	4595.10009765625
861.59798300506	4602.7001953125
864.247776035556	4647.7998046875
866.896715701222	4695.7001953125
869.544802488959	4666.5
872.192036885046	4644.7998046875
874.838419375087	4703.39990234375
877.483950444054	4629.60009765625
880.128630576285	4666.7001953125
882.772460255461	4633.89990234375
885.415439964628	4634.7001953125
888.057570186211	4678.2998046875
890.698851401966	4618.7998046875
893.339284093045	4607.2998046875
895.978868739961	4640.2998046875
898.617605822596	4632.10009765625
901.255495820196	4589.7001953125
903.892539211396	4597.2998046875
906.528736474184	4563.60009765625
909.164088085949	4607.7998046875
911.798594523442	4605.89990234375
914.432256262804	4597.5
917.065073779549	4620.89990234375
919.697047548589	4617.60009765625
922.328178044212	4648.5
924.9584657401	4659.2001953125
927.587911109317	4701.5
930.216514624317	4719.2001953125
932.844276756963	4718.89990234375
935.471197978488	4724.2998046875
938.097278759538	4740.89990234375
940.722519570163	4793.39990234375
943.346920879798	4815.39990234375
945.97048315729	4928.60009765625
948.593206870885	4966.39990234375
951.215092488219	5089.89990234375
953.836140476366	5107.10009765625
956.456351301787	5128.10009765625
959.07572543037	5246.2998046875
961.694263327369	5205.2001953125
964.311965457521	5260.10009765625
966.928832284933	5249.89990234375
969.544864273135	5233.89990234375
972.160061885076	5164
974.774425583129	5156.5
977.387955829099	5086.89990234375
980.000653084196	5040.7001953125
982.612517809061	5075.89990234375
985.223550463768	5113.60009765625
987.833751507819	5148.39990234375
990.443121400135	5161.7998046875
993.051660599081	5286.2998046875
995.659369562449	5438
998.266248747469	5651.10009765625
1000.87229861081	5887.5
1003.47751960857	6322.7998046875
1006.0819121963	6461.7998046875
1008.68547682897	6315.89990234375
1011.28821396104	6105.60009765625
1013.89012404635	5816.60009765625
1016.49120753824	5606.10009765625
1019.09146488947	5439
1021.69089655226	5340.60009765625
1024.28950297827	5290.2998046875
1026.88728461863	5298.89990234375
1029.48424192392	5233.2001953125
1032.08037534416	5170.39990234375
1034.67568532886	5129.7001953125
1037.27017232694	5215.2001953125
1039.86383678682	5107.2001953125
1042.45667915637	5087.39990234375
1045.04869988293	5097.7998046875
1047.6398994133	5127.7998046875
1050.23027819374	5081.2998046875
1052.81983666998	5162.7001953125
1055.40857528724	5136.7998046875
1057.99649449018	5143.39990234375
1060.58359472296	5100.5
1063.1698764292	5183
1065.755340052	5178.2998046875
1068.33998603393	5121.39990234375
1070.92381481706	5141.39990234375
1073.50682684291	5169.39990234375
1076.08902255251	5190
1078.67040238637	5212.2998046875
1081.25096678445	5155.60009765625
1083.83071618624	5173.60009765625
1086.4096510307	5137.60009765625
1088.98777175629	5141.2998046875
1091.56507880094	5190.2998046875
1094.14157260208	5198.7001953125
1096.71725359664	5235.7998046875
1099.29212222106	5231.89990234375
1101.86617891125	5252.7001953125
1104.43942410262	5256
1107.01185823011	5262.7998046875
1109.58348172812	5281.7998046875
1112.15429503057	5353.2998046875
1114.7242985709	5342.39990234375
1117.29349278203	5401.39990234375
1119.86187809642	5432.2998046875
1122.42945494599	5566.5
1124.99622376222	5661.7001953125
1127.56218497606	5750.7001953125
1130.12733901801	5822.89990234375
1132.69168631804	5999
1135.25522730568	6455.60009765625
1137.81796240995	6855.39990234375
1140.37989205941	6404
1142.9410166821	6671.5
1145.50133670561	7095.10009765625
1148.06085255708	7707.10009765625
1150.61956466311	8582
1153.17747344987	9652.900390625
1155.73457934305	10439.5
1158.29088276786	10653.400390625
1160.84638414903	9965.900390625
1163.40108391085	8929.099609375
1165.95498247711	7907.2001953125
1168.50808027116	7137.7001953125
1171.06037771587	6506.10009765625
1173.61187523364	6320
1176.16257324643	6175.10009765625
1178.71247217573	6040.60009765625
1181.26157244255	6030.5
1183.80987446746	6100.7001953125
1186.35737867059	6227.7001953125
1188.90408547157	6380.7001953125
1191.44999528961	6506.10009765625
1193.99510854347	6556
1196.53942565142	6507
1199.08294703133	6328.60009765625
1201.62567310057	6129.5
1204.16760427611	6021.7001953125
1206.70874097445	5834.2001953125
1209.24908361163	5805.2998046875
1211.78863260327	5752.5
1214.32738836454	5737.5
1216.86535131017	5637.10009765625
1219.40252185445	5655.7001953125
1221.93890041121	5627
1224.47448739389	5500.60009765625
1227.00928321544	5527.89990234375
1229.54328828842	5404.7001953125
1232.07650302491	5499.2001953125
1234.60892783662	5458.60009765625
1237.14056313477	5547
1239.67140933017	5504.2001953125
1242.2014668332	5538.2998046875
1244.73073605384	5534
1247.25921740159	5584.89990234375
1249.78691128558	5579.7998046875
1252.31381811448	5603.7001953125
1254.83993829655	5718.5
1257.36527223962	5793.60009765625
1259.88982035112	5839.2001953125
1262.41358303803	5888.5
1264.93656070696	5901.5
1267.45875376405	6005.89990234375
1269.98016261505	6062.5
1272.50078766531	6185.2001953125
1275.02062931974	6301.5
1277.53968798285	6192.89990234375
1280.05796405875	6120.2998046875
1282.57545795112	5969.10009765625
1285.09217006325	5974.7001953125
1287.60810079802	5872.2998046875
1290.12325055788	5838.39990234375
1292.63761974492	5836
1295.15120876079	5898.7998046875
1297.66401800676	5834.10009765625
1300.17604788367	5828.7998046875
1302.687298792	5833.2001953125
1305.19777113181	5809.60009765625
1307.70746530274	5830.7998046875
1310.21638170408	5855.39990234375
1312.7245207347	5837.5
1315.23188279307	5780.10009765625
1317.73846827728	5789.5
1320.24427758502	5751.7998046875
1322.74931111359	5790
1325.25356925991	5760
1327.75705242051	5728.89990234375
1330.25976099151	5741.60009765625
1332.76169536868	5724.10009765625
1335.26285594737	5673.89990234375
1337.76324312256	5693.39990234375
1340.26285728887	5631.39990234375
1342.76169884052	5725.7001953125
1345.25976817132	5737.5
1347.75706567474	5718.89990234375
1350.25359174387	5739.2001953125
1352.74934677141	5736.39990234375
1355.24433114968	5746.39990234375
1357.73854527062	5710
1360.23198952583	5698
1362.7246643065	5763.7998046875
1365.21657000347	5694.39990234375
1367.7077070072	5717.89990234375
1370.19807570777	5805.7998046875
1372.68767649492	5787.39990234375
1375.176509758	5717.7998046875
1377.66457588599	5779.7001953125
1380.15187526753	5788.2998046875
1382.63840829087	5836.7998046875
1385.1241753439	5783.2998046875
1387.60917681417	5887.2001953125
1390.09341308884	5949.60009765625
1392.57688455474	5889.39990234375
1395.05959159829	5847
1397.54153460562	5920.2001953125
1400.02271396243	5900.7001953125
1402.50313005414	5858.2998046875
1404.98278326576	5850.2998046875
1407.46167398196	5912.2998046875
1409.93980258707	5905.89990234375
1412.41716946504	5917.89990234375
1414.89377499951	5888.39990234375
1417.36961957373	5880.10009765625
1419.84470357062	5935.60009765625
1422.31902737275	5979.39990234375
1424.79259136235	5960.89990234375
1427.26539592129	6012.60009765625
1429.73744143111	6052.5
1432.20872827299	6101.10009765625
1434.67925682777	6076.39990234375
1437.14902747597	6222.89990234375
1439.61804059773	6276.10009765625
1442.0862965729	6326.2001953125
1444.55379578093	6458.2998046875
1447.02053860099	6420.39990234375
1449.48652541188	6375
1451.95175659206	6362.60009765625
1454.41623251969	6355.60009765625
1456.87995357255	6402.2998046875
1459.34292012811	6289.2001953125
1461.80513256351	6284.39990234375
1464.26659125557	6306
1466.72729658073	6311.5
1469.18724891517	6327.7998046875
1471.64644863469	6376.7001953125
1474.10489611478	6359.5
1476.5625917306	6416.5
1479.01953585699	6433.2001953125
1481.47572886844	6422.39990234375
1483.93117113917	6510.39990234375
1486.38586304302	6543.39990234375
1488.83980495354	6722.10009765625
1491.29299724395	6786.2998046875
1493.74544028715	6940.7001953125
1496.19713445573	7205.39990234375
1498.64808012193	7429.89990234375
1501.09827765772	7819.7998046875
1503.54772743471	8301.7998046875
1505.99642982421	9040.5
1508.44438519723	9999.900390625
1510.89159392446	10907.7001953125
1513.33805637625	11836
1515.78377292266	12530.2998046875
1518.22874393346	12774.400390625
1520.67296977806	12576.7998046875
1523.11645082559	11848
1525.55918744488	10876.099609375
1528.00118000444	9915.7998046875
1530.44242887245	8904.599609375
1532.88293441684	8046.10009765625
1535.32269700517	7453
1537.76171700475	7063.39990234375
1540.19999478255	6843.5
1542.63753070526	6678.60009765625
1545.07432513925	6585.89990234375
1547.5103784506	6499.7001953125
1549.94569100509	6418.60009765625
1552.38026316819	6443.39990234375
1554.8140953051	6332.89990234375
1557.24718778067	6369
1559.67954095952	6315.10009765625
1562.11115520592	6274.7001953125
1564.54203088386	6272.2998046875
1566.97216835704	6329.5
1569.40156798888	6357.2998046875
1571.83023014248	6420.89990234375
1574.25815518067	6328.5
1576.68534346597	6304.89990234375
1579.11179536062	6353.89990234375
1581.53751122658	6287.39990234375
1583.9624914255	6290.60009765625
1586.38673631876	6299.10009765625
1588.81024626745	6304.7001953125
1591.23302163235	6291.89990234375
1593.655062774	6301.60009765625
1596.07637005262	6304.7001953125
1598.49694382815	6305.5
1600.91678446025	6250.5
1603.33589230831	6206
1605.75426773142	6198.7001953125
1608.1719110884	6206.89990234375
1610.58882273779	6180.10009765625
1613.00500303784	6159.2998046875
1615.42045234654	6160.2001953125
1617.83517102158	6182
1620.24915942039	6252
1622.66241790012	6182.2001953125
1625.07494681764	6115.2998046875
1627.48674652954	6176.10009765625
1629.89781739216	6195.2998046875
1632.30815976152	6152.2998046875
1634.71777399343	6186.39990234375
1637.12666044338	6185.5
1639.53481946661	6251.5
1641.94225141808	6212.39990234375
1644.34895665248	6252.5
1646.75493552424	6243.5
1649.16018838752	6282.39990234375
1651.56471559621	6364.2001953125
1653.96851750392	6369.2001953125
1656.37159446403	6375
1658.7739468296	6338.60009765625
1661.17557495349	6325.10009765625
1663.57647918824	6327.7998046875
1665.97665988617	6343.60009765625
1668.37611739929	6259
1670.77485207939	6212.10009765625
1673.17286427799	6202
1675.57015434633	6192
1677.96672263542	6144.89990234375
1680.36256949598	6135.7998046875
1682.7576952785	6121.7998046875
1685.15210033318	6123.2998046875
1687.54578501	6183.2001953125
1689.93874965866	6176.7001953125
1692.33099462861	6156.2998046875
1694.72252026904	6099.7998046875
1697.11332692889	6178.10009765625
1699.50341495686	6123.10009765625
1701.89278470137	6133.2998046875
1704.28143651061	6080.2998046875
1706.66937073251	6114.60009765625
1709.05658771473	6108.89990234375
1711.44308780473	6142.5
1713.82887134968	6099.10009765625
1716.21393869648	6023.2998046875
1718.59829019185	6075.89990234375
1720.98192618221	6097.10009765625
1723.36484701374	6135.10009765625
1725.74705303238	6054.2001953125
1728.12854458384	6114.39990234375
1730.50932201356	6139.5
1732.88938566673	6189.60009765625
1735.26873588834	6046.60009765625
1737.64737302307	6123.2998046875
1740.02529741544	6125.10009765625
1742.40250940964	6149.2998046875
1744.77900934969	6101.10009765625
1747.15479757933	6106.10009765625
1749.52987444206	6052.7001953125
1751.90424028116	6089.2001953125
1754.27789543967	6067
1756.65084026037	6084.7001953125
1759.02307508582	6098.39990234375
1761.39460025833	6067.2998046875
1763.76541612	6064.60009765625
1766.13552301265	6076
1768.50492127791	6095.39990234375
1770.87361125714	6073.89990234375
1773.2415932915	6097.5
1775.60886772188	6065.89990234375
1777.97543488896	6086.39990234375
1780.34129513318	6028.2998046875
1782.70644879475	6079.89990234375
1785.07089621365	6118
1787.43463772964	6034
1789.7976736822	6087.60009765625
1792.16000441066	6079
1794.52163025405	6080.60009765625
1796.88255155121	6137.7001953125
1799.24276864074	6055
1801.60228186102	6079.2001953125
1803.96109155019	6085.60009765625
1806.31919804618	6110.39990234375
1808.67660168668	6155.2998046875
1811.03330280916	6166.89990234375
1813.38930175088	6102
1815.74459884884	6072.5
1818.09919443984	6095.7001953125
1820.45308886047	6118.2998046875
1822.80628244708	6111
1825.1587755358	6047.2001953125
1827.51056846254	6120.10009765625
1829.86166156297	6082.2998046875
1832.21205517258	6058.2001953125
1834.56174962661	6112.89990234375
1836.91074526009	6078.39990234375
1839.25904240783	6098
1841.60664140443	6090.10009765625
1843.95354258425	6113.7998046875
1846.29974628146	6103.39990234375
1848.64525282998	6072.7998046875
1850.99006256356	6037.5
1853.3341758157	6025.7998046875
1855.67759291968	6043.7001953125
1858.02031420858	6070.10009765625
1860.36234001528	6089.5
1862.70367067241	6089.39990234375
1865.04430651244	6109.39990234375
1867.38424786755	6082.2998046875
1869.72349506978	6160.7998046875
1872.06204845094	6097.39990234375
1874.39990834258	6048.5
1876.73707507612	6058.2001953125
1879.07354898269	6116.89990234375
1881.40933039328	6107
1883.74441963861	6093.60009765625
1886.07881704925	6110.39990234375
1888.41252295551	6080.89990234375
1890.74553768751	6038.39990234375
1893.07786157519	6066.60009765625
1895.40949494822	6058.60009765625
1897.74043813615	6083.39990234375
1900.07069146823	6059
1902.40025527357	6007
1904.72912988106	6084.5
1907.05731561938	6040.2998046875
1909.38481281699	6038.5
1911.71162180217	6037.10009765625
1914.037742903	6024.89990234375
1916.36317644734	6082.7998046875
1918.68792276284	6017.5
1921.01198217697	6017.5
1923.33535501699	6035.2001953125
1925.65804160996	6045.39990234375
1927.98004228273	6036.7998046875
1930.30135736196	6052.39990234375
1932.6219871741	5993.7998046875
1934.94193204543	6094.89990234375
1937.26119230198	6031.10009765625
1939.57976826962	6032.89990234375
1941.89766027402	6022.2998046875
1944.21486864062	6051.7001953125
1946.53139369472	6007
1948.84723576137	6080.5
1951.16239516543	6029.89990234375
1953.47687223159	6071.5
1955.79066728434	6071.39990234375
1958.10378064794	6042.60009765625
1960.4162126465	5994.5
1962.7279636039	6014.89990234375
1965.03903384385	6013.39990234375
1967.34942368987	6095.39990234375
1969.65913346524	6038.7998046875
1971.96816349311	6100.7001953125
1974.2765140964	6066.2001953125
1976.58418559784	6069.7998046875
1978.89117831997	5983
1981.19749258516	6055.10009765625
1983.50312871555	6043.5
1985.80808703313	6091.7998046875
1988.11236785967	6036.89990234375
1990.41597151676	6069.10009765625
1992.71889832581	6020
1995.02114860801	6084.2998046875
1997.3227226844	6057.89990234375
1999.62362087581	6027.89990234375
2001.92384350288	6108.89990234375
2004.22339088608	6101.60009765625
2006.52226334567	6051.2001953125
2008.82046120173	6085.89990234375
2011.11798477417	6140.7001953125
2013.41483438269	6048.7998046875
2015.71101034681	6063.60009765625
2018.00651298588	6072.39990234375
2020.30134261905	6048.2001953125
2022.59549956528	6109.2998046875
2024.88898414337	6076.89990234375
2027.1817966719	6097.60009765625
2029.4739374693	6099.2998046875
2031.76540685379	6068.5
2034.05620514342	6052.39990234375
2036.34633265607	6086.2001953125
2038.6357897094	5995.60009765625
2040.92457662092	5992.7001953125
2043.21269370795	5945.89990234375
2045.50014128763	6029.60009765625
2047.78691967691	5982.7001953125
2050.07302919256	5964.10009765625
2052.35847015118	5940.39990234375
2054.64324286919	5941.39990234375
2056.9273476628	5921.89990234375
2059.21078484808	5959.7001953125
2061.4935547409	5996
2063.77565765696	5907.39990234375
2066.05709391176	5905.89990234375
2068.33786382065	5908.10009765625
2070.61796769879	5845
2072.89740586116	5937.2001953125
2075.17617862255	5883
2077.45428629759	5901.7001953125
2079.73172920075	5890.89990234375
2082.00850764627	5927.39990234375
2084.28462194827	5906.5
2086.56007242065	5916.89990234375
2088.83485937717	5935.7998046875
2091.10898313139	5920.10009765625
2093.3824439967	5929.89990234375
2095.65524228632	5940.89990234375
2097.92737831328	5928.5
2100.19885239047	5960.7998046875
2102.46966483057	5948.2001953125
2104.7398159461	6017.89990234375
2107.00930604941	6026
2109.27813545267	6064.5
2111.54630446787	6040.7998046875
2113.81381340685	6036.2001953125
2116.08066258126	6053.39990234375
2118.34685230257	6146.2001953125
2120.61238288211	6153.5
2122.87725463099	6173.60009765625
2125.1414678602	6126.39990234375
2127.40502288052	6119.89990234375
2129.66792000257	6043.60009765625
2131.93015953682	6020.7998046875
2134.19174179353	6052.7001953125
2136.45266708282	6130.10009765625
2138.71293571463	6100.10009765625
2140.97254799873	6090.2998046875
2143.23150424473	6115.5
2145.48980476205	6091.5
2147.74744985996	6177.7998046875
2150.00443984754	6193.2001953125
2152.26077503373	6205.7001953125
2154.51645572728	6167.7998046875
2156.77148223677	6242.2998046875
2159.02585487064	6292.39990234375
2161.27957393713	6291.39990234375
2163.53263974432	6309.2001953125
2165.78505260012	6255.39990234375
2168.0368128123	6269.7001953125
2170.28792068844	6177.10009765625
2172.53837653595	6114.10009765625
2174.78818066207	6092.39990234375
2177.03733337389	6069.7998046875
2179.28583497833	6009.2001953125
2181.53368578214	5962.39990234375
2183.78088609192	5960.10009765625
2186.02743621406	5950.10009765625
2188.27333645484	5958.10009765625
2190.51858712033	5903.39990234375
2192.76318851646	5911.60009765625
2195.00714094901	5941
2197.25044472354	5910.89990234375
2199.49310014551	5847.7998046875
2201.73510752018	5958.2001953125
2203.97646715265	5865.7998046875
2206.21717934786	5889.60009765625
2208.45724441058	5848.10009765625
2210.69666264543	5869.89990234375
2212.93543435686	5873.7998046875
2215.17355984914	5866.60009765625
2217.41103942642	5807.7001953125
2219.64787339264	5846.2001953125
2221.8840620516	5824
2224.11960570695	5766
2226.35450466215	5832
2228.58875922051	5767.60009765625
2230.82236968518	5873.89990234375
2233.05533635916	5821.89990234375
2235.28765954527	5756.2001953125
2237.51933954617	5783.7001953125
2239.75037666437	5876.5
2241.98077120221	5754.7998046875
2244.21052346188	5817.7998046875
2246.4396337454	5793.7001953125
2248.66810235461	5771.5
2250.89592959125	5820.2998046875
2253.12311575681	5788.2998046875
2255.34966115272	5832.7998046875
2257.57556608017	5920.7001953125
2259.80083084023	5832.60009765625
2262.02545573381	5820.7998046875
2264.24944106163	5769.10009765625
2266.47278712429	5818.5
2268.69549422221	5843.7001953125
2270.91756265564	5894
2273.1389927247	5880.2001953125
2275.35978472934	5877.60009765625
2277.57993896933	5833.7998046875
2279.79945574431	5919.39990234375
2282.01833535375	5874.2998046875
2284.23657809696	5901.2001953125
2286.45418427309	5920
2288.67115418114	5931.7001953125
2290.88748811995	5944.2998046875
2293.10318638819	5976.10009765625
2295.3182492844	5985.2001953125
2297.53267710693	6052.2998046875
2299.746470154	6058.7998046875
2301.95962872364	6063.39990234375
2304.17215311376	6128
2306.3840436221	6184.60009765625
2308.59530054621	6232.7001953125
2310.80592418354	6223.39990234375
2313.01591483134	6275.39990234375
2315.22527278673	6168.60009765625
2317.43399834666	6164.89990234375
2319.64209180791	6074.7001953125
2321.84955346713	6037.2998046875
2324.05638362079	6026.60009765625
2326.26258256524	6036.39990234375
2328.46815059664	5918.39990234375
2330.67308801098	5937.2998046875
2332.87739510415	5902.7001953125
2335.08107217184	5912.10009765625
2337.2841195096	5881.60009765625
2339.48653741281	5923
2341.68832617672	5894.89990234375
2343.8894860964	5895.89990234375
2346.09001746678	5923.89990234375
2348.28992058261	5871.10009765625
2350.48919573852	5904.39990234375
2352.68784322898	5887.60009765625
2354.88586334826	5848
2357.08325639055	5841
2359.2800226498	5810.10009765625
2361.47616241988	5836.2998046875
2363.67167599445	5823.60009765625
2365.86656366706	5768.89990234375
2368.06082573107	5765.2001953125
2370.2544624797	5703
2372.44747420603	5722.7998046875
2374.63986120295	5701.7001953125
2376.83162376322	5679.89990234375
2379.02276217945	5652.7001953125
2381.21327674408	5637.39990234375
2383.4031677494	5647.89990234375
2385.59243548756	5622.10009765625
2387.78108025053	5606
2389.96910233014	5652.10009765625
2392.15650201809	5672.7998046875
2394.34327960587	5649
2396.52943538486	5584.10009765625
2398.71496964628	5657.89990234375
2400.89988268118	5594.39990234375
2403.08417478048	5641.10009765625
2405.26784623491	5653.60009765625
2407.45089733509	5625.60009765625
2409.63332837146	5634.60009765625
2411.81513963429	5624.39990234375
2413.99633141375	5618.10009765625
2416.1769039998	5590.2998046875
2418.35685768227	5611.89990234375
2420.53619275084	5632.89990234375
2422.71490949505	5528.5
2424.89300820425	5611
2427.07048916765	5613.10009765625
2429.24735267433	5579.7998046875
2431.42359901319	5575.5
2433.59922847297	5562.39990234375
2435.7742413423	5565.60009765625
2437.94863790961	5572.7998046875
2440.12241846321	5577.60009765625
2442.29558329121	5559.7001953125
2444.46813268162	5539
2446.64006692228	5543.39990234375
2448.81138630086	5580.2998046875
2450.98209110489	5527.39990234375
2453.15218162174	5578.89990234375
2455.32165813864	5554
2457.49052094265	5621
2459.65877032069	5566.39990234375
2461.8264065595	5610.7001953125
2463.99342994572	5648.60009765625
2466.15984076579	5704.7001953125
2468.325639306	5640.5
2470.49082585251	5670.2001953125
2472.65540069131	5689.89990234375
2474.81936410824	5694.2998046875
2476.98271638899	5716.5
2479.14545781909	5669
2481.30758868392	5622.2998046875
2483.4691092687	5665.5
2485.63001985852	5679.60009765625
2487.79032073829	5710.2001953125
2489.95001219277	5616.2998046875
2492.10909450659	5633.5
2494.26756796419	5656.2998046875
2496.42543284989	5635.7998046875
2498.58268944783	5651.7998046875
2500.73933804202	5628.7001953125
2502.8953789163	5690.7998046875
2505.05081235436	5708.5
2507.20563863974	5663.5
2509.35985805582	5738.2998046875
2511.51347088583	5742.39990234375
2513.66647741285	5686.5
2515.81887791981	5743.5
2517.97067268946	5726.10009765625
2520.12186200443	5757.5
2522.27244614716	5741.89990234375
2524.42242539999	5675.39990234375
2526.57180004504	5703
2528.72057036433	5614
2530.8687366397	5597.60009765625
2533.01629915284	5590.7001953125
2535.16325818527	5574.7998046875
2537.30961401839	5546.60009765625
2539.45536693343	5444.7998046875
2541.60051721145	5438.89990234375
2543.74506513338	5426.2001953125
2545.88901097997	5457.2998046875
2548.03235503185	5324
2550.17509756946	5365.10009765625
2552.31723887311	5350.2001953125
2554.45877922293	5303.60009765625
2556.59971889893	5325.60009765625
2558.74005818094	5333.7998046875
2560.87979734864	5325.10009765625
2563.01893668155	5350.7998046875
2565.15747645906	5326.2001953125
2567.29541696037	5290.5
2569.43275846454	5274.7998046875
2571.56950125049	5359.5
2573.70564559696	5270.2998046875
2575.84119178254	5323.39990234375
2577.97614008569	5286.89990234375
2580.11049078468	5261.39990234375
2582.24424415764	5358.5
2584.37740048255	5324.10009765625
2586.50996003722	5291.5
2588.64192309931	5362.2001953125
2590.77328994634	5343.10009765625
2592.90406085564	5348.60009765625
2595.03423610442	5333.2998046875
2597.16381596971	5355.60009765625
2599.29280072839	5346.39990234375
2601.42119065719	5309.10009765625
2603.54898603267	5361.10009765625
2605.67618713125	5334.60009765625
2607.80279422919	5317.7998046875
2609.92880760257	5417.10009765625
2612.05422752735	5365.2001953125
2614.17905427932	5372.5
2616.30328813408	5352.89990234375
2618.42692936713	5355
2620.54997825377	5337.7001953125
2622.67243506915	5374.60009765625
2624.79430008828	5397.10009765625
2626.915573586	5432.7001953125
2629.03625583699	5393.89990234375
2631.15634711579	5442.7001953125
2633.27584769675	5475.2001953125
2635.39475785408	5517.10009765625
2637.51307786185	5518
2639.63080799394	5558
2641.74794852409	5542.89990234375
2643.86449972589	5628.5
2645.98046187273	5686.89990234375
2648.0958352379	5672.39990234375
2650.21062009449	5756.2998046875
2652.32481671544	5881.7998046875
2654.43842537353	5829.7998046875
2656.5514463414	5883.7001953125
2658.66387989151	5948.2998046875
2660.77572629616	6009.60009765625
2662.88698582751	6069.7001953125
2664.99765875753	6119
2667.10774535806	6130.39990234375
2669.21724590076	6124.2001953125
2671.32616065714	6086.39990234375
2673.43448989857	6077.7998046875
2675.5422338962	5973.2001953125
2677.64939292108	5903.60009765625
2679.75596724408	5799.39990234375
2681.86195713589	5731.2001953125
2683.96736286707	5705.5
2686.07218470799	5554.39990234375
2688.17642292889	5504.7001953125
2690.28007779982	5419.7998046875
2692.38314959069	5388
2694.48563857123	5382.2001953125
2696.58754501103	5339.39990234375
2698.6888691795	5335.39990234375
2700.78961134588	5288.2001953125
2702.8897717793	5290.39990234375
2704.98935074864	5294.7001953125
2707.08834852271	5273.60009765625
2709.18676537009	5287.2998046875
2711.28460155925	5271.7998046875
2713.38185735843	5299.5
2715.47853303577	5256.7998046875
2717.57462885924	5271
2719.67014509659	5222.7001953125
2721.76508201548	5166.39990234375
2723.85943988337	5182.2998046875
2725.95321896754	5132.7001953125
2728.04641953515	5131.2001953125
2730.13904185316	5114.2001953125
2732.23108618837	5112.89990234375
2734.32255280744	5087.7001953125
2736.41344197683	5073.39990234375
2738.50375396288	5008.89990234375
2740.5934890317	5059.2998046875
2742.68264744932	5024.2001953125
2744.77122948153	5051
2746.85923539398	5024.5
2748.94666545217	4951
2751.03351992142	4949.7998046875
2753.11979906688	4945.2001953125
2755.20550315355	4975.10009765625
2757.29063244624	4983.60009765625
2759.37518720963	4936.10009765625
2761.45916770819	4919
2763.54257420625	4978.5
2765.62540696797	4965.39990234375
2767.70766625733	4909.89990234375
2769.78935233816	4888.2998046875
2771.87046547413	4878.60009765625
2773.95100592869	4913.2001953125
2776.03097396519	4957.10009765625
2778.11036984677	4985.10009765625
2780.18919383641	4907
2782.26744619693	4956.7001953125
2784.34512719097	4956.7001953125
2786.42223708102	4954.7001953125
2788.49877612937	4985.2998046875
2790.57474459816	4966.7998046875
2792.65014274937	4939.5
2794.7249708448	4934.5
2796.79922914607	4899.39990234375
2798.87291791465	4937.60009765625
2800.94603741181	4927.5
2803.01858789869	4898.2001953125
2805.09056963623	4910
2807.1619828852	4876.5
2809.23282790621	4893.89990234375
2811.30310495971	4885.7998046875
2813.37281430593	4874.5
2815.441956205	4896.7998046875
2817.51053091682	4843.39990234375
2819.57853870114	4901.2998046875
2821.64597981753	4848.2001953125
2823.7128545254	4883.7001953125
2825.77916308399	4892.89990234375
2827.84490575233	4889.5
2829.91008278933	4906.2998046875
2831.97469445369	4814.2998046875
2834.03874100395	4910.39990234375
2836.10222269847	4893.89990234375
2838.16513979544	4923.89990234375
2840.22749255288	4956.10009765625
2842.28928122863	4973
2844.35050608034	5029
2846.41116736553	5144.60009765625
2848.47126534149	5194
2850.53080026537	5225
2852.58977239414	5186.60009765625
2854.64818198459	5206.60009765625
2856.70602929332	5171.5
2858.76331457678	5192.7998046875
2860.82003809123	5128.39990234375
2862.87620009274	5116.89990234375
2864.93180083723	5137.60009765625
2866.98684058043	5142
2869.04131957789	5147.39990234375
2871.09523808497	5198.10009765625
2873.14859635689	5163.2001953125
2875.20139464866	5164.39990234375
2877.2536332151	5160.60009765625
2879.30531231091	5135.10009765625
2881.35643219054	5153.7001953125
2883.40699310831	5170.39990234375
2885.45699531834	5181.2001953125
2887.50643907457	5159.39990234375
2889.55532463077	5166.7998046875
2891.60365224053	5211.89990234375
2893.65142215724	5257.7001953125
2895.69863463414	5164.60009765625
2897.74528992426	5232.7001953125
2899.79138828046	5216.2001953125
2901.83692995544	5213.7998046875
2903.88191520168	5235.2001953125
2905.92634427151	5212.7001953125
2907.97021741706	5178.7001953125
2910.01353489027	5175.7998046875
2912.05629694294	5170
2914.09850382663	5180.39990234375
2916.14015579276	5245.10009765625
2918.18125309254	5182.39990234375
2920.22179597702	5176
2922.26178469705	5209.89990234375
2924.30121950329	5199.60009765625
2926.34010064624	5184.7001953125
2928.37842837619	5225
2930.41620294326	5230.89990234375
2932.45342459737	5177.7001953125
2934.49009358828	5185.10009765625
2936.52621016555	5199.10009765625
2938.56177457854	5161.7998046875
2940.59678707645	5142.7998046875
2942.63124790827	5109.5
2944.66515732282	5085.7001953125
2946.69851556873	5032.7998046875
2948.73132289443	5009.39990234375
2950.76357954817	5001.2001953125
2952.79528577803	4958.7998046875
2954.82644183188	4973.60009765625
2956.85704795741	4948.10009765625
2958.8871044021	4929.7001953125
2960.91661141328	4956.7998046875
2962.94556923807	4937.60009765625
2964.97397812339	4884.2001953125
2967.00183831598	4871.60009765625
2969.0291500624	4849.2998046875
2971.05591360902	4894.7998046875
2973.08212920199	4848.89990234375
2975.1077970873	4779.39990234375
2977.13291751074	4804.60009765625
2979.1574907179	4811.89990234375
2981.18151695419	4752.2001953125
2983.20499646482	4736.39990234375
2985.2279294948	4792.39990234375
2987.25031628898	4764.10009765625
2989.27215709199	4760.39990234375
2991.29345214825	4787.89990234375
2993.31420170204	4764.39990234375
2995.33440599738	4749.89990234375
2997.35406527816	4791.7001953125
2999.37317978802	4728.60009765625
3001.39174977045	4762.39990234375
3003.40977546872	4820.60009765625
3005.42725712591	4811
3007.44419498491	4851.2998046875
3009.4605892884	4805.39990234375
3011.47644027889	4860.2998046875
3013.49174819865	4845.39990234375
3015.5065132898	4853.10009765625
3017.52073579424	4859.5
3019.53441595366	4865.7998046875
3021.54755400959	4852.39990234375
3023.56015020332	4811
3025.57220477598	4852
3027.58371796846	4873.39990234375
3029.5946900215	4858.2001953125
3031.6051211756	4824.39990234375
3033.61501167107	4855.39990234375
3035.62436174803	4805.2001953125
3037.6331716464	4730.5
3039.64144160588	4762.5
3041.649171866	4709.89990234375
3043.65636266607	4686.2001953125
3045.6630142452	4625.2001953125
3047.66912684229	4669.60009765625
3049.67470069605	4566.39990234375
3051.679736045	4604.60009765625
3053.68423312742	4558
3055.68819218143	4532.89990234375
3057.6916134449	4506.10009765625
3059.69449715556	4465.2998046875
3061.69684355086	4499.39990234375
3063.6986528681	4487.39990234375
3065.69992534437	4466.10009765625
3067.70066121653	4448.60009765625
3069.70086072126	4385.7001953125
3071.700524095	4413
3073.69965157405	4409.2998046875
3075.69824339442	4393
3077.69629979197	4426.7001953125
3079.69382100235	4392.39990234375
3081.69080726098	4388.60009765625
3083.68725880307	4333.60009765625
3085.68317586366	4404.5
3087.67855867755	4348.10009765625
3089.67340747933	4369.2001953125
3091.6677225034	4283.89990234375
3093.66150398392	4361.39990234375
3095.6547521549	4353.39990234375
3097.64746725006	4314.10009765625
3099.63964950297	4315.10009765625
3101.63129914698	4322.39990234375
3103.6224164152	4376.5
3105.61300154056	4327.10009765625
3107.60305475576	4323.60009765625
3109.59257629331	4322.5
3111.58156638547	4311.60009765625
3113.57002526432	4289.10009765625
3115.55795316172	4314.60009765625
3117.54535030932	4318.7001953125
3119.53221693853	4285.39990234375
3121.51855328057	4336.2998046875
3123.50435956646	4328.7001953125
3125.48963602698	4335
3127.4743828927	4341.2001953125
3129.45860039397	4303.2001953125
3131.44228876093	4274.60009765625
3133.42544822353	4265.5
3135.40807901145	4322
3137.39018135418	4305.7001953125
3139.37175548102	4294.7998046875
3141.35280162101	4317
3143.33332000299	4256.7001953125
3145.31331085559	4294.10009765625
3147.2927744072	4253.5
3149.27171088602	4288.7998046875
3151.25012052	4245.7998046875
3153.22800353689	4243.60009765625
3155.20536016422	4240
3157.18219062929	4285.60009765625
3159.15849515918	4247.2998046875
3161.13427398075	4254.2001953125
3163.10952732066	4240.60009765625
3165.08425540532	4233.39990234375
3167.05845846092	4252.2998046875
3169.03213671344	4210.10009765625
3171.00529038863	4213
3172.97791971203	4278.5
3174.95002490893	4238.7998046875
3176.92160620443	4253.2998046875
3178.89266382337	4227.60009765625
3180.8631979904	4207.89990234375
3182.83320892991	4171.2001953125
3184.80269686609	4184.10009765625
3186.77166202289	4188.2001953125
3188.74010462406	4171.39990234375
3190.70802489307	4193.2001953125
3192.67542305323	4139.7998046875
3194.64229932757	4224.2001953125
3196.60865393892	4181.2998046875
3198.57448710987	4162.2001953125
3200.53979906279	4166.2998046875
3202.50459001981	4170.5
3204.46886020284	4151.10009765625
3206.43260983356	4174.7998046875
3208.39583913341	4179.7998046875
3210.35854832362	4174.7998046875
3212.32073762517	4171
3214.28240725881	4185.2001953125
3216.24355744508	4180.39990234375
3218.20418840426	4191.7998046875
3220.16430035642	4178.7001953125
3222.12389352137	4164.60009765625
3224.08296811873	4155.60009765625
3226.04152436784	4139.39990234375
3227.99956248784	4157.2998046875
3229.95708269762	4109.2998046875
3231.91408521584	4178.7998046875
3233.87057026092	4112.5
3235.82653805105	4146.10009765625
3237.78198880419	4134.2001953125
3239.73692273806	4152.2998046875
3241.69134007013	4117.39990234375
3243.64524101764	4136.5
3245.59862579761	4176.60009765625
3247.55149462681	4149.10009765625
3249.50384772176	4130.89990234375
3251.45568529877	4146
3253.40700757387	4167.39990234375
3255.35781476288	4140.5
3257.3081070814	4136.2998046875
3259.25788474473	4175.39990234375
3261.20714796799	4152.5
3263.15589696602	4150.60009765625
3265.10413195345	4154.89990234375
3267.05185314463	4144.39990234375
3268.9990607537	4128.5
3270.94575499455	4142.2001953125
3272.89193608081	4134.5
3274.8376042259	4151
3276.78275964296	4080.69995117188
3278.72740254492	4120
3280.67153314443	4077.80004882813
3282.61515165393	4099
3284.55825828559	4148.5
3286.50085325135	4111.7998046875
3288.44293676289	4089.60009765625
3290.38450903165	4081
3292.32557026883	4064.39990234375
3294.26612068537	4085.30004882813
3296.20616049198	4037.19995117188
3298.14568989911	4022.10009765625
3300.08470911695	4071.5
3302.02321835546	4060
3303.96121782435	4079.60009765625
3305.89870773306	4029
3307.83568829081	4053.10009765625
3309.77215970655	4043.10009765625
3311.70812218898	4023.30004882813
3313.64357594655	4023.60009765625
3315.57852118747	4018.19995117188
3317.51295811968	3998.89990234375
3319.44688695087	4056.19995117188
3321.38030788849	4016.89990234375
3323.31322113973	4002.89990234375
3325.24562691152	4009.5
3327.17752541055	4005.30004882813
3329.10891684322	4021.19995117188
3331.03980141573	4006.80004882813
3332.97017933399	4022.80004882813
3334.90005080364	3971.19995117188
3336.82941603011	3992.80004882813
3338.75827521852	3999
3340.68662857377	3962.39990234375
3342.6144763005	3971.60009765625
3344.54181860308	3931.5
3346.46865568561	3976.19995117188
3348.39498775195	3957
3350.32081500571	3946.60009765625
3352.24613765022	3935.19995117188
3354.17095588855	3986.19995117188
3356.09526992352	3998.69995117188
3358.01907995769	3961.10009765625
3359.94238619334	4021.5
3361.86518883251	3954.60009765625
3363.78748807697	3965.5
3365.70928412823	4004
3367.63057718752	3958.60009765625
3369.55136745582	3951.60009765625
3371.47165513386	3986
3373.39144042208	3942.39990234375
3375.31072352066	3905.89990234375
3377.22950462953	3945.89990234375
3379.14778394834	3926.69995117188
3381.06556167648	3914.89990234375
3382.98283801308	3938.39990234375
3384.89961315697	3906.39990234375
3386.81588730676	3933.39990234375
3388.73166066076	3946.5
3390.64693341702	3900.30004882813
3392.56170577332	3902
3394.47597792716	3900.19995117188
3396.38975007581	3900.5
3398.30302241623	3878.19995117188
3400.21579514512	3876.19995117188
3402.1280684589	3890
3404.03984255374	3881.10009765625
3405.95111762553	3879.69995117188
3407.86189386987	3905.39990234375
3409.77217148212	3911.39990234375
3411.68195065733	3913.80004882813
3413.5912315903	3882.19995117188
3415.50001447556	3877.19995117188
3417.40829950735	3842.69995117188
3419.31608687963	3867.69995117188
3421.22337678611	3862.89990234375
3423.1301694202	3860.30004882813
3425.03646497504	3845.89990234375
3426.9422636435	3869.19995117188
3428.84756561816	3833.80004882813
3430.75237109135	3848.60009765625
3432.65668025508	3859.19995117188
3434.56049330112	3841.5
3436.46381042093	3853.19995117188
3438.36663180571	3841.69995117188
3440.26895764638	3850.60009765625
3442.17078813357	3846.5
3444.07212345762	3826.89990234375
3445.97296380863	3835.69995117188
3447.87330937636	3840.5
3449.77316035033	3848.69995117188
3451.67251691977	3762.80004882813
3453.57137927361	3791.69995117188
3455.46974760052	3832.10009765625
3457.36762208886	3800.69995117188
3459.26500292671	3811.30004882813
3461.16189030191	3811.5
3463.05828440194	3830.19995117188
3464.95418541406	3831.80004882813
3466.84959352519	3779.30004882813
3468.74450892201	3760.10009765625
3470.63893179088	3746
3472.53286231788	3763.5
3474.42630068881	3778.60009765625
3476.31924708918	3778.80004882813
3478.2117017042	3733.19995117188
3480.1036647188	3757.5
3481.99513631761	3728.69995117188
3483.88611668498	3771
3485.77660600498	3739
3487.66660446135	3766.80004882813
3489.55611223758	3734.60009765625
3491.44512951683	3740.60009765625
3493.333656482	3728.39990234375
3495.22169331568	3693.10009765625
3497.10924020016	3677.60009765625
3498.99629731746	3686.89990234375
3500.88286484927	3708.10009765625
3502.76894297702	3672.69995117188
3504.65453188182	3672.80004882813
3506.53963174449	3697
3508.42424274555	3664.60009765625
3510.30836506524	3696.10009765625
3512.19199888349	3716.5
3514.07514437992	3664.5
3515.95780173387	3640.10009765625
3517.83997112437	3619
3519.72165273016	3590
3521.60284672967	3600.69995117188
3523.48355330104	3607.60009765625
3525.36377262208	3601.69995117188
3527.24350487035	3610.30004882813
3529.12275022306	3558.5
3531.00150885715	3543
3532.87978094923	3604.60009765625
3534.75756667562	3585.39990234375
3536.63486621235	3585.80004882813
3538.51167973512	3545.80004882813
3540.38800741934	3510.80004882813
3542.26384944011	3513.19995117188
3544.13920597223	3526.60009765625
3546.01407719018	3516.80004882813
3547.88846326815	3512.10009765625
3549.76236438002	3511.19995117188
3551.63578069934	3484.30004882813
3553.50871239938	3474.60009765625
3555.38115965309	3470.5
3557.25312263311	3465.80004882813
3559.12460151177	3475.5
3560.99559646109	3476.69995117188
3562.86610765279	3465.69995117188
3564.73613525825	3452.30004882813
3566.60567944857	3484.69995117188
3568.47474039453	3481.69995117188
3570.34331826658	3462.89990234375
3572.21141323487	3444
3574.07902546925	3449.69995117188
3575.94615513922	3440.60009765625
3577.81280241401	3483.60009765625
3579.67896746249	3445.5
3581.54465045325	3434.89990234375
3583.40985155455	3443.30004882813
3585.27457093432	3425.69995117188
3587.1388087602	3467.60009765625
3589.00256519949	3439
3590.86584041919	3464.10009765625
3592.72863458597	3445.69995117188
3594.59094786618	3417.19995117188
3596.45278042585	3462.10009765625
3598.31413243069	3440.80004882813
3600.17500404611	3434
3602.03539543717	3421.89990234375
3603.89530676861	3404.80004882813
3605.75473820488	3405
3607.61368991007	3394.39990234375
3609.47216204797	3382.80004882813
3611.33015478203	3390.30004882813
3613.18766827539	3435.80004882813
3615.04470269087	3417.39990234375
3616.90125819094	3417.5
3618.75733493776	3411.69995117188
3620.61293309318	3412.30004882813
3622.46805281869	3404.30004882813
3624.32269427547	3359.60009765625
3626.17685762439	3367.69995117188
3628.03054302596	3377.89990234375
3629.88375064038	3362.89990234375
3631.73648062751	3367.5
3633.5887331469	3344.60009765625
3635.44050835775	3350.69995117188
3637.29180641893	3323.39990234375
3639.14262748899	3333.60009765625
3640.99297172614	3402.69995117188
3642.84283928828	3311.5
3644.69223033294	3346
3646.54114501734	3356.80004882813
3648.38958349836	3321.5
3650.23754593256	3317.60009765625
3652.08503247614	3332.89990234375
3653.93204328497	3324.80004882813
3655.77857851462	3293.10009765625
3657.62463832028	3314.69995117188
3659.47022285682	3313.19995117188
3661.31533227877	3308.30004882813
3663.15996674033	3276.80004882813
3665.00412639535	3259.89990234375
3666.84781139736	3297.10009765625
3668.69102189953	3239
3670.5337580547	3292.39990234375
3672.37602001537	3285.80004882813
3674.21780793368	3242.80004882813
3676.05912196148	3264.30004882813
3677.89996225021	3242.10009765625
3679.74032895103	3240
3681.58022221471	3229.69995117188
3683.41964219171	3220.30004882813
3685.25858903211	3196.10009765625
3687.0970628857	3224.69995117188
3688.93506390186	3194.19995117188
3690.77259222968	3190.30004882813
3692.60964801787	3223.69995117188
3694.44623141481	3211.5
3696.28234256853	3179.80004882813
3698.11798162669	3193.89990234375
3699.95314873665	3156.69995117188
3701.78784404537	3181.10009765625
3703.62206769951	3165.19995117188
3705.45581984533	3173.39990234375
3707.28910062877	3163
3709.12191019542	3217.30004882813
3710.95424869052	3163.39990234375
3712.78611625894	3177.60009765625
3714.6175130452	3155.30004882813
3716.44843919349	3150.89990234375
3718.27889484764	3134.80004882813
3720.1088801511	3149.19995117188
3721.93839524699	3137.80004882813
3723.76744027808	3155.60009765625
3725.59601538677	3152.80004882813
3727.4241207151	3105.10009765625
