40.2973356941271	1139.59997558594
43.2236257608418	1148
46.1488808466109	1149.5
49.0731017336173	1156.90002441406
51.9962892025666	1164.19995117188
54.9184440327569	1175.69995117188
57.8395670020446	1191
60.7596588868509	1205.09997558594
63.6787204621708	1227.5
66.5967525015794	1253.09997558594
69.5137557772381	1283.5
72.4297310598838	1330.40002441406
75.3446791188512	1378
78.2586007220466	1454.30004882813
81.1714966360015	1547.30004882813
84.0833676258266	1674.5
86.994214455242	1807.80004882813
89.9040378865662	1958.30004882813
92.8128386807427	2109
95.7206175973133	2250.10009765625
98.6273753944444	2348.30004882813
101.533112828928	2413.80004882813
104.437830656161	2447.30004882813
107.34152963018	2446.89990234375
110.244210503676	2438.30004882813
113.145874027931	2458.89990234375
116.046520952895	2440.19995117188
118.946152027154	2444.19995117188
121.844767997933	2435
124.74236961111	2447
127.638957611212	2456
130.534532741422	2475.89990234375
133.429095743606	2441.10009765625
136.322647358252	2483.30004882813
139.215188324544	2520
142.106719380311	2491.30004882813
144.997241262089	2536
147.886754705057	2556.89990234375
150.775260443096	2508.89990234375
153.662759208748	2543.80004882813
156.549251733282	2525.39990234375
159.434738746612	2574.69995117188
162.319220977376	2532.19995117188
165.20269915289	2575.30004882813
168.085173999178	2558.80004882813
170.966646240977	2562.30004882813
173.847116601709	2561.10009765625
176.726585803528	2542.60009765625
179.605054567295	2530.19995117188
182.48252361259	2523.60009765625
185.358993657701	2522.60009765625
188.234465419645	2503.89990234375
191.108939614183	2520.19995117188
193.982416955795	2511.39990234375
196.854898157687	2523.89990234375
199.726383931801	2532.10009765625
202.596874988835	2502.19995117188
205.466372038225	2552.69995117188
208.334875788145	2550.60009765625
211.202386945534	2555.69995117188
214.068906216069	2548.69995117188
216.934434304194	2543
219.798971913111	2562.60009765625
222.662519744776	2573.60009765625
225.525078499925	2587.30004882813
228.386648878069	2590
231.247231577465	2565.39990234375
234.106827295172	2573.60009765625
236.965436727012	2564.5
239.823060567597	2547.80004882813
242.679699510337	2553.39990234375
245.535354247396	2551.60009765625
248.390025469775	2557.30004882813
251.243713867223	2521.10009765625
254.096420128327	2556.60009765625
256.948144940459	2563.10009765625
259.798888989788	2561.30004882813
262.648652961315	2565.10009765625
265.49743753883	2556.30004882813
268.345243404939	2560.19995117188
271.192071241073	2558.10009765625
274.037921727485	2580.80004882813
276.882795543246	2584
279.72669336624	2576.80004882813
282.569615873213	2584.19995117188
285.411563739724	2581.80004882813
288.252537640165	2612.69995117188
291.092538247763	2632.10009765625
293.931566234616	2632.69995117188
296.769622271633	2621.5
299.606707028594	2633.19995117188
302.442821174104	2618.80004882813
305.277965375652	2620.30004882813
308.112140299574	2666.10009765625
310.945346611062	2656.69995117188
313.777584974167	2660.60009765625
316.608856051813	2642.39990234375
319.439160505797	2677.60009765625
322.268498996783	2660.60009765625
325.096872184303	2649.30004882813
327.924280726782	2669.10009765625
330.750725281521	2631.89990234375
333.576206504693	2645.30004882813
336.400725051388	2660.5
339.224281575542	2663.39990234375
342.046876730026	2625.60009765625
344.868511166586	2644.19995117188
347.689185535872	2625.30004882813
350.508900487421	2623.19995117188
353.327656669699	2672.10009765625
356.145454730079	2640.69995117188
358.962295314817	2661.5
361.778179069105	2614.69995117188
364.593106637051	2622.80004882813
367.407078661675	2655.89990234375
370.220095784913	2624.19995117188
373.032158647655	2649.60009765625
375.843267889676	2636.69995117188
378.653424149715	2662.30004882813
381.462628065436	2655.10009765625
384.270880273432	2671.80004882813
387.078181409254	2722.69995117188
389.884532107358	2696.89990234375
392.689933001188	2747.69995117188
395.494384723112	2729.89990234375
398.29788790445	2737.60009765625
401.100443175488	2715.89990234375
403.902051165437	2708.89990234375
406.702712502518	2746.89990234375
409.502427813866	2680.69995117188
412.301197725607	2708.60009765625
415.099022862823	2710.80004882813
417.89590384957	2709.39990234375
420.691841308876	2705.39990234375
423.486835862752	2694.69995117188
426.280888132173	2714
429.073998737112	2741.19995117188
431.866168296507	2727.5
434.657397428298	2703.69995117188
437.447686749412	2735.60009765625
440.237036875762	2715.39990234375
443.025448422257	2735
445.812922002813	2718.80004882813
448.599458230326	2726.60009765625
451.38505771672	2741.39990234375
454.169721072909	2738.30004882813
456.953448908819	2735.69995117188
459.736241833384	2720.69995117188
462.518100454555	2760.80004882813
465.2990253793	2746.10009765625
468.079017213605	2736.80004882813
470.858076562476	2769.10009765625
473.636204029939	2773.39990234375
476.41340021906	2756
479.189665731938	2757.39990234375
481.965001169667	2736.60009765625
484.739407132419	2751.80004882813
487.512884219391	2770.19995117188
490.285433028796	2763.69995117188
493.057054157921	2753.30004882813
495.827748203087	2775.69995117188
498.597515759658	2743.89990234375
501.366357422061	2790.19995117188
504.134273783759	2775.30004882813
506.901265437278	2785.19995117188
509.66733297421	2763.89990234375
512.432476985198	2760.89990234375
515.196698059945	2802.5
517.959996787225	2759.30004882813
520.722373754895	2777.80004882813
523.483829549856	2768.60009765625
526.24436475811	2786.10009765625
529.003979964696	2758.89990234375
531.762675753779	2817.80004882813
534.520452708569	2778.19995117188
537.277311411375	2806.69995117188
540.03325244359	2759.5
542.788276385682	2743.19995117188
545.54238381725	2762
548.295575316938	2774.19995117188
551.047851462516	2787.69995117188
553.799212830831	2774
556.549659997851	2741.19995117188
559.299193538643	2778.89990234375
562.047814027381	2761.60009765625
564.795522037318	2755.5
567.542318140861	2782.5
570.288202909507	2764.69995117188
573.033176913873	2762.10009765625
575.7772407237	2758.60009765625
578.520394907829	2774.19995117188
581.26264003424	2790.69995117188
584.003976670046	2781.30004882813
586.744405381469	2756.60009765625
589.483926733869	2782.89990234375
592.222541291746	2784.80004882813
594.96024961872	2774.5
597.697052277563	2776.19995117188
600.432949830166	2788.19995117188
603.167942837587	2820.30004882813
605.902031860012	2788.10009765625
608.635217456783	2824.30004882813
611.367500186378	2787.5
614.098880606429	2835.19995117188
616.82935927374	2821.89990234375
619.558936744248	2824.30004882813
622.287613573072	2809.10009765625
625.015390314457	2827.80004882813
627.742267521848	2824.89990234375
630.468245747829	2825.30004882813
633.193325544166	2799.19995117188
635.917507461792	2831.80004882813
638.640792050804	2801.30004882813
641.36317986048	2830.60009765625
644.084671439281	2822
646.805267334845	2761.60009765625
649.524968093967	2771.89990234375
652.24377426266	2790.19995117188
654.961686386106	2795.39990234375
657.678705008678	2824.30004882813
660.394830673939	2798.39990234375
663.110063924628	2813.30004882813
665.824405302728	2835.60009765625
668.537855349351	2839.89990234375
671.250414604863	2830
673.962083608812	2813.10009765625
676.672862899949	2825.89990234375
679.382753016218	2832.39990234375
682.091754494801	2831.39990234375
684.799867872061	2833.30004882813
687.507093683595	2854.39990234375
690.213432464198	2836.39990234375
692.918884747899	2823.30004882813
695.623451067937	2889.10009765625
698.327131956755	2830.19995117188
701.029927946065	2876.39990234375
703.731839566754	2835.69995117188
706.43286734896	2864.5
709.133011822067	2870.39990234375
711.832273514658	2860
714.53065295457	2879.10009765625
717.228150668879	2855
719.924767183889	2877
722.620503025148	2875.60009765625
725.315358717446	2859.89990234375
728.009334784827	2864.89990234375
730.702431750559	2865.5
733.394650137188	2843.19995117188
736.085990466498	2862.80004882813
738.776453259519	2838.80004882813
741.466039036542	2835.80004882813
744.154748317125	2845.80004882813
746.842581620074	2842.5
749.529539463458	2856.69995117188
752.215622364608	2855.30004882813
754.900830840131	2861.5
757.585165405892	2877.19995117188
760.26862657703	2885.5
762.951214867957	2886.30004882813
765.632930792356	2858.19995117188
768.313774863181	2861.60009765625
770.993747592673	2867.5
773.672849492359	2867.60009765625
776.351081073017	2843.80004882813
779.028442844757	2871.10009765625
781.704935316928	2835.60009765625
784.380558998208	2861.89990234375
787.055314396528	2895.30004882813
789.729202019141	2866.39990234375
792.402222372581	2913.30004882813
795.074375962669	2883.5
797.745663294537	2881.19995117188
800.416084872622	2914
803.085641200652	2889
805.754332781664	2902.69995117188
808.422160117986	2888
811.089123711292	2887.80004882813
813.75522406252	2913.69995117188
816.420461671951	2935.39990234375
819.084837039164	2925.5
821.748350663067	2923.89990234375
824.411003041866	2918.19995117188
827.072794673116	2919.30004882813
829.733726053668	2970.39990234375
832.39379767971	2905.5
835.05301004674	2929.89990234375
837.711363649601	2967.10009765625
840.368858982457	2945.30004882813
843.025496538805	2954.5
845.681276811467	2970.30004882813
848.336200292618	2996.30004882813
850.99026747375	2985.60009765625
853.643478845713	2968.5
856.29583489868	2989.60009765625
858.947336122176	2979.60009765625
861.59798300506	2998.10009765625
864.247776035556	2982.5
866.896715701222	3012.10009765625
869.544802488959	3029.69995117188
872.192036885046	3049.60009765625
874.838419375087	3056.30004882813
877.483950444054	3065.30004882813
880.128630576285	3057
882.772460255461	3014.80004882813
885.415439964628	3046.69995117188
888.057570186211	3008
890.698851401966	3026
893.339284093045	3012
895.978868739961	3006.80004882813
898.617605822596	3016.10009765625
901.255495820196	3023.39990234375
903.892539211396	2974.60009765625
906.528736474184	3012.5
909.164088085949	2999.39990234375
911.798594523442	3050.69995117188
914.432256262804	3015.19995117188
917.065073779549	3022.5
919.697047548589	3003.60009765625
922.328178044212	3031.5
924.9584657401	3026
927.587911109317	3063.39990234375
930.216514624317	3067.5
932.844276756963	3030.60009765625
935.471197978488	3074.5
938.097278759538	3051.89990234375
940.722519570163	3090.30004882813
943.346920879798	3107.5
945.97048315729	3196.60009765625
948.593206870885	3194.60009765625
951.215092488219	3261.30004882813
953.836140476366	3286
956.456351301787	3308.60009765625
959.07572543037	3349.5
961.694263327369	3343.89990234375
964.311965457521	3370.69995117188
966.928832284933	3340.69995117188
969.544864273135	3363.19995117188
972.160061885076	3291.69995117188
974.774425583129	3256.30004882813
977.387955829099	3260.60009765625
980.000653084196	3245.60009765625
982.612517809061	3260.89990234375
985.223550463768	3302.30004882813
987.833751507819	3306.39990234375
990.443121400135	3335.60009765625
993.051660599081	3348.89990234375
995.659369562449	3467.39990234375
998.266248747469	3562.5
1000.87229861081	3762.60009765625
1003.47751960857	3974.69995117188
1006.0819121963	4058.89990234375
1008.68547682897	3987.69995117188
1011.28821396104	3805.69995117188
1013.89012404635	3650.30004882813
1016.49120753824	3528.60009765625
1019.09146488947	3485.19995117188
1021.69089655226	3411.60009765625
1024.28950297827	3354.19995117188
1026.88728461863	3369.80004882813
1029.48424192392	3341.39990234375
1032.08037534416	3327.19995117188
1034.67568532886	3298.89990234375
1037.27017232694	3298.39990234375
1039.86383678682	3273.10009765625
1042.45667915637	3238.5
1045.04869988293	3258.89990234375
1047.6398994133	3253.19995117188
1050.23027819374	3264.30004882813
1052.81983666998	3254.19995117188
1055.40857528724	3303.10009765625
1057.99649449018	3310
1060.58359472296	3260.30004882813
1063.1698764292	3279
1065.755340052	3285.10009765625
1068.33998603393	3272.60009765625
1070.92381481706	3265.60009765625
1073.50682684291	3262.80004882813
1076.08902255251	3300.10009765625
1078.67040238637	3279.39990234375
1081.25096678445	3286
1083.83071618624	3300.10009765625
1086.4096510307	3252
1088.98777175629	3308.19995117188
1091.56507880094	3300.80004882813
1094.14157260208	3296.5
1096.71725359664	3346.80004882813
1099.29212222106	3303.60009765625
1101.86617891125	3339.69995117188
1104.43942410262	3370.69995117188
1107.01185823011	3390.19995117188
1109.58348172812	3386.10009765625
1112.15429503057	3371.89990234375
1114.7242985709	3366.60009765625
1117.29349278203	3421.80004882813
1119.86187809642	3429.30004882813
1122.42945494599	3531.10009765625
1124.99622376222	3536.39990234375
1127.56218497606	3587.60009765625
1130.12733901801	3637.5
1132.69168631804	3716
1135.25522730568	3757.69995117188
1137.81796240995	3853.69995117188
1140.37989205941	3963.39990234375
1142.9410166821	4090.60009765625
1145.50133670561	4288.10009765625
1148.06085255708	4681.60009765625
1150.61956466311	5098.5
1153.17747344987	5709.89990234375
1155.73457934305	6161.7001953125
1158.29088276786	6263.10009765625
1160.84638414903	5929.5
1163.40108391085	5362.7001953125
1165.95498247711	4758.60009765625
1168.50808027116	4344.60009765625
1171.06037771587	4009
1173.61187523364	3925.89990234375
1176.16257324643	3837.80004882813
1178.71247217573	3745.60009765625
1181.26157244255	3727.10009765625
1183.80987446746	3770.69995117188
1186.35737867059	3817.69995117188
1188.90408547157	3920.69995117188
1191.44999528961	3971.5
1193.99510854347	3996.10009765625
1196.53942565142	3965.5
1199.08294703133	3891.60009765625
1201.62567310057	3795.5
1204.16760427611	3694
1206.70874097445	3671.89990234375
1209.24908361163	3601.10009765625
1211.78863260327	3574.80004882813
1214.32738836454	3586.19995117188
1216.86535131017	3541.10009765625
1219.40252185445	3491.5
1221.93890041121	3489.30004882813
1224.47448739389	3468.10009765625
1227.00928321544	3462.39990234375
1229.54328828842	3453.69995117188
1232.07650302491	3424.89990234375
1234.60892783662	3455.60009765625
1237.14056313477	3467.30004882813
1239.67140933017	3481.60009765625
1242.2014668332	3486.60009765625
1244.73073605384	3495.60009765625
1247.25921740159	3521.19995117188
1249.78691128558	3511.39990234375
1252.31381811448	3499.19995117188
1254.83993829655	3500.39990234375
1257.36527223962	3577.39990234375
1259.88982035112	3605.69995117188
1262.41358303803	3681.69995117188
1264.93656070696	3688.19995117188
1267.45875376405	3711.89990234375
1269.98016261505	3787.69995117188
1272.50078766531	3811.60009765625
1275.02062931974	3839.69995117188
1277.53968798285	3850.5
1280.05796405875	3789.19995117188
1282.57545795112	3729.80004882813
1285.09217006325	3692.19995117188
1287.60810079802	3637.69995117188
1290.12325055788	3637.39990234375
1292.63761974492	3630.80004882813
1295.15120876079	3612.89990234375
1297.66401800676	3588
1300.17604788367	3594.89990234375
1302.687298792	3598.10009765625
1305.19777113181	3636.89990234375
1307.70746530274	3630
1310.21638170408	3621.80004882813
1312.7245207347	3591.19995117188
1315.23188279307	3596.89990234375
1317.73846827728	3583.69995117188
1320.24427758502	3601.19995117188
1322.74931111359	3591
1325.25356925991	3614.60009765625
1327.75705242051	3605.60009765625
1330.25976099151	3541.5
1332.76169536868	3604.80004882813
1335.26285594737	3578.60009765625
1337.76324312256	3558.89990234375
1340.26285728887	3573.89990234375
1342.76169884052	3554.80004882813
1345.25976817132	3570
1347.75706567474	3535.89990234375
1350.25359174387	3595.89990234375
1352.74934677141	3549
1355.24433114968	3585.89990234375
1357.73854527062	3562.60009765625
1360.23198952583	3569.60009765625
1362.7246643065	3560.10009765625
1365.21657000347	3556.19995117188
1367.7077070072	3589.30004882813
1370.19807570777	3571.89990234375
1372.68767649492	3560.10009765625
1375.176509758	3604
1377.66457588599	3569.30004882813
1380.15187526753	3570.39990234375
1382.63840829087	3616.19995117188
1385.1241753439	3624.80004882813
1387.60917681417	3644.39990234375
1390.09341308884	3640.60009765625
1392.57688455474	3653.69995117188
1395.05959159829	3667.10009765625
1397.54153460562	3644.30004882813
1400.02271396243	3629.39990234375
1402.50313005414	3586.69995117188
1404.98278326576	3619.30004882813
1407.46167398196	3653.69995117188
1409.93980258707	3641.19995117188
1412.41716946504	3621.5
1414.89377499951	3642.89990234375
1417.36961957373	3686.89990234375
1419.84470357062	3625.5
1422.31902737275	3671.30004882813
1424.79259136235	3685.80004882813
1427.26539592129	3688.80004882813
1429.73744143111	3762.5
1432.20872827299	3732.60009765625
1434.67925682777	3775.60009765625
1437.14902747597	3821.80004882813
1439.61804059773	3837.10009765625
1442.0862965729	3874.80004882813
1444.55379578093	3905.69995117188
1447.02053860099	3931.60009765625
1449.48652541188	3861.60009765625
1451.95175659206	3855.39990234375
1454.41623251969	3876.69995117188
1456.87995357255	3878.30004882813
1459.34292012811	3881.80004882813
1461.80513256351	3885.89990234375
1464.26659125557	3851.5
1466.72729658073	3868.80004882813
1469.18724891517	3840.10009765625
1471.64644863469	3885.10009765625
1474.10489611478	3887.39990234375
1476.5625917306	3883.80004882813
1479.01953585699	3931.19995117188
1481.47572886844	3908.5
1483.93117113917	3941.89990234375
1486.38586304302	3984.60009765625
1488.83980495354	4035.39990234375
1491.29299724395	4152.2001953125
1493.74544028715	4178.39990234375
1496.19713445573	4291.7998046875
1498.64808012193	4440.7001953125
1501.09827765772	4624.89990234375
1503.54772743471	4909.5
1505.99642982421	5249.89990234375
1508.44438519723	5768.60009765625
1510.89159392446	6301.5
1513.33805637625	6776.89990234375
1515.78377292266	7151.7998046875
1518.22874393346	7275.10009765625
1520.67296977806	7190.2001953125
1523.11645082559	6815.5
1525.55918744488	6278.39990234375
1528.00118000444	5740.10009765625
1530.44242887245	5202.7998046875
1532.88293441684	4771.2001953125
1535.32269700517	4447.60009765625
1537.76171700475	4244.2001953125
1540.19999478255	4099.7998046875
1542.63753070526	4060
1545.07432513925	3968
1547.5103784506	3910.30004882813
1549.94569100509	3904.89990234375
1552.38026316819	3894.80004882813
1554.8140953051	3873.10009765625
1557.24718778067	3872
1559.67954095952	3895.60009765625
1562.11115520592	3858.80004882813
1564.54203088386	3858.80004882813
1566.97216835704	3873.39990234375
1569.40156798888	3875.5
1571.83023014248	3843.69995117188
1574.25815518067	3872
1576.68534346597	3837.30004882813
1579.11179536062	3885.60009765625
1581.53751122658	3807.10009765625
1583.9624914255	3845.30004882813
1586.38673631876	3829.30004882813
1588.81024626745	3825
1591.23302163235	3846.10009765625
1593.655062774	3851
1596.07637005262	3831.19995117188
1598.49694382815	3810.89990234375
1600.91678446025	3778
1603.33589230831	3795.5
1605.75426773142	3789.69995117188
1608.1719110884	3786
1610.58882273779	3770.39990234375
1613.00500303784	3788.10009765625
1615.42045234654	3772.19995117188
1617.83517102158	3764.89990234375
1620.24915942039	3756.69995117188
1622.66241790012	3762.89990234375
1625.07494681764	3797
1627.48674652954	3778
1629.89781739216	3797.10009765625
1632.30815976152	3759.5
1634.71777399343	3771.69995117188
1637.12666044338	3767.30004882813
1639.53481946661	3805.5
1641.94225141808	3788.69995117188
1644.34895665248	3819.30004882813
1646.75493552424	3791.69995117188
1649.16018838752	3847.80004882813
1651.56471559621	3830.60009765625
1653.96851750392	3818.60009765625
1656.37159446403	3885.30004882813
1658.7739468296	3830.89990234375
1661.17557495349	3848.60009765625
1663.57647918824	3850.60009765625
1665.97665988617	3860.10009765625
1668.37611739929	3848.5
1670.77485207939	3785.80004882813
1673.17286427799	3780.39990234375
1675.57015434633	3755.39990234375
1677.96672263542	3762.39990234375
1680.36256949598	3735.69995117188
1682.7576952785	3756.30004882813
1685.15210033318	3742.89990234375
1687.54578501	3745.30004882813
1689.93874965866	3711.30004882813
1692.33099462861	3743.69995117188
1694.72252026904	3698.5
1697.11332692889	3761.69995117188
1699.50341495686	3763.80004882813
1701.89278470137	3751.5
1704.28143651061	3712
1706.66937073251	3713.80004882813
1709.05658771473	3681.5
1711.44308780473	3744.5
1713.82887134968	3730
1716.21393869648	3712
1718.59829019185	3736.5
1720.98192618221	3676.69995117188
1723.36484701374	3724.19995117188
1725.74705303238	3668.19995117188
1728.12854458384	3701
1730.50932201356	3720
1732.88938566673	3734.60009765625
1735.26873588834	3748.60009765625
1737.64737302307	3706.5
1740.02529741544	3733.30004882813
1742.40250940964	3719.69995117188
1744.77900934969	3727.19995117188
1747.15479757933	3681.69995117188
1749.52987444206	3678.19995117188
1751.90424028116	3705.89990234375
1754.27789543967	3712.10009765625
1756.65084026037	3682.69995117188
1759.02307508582	3697.80004882813
1761.39460025833	3715.5
1763.76541612	3735.89990234375
1766.13552301265	3710.69995117188
1768.50492127791	3744.39990234375
1770.87361125714	3688.89990234375
1773.2415932915	3694.10009765625
1775.60886772188	3688.39990234375
1777.97543488896	3726.30004882813
1780.34129513318	3714.89990234375
1782.70644879475	3691.5
1785.07089621365	3713.10009765625
1787.43463772964	3727
1789.7976736822	3709.89990234375
1792.16000441066	3689.10009765625
1794.52163025405	3699.19995117188
1796.88255155121	3663
1799.24276864074	3690.19995117188
1801.60228186102	3741.5
1803.96109155019	3722.39990234375
1806.31919804618	3755.10009765625
1808.67660168668	3730.19995117188
1811.03330280916	3736.10009765625
1813.38930175088	3756
1815.74459884884	3742.19995117188
1818.09919443984	3675
1820.45308886047	3698.80004882813
1822.80628244708	3708.39990234375
1825.1587755358	3707.69995117188
1827.51056846254	3719.39990234375
1829.86166156297	3728.69995117188
1832.21205517258	3722.10009765625
1834.56174962661	3741.10009765625
1836.91074526009	3725.60009765625
1839.25904240783	3728.30004882813
1841.60664140443	3697.19995117188
1843.95354258425	3718.80004882813
1846.29974628146	3709.5
1848.64525282998	3701.30004882813
1850.99006256356	3696.80004882813
1853.3341758157	3691.69995117188
1855.67759291968	3654.89990234375
1858.02031420858	3665.60009765625
1860.36234001528	3698.80004882813
1862.70367067241	3706.60009765625
1865.04430651244	3722.30004882813
1867.38424786755	3641.69995117188
1869.72349506978	3691.30004882813
1872.06204845094	3702.39990234375
1874.39990834258	3678.5
1876.73707507612	3701.19995117188
1879.07354898269	3708.10009765625
1881.40933039328	3741.30004882813
1883.74441963861	3711.39990234375
1886.07881704925	3716.89990234375
1888.41252295551	3701.5
1890.74553768751	3704
1893.07786157519	3668.30004882813
1895.40949494822	3690.39990234375
1897.74043813615	3683.19995117188
1900.07069146823	3662.39990234375
1902.40025527357	3667.89990234375
1904.72912988106	3695.39990234375
1907.05731561938	3696.19995117188
1909.38481281699	3643
1911.71162180217	3684.30004882813
1914.037742903	3663.80004882813
1916.36317644734	3664.30004882813
1918.68792276284	3649.60009765625
1921.01198217697	3741.60009765625
1923.33535501699	3680.89990234375
1925.65804160996	3667
1927.98004228273	3650.19995117188
1930.30135736196	3696.80004882813
1932.6219871741	3691.19995117188
1934.94193204543	3646.89990234375
1937.26119230198	3662.80004882813
1939.57976826962	3673.60009765625
1941.89766027402	3651.89990234375
1944.21486864062	3666.30004882813
1946.53139369472	3684.5
1948.84723576137	3658.89990234375
1951.16239516543	3669.10009765625
1953.47687223159	3697.30004882813
1955.79066728434	3677.60009765625
1958.10378064794	3703.10009765625
1960.4162126465	3649.60009765625
1962.7279636039	3657.39990234375
1965.03903384385	3648.10009765625
1967.34942368987	3664.69995117188
1969.65913346524	3699.39990234375
1971.96816349311	3705
1974.2765140964	3674.19995117188
1976.58418559784	3648.89990234375
1978.89117831997	3661.89990234375
1981.19749258516	3689
1983.50312871555	3660.5
1985.80808703313	3664.89990234375
1988.11236785967	3689.69995117188
1990.41597151676	3696.10009765625
1992.71889832581	3671.10009765625
1995.02114860801	3689.60009765625
1997.3227226844	3677.30004882813
1999.62362087581	3673
2001.92384350288	3659.30004882813
2004.22339088608	3711.10009765625
2006.52226334567	3692.10009765625
2008.82046120173	3694
2011.11798477417	3708
2013.41483438269	3714.5
2015.71101034681	3693.10009765625
2018.00651298588	3678.10009765625
2020.30134261905	3720.39990234375
2022.59549956528	3725.60009765625
2024.88898414337	3724
2027.1817966719	3691.10009765625
2029.4739374693	3723.19995117188
2031.76540685379	3682.10009765625
2034.05620514342	3663.19995117188
2036.34633265607	3662.30004882813
2038.6357897094	3669.19995117188
2040.92457662092	3625.39990234375
2043.21269370795	3638.10009765625
2045.50014128763	3664.39990234375
2047.78691967691	3653.60009765625
2050.07302919256	3612.69995117188
2052.35847015118	3615.39990234375
2054.64324286919	3604.69995117188
2056.9273476628	3614.30004882813
2059.21078484808	3608.60009765625
2061.4935547409	3606
2063.77565765696	3634
2066.05709391176	3584
2068.33786382065	3618.89990234375
2070.61796769879	3604.10009765625
2072.89740586116	3614.89990234375
2075.17617862255	3597.60009765625
2077.45428629759	3602.5
2079.73172920075	3600.5
2082.00850764627	3630
2084.28462194827	3624.19995117188
2086.56007242065	3580.89990234375
2088.83485937717	3602.89990234375
2091.10898313139	3617
2093.3824439967	3625
2095.65524228632	3598.69995117188
2097.92737831328	3624.10009765625
2100.19885239047	3604.89990234375
2102.46966483057	3648.60009765625
2104.7398159461	3652.30004882813
2107.00930604941	3628.69995117188
2109.27813545267	3651.10009765625
2111.54630446787	3668.30004882813
2113.81381340685	3680
2116.08066258126	3703.39990234375
2118.34685230257	3649.30004882813
2120.61238288211	3768.80004882813
2122.87725463099	3725.89990234375
2125.1414678602	3728
2127.40502288052	3690
2129.66792000257	3682.69995117188
2131.93015953682	3684.80004882813
2134.19174179353	3670.5
2136.45266708282	3720.89990234375
2138.71293571463	3700.80004882813
2140.97254799873	3708.39990234375
2143.23150424473	3689.30004882813
2145.48980476205	3685.30004882813
2147.74744985996	3744.89990234375
2150.00443984754	3716.60009765625
2152.26077503373	3765.39990234375
2154.51645572728	3770.80004882813
2156.77148223677	3757.30004882813
2159.02585487064	3787.5
2161.27957393713	3817
2163.53263974432	3774.60009765625
2165.78505260012	3775.39990234375
2168.0368128123	3799.89990234375
2170.28792068844	3719.5
2172.53837653595	3708.19995117188
2174.78818066207	3678.80004882813
2177.03733337389	3693.19995117188
2179.28583497833	3655.60009765625
2181.53368578214	3673.30004882813
2183.78088609192	3652.10009765625
2186.02743621406	3591
2188.27333645484	3629.5
2190.51858712033	3626.80004882813
2192.76318851646	3584.5
2195.00714094901	3570
2197.25044472354	3574.5
2199.49310014551	3549.39990234375
2201.73510752018	3591.10009765625
2203.97646715265	3581.80004882813
2206.21717934786	3598.89990234375
2208.45724441058	3574.5
2210.69666264543	3591.39990234375
2212.93543435686	3564.19995117188
2215.17355984914	3562.89990234375
2217.41103942642	3566.60009765625
2219.64787339264	3529.5
2221.8840620516	3529.30004882813
2224.11960570695	3544.89990234375
2226.35450466215	3539.69995117188
2228.58875922051	3556
2230.82236968518	3569.89990234375
2233.05533635916	3561
2235.28765954527	3566.60009765625
2237.51933954617	3537.19995117188
2239.75037666437	3562.5
2241.98077120221	3564.19995117188
2244.21052346188	3527.69995117188
2246.4396337454	3540.10009765625
2248.66810235461	3567.60009765625
2250.89592959125	3570.39990234375
2253.12311575681	3560.80004882813
2255.34966115272	3565.5
2257.57556608017	3562.39990234375
2259.80083084023	3553.69995117188
2262.02545573381	3545.60009765625
2264.24944106163	3537
2266.47278712429	3535.89990234375
2268.69549422221	3569.19995117188
2270.91756265564	3553.39990234375
2273.1389927247	3593.30004882813
2275.35978472934	3632.10009765625
2277.57993896933	3616.5
2279.79945574431	3637
2282.01833535375	3614.10009765625
2284.23657809696	3604.69995117188
2286.45418427309	3621.80004882813
2288.67115418114	3619.30004882813
2290.88748811995	3637.89990234375
2293.10318638819	3629.5
2295.3182492844	3644.80004882813
2297.53267710693	3687.30004882813
2299.746470154	3705.5
2301.95962872364	3673
2304.17215311376	3753.69995117188
2306.3840436221	3778.39990234375
2308.59530054621	3793.5
2310.80592418354	3777.5
2313.01591483134	3796
2315.22527278673	3716.19995117188
2317.43399834666	3753
2319.64209180791	3696.80004882813
2321.84955346713	3701.10009765625
2324.05638362079	3623.80004882813
2326.26258256524	3642.60009765625
2328.46815059664	3626.69995117188
2330.67308801098	3580.69995117188
2332.87739510415	3609.10009765625
2335.08107217184	3604.69995117188
2337.2841195096	3571.80004882813
2339.48653741281	3599.19995117188
2341.68832617672	3597.30004882813
2343.8894860964	3614.19995117188
2346.09001746678	3603.69995117188
2348.28992058261	3569.30004882813
2350.48919573852	3522.10009765625
2352.68784322898	3551.80004882813
2354.88586334826	3557.19995117188
2357.08325639055	3568.5
2359.2800226498	3572.30004882813
2361.47616241988	3534.69995117188
2363.67167599445	3531.60009765625
2365.86656366706	3519.30004882813
2368.06082573107	3479.69995117188
2370.2544624797	3535.80004882813
2372.44747420603	3514.30004882813
2374.63986120295	3482.39990234375
2376.83162376322	3483.60009765625
2379.02276217945	3463.19995117188
2381.21327674408	3502.80004882813
2383.4031677494	3473.39990234375
2385.59243548756	3483.89990234375
2387.78108025053	3445.60009765625
2389.96910233014	3456.39990234375
2392.15650201809	3442.39990234375
2394.34327960587	3455.80004882813
2396.52943538486	3470.5
2398.71496964628	3485.5
2400.89988268118	3436
2403.08417478048	3479.39990234375
2405.26784623491	3431.80004882813
2407.45089733509	3447.5
2409.63332837146	3424.69995117188
2411.81513963429	3422.19995117188
2413.99633141375	3427.30004882813
2416.1769039998	3443.60009765625
2418.35685768227	3434
2420.53619275084	3404.60009765625
2422.71490949505	3413.60009765625
2424.89300820425	3417.5
2427.07048916765	3443.10009765625
2429.24735267433	3485.39990234375
2431.42359901319	3432.80004882813
2433.59922847297	3443.19995117188
2435.7742413423	3457.69995117188
2437.94863790961	3406.30004882813
2440.12241846321	3424
2442.29558329121	3412.69995117188
2444.46813268162	3429.60009765625
2446.64006692228	3423.10009765625
2448.81138630086	3410.10009765625
2450.98209110489	3419
2453.15218162174	3434.10009765625
2455.32165813864	3481.89990234375
2457.49052094265	3502.5
2459.65877032069	3416.30004882813
2461.8264065595	3496
2463.99342994572	3463.5
2466.15984076579	3456.39990234375
2468.325639306	3472
2470.49082585251	3480.69995117188
2472.65540069131	3463.5
2474.81936410824	3484.80004882813
2476.98271638899	3493.80004882813
2479.14545781909	3468.89990234375
2481.30758868392	3463.10009765625
2483.4691092687	3468.19995117188
2485.63001985852	3437.60009765625
2487.79032073829	3486.19995117188
2489.95001219277	3494.60009765625
2492.10909450659	3471.5
2494.26756796419	3489
2496.42543284989	3442.69995117188
2498.58268944783	3454.30004882813
2500.73933804202	3455.39990234375
2502.8953789163	3475.19995117188
2505.05081235436	3504.69995117188
2507.20563863974	3486.60009765625
2509.35985805582	3533.60009765625
2511.51347088583	3476.5
2513.66647741285	3487.89990234375
2515.81887791981	3497.69995117188
2517.97067268946	3511.80004882813
2520.12186200443	3571.5
2522.27244614716	3533.69995117188
2524.42242539999	3507.39990234375
2526.57180004504	3464
2528.72057036433	3480.39990234375
2530.8687366397	3407.10009765625
2533.01629915284	3418
2535.16325818527	3425
2537.30961401839	3402.30004882813
2539.45536693343	3335.89990234375
2541.60051721145	3392.10009765625
2543.74506513338	3346.30004882813
2545.88901097997	3338.80004882813
2548.03235503185	3331.39990234375
2550.17509756946	3351.60009765625
2552.31723887311	3322
2554.45877922293	3320.80004882813
2556.59971889893	3299.80004882813
2558.74005818094	3310.10009765625
2560.87979734864	3328
2563.01893668155	3310.30004882813
2565.15747645906	3274
2567.29541696037	3322
2569.43275846454	3280
2571.56950125049	3306.5
2573.70564559696	3302.80004882813
2575.84119178254	3297.19995117188
2577.97614008569	3274.60009765625
2580.11049078468	3298.5
2582.24424415764	3307.30004882813
2584.37740048255	3298.19995117188
2586.50996003722	3300.39990234375
2588.64192309931	3318.30004882813
2590.77328994634	3279.60009765625
2592.90406085564	3298.30004882813
2595.03423610442	3288.5
2597.16381596971	3277.39990234375
2599.29280072839	3294.19995117188
2601.42119065719	3333.60009765625
2603.54898603267	3332.39990234375
2605.67618713125	3283.39990234375
2607.80279422919	3328.19995117188
2609.92880760257	3287.69995117188
2612.05422752735	3314.30004882813
2614.17905427932	3292.5
2616.30328813408	3325.89990234375
2618.42692936713	3337.19995117188
2620.54997825377	3304.60009765625
2622.67243506915	3338.5
2624.79430008828	3336.80004882813
2626.915573586	3358.30004882813
2629.03625583699	3317
2631.15634711579	3344
2633.27584769675	3356.39990234375
2635.39475785408	3384
2637.51307786185	3396.80004882813
2639.63080799394	3420
2641.74794852409	3433.60009765625
2643.86449972589	3438.10009765625
2645.98046187273	3447.5
2648.0958352379	3535.19995117188
2650.21062009449	3550.10009765625
2652.32481671544	3526.69995117188
2654.43842537353	3559.10009765625
2656.5514463414	3613
2658.66387989151	3618.5
2660.77572629616	3678.69995117188
2662.88698582751	3709.60009765625
2664.99765875753	3710.89990234375
2667.10774535806	3719.69995117188
2669.21724590076	3724.5
2671.32616065714	3686.19995117188
2673.43448989857	3665.69995117188
2675.5422338962	3648.69995117188
2677.64939292108	3606.89990234375
2679.75596724408	3541.39990234375
2681.86195713589	3519.80004882813
2683.96736286707	3436.19995117188
2686.07218470799	3436.30004882813
2688.17642292889	3366
2690.28007779982	3395.69995117188
2692.38314959069	3353.5
2694.48563857123	3320.30004882813
2696.58754501103	3302.89990234375
2698.6888691795	3355.19995117188
2700.78961134588	3265.60009765625
2702.8897717793	3315
2704.98935074864	3295.60009765625
2707.08834852271	3312.80004882813
2709.18676537009	3273.60009765625
2711.28460155925	3270.39990234375
2713.38185735843	3281.19995117188
2715.47853303577	3277.39990234375
2717.57462885924	3265.39990234375
2719.67014509659	3248.39990234375
2721.76508201548	3253.10009765625
2723.85943988337	3210.19995117188
2725.95321896754	3225.5
2728.04641953515	3222.80004882813
2730.13904185316	3201.10009765625
2732.23108618837	3210.60009765625
2734.32255280744	3205.89990234375
2736.41344197683	3159.19995117188
2738.50375396288	3203.5
2740.5934890317	3159.10009765625
2742.68264744932	3107.39990234375
2744.77122948153	3145.30004882813
2746.85923539398	3133.89990234375
2748.94666545217	3150.5
2751.03351992142	3130.10009765625
2753.11979906688	3099.60009765625
2755.20550315355	3121.69995117188
2757.29063244624	3116.19995117188
2759.37518720963	3083.80004882813
2761.45916770819	3098.5
2763.54257420625	3123.89990234375
2765.62540696797	3106.60009765625
2767.70766625733	3132.5
2769.78935233816	3114.89990234375
2771.87046547413	3125.19995117188
2773.95100592869	3101.80004882813
2776.03097396519	3107.30004882813
2778.11036984677	3081.19995117188
2780.18919383641	3111.69995117188
2782.26744619693	3120.60009765625
2784.34512719097	3120.10009765625
2786.42223708102	3143.89990234375
2788.49877612937	3122.60009765625
2790.57474459816	3099.89990234375
2792.65014274937	3132.60009765625
2794.7249708448	3080.89990234375
2796.79922914607	3089.5
2798.87291791465	3119.30004882813
2800.94603741181	3099.39990234375
2803.01858789869	3088
2805.09056963623	3095.10009765625
2807.1619828852	3091.30004882813
2809.23282790621	3079
2811.30310495971	3081
2813.37281430593	3047.5
2815.441956205	3084.89990234375
2817.51053091682	3094
2819.57853870114	3087.80004882813
2821.64597981753	3049.80004882813
2823.7128545254	3078.69995117188
2825.77916308399	3083.30004882813
2827.84490575233	3079.19995117188
2829.91008278933	3071.30004882813
2831.97469445369	3062.69995117188
2834.03874100395	3080.80004882813
2836.10222269847	3074.19995117188
2838.16513979544	3103.80004882813
2840.22749255288	3091.89990234375
2842.28928122863	3100.5
2844.35050608034	3129.19995117188
2846.41116736553	3174.60009765625
2848.47126534149	3226.39990234375
2850.53080026537	3225.39990234375
2852.58977239414	3240.89990234375
2854.64818198459	3238.60009765625
2856.70602929332	3221.19995117188
2858.76331457678	3211.39990234375
2860.82003809123	3222.60009765625
2862.87620009274	3221.10009765625
2864.93180083723	3232
2866.98684058043	3192.80004882813
2869.04131957789	3221.10009765625
2871.09523808497	3225.5
2873.14859635689	3239.19995117188
2875.20139464866	3281.69995117188
2877.2536332151	3260.5
2879.30531231091	3250.10009765625
2881.35643219054	3244.30004882813
2883.40699310831	3242
2885.45699531834	3278.10009765625
2887.50643907457	3272
2889.55532463077	3310
2891.60365224053	3255.5
2893.65142215724	3277
2895.69863463414	3280.5
2897.74528992426	3257.60009765625
2899.79138828046	3297
2901.83692995544	3259.30004882813
2903.88191520168	3258.69995117188
2905.92634427151	3261.19995117188
2907.97021741706	3262
2910.01353489027	3266.39990234375
2912.05629694294	3245.60009765625
2914.09850382663	3281.39990234375
2916.14015579276	3253.10009765625
2918.18125309254	3270.39990234375
2920.22179597702	3295
2922.26178469705	3291
2924.30121950329	3279
2926.34010064624	3291
2928.37842837619	3300.39990234375
2930.41620294326	3342.39990234375
2932.45342459737	3320.10009765625
2934.49009358828	3316.80004882813
2936.52621016555	3358.80004882813
2938.56177457854	3310.89990234375
2940.59678707645	3274.80004882813
2942.63124790827	3249.5
2944.66515732282	3220.10009765625
2946.69851556873	3248.69995117188
2948.73132289443	3202.30004882813
2950.76357954817	3196.89990234375
2952.79528577803	3161.19995117188
2954.82644183188	3165.39990234375
2956.85704795741	3190.19995117188
2958.8871044021	3166.80004882813
2960.91661141328	3173
2962.94556923807	3148.19995117188
2964.97397812339	3162.80004882813
2967.00183831598	3112.5
2969.0291500624	3113.69995117188
2971.05591360902	3118.60009765625
2973.08212920199	3100
2975.1077970873	3090.89990234375
2977.13291751074	3105.80004882813
2979.1574907179	3082.60009765625
2981.18151695419	3083.19995117188
2983.20499646482	3043
2985.2279294948	3092.69995117188
2987.25031628898	3047.39990234375
2989.27215709199	3049.19995117188
2991.29345214825	3070.30004882813
2993.31420170204	3038.39990234375
2995.33440599738	3022.39990234375
2997.35406527816	3048.30004882813
2999.37317978802	3011.80004882813
3001.39174977045	3003.5
3003.40977546872	3009.10009765625
3005.42725712591	3050.89990234375
3007.44419498491	3087.5
3009.4605892884	3098.39990234375
3011.47644027889	3064.60009765625
3013.49174819865	3062.19995117188
3015.5065132898	3098.19995117188
3017.52073579424	3043.69995117188
3019.53441595366	3075.39990234375
3021.54755400959	3085.69995117188
3023.56015020332	3037.60009765625
3025.57220477598	3090.89990234375
3027.58371796846	3081
3029.5946900215	3065
3031.6051211756	3075.5
3033.61501167107	3053.5
3035.62436174803	3043.30004882813
3037.6331716464	3021.60009765625
3039.64144160588	2999.19995117188
3041.649171866	3013.30004882813
3043.65636266607	3022
3045.6630142452	2955.60009765625
3047.66912684229	2972.60009765625
3049.67470069605	2944.5
3051.679736045	2928.5
3053.68423312742	2887.5
3055.68819218143	2933
3057.6916134449	2925.80004882813
3059.69449715556	2897.80004882813
3061.69684355086	2899.80004882813
3063.6986528681	2846.80004882813
3065.69992534437	2851.89990234375
3067.70066121653	2864.89990234375
3069.70086072126	2875.89990234375
3071.700524095	2833.89990234375
3073.69965157405	2869.39990234375
3075.69824339442	2868.80004882813
3077.69629979197	2861.69995117188
3079.69382100235	2847.10009765625
3081.69080726098	2833.69995117188
3083.68725880307	2823.69995117188
3085.68317586366	2827.19995117188
3087.67855867755	2814.30004882813
3089.67340747933	2831.69995117188
3091.6677225034	2800.89990234375
3093.66150398392	2820.19995117188
3095.6547521549	2822
3097.64746725006	2817.5
3099.63964950297	2804.69995117188
3101.63129914698	2801.80004882813
3103.6224164152	2808.19995117188
3105.61300154056	2819.39990234375
3107.60305475576	2798.89990234375
3109.59257629331	2806.60009765625
3111.58156638547	2810.19995117188
3113.57002526432	2816.80004882813
3115.55795316172	2793.5
3117.54535030932	2752.10009765625
3119.53221693853	2811.10009765625
3121.51855328057	2785.60009765625
3123.50435956646	2802.89990234375
3125.48963602698	2821.69995117188
3127.4743828927	2782.60009765625
3129.45860039397	2822.19995117188
3131.44228876093	2761.30004882813
3133.42544822353	2792.19995117188
3135.40807901145	2789.5
3137.39018135418	2785.89990234375
3139.37175548102	2810.30004882813
3141.35280162101	2783.10009765625
3143.33332000299	2766
3145.31331085559	2775.39990234375
3147.2927744072	2765.60009765625
3149.27171088602	2772.80004882813
3151.25012052	2771.5
3153.22800353689	2754.19995117188
3155.20536016422	2765.30004882813
3157.18219062929	2805
3159.15849515918	2744
3161.13427398075	2745.89990234375
3163.10952732066	2731
3165.08425540532	2768.69995117188
3167.05845846092	2741.80004882813
3169.03213671344	2750.19995117188
3171.00529038863	2765
3172.97791971203	2752.30004882813
3174.95002490893	2766.10009765625
3176.92160620443	2732.30004882813
3178.89266382337	2739.19995117188
3180.8631979904	2721.80004882813
3182.83320892991	2737.39990234375
3184.80269686609	2738.39990234375
3186.77166202289	2715.69995117188
3188.74010462406	2722.19995117188
3190.70802489307	2765.89990234375
3192.67542305323	2749.19995117188
3194.64229932757	2763.30004882813
3196.60865393892	2745.39990234375
3198.57448710987	2710.39990234375
3200.53979906279	2724.69995117188
3202.50459001981	2726.89990234375
3204.46886020284	2751.60009765625
3206.43260983356	2741.5
3208.39583913341	2722.80004882813
3210.35854832362	2740.30004882813
3212.32073762517	2716.89990234375
3214.28240725881	2746.89990234375
3216.24355744508	2754
3218.20418840426	2730.69995117188
3220.16430035642	2730.89990234375
3222.12389352137	2702.5
3224.08296811873	2723.69995117188
3226.04152436784	2752.39990234375
3227.99956248784	2717.80004882813
3229.95708269762	2687
3231.91408521584	2717.69995117188
3233.87057026092	2731
3235.82653805105	2757.30004882813
3237.78198880419	2735.89990234375
3239.73692273806	2716
3241.69134007013	2728
3243.64524101764	2719.10009765625
3245.59862579761	2717.5
3247.55149462681	2727.5
3249.50384772176	2708.60009765625
3251.45568529877	2719.5
3253.40700757387	2737.69995117188
3255.35781476288	2722.89990234375
3257.3081070814	2720
3259.25788474473	2737.80004882813
3261.20714796799	2739.69995117188
3263.15589696602	2733
3265.10413195345	2731.39990234375
3267.05185314463	2716.30004882813
3268.9990607537	2728
3270.94575499455	2753.60009765625
3272.89193608081	2745
3274.8376042259	2738.69995117188
3276.78275964296	2688.89990234375
3278.72740254492	2682.89990234375
3280.67153314443	2745.60009765625
3282.61515165393	2709.60009765625
3284.55825828559	2731.60009765625
3286.50085325135	2726
3288.44293676289	2692.69995117188
3290.38450903165	2723.5
3292.32557026883	2717.89990234375
3294.26612068537	2689
3296.20616049198	2701.5
3298.14568989911	2679.80004882813
3300.08470911695	2707.10009765625
3302.02321835546	2667.80004882813
3303.96121782435	2704.39990234375
3305.89870773306	2687.39990234375
3307.83568829081	2694.89990234375
3309.77215970655	2696.10009765625
3311.70812218898	2695.19995117188
3313.64357594655	2675.39990234375
3315.57852118747	2674.89990234375
3317.51295811968	2704.69995117188
3319.44688695087	2643.69995117188
3321.38030788849	2679.30004882813
3323.31322113973	2656
3325.24562691152	2670.5
3327.17752541055	2657.89990234375
3329.10891684322	2667.69995117188
3331.03980141573	2646.80004882813
3332.97017933399	2656.5
3334.90005080364	2651.60009765625
3336.82941603011	2659.30004882813
3338.75827521852	2637.39990234375
3340.68662857377	2671.39990234375
3342.6144763005	2626.30004882813
3344.54181860308	2639.19995117188
3346.46865568561	2654.80004882813
3348.39498775195	2648.30004882813
3350.32081500571	2660.30004882813
3352.24613765022	2657
3354.17095588855	2641.10009765625
3356.09526992352	2671.39990234375
3358.01907995769	2647
3359.94238619334	2659
3361.86518883251	2649.30004882813
3363.78748807697	2648.69995117188
3365.70928412823	2650.5
3367.63057718752	2660.39990234375
3369.55136745582	2643.60009765625
3371.47165513386	2673
3373.39144042208	2626.30004882813
3375.31072352066	2630.69995117188
3377.22950462953	2610.5
3379.14778394834	2626.60009765625
3381.06556167648	2625.80004882813
3382.98283801308	2637.5
3384.89961315697	2629.69995117188
3386.81588730676	2624.5
3388.73166066076	2634.69995117188
3390.64693341702	2609.69995117188
3392.56170577332	2634
3394.47597792716	2596.69995117188
3396.38975007581	2583.60009765625
3398.30302241623	2586.80004882813
3400.21579514512	2588.19995117188
3402.1280684589	2624.60009765625
3404.03984255374	2597.10009765625
3405.95111762553	2594.80004882813
3407.86189386987	2629.19995117188
3409.77217148212	2589.5
3411.68195065733	2610.80004882813
3413.5912315903	2576.80004882813
3415.50001447556	2587.89990234375
3417.40829950735	2585.39990234375
3419.31608687963	2587.19995117188
3421.22337678611	2572.5
3423.1301694202	2580.80004882813
3425.03646497504	2581.89990234375
3426.9422636435	2573.69995117188
3428.84756561816	2586.60009765625
3430.75237109135	2580.10009765625
3432.65668025508	2584.5
3434.56049330112	2566.80004882813
3436.46381042093	2616.39990234375
3438.36663180571	2552.5
3440.26895764638	2576
3442.17078813357	2580.30004882813
3444.07212345762	2549.69995117188
3445.97296380863	2573.69995117188
3447.87330937636	2578.39990234375
3449.77316035033	2591.10009765625
3451.67251691977	2576.19995117188
3453.57137927361	2565.89990234375
3455.46974760052	2560.89990234375
3457.36762208886	2552.39990234375
3459.26500292671	2563.60009765625
3461.16189030191	2538.80004882813
3463.05828440194	2562.10009765625
3464.95418541406	2554.30004882813
3466.84959352519	2560.89990234375
3468.74450892201	2550.60009765625
3470.63893179088	2537.89990234375
3472.53286231788	2564.19995117188
3474.42630068881	2547.5
3476.31924708918	2565.89990234375
3478.2117017042	2507.60009765625
3480.1036647188	2532.60009765625
3481.99513631761	2542.10009765625
3483.88611668498	2513.5
3485.77660600498	2544.39990234375
3487.66660446135	2561.89990234375
3489.55611223758	2542.60009765625
3491.44512951683	2525.80004882813
3493.333656482	2511.39990234375
3495.22169331568	2517
3497.10924020016	2510.30004882813
3498.99629731746	2493.60009765625
3500.88286484927	2491.60009765625
3502.76894297702	2499
3504.65453188182	2516.69995117188
3506.53963174449	2506.80004882813
3508.42424274555	2529.10009765625
3510.30836506524	2473.80004882813
3512.19199888349	2489.60009765625
3514.07514437992	2456.5
3515.95780173387	2480.30004882813
3517.83997112437	2471.19995117188
3519.72165273016	2480.19995117188
3521.60284672967	2466.60009765625
3523.48355330104	2457.89990234375
3525.36377262208	2475.19995117188
3527.24350487035	2442.39990234375
3529.12275022306	2448.69995117188
3531.00150885715	2427.89990234375
3532.87978094923	2427.30004882813
3534.75756667562	2424.60009765625
3536.63486621235	2414.60009765625
3538.51167973512	2407.39990234375
3540.38800741934	2410.19995117188
3542.26384944011	2445.5
3544.13920597223	2433.10009765625
3546.01407719018	2446.5
3547.88846326815	2405.19995117188
3549.76236438002	2406
3551.63578069934	2423.39990234375
3553.50871239938	2412.19995117188
3555.38115965309	2377.89990234375
3557.25312263311	2401.89990234375
3559.12460151177	2368.80004882813
3560.99559646109	2394.19995117188
3562.86610765279	2369
3564.73613525825	2379.89990234375
3566.60567944857	2396.80004882813
3568.47474039453	2391.5
3570.34331826658	2376.80004882813
3572.21141323487	2404.80004882813
3574.07902546925	2369.39990234375
3575.94615513922	2387.69995117188
3577.81280241401	2375.5
3579.67896746249	2386.80004882813
3581.54465045325	2372.19995117188
3583.40985155455	2388.39990234375
3585.27457093432	2394.10009765625
3587.1388087602	2354.89990234375
3589.00256519949	2383.10009765625
3590.86584041919	2399
3592.72863458597	2372.60009765625
3594.59094786618	2365.39990234375
3596.45278042585	2363.80004882813
3598.31413243069	2384.69995117188
3600.17500404611	2357.60009765625
3602.03539543717	2359.30004882813
3603.89530676861	2365.5
3605.75473820488	2342.19995117188
3607.61368991007	2392.39990234375
3609.47216204797	2371.89990234375
3611.33015478203	2363.89990234375
3613.18766827539	2363.19995117188
3615.04470269087	2377.10009765625
3616.90125819094	2372.19995117188
3618.75733493776	2378.80004882813
3620.61293309318	2367.80004882813
3622.46805281869	2359.39990234375
3624.32269427547	2341.19995117188
3626.17685762439	2341.69995117188
3628.03054302596	2352.80004882813
3629.88375064038	2333.60009765625
3631.73648062751	2323
3633.5887331469	2311.89990234375
3635.44050835775	2332.60009765625
3637.29180641893	2307.30004882813
3639.14262748899	2318.80004882813
3640.99297172614	2327.5
3642.84283928828	2343.69995117188
3644.69223033294	2335.5
3646.54114501734	2321
3648.38958349836	2306
3650.23754593256	2309.69995117188
3652.08503247614	2283
3653.93204328497	2307.39990234375
3655.77857851462	2326.69995117188
3657.62463832028	2307.39990234375
3659.47022285682	2292.30004882813
3661.31533227877	2313
3663.15996674033	2312.39990234375
3665.00412639535	2328
3666.84781139736	2291.60009765625
3668.69102189953	2281.19995117188
3670.5337580547	2312.80004882813
3672.37602001537	2307.80004882813
3674.21780793368	2289.39990234375
3676.05912196148	2287.89990234375
3677.89996225021	2272.39990234375
3679.74032895103	2273.19995117188
3681.58022221471	2264.69995117188
3683.41964219171	2271.39990234375
3685.25858903211	2261.19995117188
3687.0970628857	2270.39990234375
3688.93506390186	2264.19995117188
3690.77259222968	2278.19995117188
3692.60964801787	2272.30004882813
3694.44623141481	2280.5
3696.28234256853	2262.60009765625
3698.11798162669	2253.10009765625
3699.95314873665	2247.69995117188
3701.78784404537	2263.69995117188
3703.62206769951	2246.30004882813
3705.45581984533	2237.10009765625
3707.28910062877	2243.39990234375
3709.12191019542	2257.19995117188
3710.95424869052	2271.10009765625
3712.78611625894	2233.39990234375
3714.6175130452	2212.89990234375
3716.44843919349	2258.5
3718.27889484764	2240
3720.1088801511	2214.39990234375
3721.93839524699	2225.89990234375
3723.76744027808	2249
3725.59601538677	2239.10009765625
3727.4241207151	2200.80004882813
