40.2973356941271	1130.90002441406
43.2236257608418	1131.19995117188
46.1488808466109	1133.09997558594
49.0731017336173	1133.09997558594
51.9962892025666	1136.90002441406
54.9184440327569	1133.69995117188
57.8395670020446	1136.90002441406
60.7596588868509	1140.59997558594
63.6787204621708	1146.69995117188
66.5967525015794	1145.69995117188
69.5137557772381	1152.90002441406
72.4297310598838	1162
75.3446791188512	1172.09997558594
78.2586007220466	1184.5
81.1714966360015	1195.30004882813
84.0833676258266	1211.90002441406
86.994214455242	1228.69995117188
89.9040378865662	1254.5
92.8128386807427	1279.30004882813
95.7206175973133	1292.80004882813
98.6273753944444	1308
101.533112828928	1308.90002441406
104.437830656161	1315
107.34152963018	1314.5
110.244210503676	1304
113.145874027931	1308.5
116.046520952895	1302.80004882813
118.946152027154	1297.69995117188
121.844767997933	1297.19995117188
124.74236961111	1301.90002441406
127.638957611212	1292
130.534532741422	1292
133.429095743606	1294.80004882813
136.322647358252	1293.90002441406
139.215188324544	1294
142.106719380311	1305.19995117188
144.997241262089	1289.5
147.886754705057	1296.80004882813
150.775260443096	1297
153.662759208748	1295.19995117188
156.549251733282	1298.5
159.434738746612	1295.90002441406
162.319220977376	1288.40002441406
165.20269915289	1293.80004882813
168.085173999178	1295.19995117188
170.966646240977	1285.19995117188
173.847116601709	1287.30004882813
176.726585803528	1285.5
179.605054567295	1280.19995117188
182.48252361259	1279.09997558594
185.358993657701	1284.19995117188
188.234465419645	1269.09997558594
191.108939614183	1275.30004882813
193.982416955795	1284.69995117188
196.854898157687	1278.09997558594
199.726383931801	1276.40002441406
202.596874988835	1286.59997558594
205.466372038225	1282.30004882813
208.334875788145	1277.40002441406
211.202386945534	1278.09997558594
214.068906216069	1281.69995117188
216.934434304194	1276.90002441406
219.798971913111	1275.69995117188
222.662519744776	1279.30004882813
225.525078499925	1285
228.386648878069	1280.19995117188
231.247231577465	1267.69995117188
234.106827295172	1282.30004882813
236.965436727012	1284.40002441406
239.823060567597	1278.19995117188
242.679699510337	1269.19995117188
245.535354247396	1276.09997558594
248.390025469775	1273.40002441406
251.243713867223	1274.90002441406
254.096420128327	1272.09997558594
256.948144940459	1267.90002441406
259.798888989788	1275.30004882813
262.648652961315	1280.30004882813
265.49743753883	1283.59997558594
268.345243404939	1273
271.192071241073	1269.09997558594
274.037921727485	1275.59997558594
276.882795543246	1268.69995117188
279.72669336624	1271.80004882813
282.569615873213	1277.80004882813
285.411563739724	1272.90002441406
288.252537640165	1275.40002441406
291.092538247763	1280.5
293.931566234616	1281.5
296.769622271633	1274.09997558594
299.606707028594	1281.59997558594
302.442821174104	1275.30004882813
305.277965375652	1281.5
308.112140299574	1285
310.945346611062	1283.80004882813
313.777584974167	1278
316.608856051813	1277.09997558594
319.439160505797	1275.30004882813
322.268498996783	1281.40002441406
325.096872184303	1278.19995117188
327.924280726782	1290.30004882813
330.750725281521	1282.19995117188
333.576206504693	1269.80004882813
336.400725051388	1287.69995117188
339.224281575542	1285.30004882813
342.046876730026	1282.19995117188
344.868511166586	1274.40002441406
347.689185535872	1281.90002441406
350.508900487421	1274.30004882813
353.327656669699	1279.69995117188
356.145454730079	1272.69995117188
358.962295314817	1264
361.778179069105	1281.69995117188
364.593106637051	1275.5
367.407078661675	1285.19995117188
370.220095784913	1276.30004882813
373.032158647655	1276
375.843267889676	1283.30004882813
378.653424149715	1277.80004882813
381.462628065436	1275.59997558594
384.270880273432	1285.19995117188
387.078181409254	1278
389.884532107358	1284.40002441406
392.689933001188	1276.5
395.494384723112	1282.5
398.29788790445	1282.19995117188
401.100443175488	1284.59997558594
403.902051165437	1282.30004882813
406.702712502518	1292.30004882813
409.502427813866	1292.69995117188
412.301197725607	1287
415.099022862823	1277.5
417.89590384957	1282.5
420.691841308876	1285.19995117188
423.486835862752	1288.80004882813
426.280888132173	1292.90002441406
429.073998737112	1285.90002441406
431.866168296507	1284.30004882813
434.657397428298	1286
437.447686749412	1284.19995117188
440.237036875762	1292
443.025448422257	1286.19995117188
445.812922002813	1292.69995117188
448.599458230326	1283
451.38505771672	1289.69995117188
454.169721072909	1294.5
456.953448908819	1298.19995117188
459.736241833384	1282.59997558594
462.518100454555	1289.09997558594
465.2990253793	1290.90002441406
468.079017213605	1282.30004882813
470.858076562476	1300.90002441406
473.636204029939	1292
476.41340021906	1293.59997558594
479.189665731938	1286.90002441406
481.965001169667	1289.69995117188
484.739407132419	1296.09997558594
487.512884219391	1301.69995117188
490.285433028796	1291
493.057054157921	1286.30004882813
495.827748203087	1294.90002441406
498.597515759658	1300.69995117188
501.366357422061	1288.30004882813
504.134273783759	1301.09997558594
506.901265437278	1298.69995117188
509.66733297421	1294.59997558594
512.432476985198	1290.80004882813
515.196698059945	1297.19995117188
517.959996787225	1301.59997558594
520.722373754895	1298.90002441406
523.483829549856	1298.30004882813
526.24436475811	1303.30004882813
529.003979964696	1303
531.762675753779	1312
534.520452708569	1306.69995117188
537.277311411375	1305.19995117188
540.03325244359	1290.30004882813
542.788276385682	1300.09997558594
545.54238381725	1297.5
548.295575316938	1294
551.047851462516	1306.90002441406
553.799212830831	1311.80004882813
556.549659997851	1293.80004882813
559.299193538643	1300.09997558594
562.047814027381	1296.40002441406
564.795522037318	1304.5
567.542318140861	1297
570.288202909507	1307.80004882813
573.033176913873	1310
575.7772407237	1297.09997558594
578.520394907829	1300.09997558594
581.26264003424	1295.40002441406
584.003976670046	1298.59997558594
586.744405381469	1296.19995117188
589.483926733869	1306.40002441406
592.222541291746	1308.19995117188
594.96024961872	1310.59997558594
597.697052277563	1316.30004882813
600.432949830166	1313.69995117188
603.167942837587	1306.30004882813
605.902031860012	1312.40002441406
608.635217456783	1300.5
611.367500186378	1299.09997558594
614.098880606429	1307
616.82935927374	1313.69995117188
619.558936744248	1307.09997558594
622.287613573072	1313
625.015390314457	1309.19995117188
627.742267521848	1315.90002441406
630.468245747829	1304.90002441406
633.193325544166	1313.69995117188
635.917507461792	1304.30004882813
638.640792050804	1309.40002441406
641.36317986048	1312
644.084671439281	1307.30004882813
646.805267334845	1306.5
649.524968093967	1318.59997558594
652.24377426266	1312
654.961686386106	1309
657.678705008678	1310
660.394830673939	1309.09997558594
663.110063924628	1309.5
665.824405302728	1312.19995117188
668.537855349351	1327.09997558594
671.250414604863	1313
673.962083608812	1311.09997558594
676.672862899949	1330
679.382753016218	1310.09997558594
682.091754494801	1317.30004882813
684.799867872061	1316
687.507093683595	1320.40002441406
690.213432464198	1318.19995117188
692.918884747899	1317.5
695.623451067937	1318.80004882813
698.327131956755	1312.09997558594
701.029927946065	1320.69995117188
703.731839566754	1323.69995117188
706.43286734896	1317.30004882813
709.133011822067	1312.69995117188
711.832273514658	1318.40002441406
714.53065295457	1326.69995117188
717.228150668879	1322.09997558594
719.924767183889	1327.09997558594
722.620503025148	1321.69995117188
725.315358717446	1326.40002441406
728.009334784827	1322.80004882813
730.702431750559	1333.19995117188
733.394650137188	1316.19995117188
736.085990466498	1315.59997558594
738.776453259519	1328.80004882813
741.466039036542	1317.40002441406
744.154748317125	1323.09997558594
746.842581620074	1313.80004882813
749.529539463458	1321.19995117188
752.215622364608	1317.80004882813
754.900830840131	1326.90002441406
757.585165405892	1323.5
760.26862657703	1327.69995117188
762.951214867957	1323.69995117188
765.632930792356	1318.19995117188
768.313774863181	1328.59997558594
770.993747592673	1328.69995117188
773.672849492359	1330.59997558594
776.351081073017	1324.09997558594
779.028442844757	1330
781.704935316928	1320
784.380558998208	1331.09997558594
787.055314396528	1316.5
789.729202019141	1324
792.402222372581	1321.40002441406
795.074375962669	1331.69995117188
797.745663294537	1333.5
800.416084872622	1324.90002441406
803.085641200652	1323.30004882813
805.754332781664	1325.80004882813
808.422160117986	1332.80004882813
811.089123711292	1339.90002441406
813.75522406252	1336.80004882813
816.420461671951	1331.90002441406
819.084837039164	1341.80004882813
821.748350663067	1335.5
824.411003041866	1340.09997558594
827.072794673116	1342.09997558594
829.733726053668	1338.09997558594
832.39379767971	1341.40002441406
835.05301004674	1341.40002441406
837.711363649601	1338.59997558594
840.368858982457	1346.5
843.025496538805	1348.5
845.681276811467	1341
848.336200292618	1341.59997558594
850.99026747375	1334.19995117188
853.643478845713	1349.59997558594
856.29583489868	1349.40002441406
858.947336122176	1337.40002441406
861.59798300506	1360.59997558594
864.247776035556	1341.59997558594
866.896715701222	1338.80004882813
869.544802488959	1345.40002441406
872.192036885046	1357.09997558594
874.838419375087	1343.40002441406
877.483950444054	1360.30004882813
880.128630576285	1349.69995117188
882.772460255461	1346.40002441406
885.415439964628	1349
888.057570186211	1346.80004882813
890.698851401966	1358.69995117188
893.339284093045	1353
895.978868739961	1344.69995117188
898.617605822596	1353.19995117188
901.255495820196	1342.19995117188
903.892539211396	1344.09997558594
906.528736474184	1347.80004882813
909.164088085949	1350.80004882813
911.798594523442	1346.40002441406
914.432256262804	1350.19995117188
917.065073779549	1353.5
919.697047548589	1347.90002441406
922.328178044212	1355.5
924.9584657401	1349.40002441406
927.587911109317	1343.59997558594
930.216514624317	1351.90002441406
932.844276756963	1355.5
935.471197978488	1362.59997558594
938.097278759538	1352.69995117188
940.722519570163	1363.19995117188
943.346920879798	1350.69995117188
945.97048315729	1349
948.593206870885	1367.59997558594
951.215092488219	1366.09997558594
953.836140476366	1360.19995117188
956.456351301787	1376.30004882813
959.07572543037	1361.19995117188
961.694263327369	1357
964.311965457521	1377
966.928832284933	1364.40002441406
969.544864273135	1371.80004882813
972.160061885076	1367.69995117188
974.774425583129	1376.80004882813
977.387955829099	1370.69995117188
980.000653084196	1358.19995117188
982.612517809061	1358
985.223550463768	1369
987.833751507819	1355.69995117188
990.443121400135	1357.69995117188
993.051660599081	1360.69995117188
995.659369562449	1373.09997558594
998.266248747469	1367.09997558594
1000.87229861081	1394.80004882813
1003.47751960857	1388.19995117188
1006.0819121963	1412
1008.68547682897	1393.59997558594
1011.28821396104	1378.69995117188
1013.89012404635	1381.59997558594
1016.49120753824	1375.59997558594
1019.09146488947	1370.80004882813
1021.69089655226	1374.90002441406
1024.28950297827	1379.19995117188
1026.88728461863	1360.19995117188
1029.48424192392	1374.59997558594
1032.08037534416	1370.09997558594
1034.67568532886	1370.40002441406
1037.27017232694	1370.69995117188
1039.86383678682	1368.19995117188
1042.45667915637	1366.69995117188
1045.04869988293	1366.90002441406
1047.6398994133	1375.19995117188
1050.23027819374	1366.5
1052.81983666998	1366.59997558594
1055.40857528724	1373.90002441406
1057.99649449018	1367.59997558594
1060.58359472296	1373.19995117188
1063.1698764292	1373.80004882813
1065.755340052	1371.90002441406
1068.33998603393	1373.80004882813
1070.92381481706	1380.09997558594
1073.50682684291	1384
1076.08902255251	1377.5
1078.67040238637	1377.90002441406
1081.25096678445	1373.09997558594
1083.83071618624	1386.90002441406
1086.4096510307	1362.5
1088.98777175629	1364.09997558594
1091.56507880094	1373.69995117188
1094.14157260208	1374.59997558594
1096.71725359664	1381.19995117188
1099.29212222106	1367
1101.86617891125	1378.09997558594
1104.43942410262	1370.5
1107.01185823011	1377.59997558594
1109.58348172812	1370.30004882813
1112.15429503057	1388.5
1114.7242985709	1840.59997558594
1117.29349278203	1423.90002441406
1119.86187809642	1374.30004882813
1122.42945494599	1373
1124.99622376222	1390.5
1127.56218497606	1386.69995117188
1130.12733901801	1388.09997558594
1132.69168631804	1394.59997558594
1135.25522730568	1392.40002441406
1137.81796240995	1390.80004882813
1140.37989205941	1403.69995117188
1142.9410166821	1398.30004882813
1145.50133670561	1404.90002441406
1148.06085255708	1422
1150.61956466311	1431.19995117188
1153.17747344987	1458.80004882813
1155.73457934305	1485.09997558594
1158.29088276786	1479
1160.84638414903	1478.80004882813
1163.40108391085	1457.80004882813
1165.95498247711	1421
1168.50808027116	1416.80004882813
1171.06037771587	1395.90002441406
1173.61187523364	1401.09997558594
1176.16257324643	1385.90002441406
1178.71247217573	1379.09997558594
1181.26157244255	1392.69995117188
1183.80987446746	1389.30004882813
1186.35737867059	1389.30004882813
1188.90408547157	1401.09997558594
1191.44999528961	1389
1193.99510854347	1402
1196.53942565142	1398.30004882813
1199.08294703133	1399.40002441406
1201.62567310057	1387.19995117188
1204.16760427611	1395.40002441406
1206.70874097445	1392.59997558594
1209.24908361163	1388.5
1211.78863260327	1390.69995117188
1214.32738836454	1383.09997558594
1216.86535131017	1398
1219.40252185445	1372.59997558594
1221.93890041121	1392
1224.47448739389	1383.30004882813
1227.00928321544	1393
1229.54328828842	1382.90002441406
1232.07650302491	1383.5
1234.60892783662	1381.80004882813
1237.14056313477	1401.80004882813
1239.67140933017	1391.69995117188
1242.2014668332	1390.69995117188
1244.73073605384	1403.30004882813
1247.25921740159	1407.40002441406
1249.78691128558	1395.69995117188
1252.31381811448	1398.80004882813
1254.83993829655	1404
1257.36527223962	1400.5
1259.88982035112	1403.19995117188
1262.41358303803	1402.19995117188
1264.93656070696	1406.69995117188
1267.45875376405	1407.69995117188
1269.98016261505	1414.59997558594
1272.50078766531	1405.59997558594
1275.02062931974	1406.59997558594
1277.53968798285	1411.69995117188
1280.05796405875	1409.5
1282.57545795112	1416.09997558594
1285.09217006325	1403.90002441406
1287.60810079802	1400
1290.12325055788	1403.19995117188
1292.63761974492	1399.69995117188
1295.15120876079	1415.80004882813
1297.66401800676	1397.90002441406
1300.17604788367	1412.59997558594
1302.687298792	1400.09997558594
1305.19777113181	1393.59997558594
1307.70746530274	1399.30004882813
1310.21638170408	1401.69995117188
1312.7245207347	1402
1315.23188279307	1392.40002441406
1317.73846827728	1400.40002441406
1320.24427758502	1414.59997558594
1322.74931111359	1412.09997558594
1325.25356925991	1399.30004882813
1327.75705242051	1414
1330.25976099151	1393
1332.76169536868	1403.90002441406
1335.26285594737	1420.5
1337.76324312256	1407.80004882813
1340.26285728887	1410.40002441406
1342.76169884052	1401.09997558594
1345.25976817132	1397.90002441406
1347.75706567474	1404.09997558594
1350.25359174387	1405.40002441406
1352.74934677141	1409.09997558594
1355.24433114968	1388.59997558594
1357.73854527062	1405.5
1360.23198952583	1406.5
1362.7246643065	1391.5
1365.21657000347	1403.80004882813
1367.7077070072	1396
1370.19807570777	1399.30004882813
1372.68767649492	1406.19995117188
1375.176509758	1403.5
1377.66457588599	1399.69995117188
1380.15187526753	1402.09997558594
1382.63840829087	1403.30004882813
1385.1241753439	1407.5
1387.60917681417	1406
1390.09341308884	1422.59997558594
1392.57688455474	1409
1395.05959159829	1404.69995117188
1397.54153460562	1414.90002441406
1400.02271396243	1408.40002441406
1402.50313005414	1399.40002441406
1404.98278326576	1396.30004882813
1407.46167398196	1405.09997558594
1409.93980258707	1394.69995117188
1412.41716946504	1418
1414.89377499951	1415.09997558594
1417.36961957373	1416.5
1419.84470357062	1407.09997558594
1422.31902737275	1411.30004882813
1424.79259136235	1416.5
1427.26539592129	1415.90002441406
1429.73744143111	1418.80004882813
1432.20872827299	1414.80004882813
1434.67925682777	1421.40002441406
1437.14902747597	1423.69995117188
1439.61804059773	1421.69995117188
1442.0862965729	1421.09997558594
1444.55379578093	1434.19995117188
1447.02053860099	1429.59997558594
1449.48652541188	1439.69995117188
1451.95175659206	1446.90002441406
1454.41623251969	1436.59997558594
1456.87995357255	1435.90002441406
1459.34292012811	1417.30004882813
1461.80513256351	1430.5
1464.26659125557	1419.69995117188
1466.72729658073	1426.69995117188
1469.18724891517	1430.19995117188
1471.64644863469	1413.5
1474.10489611478	1418
1476.5625917306	1421.30004882813
1479.01953585699	1421.5
1481.47572886844	1428.5
1483.93117113917	1422
1486.38586304302	1426.69995117188
1488.83980495354	1418.69995117188
1491.29299724395	1416.90002441406
1493.74544028715	1411.09997558594
1496.19713445573	1436.40002441406
1498.64808012193	1425.09997558594
1501.09827765772	1444
1503.54772743471	1448.80004882813
1505.99642982421	1471.09997558594
1508.44438519723	1485.69995117188
1510.89159392446	1509.40002441406
1513.33805637625	1523.30004882813
1515.78377292266	1537.19995117188
1518.22874393346	1540.19995117188
1520.67296977806	1547.90002441406
1523.11645082559	1519.90002441406
1525.55918744488	1501.80004882813
1528.00118000444	1486.59997558594
1530.44242887245	1472.09997558594
1532.88293441684	1446.09997558594
1535.32269700517	1433.69995117188
1537.76171700475	1436.80004882813
1540.19999478255	1424.90002441406
1542.63753070526	1426.69995117188
1545.07432513925	1416.80004882813
1547.5103784506	1419.90002441406
1549.94569100509	1422.19995117188
1552.38026316819	1429.59997558594
1554.8140953051	1432.69995117188
1557.24718778067	1416.09997558594
1559.67954095952	1422.5
1562.11115520592	1420.5
1564.54203088386	1414
1566.97216835704	1424.5
1569.40156798888	1431.90002441406
1571.83023014248	1418.30004882813
1574.25815518067	1433.40002441406
1576.68534346597	1426.5
1579.11179536062	1426.19995117188
1581.53751122658	1432
1583.9624914255	1423
1586.38673631876	1429.69995117188
1588.81024626745	1418.80004882813
1591.23302163235	1430.5
1593.655062774	1426.69995117188
1596.07637005262	1419.5
1598.49694382815	1419.40002441406
1600.91678446025	1439.09997558594
1603.33589230831	1420.5
1605.75426773142	1428.5
1608.1719110884	1429.5
1610.58882273779	1415.59997558594
1613.00500303784	1420.90002441406
1615.42045234654	1424.80004882813
1617.83517102158	1418.90002441406
1620.24915942039	1419.59997558594
1622.66241790012	1433
1625.07494681764	1437.80004882813
1627.48674652954	1431.80004882813
1629.89781739216	1422.5
1632.30815976152	1425.19995117188
1634.71777399343	1422.80004882813
1637.12666044338	1433.19995117188
1639.53481946661	1431.80004882813
1641.94225141808	1438.80004882813
1644.34895665248	1439.30004882813
1646.75493552424	1432.90002441406
1649.16018838752	1452.19995117188
1651.56471559621	1433.80004882813
1653.96851750392	1457.59997558594
1656.37159446403	1451.69995117188
1658.7739468296	1432.5
1661.17557495349	1455.30004882813
1663.57647918824	1447.09997558594
1665.97665988617	1443.59997558594
1668.37611739929	1442.5
1670.77485207939	1437.09997558594
1673.17286427799	1423.40002441406
1675.57015434633	1445.59997558594
1677.96672263542	1414.19995117188
1680.36256949598	1421.69995117188
1682.7576952785	1439.90002441406
1685.15210033318	1418.69995117188
1687.54578501	1426.90002441406
1689.93874965866	1429.69995117188
1692.33099462861	1408.09997558594
1694.72252026904	1421.5
1697.11332692889	1416
1699.50341495686	1430.80004882813
1701.89278470137	1427.09997558594
1704.28143651061	1410.80004882813
1706.66937073251	1424.59997558594
1709.05658771473	1422.30004882813
1711.44308780473	1413.59997558594
1713.82887134968	1422.69995117188
1716.21393869648	1419.90002441406
1718.59829019185	1421.80004882813
1720.98192618221	1420.19995117188
1723.36484701374	1418.40002441406
1725.74705303238	1409.80004882813
1728.12854458384	1419.69995117188
1730.50932201356	1417.80004882813
1732.88938566673	1421.80004882813
1735.26873588834	1416.19995117188
1737.64737302307	1428.30004882813
1740.02529741544	1428.5
1742.40250940964	1419.40002441406
1744.77900934969	1415.5
1747.15479757933	1429.90002441406
1749.52987444206	1420.30004882813
1751.90424028116	1414.69995117188
1754.27789543967	1421.80004882813
1756.65084026037	1418.40002441406
1759.02307508582	1428.40002441406
1761.39460025833	1416.40002441406
1763.76541612	1423.09997558594
1766.13552301265	1430.19995117188
1768.50492127791	1431.69995117188
1770.87361125714	1411.09997558594
1773.2415932915	1430.5
1775.60886772188	1412.19995117188
1777.97543488896	1438.59997558594
1780.34129513318	1412.80004882813
1782.70644879475	1402
1785.07089621365	1421.69995117188
1787.43463772964	1431.19995117188
1789.7976736822	1416.30004882813
1792.16000441066	1424.59997558594
1794.52163025405	1414.90002441406
1796.88255155121	1431.59997558594
1799.24276864074	1418.69995117188
1801.60228186102	1428.19995117188
1803.96109155019	1422.5
1806.31919804618	1426.30004882813
1808.67660168668	1423.59997558594
1811.03330280916	1433.09997558594
1813.38930175088	1434.69995117188
1815.74459884884	1430.5
1818.09919443984	1424.59997558594
1820.45308886047	1419.69995117188
1822.80628244708	1414.30004882813
1825.1587755358	1426.59997558594
1827.51056846254	1419.40002441406
1829.86166156297	1431.30004882813
1832.21205517258	1424.40002441406
1834.56174962661	1432.90002441406
1836.91074526009	1423.30004882813
1839.25904240783	1433.19995117188
1841.60664140443	1425.59997558594
1843.95354258425	1418.40002441406
1846.29974628146	1423.40002441406
1848.64525282998	1420.30004882813
1850.99006256356	1413.5
1853.3341758157	1415.80004882813
1855.67759291968	1417.5
1858.02031420858	1427.19995117188
1860.36234001528	1425.30004882813
1862.70367067241	1428
1865.04430651244	1432.5
1867.38424786755	1428.19995117188
1869.72349506978	1428.5
1872.06204845094	1414
1874.39990834258	1426.09997558594
1876.73707507612	1422.09997558594
1879.07354898269	1419.59997558594
1881.40933039328	1419.30004882813
1883.74441963861	1427
1886.07881704925	1423
1888.41252295551	1430.09997558594
1890.74553768751	1431.5
1893.07786157519	1438.09997558594
1895.40949494822	1432.69995117188
1897.74043813615	1422.69995117188
1900.07069146823	1433.30004882813
1902.40025527357	1424.09997558594
1904.72912988106	1438.09997558594
1907.05731561938	1423
1909.38481281699	1428
1911.71162180217	1426.5
1914.037742903	1424.69995117188
1916.36317644734	1418.59997558594
1918.68792276284	1421.59997558594
1921.01198217697	1420.19995117188
1923.33535501699	1433.40002441406
1925.65804160996	1427.19995117188
1927.98004228273	1431.30004882813
1930.30135736196	1417.80004882813
1932.6219871741	1436.09997558594
1934.94193204543	1429.30004882813
1937.26119230198	1444
1939.57976826962	1423
1941.89766027402	1415.69995117188
1944.21486864062	1436.09997558594
1946.53139369472	1429.30004882813
1948.84723576137	1440.69995117188
1951.16239516543	1434
1953.47687223159	1418.30004882813
1955.79066728434	1426
1958.10378064794	1414.09997558594
1960.4162126465	1425.90002441406
1962.7279636039	1423.90002441406
1965.03903384385	1431.59997558594
1967.34942368987	1426
1969.65913346524	1428.30004882813
1971.96816349311	1424
1974.2765140964	1416.19995117188
1976.58418559784	1425
1978.89117831997	1438.30004882813
1981.19749258516	1434.59997558594
1983.50312871555	1437
1985.80808703313	1433.19995117188
1988.11236785967	1433
1990.41597151676	1440.5
1992.71889832581	1437.30004882813
1995.02114860801	1424.19995117188
1997.3227226844	1425.19995117188
1999.62362087581	1430.19995117188
2001.92384350288	1426.40002441406
2004.22339088608	1425.09997558594
2006.52226334567	1428.5
2008.82046120173	1438.19995117188
2011.11798477417	1424.80004882813
2013.41483438269	1437.19995117188
2015.71101034681	1433.5
2018.00651298588	1441.30004882813
2020.30134261905	1444.19995117188
2022.59549956528	1436.90002441406
2024.88898414337	1447.90002441406
2027.1817966719	1437.90002441406
2029.4739374693	1438.09997558594
2031.76540685379	1439.19995117188
2034.05620514342	1430.69995117188
2036.34633265607	1434.69995117188
2038.6357897094	1437.19995117188
2040.92457662092	1427.5
2043.21269370795	1416.40002441406
2045.50014128763	1431.59997558594
2047.78691967691	1435.30004882813
2050.07302919256	1444.69995117188
2052.35847015118	1426.90002441406
2054.64324286919	1429.80004882813
2056.9273476628	1428.59997558594
2059.21078484808	1429.80004882813
2061.4935547409	1424.30004882813
2063.77565765696	1425.40002441406
2066.05709391176	1434.09997558594
2068.33786382065	1427.40002441406
2070.61796769879	1422.30004882813
2072.89740586116	1429.59997558594
2075.17617862255	1425.30004882813
2077.45428629759	1441.19995117188
2079.73172920075	1432.59997558594
2082.00850764627	1429.5
2084.28462194827	1432.30004882813
2086.56007242065	1417.40002441406
2088.83485937717	1435.40002441406
2091.10898313139	1420
2093.3824439967	1432.5
2095.65524228632	1418.90002441406
2097.92737831328	1434.5
2100.19885239047	1429.19995117188
2102.46966483057	1432.5
2104.7398159461	1437
2107.00930604941	1424.19995117188
2109.27813545267	1434.90002441406
2111.54630446787	1432.69995117188
2113.81381340685	1435.90002441406
2116.08066258126	1428.80004882813
2118.34685230257	1446.59997558594
2120.61238288211	1449.40002441406
2122.87725463099	1432.19995117188
2125.1414678602	1441.59997558594
2127.40502288052	1436.09997558594
2129.66792000257	1436.69995117188
2131.93015953682	1440.30004882813
2134.19174179353	1422.30004882813
2136.45266708282	1436.30004882813
2138.71293571463	1444.59997558594
2140.97254799873	1441.19995117188
2143.23150424473	1444.80004882813
2145.48980476205	1452.69995117188
2147.74744985996	1437.30004882813
2150.00443984754	1444.30004882813
2152.26077503373	1434.90002441406
2154.51645572728	1447.59997558594
2156.77148223677	1442
2159.02585487064	1440.59997558594
2161.27957393713	1439.30004882813
2163.53263974432	1440.09997558594
2165.78505260012	1455.19995117188
2168.0368128123	1443.09997558594
2170.28792068844	1440.40002441406
2172.53837653595	1429.40002441406
2174.78818066207	1424.5
2177.03733337389	1425.90002441406
2179.28583497833	1431.80004882813
2181.53368578214	1429.80004882813
2183.78088609192	1430.09997558594
2186.02743621406	1439.09997558594
2188.27333645484	1443.09997558594
2190.51858712033	1428.59997558594
2192.76318851646	1444.09997558594
2195.00714094901	1429.90002441406
2197.25044472354	1439.19995117188
2199.49310014551	1433.09997558594
2201.73510752018	1439.5
2203.97646715265	1419.5
2206.21717934786	1428.09997558594
2208.45724441058	1434.09997558594
2210.69666264543	1431.09997558594
2212.93543435686	1447.30004882813
2215.17355984914	1427.80004882813
2217.41103942642	1445.40002441406
2219.64787339264	1419
2221.8840620516	1441.69995117188
2224.11960570695	1431.5
2226.35450466215	1427.30004882813
2228.58875922051	1433
2230.82236968518	1437.5
2233.05533635916	1440
2235.28765954527	1435.59997558594
2237.51933954617	1452.40002441406
2239.75037666437	1431.69995117188
2241.98077120221	1426.69995117188
2244.21052346188	1430.69995117188
2246.4396337454	1433.19995117188
2248.66810235461	1441.59997558594
2250.89592959125	1435
2253.12311575681	1434.80004882813
2255.34966115272	1427.30004882813
2257.57556608017	1441.30004882813
2259.80083084023	1436.09997558594
2262.02545573381	1439.30004882813
2264.24944106163	1417.90002441406
2266.47278712429	1429.40002441406
2268.69549422221	1434.09997558594
2270.91756265564	1424.80004882813
2273.1389927247	1441.5
2275.35978472934	1428.80004882813
2277.57993896933	1437.09997558594
2279.79945574431	1425.40002441406
2282.01833535375	1435.40002441406
2284.23657809696	1425.09997558594
2286.45418427309	1442.30004882813
2288.67115418114	1437.90002441406
2290.88748811995	1425.80004882813
2293.10318638819	1438.30004882813
2295.3182492844	1441.09997558594
2297.53267710693	1442.19995117188
2299.746470154	1442.40002441406
2301.95962872364	1437.80004882813
2304.17215311376	1447.30004882813
2306.3840436221	1427.80004882813
2308.59530054621	1439.19995117188
2310.80592418354	1441
2313.01591483134	1441.30004882813
2315.22527278673	1445
2317.43399834666	1442.09997558594
2319.64209180791	1450.90002441406
2321.84955346713	1432.5
2324.05638362079	1456.59997558594
2326.26258256524	1443.59997558594
2328.46815059664	1440.40002441406
2330.67308801098	1425.69995117188
2332.87739510415	1445.19995117188
2335.08107217184	1435
2337.2841195096	1432.19995117188
2339.48653741281	1441.90002441406
2341.68832617672	1435.69995117188
2343.8894860964	1445.5
2346.09001746678	1440.19995117188
2348.28992058261	1426.30004882813
2350.48919573852	1439.30004882813
2352.68784322898	1422.30004882813
2354.88586334826	1447.90002441406
2357.08325639055	1433.59997558594
2359.2800226498	1454.09997558594
2361.47616241988	1445
2363.67167599445	1435.69995117188
2365.86656366706	1446.09997558594
2368.06082573107	1438.30004882813
2370.2544624797	1434.30004882813
2372.44747420603	1437.59997558594
2374.63986120295	1433.19995117188
2376.83162376322	1423.30004882813
2379.02276217945	1440.59997558594
2381.21327674408	1439.30004882813
2383.4031677494	1444
2385.59243548756	1420.5
2387.78108025053	1425.19995117188
2389.96910233014	1436.40002441406
2392.15650201809	1422.90002441406
2394.34327960587	1440.09997558594
2396.52943538486	1441.69995117188
2398.71496964628	1430.19995117188
2400.89988268118	1422.90002441406
2403.08417478048	1426.40002441406
2405.26784623491	1425.59997558594
2407.45089733509	1424.09997558594
2409.63332837146	1427.90002441406
2411.81513963429	1437.69995117188
2413.99633141375	1435.40002441406
2416.1769039998	1434.40002441406
2418.35685768227	1428
2420.53619275084	1440.09997558594
2422.71490949505	1439.90002441406
2424.89300820425	1424.69995117188
2427.07048916765	1435.80004882813
2429.24735267433	1430.19995117188
2431.42359901319	1425.69995117188
2433.59922847297	1437.40002441406
2435.7742413423	1419.30004882813
2437.94863790961	1412.19995117188
2440.12241846321	1433.30004882813
2442.29558329121	1423.09997558594
2444.46813268162	1433.80004882813
2446.64006692228	1428.40002441406
2448.81138630086	1422
2450.98209110489	1441
2453.15218162174	1423.59997558594
2455.32165813864	1432.40002441406
2457.49052094265	1416.69995117188
2459.65877032069	1432.59997558594
2461.8264065595	1431.69995117188
2463.99342994572	1434.19995117188
2466.15984076579	1438.69995117188
2468.325639306	1426.5
2470.49082585251	1448.30004882813
2472.65540069131	1429.80004882813
2474.81936410824	1445.5
2476.98271638899	1435.19995117188
2479.14545781909	1432.09997558594
2481.30758868392	1433.30004882813
2483.4691092687	1443.59997558594
2485.63001985852	1432.80004882813
2487.79032073829	1430.19995117188
2489.95001219277	1436.90002441406
2492.10909450659	1421.90002441406
2494.26756796419	1432.5
2496.42543284989	1437.69995117188
2498.58268944783	1435.90002441406
2500.73933804202	1430.90002441406
2502.8953789163	1414.69995117188
2505.05081235436	1433.90002441406
2507.20563863974	1415.30004882813
2509.35985805582	1437.5
2511.51347088583	1424.59997558594
2513.66647741285	1430.90002441406
2515.81887791981	1426.80004882813
2517.97067268946	1440.19995117188
2520.12186200443	1440.5
2522.27244614716	1440.5
2524.42242539999	1430.5
2526.57180004504	1430.90002441406
2528.72057036433	1427.5
2530.8687366397	1433.80004882813
2533.01629915284	1434.80004882813
2535.16325818527	1429.09997558594
2537.30961401839	1432.80004882813
2539.45536693343	1437
2541.60051721145	1424.5
2543.74506513338	1426
2545.88901097997	1420.30004882813
2548.03235503185	1419.30004882813
2550.17509756946	1415.30004882813
2552.31723887311	1425.90002441406
2554.45877922293	1427.40002441406
2556.59971889893	1413.80004882813
2558.74005818094	1427.40002441406
2560.87979734864	1440.19995117188
2563.01893668155	1428.30004882813
2565.15747645906	1429.59997558594
2567.29541696037	1429.5
2569.43275846454	1421.40002441406
2571.56950125049	1425.19995117188
2573.70564559696	1431.09997558594
2575.84119178254	1428.69995117188
2577.97614008569	1427.59997558594
2580.11049078468	1428.80004882813
2582.24424415764	1418.40002441406
2584.37740048255	1417
2586.50996003722	1426
2588.64192309931	1421.80004882813
2590.77328994634	1416.19995117188
2592.90406085564	1428.80004882813
2595.03423610442	1427.59997558594
2597.16381596971	1426.90002441406
2599.29280072839	1420.19995117188
2601.42119065719	1431.19995117188
2603.54898603267	1426.40002441406
2605.67618713125	1432.80004882813
2607.80279422919	1423.5
2609.92880760257	1409.59997558594
2612.05422752735	1427.09997558594
2614.17905427932	1419.5
2616.30328813408	1420.19995117188
2618.42692936713	1428.19995117188
2620.54997825377	1430.5
2622.67243506915	1420.90002441406
2624.79430008828	1420.30004882813
2626.915573586	1428
2629.03625583699	1432.09997558594
2631.15634711579	1433.09997558594
2633.27584769675	1434.30004882813
2635.39475785408	1430.5
2637.51307786185	1440.90002441406
2639.63080799394	1427.59997558594
2641.74794852409	1441.59997558594
2643.86449972589	1441.30004882813
2645.98046187273	1434.59997558594
2648.0958352379	1428.90002441406
2650.21062009449	1429.90002441406
2652.32481671544	1451.90002441406
2654.43842537353	1421.40002441406
2656.5514463414	1443.19995117188
2658.66387989151	1432.69995117188
2660.77572629616	1428.40002441406
2662.88698582751	1431.5
2664.99765875753	1439.19995117188
2667.10774535806	1457.90002441406
2669.21724590076	1440.09997558594
2671.32616065714	1451.09997558594
2673.43448989857	1448.59997558594
2675.5422338962	1437.30004882813
2677.64939292108	1424.19995117188
2679.75596724408	1443.19995117188
2681.86195713589	1433.5
2683.96736286707	1429.59997558594
2686.07218470799	1430.69995117188
2688.17642292889	1430
2690.28007779982	1428.80004882813
2692.38314959069	1428.90002441406
2694.48563857123	1427.40002441406
2696.58754501103	1419.90002441406
2698.6888691795	1429.09997558594
2700.78961134588	1430
2702.8897717793	1425
2704.98935074864	1435.5
2707.08834852271	1432.59997558594
2709.18676537009	1442.09997558594
2711.28460155925	1418.69995117188
2713.38185735843	1434.59997558594
2715.47853303577	1439.80004882813
2717.57462885924	1421.40002441406
2719.67014509659	1419.30004882813
2721.76508201548	1423.69995117188
2723.85943988337	1426.69995117188
2725.95321896754	1426.30004882813
2728.04641953515	1423.09997558594
2730.13904185316	1427.19995117188
2732.23108618837	1427
2734.32255280744	1433.40002441406
2736.41344197683	1425.5
2738.50375396288	1431.90002441406
2740.5934890317	1422.40002441406
2742.68264744932	1427.30004882813
2744.77122948153	1421
2746.85923539398	1434.09997558594
2748.94666545217	1422.69995117188
2751.03351992142	1425
2753.11979906688	1415.90002441406
2755.20550315355	1417
2757.29063244624	1412.19995117188
2759.37518720963	1414.90002441406
2761.45916770819	1429.40002441406
2763.54257420625	1426.90002441406
2765.62540696797	1419.80004882813
2767.70766625733	1415.30004882813
2769.78935233816	1411.59997558594
2771.87046547413	1429.80004882813
2773.95100592869	1427
2776.03097396519	1423.69995117188
2778.11036984677	1414.09997558594
2780.18919383641	1414.30004882813
2782.26744619693	1412.59997558594
2784.34512719097	1412.30004882813
2786.42223708102	1419.5
2788.49877612937	1414.5
2790.57474459816	1435
2792.65014274937	1419.09997558594
2794.7249708448	1410.19995117188
2796.79922914607	1426.30004882813
2798.87291791465	1408.5
2800.94603741181	1423
2803.01858789869	1412.69995117188
2805.09056963623	1414.30004882813
2807.1619828852	1409.59997558594
2809.23282790621	1416.30004882813
2811.30310495971	1413.90002441406
2813.37281430593	1402
2815.441956205	1417.5
2817.51053091682	1403.80004882813
2819.57853870114	1406.30004882813
2821.64597981753	1413.30004882813
2823.7128545254	1410
2825.77916308399	1412.09997558594
2827.84490575233	1424.40002441406
2829.91008278933	1425
2831.97469445369	1429.09997558594
2834.03874100395	1425.69995117188
2836.10222269847	1430.19995117188
2838.16513979544	1439.19995117188
2840.22749255288	1447.40002441406
2842.28928122863	1436.59997558594
2844.35050608034	1441.90002441406
2846.41116736553	1466.59997558594
2848.47126534149	1466.09997558594
2850.53080026537	1469.80004882813
2852.58977239414	1459.09997558594
2854.64818198459	1477.30004882813
2856.70602929332	1476
2858.76331457678	1464.90002441406
2860.82003809123	1466.80004882813
2862.87620009274	1472.80004882813
2864.93180083723	1473.09997558594
2866.98684058043	1484.30004882813
2869.04131957789	1474.19995117188
2871.09523808497	1482.30004882813
2873.14859635689	1498
2875.20139464866	1495.19995117188
2877.2536332151	1495.19995117188
2879.30531231091	1481.90002441406
2881.35643219054	1496.19995117188
2883.40699310831	1484.59997558594
2885.45699531834	1489.30004882813
2887.50643907457	1498.80004882813
2889.55532463077	1508.30004882813
2891.60365224053	1499.19995117188
2893.65142215724	1491.19995117188
2895.69863463414	1500
2897.74528992426	1514
2899.79138828046	1496.5
2901.83692995544	1497.90002441406
2903.88191520168	1501.69995117188
2905.92634427151	1509.5
2907.97021741706	1495
2910.01353489027	1503.69995117188
2912.05629694294	1501.69995117188
2914.09850382663	1508.40002441406
2916.14015579276	1521.80004882813
2918.18125309254	1523.5
2920.22179597702	1513.19995117188
2922.26178469705	1533.90002441406
2924.30121950329	1535.5
2926.34010064624	1539.59997558594
2928.37842837619	1542
2930.41620294326	1548.80004882813
2932.45342459737	1549.19995117188
2934.49009358828	1546.80004882813
2936.52621016555	1539.09997558594
2938.56177457854	1533.90002441406
2940.59678707645	1544
2942.63124790827	1527.19995117188
2944.66515732282	1521.90002441406
2946.69851556873	1520.69995117188
2948.73132289443	1498.19995117188
2950.76357954817	1498.80004882813
2952.79528577803	1493.59997558594
2954.82644183188	1505.09997558594
2956.85704795741	1496.59997558594
2958.8871044021	1479.90002441406
2960.91661141328	1473.30004882813
2962.94556923807	1480.59997558594
2964.97397812339	1471.5
2967.00183831598	1487.69995117188
2969.0291500624	1482.40002441406
2971.05591360902	1503.19995117188
2973.08212920199	1474.19995117188
2975.1077970873	1465.59997558594
2977.13291751074	1479.90002441406
2979.1574907179	1481.19995117188
2981.18151695419	1461.40002441406
2983.20499646482	1465.5
2985.2279294948	1464.5
2987.25031628898	1461.69995117188
2989.27215709199	1449.80004882813
2991.29345214825	1474.09997558594
2993.31420170204	1449.40002441406
2995.33440599738	1460.90002441406
2997.35406527816	1449.80004882813
2999.37317978802	1447.69995117188
3001.39174977045	1455.40002441406
3003.40977546872	1445.90002441406
3005.42725712591	1451.19995117188
3007.44419498491	1450.80004882813
3009.4605892884	1446.40002441406
3011.47644027889	1446.69995117188
3013.49174819865	1459.40002441406
3015.5065132898	1441.90002441406
3017.52073579424	1450.80004882813
3019.53441595366	1448.09997558594
3021.54755400959	1444.69995117188
3023.56015020332	1432.80004882813
3025.57220477598	1428.09997558594
3027.58371796846	1437.69995117188
3029.5946900215	1430.5
3031.6051211756	1426.40002441406
3033.61501167107	1430.80004882813
3035.62436174803	1437.5
3037.6331716464	1419.40002441406
3039.64144160588	1431.80004882813
3041.649171866	1431.5
3043.65636266607	1427.59997558594
3045.6630142452	1429.09997558594
3047.66912684229	1427.19995117188
3049.67470069605	1429.09997558594
3051.679736045	1433.69995117188
3053.68423312742	1429.5
3055.68819218143	1418.30004882813
3057.6916134449	1413.59997558594
3059.69449715556	1435.59997558594
3061.69684355086	1433.19995117188
3063.6986528681	1420.59997558594
3065.69992534437	1434.90002441406
3067.70066121653	1438.09997558594
3069.70086072126	1422.5
3071.700524095	1437.19995117188
3073.69965157405	1428.09997558594
3075.69824339442	1438.5
3077.69629979197	1433.5
3079.69382100235	1431.80004882813
3081.69080726098	1443.69995117188
3083.68725880307	1435.80004882813
3085.68317586366	1419.69995117188
3087.67855867755	1418.19995117188
3089.67340747933	1429.69995117188
3091.6677225034	1432.40002441406
3093.66150398392	1430.69995117188
3095.6547521549	1432.40002441406
3097.64746725006	1441.19995117188
3099.63964950297	1431.30004882813
3101.63129914698	1418.80004882813
3103.6224164152	1432.80004882813
3105.61300154056	1428.5
3107.60305475576	1435.30004882813
3109.59257629331	1427.30004882813
3111.58156638547	1419.59997558594
3113.57002526432	1440.19995117188
3115.55795316172	1429.40002441406
3117.54535030932	1439.69995117188
3119.53221693853	1420.59997558594
3121.51855328057	1444.40002441406
3123.50435956646	1439.59997558594
3125.48963602698	1442.19995117188
3127.4743828927	1444.19995117188
3129.45860039397	1438.80004882813
3131.44228876093	1449.19995117188
3133.42544822353	1437.19995117188
3135.40807901145	1447.80004882813
3137.39018135418	1436.40002441406
3139.37175548102	1433.59997558594
3141.35280162101	1449.5
3143.33332000299	1448
3145.31331085559	1449.59997558594
3147.2927744072	1444.19995117188
3149.27171088602	1450.90002441406
3151.25012052	1441.59997558594
3153.22800353689	1444
3155.20536016422	1450.59997558594
3157.18219062929	1449.19995117188
3159.15849515918	1443.5
3161.13427398075	1454.40002441406
3163.10952732066	1449.5
3165.08425540532	1458.09997558594
3167.05845846092	1446.69995117188
3169.03213671344	1451
3171.00529038863	1454.30004882813
3172.97791971203	1456.30004882813
3174.95002490893	1450.90002441406
3176.92160620443	1444.5
3178.89266382337	1438.19995117188
3180.8631979904	1453.69995117188
3182.83320892991	1455
3184.80269686609	1459.30004882813
3186.77166202289	1469.09997558594
3188.74010462406	1457.19995117188
3190.70802489307	1459.30004882813
3192.67542305323	1461.40002441406
3194.64229932757	1465.09997558594
3196.60865393892	1457.40002441406
3198.57448710987	1464.59997558594
3200.53979906279	1467.19995117188
3202.50459001981	1460
3204.46886020284	1463.09997558594
3206.43260983356	1471.09997558594
3208.39583913341	1460.40002441406
3210.35854832362	1469.69995117188
3212.32073762517	1465.69995117188
3214.28240725881	1457.80004882813
3216.24355744508	1464
3218.20418840426	1473.5
3220.16430035642	1468.19995117188
3222.12389352137	1470.59997558594
3224.08296811873	1460.59997558594
3226.04152436784	1473.40002441406
3227.99956248784	1466.80004882813
3229.95708269762	1467.90002441406
3231.91408521584	1488.90002441406
3233.87057026092	1482.30004882813
3235.82653805105	1479.09997558594
3237.78198880419	1465.59997558594
3239.73692273806	1471.5
3241.69134007013	1474.09997558594
3243.64524101764	1479.30004882813
3245.59862579761	1487.40002441406
3247.55149462681	1474.59997558594
3249.50384772176	1474.90002441406
3251.45568529877	1473.69995117188
3253.40700757387	1493.30004882813
3255.35781476288	1488
3257.3081070814	1463
3259.25788474473	1489.19995117188
3261.20714796799	1476.5
3263.15589696602	1481.80004882813
3265.10413195345	1481.19995117188
3267.05185314463	1473.30004882813
3268.9990607537	1477.40002441406
3270.94575499455	1498.59997558594
3272.89193608081	1489.40002441406
3274.8376042259	1477.69995117188
3276.78275964296	1479.40002441406
3278.72740254492	1496.40002441406
3280.67153314443	1484.90002441406
3282.61515165393	1478.30004882813
3284.55825828559	1479.09997558594
3286.50085325135	1487.5
3288.44293676289	1483.5
3290.38450903165	1480.30004882813
3292.32557026883	1493.69995117188
3294.26612068537	1480.69995117188
3296.20616049198	1484.69995117188
3298.14568989911	1478.90002441406
3300.08470911695	1494.09997558594
3302.02321835546	1487.19995117188
3303.96121782435	1483.40002441406
3305.89870773306	1486.5
3307.83568829081	1466.90002441406
3309.77215970655	1490
3311.70812218898	1478.19995117188
3313.64357594655	1480.09997558594
3315.57852118747	1483
3317.51295811968	1474
3319.44688695087	1485.69995117188
3321.38030788849	1480.30004882813
3323.31322113973	1476.90002441406
3325.24562691152	1473.90002441406
3327.17752541055	1482.5
3329.10891684322	1487.5
3331.03980141573	1481.30004882813
3332.97017933399	1471.80004882813
3334.90005080364	1468.40002441406
3336.82941603011	1467.19995117188
3338.75827521852	1486.90002441406
3340.68662857377	1474.5
3342.6144763005	1473.69995117188
3344.54181860308	1474.59997558594
3346.46865568561	1481.40002441406
3348.39498775195	1485.19995117188
3350.32081500571	1475.80004882813
3352.24613765022	1476.59997558594
3354.17095588855	1488.30004882813
3356.09526992352	1480.59997558594
3358.01907995769	1486.5
3359.94238619334	1486.5
3361.86518883251	1492.5
3363.78748807697	1479
3365.70928412823	1488.5
3367.63057718752	1482.40002441406
3369.55136745582	1481.90002441406
3371.47165513386	1479.40002441406
3373.39144042208	1474
3375.31072352066	1483.80004882813
3377.22950462953	1482.09997558594
3379.14778394834	1488.90002441406
3381.06556167648	1481
3382.98283801308	1467.09997558594
3384.89961315697	1487.19995117188
3386.81588730676	1491.5
3388.73166066076	1488.80004882813
3390.64693341702	1489.5
3392.56170577332	1473.59997558594
3394.47597792716	1481.30004882813
3396.38975007581	1477.80004882813
3398.30302241623	1484.90002441406
3400.21579514512	1494.40002441406
3402.1280684589	1478.30004882813
3404.03984255374	1484.5
3405.95111762553	1485.40002441406
3407.86189386987	1497.80004882813
3409.77217148212	1480.59997558594
3411.68195065733	1484.5
3413.5912315903	1483.59997558594
3415.50001447556	1488.19995117188
3417.40829950735	1483.5
3419.31608687963	1501
3421.22337678611	1483.30004882813
3423.1301694202	1487.80004882813
3425.03646497504	1485.80004882813
3426.9422636435	1480
3428.84756561816	1489.40002441406
3430.75237109135	1489.5
3432.65668025508	1468.40002441406
3434.56049330112	1480.5
3436.46381042093	1471.19995117188
3438.36663180571	1474.30004882813
3440.26895764638	1466.5
3442.17078813357	1495.40002441406
3444.07212345762	1473.40002441406
3445.97296380863	1473.19995117188
3447.87330937636	1477.5
3449.77316035033	1477.09997558594
3451.67251691977	1458.69995117188
3453.57137927361	1475.5
3455.46974760052	1466.90002441406
3457.36762208886	1458
3459.26500292671	1488.40002441406
3461.16189030191	1484.19995117188
3463.05828440194	1479.40002441406
3464.95418541406	1479.80004882813
3466.84959352519	1477
3468.74450892201	1466.5
3470.63893179088	1468.40002441406
3472.53286231788	1461.19995117188
3474.42630068881	1471.40002441406
3476.31924708918	1468.59997558594
3478.2117017042	1479.80004882813
3480.1036647188	1460.40002441406
3481.99513631761	1469.30004882813
3483.88611668498	1456.40002441406
3485.77660600498	1461.69995117188
3487.66660446135	1466.90002441406
3489.55611223758	1479.30004882813
3491.44512951683	1458.19995117188
3493.333656482	1464.59997558594
3495.22169331568	1450.19995117188
3497.10924020016	1459.69995117188
3498.99629731746	1456.80004882813
3500.88286484927	1450.80004882813
3502.76894297702	1469.40002441406
3504.65453188182	1457.19995117188
3506.53963174449	1462.40002441406
3508.42424274555	1436.80004882813
3510.30836506524	1457.5
3512.19199888349	1454.90002441406
3514.07514437992	1457.5
3515.95780173387	1445.5
3517.83997112437	1444.30004882813
3519.72165273016	1436.40002441406
3521.60284672967	1450.90002441406
3523.48355330104	1458.40002441406
3525.36377262208	1434.09997558594
3527.24350487035	1441.19995117188
3529.12275022306	1444
3531.00150885715	1449.09997558594
3532.87978094923	1437.69995117188
3534.75756667562	1442.80004882813
3536.63486621235	1452
3538.51167973512	1432.59997558594
3540.38800741934	1431.90002441406
3542.26384944011	1448.09997558594
3544.13920597223	1428.5
3546.01407719018	1429.80004882813
3547.88846326815	1429
3549.76236438002	1436.19995117188
3551.63578069934	1425.90002441406
3553.50871239938	1412.40002441406
3555.38115965309	1439
3557.25312263311	1429.90002441406
3559.12460151177	1424.30004882813
3560.99559646109	1417.30004882813
3562.86610765279	1421.40002441406
3564.73613525825	1432.69995117188
3566.60567944857	1419.5
3568.47474039453	1418.5
3570.34331826658	1425.59997558594
3572.21141323487	1416.19995117188
3574.07902546925	1419.40002441406
3575.94615513922	1420.19995117188
3577.81280241401	1421
3579.67896746249	1427.59997558594
3581.54465045325	1415
3583.40985155455	1411.80004882813
3585.27457093432	1410.80004882813
3587.1388087602	1428.90002441406
3589.00256519949	1413.09997558594
3590.86584041919	1427.5
3592.72863458597	1412.59997558594
3594.59094786618	1421.80004882813
3596.45278042585	1417.30004882813
3598.31413243069	1413.30004882813
3600.17500404611	1408.30004882813
3602.03539543717	1398.59997558594
3603.89530676861	1408.90002441406
3605.75473820488	1405.40002441406
3607.61368991007	1412.5
3609.47216204797	1414.40002441406
3611.33015478203	1414
3613.18766827539	1413.59997558594
3615.04470269087	1410.09997558594
3616.90125819094	1398.40002441406
3618.75733493776	1404.69995117188
3620.61293309318	1410.19995117188
3622.46805281869	1409.90002441406
3624.32269427547	1407.40002441406
3626.17685762439	1408
3628.03054302596	1401.5
3629.88375064038	1387.09997558594
3631.73648062751	1404.59997558594
3633.5887331469	1400.59997558594
3635.44050835775	1395.30004882813
3637.29180641893	1388.5
3639.14262748899	1399
3640.99297172614	1391.5
3642.84283928828	1401
3644.69223033294	1394.59997558594
3646.54114501734	1397.5
3648.38958349836	1400.90002441406
3650.23754593256	1382.5
3652.08503247614	1386.59997558594
3653.93204328497	1397.80004882813
3655.77857851462	1387
3657.62463832028	1375.80004882813
3659.47022285682	1385.80004882813
3661.31533227877	1380.69995117188
3663.15996674033	1386.5
3665.00412639535	1389.80004882813
3666.84781139736	1392.5
3668.69102189953	1376.40002441406
3670.5337580547	1375.80004882813
3672.37602001537	1379.40002441406
3674.21780793368	1376.5
3676.05912196148	1379
3677.89996225021	1374.80004882813
3679.74032895103	1379.90002441406
3681.58022221471	1364
3683.41964219171	1377.40002441406
3685.25858903211	1378.19995117188
3687.0970628857	1381.09997558594
3688.93506390186	1378.90002441406
3690.77259222968	1388.30004882813
3692.60964801787	1381.69995117188
3694.44623141481	1376.5
3696.28234256853	1362.59997558594
3698.11798162669	1364.5
3699.95314873665	1374.09997558594
3701.78784404537	1374.09997558594
3703.62206769951	1378
3705.45581984533	1361.30004882813
3707.28910062877	1367.5
3709.12191019542	1366.69995117188
3710.95424869052	1371.80004882813
3712.78611625894	1368.30004882813
3714.6175130452	1372.69995117188
3716.44843919349	1372.30004882813
3718.27889484764	1368.90002441406
3720.1088801511	1364
3721.93839524699	1372.30004882813
3723.76744027808	1369
3725.59601538677	1375.5
3727.4241207151	1374.40002441406
