40.2973356941271	1130.25
43.2236257608418	1128.375
46.1488808466109	1129.375
49.0731017336173	1129.75
51.9962892025666	1128.5
54.9184440327569	1133.125
57.8395670020446	1134.375
60.7596588868509	1133.75
63.6787204621708	1139.625
66.5967525015794	1135.125
69.5137557772381	1142.375
72.4297310598838	1142
75.3446791188512	1152.25
78.2586007220466	1162
81.1714966360015	1174.125
84.0833676258266	1185.75
86.994214455242	1195.125
89.9040378865662	1209.625
92.8128386807427	1233.125
95.7206175973133	1231.5
98.6273753944444	1246.875
101.533112828928	1253.5
104.437830656161	1260.25
107.34152963018	1256
110.244210503676	1245.625
113.145874027931	1245.125
116.046520952895	1244.875
118.946152027154	1251.375
121.844767997933	1243.25
124.74236961111	1250.5
127.638957611212	1248.375
130.534532741422	1242.875
133.429095743606	1241.5
136.322647358252	1240.25
139.215188324544	1247.625
142.106719380311	1245.125
144.997241262089	1246.625
147.886754705057	1243.5
150.775260443096	1246.75
153.662759208748	1260.375
156.549251733282	1242
159.434738746612	1254.625
162.319220977376	1248.25
165.20269915289	1246.875
168.085173999178	1245.75
170.966646240977	1251.75
173.847116601709	1251.25
176.726585803528	1248
179.605054567295	1238.5
182.48252361259	1245.125
185.358993657701	1237.25
188.234465419645	1234.375
191.108939614183	1236.625
193.982416955795	1246.125
196.854898157687	1248.5
199.726383931801	1244.25
202.596874988835	1239.25
205.466372038225	1244
208.334875788145	1238
211.202386945534	1241
214.068906216069	1239.75
216.934434304194	1242.625
219.798971913111	1245.25
222.662519744776	1244.125
225.525078499925	1240.5
228.386648878069	1247.375
231.247231577465	1249.5
234.106827295172	1241.5
236.965436727012	1242.625
239.823060567597	1237.5
242.679699510337	1247.5
245.535354247396	1246.625
248.390025469775	1244.5
251.243713867223	1243.75
254.096420128327	1246.5
256.948144940459	1240.875
259.798888989788	1252.375
262.648652961315	1243.5
265.49743753883	1247
268.345243404939	1243.375
271.192071241073	1245.5
274.037921727485	1244.875
276.882795543246	1251
279.72669336624	1257.25
282.569615873213	1255.875
285.411563739724	1241
288.252537640165	1243.5
291.092538247763	1257.75
293.931566234616	1257.375
296.769622271633	1254.125
299.606707028594	1255.125
302.442821174104	1253.875
305.277965375652	1244.5
308.112140299574	1262.5
310.945346611062	1257.375
313.777584974167	1257.5
316.608856051813	1248.5
319.439160505797	1256.25
322.268498996783	1256.125
325.096872184303	1248
327.924280726782	1256.625
330.750725281521	1249.875
333.576206504693	1245.25
336.400725051388	1254.75
339.224281575542	1250.375
342.046876730026	1252.625
344.868511166586	1253.125
347.689185535872	1256.25
350.508900487421	1253.75
353.327656669699	1246.75
356.145454730079	1258.375
358.962295314817	1257.5
361.778179069105	1250.625
364.593106637051	1252.875
367.407078661675	1248.375
370.220095784913	1248.75
373.032158647655	1254.375
375.843267889676	1250.625
378.653424149715	1258.875
381.462628065436	1256.875
384.270880273432	1242.875
387.078181409254	1254.125
389.884532107358	1253.375
392.689933001188	1258
395.494384723112	1258.25
398.29788790445	1259.5
401.100443175488	1266.125
403.902051165437	1259.875
406.702712502518	1253
409.502427813866	1253.25
412.301197725607	1252
415.099022862823	1262.5
417.89590384957	1256.75
420.691841308876	1256.125
423.486835862752	1256.5
426.280888132173	1253.625
429.073998737112	1253.5
431.866168296507	1260.5
434.657397428298	1254.125
437.447686749412	1260.5
440.237036875762	1258.125
443.025448422257	1253.5
445.812922002813	1267.625
448.599458230326	1260.875
451.38505771672	1262
454.169721072909	1259.875
456.953448908819	1261.25
459.736241833384	1260.375
462.518100454555	1268.125
465.2990253793	1270.875
468.079017213605	1266.75
470.858076562476	1258.125
473.636204029939	1267.125
476.41340021906	1265.25
479.189665731938	1264.75
481.965001169667	1268.25
484.739407132419	1257.75
487.512884219391	1266.125
490.285433028796	1261.5
493.057054157921	1265.5
495.827748203087	1267
498.597515759658	1271
501.366357422061	1270.125
504.134273783759	1275.375
506.901265437278	1264.75
509.66733297421	1266.375
512.432476985198	1265.125
515.196698059945	1258.25
517.959996787225	1262.875
520.722373754895	1268.875
523.483829549856	1265.375
526.24436475811	1263.375
529.003979964696	1271.875
531.762675753779	1275
534.520452708569	1272.875
537.277311411375	1265.875
540.03325244359	1263
542.788276385682	1271.875
545.54238381725	1279
548.295575316938	1256.75
551.047851462516	1276
553.799212830831	1262
556.549659997851	1271.75
559.299193538643	1268.5
562.047814027381	1263.75
564.795522037318	1278.75
567.542318140861	1270.625
570.288202909507	1267.5
573.033176913873	1272.375
575.7772407237	1275.25
578.520394907829	1273.125
581.26264003424	1268.75
584.003976670046	1264.25
586.744405381469	1271.375
589.483926733869	1266.375
592.222541291746	1280.25
594.96024961872	1281
597.697052277563	1274
600.432949830166	1270.5
603.167942837587	1267.875
605.902031860012	1274.125
608.635217456783	1270.125
611.367500186378	1268.5
614.098880606429	1268.125
616.82935927374	1282
619.558936744248	1265.75
622.287613573072	1267.375
625.015390314457	1277.75
627.742267521848	1266.625
630.468245747829	1274.25
633.193325544166	1278.875
635.917507461792	1282.875
638.640792050804	1275.375
641.36317986048	1291.25
644.084671439281	1272.25
646.805267334845	1271.375
649.524968093967	1279.25
652.24377426266	1287.75
654.961686386106	1272.125
657.678705008678	1278.25
660.394830673939	1275.75
663.110063924628	1276.25
665.824405302728	1267.875
668.537855349351	1273.125
671.250414604863	1287.125
673.962083608812	1273.5
676.672862899949	1286.625
679.382753016218	1279.875
682.091754494801	1276
684.799867872061	1277.5
687.507093683595	1283.5
690.213432464198	1283.125
692.918884747899	1276.5
695.623451067937	1282.875
698.327131956755	1282.5
701.029927946065	1281.5
703.731839566754	1277.25
706.43286734896	1278.375
709.133011822067	1276.25
711.832273514658	1274.25
714.53065295457	1271.375
717.228150668879	1282.875
719.924767183889	1280.25
722.620503025148	1275.875
725.315358717446	1285.75
728.009334784827	1282.875
730.702431750559	1287.375
733.394650137188	1280.375
736.085990466498	1287.25
738.776453259519	1270.75
741.466039036542	1288.75
744.154748317125	1286.5
746.842581620074	1281.25
749.529539463458	1281.375
752.215622364608	1279
754.900830840131	1278.375
757.585165405892	1292.25
760.26862657703	1284
762.951214867957	1300.75
765.632930792356	1284.875
768.313774863181	1284.75
770.993747592673	1290.375
773.672849492359	1285.875
776.351081073017	1280.625
779.028442844757	1287
781.704935316928	1294.75
784.380558998208	1293.125
787.055314396528	1291.125
789.729202019141	1301.375
792.402222372581	1289.5
795.074375962669	1301.875
797.745663294537	1294.75
800.416084872622	1295.5
803.085641200652	1291.625
805.754332781664	1292.75
808.422160117986	1295.875
811.089123711292	1291.75
813.75522406252	1291.5
816.420461671951	1299.75
819.084837039164	1292.625
821.748350663067	1297.875
824.411003041866	1293.875
827.072794673116	1292.125
829.733726053668	1296.75
832.39379767971	1296.625
835.05301004674	1293.125
837.711363649601	1284.625
840.368858982457	1300.625
843.025496538805	1310.75
845.681276811467	1302.125
848.336200292618	1294.25
850.99026747375	1295.75
853.643478845713	1296.875
856.29583489868	1307.625
858.947336122176	1306.625
861.59798300506	1302
864.247776035556	1307.625
866.896715701222	1300.125
869.544802488959	1306.25
872.192036885046	1304.875
874.838419375087	1302.375
877.483950444054	1314
880.128630576285	1311.25
882.772460255461	1316
885.415439964628	1302.5
888.057570186211	1308.625
890.698851401966	1310.375
893.339284093045	1312.25
895.978868739961	1309
898.617605822596	1306.375
901.255495820196	1307.25
903.892539211396	1293.125
906.528736474184	1304.5
909.164088085949	1298.5
911.798594523442	1299.625
914.432256262804	1301.625
917.065073779549	1307.875
919.697047548589	1300
922.328178044212	1310.5
924.9584657401	1306.5
927.587911109317	1314.125
930.216514624317	1308
932.844276756963	1299.375
935.471197978488	1314.375
938.097278759538	1305
940.722519570163	1314.125
943.346920879798	1303.625
945.97048315729	1317.125
948.593206870885	1317.25
951.215092488219	1332.375
953.836140476366	1323.5
956.456351301787	1323.875
959.07572543037	1320.125
961.694263327369	1332.125
964.311965457521	1323.5
966.928832284933	1322.125
969.544864273135	1314.5
972.160061885076	1323.875
974.774425583129	1324.25
977.387955829099	1323.125
980.000653084196	1321
982.612517809061	1318.125
985.223550463768	1322
987.833751507819	1330.5
990.443121400135	1323
993.051660599081	1328
995.659369562449	1329
998.266248747469	1334
1000.87229861081	1342.75
1003.47751960857	1355.5
1006.0819121963	1355.875
1008.68547682897	1353.25
1011.28821396104	1352.125
1013.89012404635	1344.25
1016.49120753824	1330
1019.09146488947	1327.5
1021.69089655226	1331.25
1024.28950297827	1321.75
1026.88728461863	1318.25
1029.48424192392	1330.375
1032.08037534416	1330.5
1034.67568532886	1319.375
1037.27017232694	1327.375
1039.86383678682	1330.75
1042.45667915637	1323.875
1045.04869988293	1319.25
1047.6398994133	1332.375
1050.23027819374	1323
1052.81983666998	1313.25
1055.40857528724	1334.375
1057.99649449018	1332.75
1060.58359472296	1320.375
1063.1698764292	1321.625
1065.755340052	1331.375
1068.33998603393	1334.625
1070.92381481706	1326.625
1073.50682684291	1324.125
1076.08902255251	1321.125
1078.67040238637	1331
1081.25096678445	1325.25
1083.83071618624	1328.375
1086.4096510307	1325.25
1088.98777175629	1323.75
1091.56507880094	1334
1094.14157260208	1333.5
1096.71725359664	1327.125
1099.29212222106	1324.75
1101.86617891125	1329.25
1104.43942410262	1337.375
1107.01185823011	1329.5
1109.58348172812	1324.25
1112.15429503057	1344.875
1114.7242985709	1331.5
1117.29349278203	1338
1119.86187809642	1336.75
1122.42945494599	1343.125
1124.99622376222	1346.5
1127.56218497606	1332.75
1130.12733901801	1341.875
1132.69168631804	1342.375
1135.25522730568	1349.75
1137.81796240995	1353.25
1140.37989205941	1358.25
1142.9410166821	1375.625
1145.50133670561	1364.75
1148.06085255708	1380.5
1150.61956466311	1412.25
1153.17747344987	1436.125
1155.73457934305	1454.625
1158.29088276786	1465.125
1160.84638414903	1452
1163.40108391085	1433.5
1165.95498247711	1407.375
1168.50808027116	1375.125
1171.06037771587	1359.625
1173.61187523364	1352.25
1176.16257324643	1351.875
1178.71247217573	1348
1181.26157244255	1349.875
1183.80987446746	1350.75
1186.35737867059	1350
1188.90408547157	1359
1191.44999528961	1360.75
1193.99510854347	1364.5
1196.53942565142	1352.375
1199.08294703133	1351.125
1201.62567310057	1355.625
1204.16760427611	1345.375
1206.70874097445	1340.75
1209.24908361163	1355.625
1211.78863260327	1343.875
1214.32738836454	1337.875
1216.86535131017	1346.25
1219.40252185445	1351.25
1221.93890041121	1353.875
1224.47448739389	1340.125
1227.00928321544	1338
1229.54328828842	1340
1232.07650302491	1336.625
1234.60892783662	1337.75
1237.14056313477	1337.25
1239.67140933017	1338.125
1242.2014668332	1336.5
1244.73073605384	1334.625
1247.25921740159	1348.875
1249.78691128558	1345.125
1252.31381811448	1356.5
1254.83993829655	1354.25
1257.36527223962	1335.875
1259.88982035112	1360.5
1262.41358303803	1354.375
1264.93656070696	1351.125
1267.45875376405	1362.125
1269.98016261505	1373.75
1272.50078766531	1366.125
1275.02062931974	1371.25
1277.53968798285	1362.375
1280.05796405875	1359.875
1282.57545795112	1344.125
1285.09217006325	1345.75
1287.60810079802	1347.5
1290.12325055788	1340.625
1292.63761974492	1358.25
1295.15120876079	1356.375
1297.66401800676	1355
1300.17604788367	1348.375
1302.687298792	1347.875
1305.19777113181	1342
1307.70746530274	1344.5
1310.21638170408	1351.5
1312.7245207347	1351.25
1315.23188279307	1358.625
1317.73846827728	1340.5
1320.24427758502	1344.375
1322.74931111359	1364
1325.25356925991	1351.375
1327.75705242051	1345.875
1330.25976099151	1343.875
1332.76169536868	1351.5
1335.26285594737	1365.5
1337.76324312256	1349.375
1340.26285728887	1362.5
1342.76169884052	1350.25
1345.25976817132	1356.125
1347.75706567474	1347.875
1350.25359174387	1357.375
1352.74934677141	1357.75
1355.24433114968	1358.25
1357.73854527062	1359.375
1360.23198952583	1357.125
1362.7246643065	1359
1365.21657000347	1353.625
1367.7077070072	1348.875
1370.19807570777	1368
1372.68767649492	1356.5
1375.176509758	1357.25
1377.66457588599	1349.625
1380.15187526753	1345.75
1382.63840829087	1346.375
1385.1241753439	1360.875
1387.60917681417	1355.25
1390.09341308884	1355.625
1392.57688455474	1347.5
1395.05959159829	1353.5
1397.54153460562	1360.5
1400.02271396243	1360
1402.50313005414	1346.25
1404.98278326576	1355.75
1407.46167398196	1349.75
1409.93980258707	1352.625
1412.41716946504	1344.625
1414.89377499951	1348.125
1417.36961957373	1356.75
1419.84470357062	1353.875
1422.31902737275	1366.25
1424.79259136235	1349
1427.26539592129	1356.375
1429.73744143111	1361.375
1432.20872827299	1367
1434.67925682777	1373
1437.14902747597	1366.125
1439.61804059773	1373.875
1442.0862965729	1377.375
1444.55379578093	1373.375
1447.02053860099	1376.125
1449.48652541188	1368.625
1451.95175659206	1377.125
1454.41623251969	1380.75
1456.87995357255	1374.25
1459.34292012811	1368.75
1461.80513256351	1369.875
1464.26659125557	1374.875
1466.72729658073	1368.375
1469.18724891517	1368.5
1471.64644863469	1386.25
1474.10489611478	1370
1476.5625917306	1381.625
1479.01953585699	1361.625
1481.47572886844	1355.75
1483.93117113917	1372.25
1486.38586304302	1365.5
1488.83980495354	1384.5
1491.29299724395	1373.625
1493.74544028715	1383.75
1496.19713445573	1387.125
1498.64808012193	1393.375
1501.09827765772	1399
1503.54772743471	1410.625
1505.99642982421	1421.75
1508.44438519723	1455
1510.89159392446	1469.75
1513.33805637625	1479.375
1515.78377292266	1497.75
1518.22874393346	1549.75
1520.67296977806	1502.625
1523.11645082559	1503
1525.55918744488	1486.625
1528.00118000444	1459.5
1530.44242887245	1425.375
1532.88293441684	1416.875
1535.32269700517	1395.5
1537.76171700475	1392.625
1540.19999478255	1385.75
1542.63753070526	1371.25
1545.07432513925	1384
1547.5103784506	1374.25
1549.94569100509	1375.25
1552.38026316819	1361.125
1554.8140953051	1370.5
1557.24718778067	1362.75
1559.67954095952	1375.5
1562.11115520592	1377.125
1564.54203088386	1377.375
1566.97216835704	1364
1569.40156798888	1364.5
1571.83023014248	1375.875
1574.25815518067	1375
1576.68534346597	1374.125
1579.11179536062	1358.625
1581.53751122658	1361.875
1583.9624914255	1382.5
1586.38673631876	1366.25
1588.81024626745	1382.625
1591.23302163235	1371.5
1593.655062774	1362.75
1596.07637005262	1371.25
1598.49694382815	1369
1600.91678446025	1367.125
1603.33589230831	1367.25
1605.75426773142	1380.375
1608.1719110884	1359.75
1610.58882273779	1366
1613.00500303784	1361.875
1615.42045234654	1364.125
1617.83517102158	1366.75
1620.24915942039	1377
1622.66241790012	1374.125
1625.07494681764	1371.125
1627.48674652954	1369.25
1629.89781739216	1365.5
1632.30815976152	1388.75
1634.71777399343	1373.875
1637.12666044338	1370.5
1639.53481946661	1361.75
1641.94225141808	1368.125
1644.34895665248	1373.25
1646.75493552424	1388.75
1649.16018838752	1373
1651.56471559621	1378
1653.96851750392	1381.25
1656.37159446403	1378.75
1658.7739468296	1386.875
1661.17557495349	1393.25
1663.57647918824	1380.375
1665.97665988617	1376.375
1668.37611739929	1381.875
1670.77485207939	1372.375
1673.17286427799	1378.125
1675.57015434633	1376.875
1677.96672263542	1367.25
1680.36256949598	1384.75
1682.7576952785	1371.625
1685.15210033318	1359.625
1687.54578501	1362
1689.93874965866	1372
1692.33099462861	1374.375
1694.72252026904	1368.25
1697.11332692889	1366.75
1699.50341495686	1366.875
1701.89278470137	1378.25
1704.28143651061	1365.5
1706.66937073251	1380.625
1709.05658771473	1367.25
1711.44308780473	1367.75
1713.82887134968	1359
1716.21393869648	1377.875
1718.59829019185	1369
1720.98192618221	1367.875
1723.36484701374	1380
1725.74705303238	1357.5
1728.12854458384	1373.5
1730.50932201356	1352.5
1732.88938566673	1370.875
1735.26873588834	1372.75
1737.64737302307	1378.75
1740.02529741544	1375.625
1742.40250940964	1372.875
1744.77900934969	1363.75
1747.15479757933	1373.625
1749.52987444206	1365.375
1751.90424028116	1366.25
1754.27789543967	1361.75
1756.65084026037	1370.5
1759.02307508582	1350
1761.39460025833	1373.625
1763.76541612	1365.625
1766.13552301265	1371.125
1768.50492127791	1369.125
1770.87361125714	1361.125
1773.2415932915	1359.875
1775.60886772188	1371.625
1777.97543488896	1364.25
1780.34129513318	1362.875
1782.70644879475	1378.75
1785.07089621365	1365.625
1787.43463772964	1359.375
1789.7976736822	1366.125
1792.16000441066	1371.625
1794.52163025405	1370.625
1796.88255155121	1366
1799.24276864074	1373.25
1801.60228186102	1367.875
1803.96109155019	1368.25
1806.31919804618	1369.25
1808.67660168668	1375.5
1811.03330280916	1366.25
1813.38930175088	1374.375
1815.74459884884	1379.125
1818.09919443984	1377
1820.45308886047	1372.125
1822.80628244708	1370.875
1825.1587755358	1381.375
1827.51056846254	1379
1829.86166156297	1372
1832.21205517258	1363.625
1834.56174962661	1372.75
1836.91074526009	1374.625
1839.25904240783	1371.125
1841.60664140443	1375.5
1843.95354258425	1382
1846.29974628146	1360.25
1848.64525282998	1359.875
1850.99006256356	1360.75
1853.3341758157	1383.75
1855.67759291968	1379
1858.02031420858	1380
1860.36234001528	1376.875
1862.70367067241	1371.625
1865.04430651244	1372.75
1867.38424786755	1364.5
1869.72349506978	1371.125
1872.06204845094	1371.125
1874.39990834258	1364.5
1876.73707507612	1374.125
1879.07354898269	1370.875
1881.40933039328	1375.75
1883.74441963861	1378.75
1886.07881704925	1375.75
1888.41252295551	1365.375
1890.74553768751	1387.875
1893.07786157519	1378.75
1895.40949494822	1366.625
1897.74043813615	1375.75
1900.07069146823	1351.75
1902.40025527357	1368.75
1904.72912988106	1377.5
1907.05731561938	1365.625
1909.38481281699	1373.5
1911.71162180217	1368.25
1914.037742903	1364
1916.36317644734	1370
1918.68792276284	1357.5
1921.01198217697	1379.25
1923.33535501699	1366
1925.65804160996	1370
1927.98004228273	1368
1930.30135736196	1370.375
1932.6219871741	1377.75
1934.94193204543	1384.25
1937.26119230198	1376
1939.57976826962	1365.625
1941.89766027402	1377.75
1944.21486864062	1390.125
1946.53139369472	1366
1948.84723576137	1362.875
1951.16239516543	1383.125
1953.47687223159	1361.25
1955.79066728434	1368
1958.10378064794	1374.5
1960.4162126465	1379.625
1962.7279636039	1384.125
1965.03903384385	1382.75
1967.34942368987	1376.875
1969.65913346524	1380.25
1971.96816349311	1381.5
1974.2765140964	1376.25
1976.58418559784	1368.75
1978.89117831997	1365.125
1981.19749258516	1376.75
1983.50312871555	1364.625
1985.80808703313	1377.375
1988.11236785967	1366.25
1990.41597151676	1365.125
1992.71889832581	1373
1995.02114860801	1364.5
1997.3227226844	1368.375
1999.62362087581	1363.75
2001.92384350288	1366
2004.22339088608	1364.25
2006.52226334567	1379.375
2008.82046120173	1370.125
2011.11798477417	1375
2013.41483438269	1370.5
2015.71101034681	1366.25
2018.00651298588	1383.125
2020.30134261905	1377.375
2022.59549956528	1371.375
2024.88898414337	1372.125
2027.1817966719	1377.625
2029.4739374693	1373.625
2031.76540685379	1393.375
2034.05620514342	1369.875
2036.34633265607	1369.375
2038.6357897094	1368.5
2040.92457662092	1367.625
2043.21269370795	1392.375
2045.50014128763	1372
2047.78691967691	1371.375
2050.07302919256	1376.25
2052.35847015118	1375.125
2054.64324286919	1379.75
2056.9273476628	1369.75
2059.21078484808	1371.25
2061.4935547409	1380.125
2063.77565765696	1386.125
2066.05709391176	1363.75
2068.33786382065	1380.375
2070.61796769879	1371.5
2072.89740586116	1359.375
2075.17617862255	1364.125
2077.45428629759	1383.25
2079.73172920075	1361.375
2082.00850764627	1354
2084.28462194827	1386.375
2086.56007242065	1365.875
2088.83485937717	1373.5
2091.10898313139	1379.125
2093.3824439967	1382.25
2095.65524228632	1362
2097.92737831328	1377.25
2100.19885239047	1380.5
2102.46966483057	1374.375
2104.7398159461	1390.75
2107.00930604941	1369.125
2109.27813545267	1380.5
2111.54630446787	1381.625
2113.81381340685	1374.5
2116.08066258126	1379.125
2118.34685230257	1381.125
2120.61238288211	1386.625
2122.87725463099	1379.125
2125.1414678602	1394.5
2127.40502288052	1376.125
2129.66792000257	1373.375
2131.93015953682	1366.625
2134.19174179353	1366.25
2136.45266708282	1383.875
2138.71293571463	1385.25
2140.97254799873	1382.375
2143.23150424473	1369.125
2145.48980476205	1376.5
2147.74744985996	1367.75
2150.00443984754	1388.875
2152.26077503373	1381.375
2154.51645572728	1388.75
2156.77148223677	1381.875
2159.02585487064	1376.625
2161.27957393713	1390.25
2163.53263974432	1375.25
2165.78505260012	1375.375
2168.0368128123	1368.5
2170.28792068844	1370.875
2172.53837653595	1381.25
2174.78818066207	1372
2177.03733337389	1394.5
2179.28583497833	1379.125
2181.53368578214	1364
2183.78088609192	1373.5
2186.02743621406	1380.375
2188.27333645484	1375.125
2190.51858712033	1371.125
2192.76318851646	1370
2195.00714094901	1369.25
2197.25044472354	1375
2199.49310014551	1371.75
2201.73510752018	1387.375
2203.97646715265	1364.5
2206.21717934786	1386.125
2208.45724441058	1390.5
2210.69666264543	1367.625
2212.93543435686	1372.75
2215.17355984914	1379.5
2217.41103942642	1369
2219.64787339264	1366.25
2221.8840620516	1374.25
2224.11960570695	1369.625
2226.35450466215	1370.125
2228.58875922051	1380.375
2230.82236968518	1369.125
2233.05533635916	1375.625
2235.28765954527	1373.5
2237.51933954617	1368.125
2239.75037666437	1381.5
2241.98077120221	1359.5
2244.21052346188	1369.375
2246.4396337454	1368.875
2248.66810235461	1374
2250.89592959125	1361.875
2253.12311575681	1372.875
2255.34966115272	1384.25
2257.57556608017	1380
2259.80083084023	1372.875
2262.02545573381	1358.5
2264.24944106163	1374.625
2266.47278712429	1386.75
2268.69549422221	1370.375
2270.91756265564	1367.75
2273.1389927247	1368.625
2275.35978472934	1372.125
2277.57993896933	1370.75
2279.79945574431	1369
2282.01833535375	1368.75
2284.23657809696	1362
2286.45418427309	1374.75
2288.67115418114	1378.375
2290.88748811995	1376.125
2293.10318638819	1375.5
2295.3182492844	1377.25
2297.53267710693	1373.5
2299.746470154	1379
2301.95962872364	1372.5
2304.17215311376	1385.5
2306.3840436221	1384.25
2308.59530054621	1378.5
2310.80592418354	1384.625
2313.01591483134	1389.375
2315.22527278673	1379.5
2317.43399834666	1392.75
2319.64209180791	1369.375
2321.84955346713	1373.875
2324.05638362079	1381.625
2326.26258256524	1381.75
2328.46815059664	1371.625
2330.67308801098	1374.625
2332.87739510415	1374.125
2335.08107217184	1361.375
2337.2841195096	1363.375
2339.48653741281	1368.875
2341.68832617672	1380.875
2343.8894860964	1385.5
2346.09001746678	1370.75
2348.28992058261	1383
2350.48919573852	1376.25
2352.68784322898	1375.375
2354.88586334826	1379.375
2357.08325639055	1371.625
2359.2800226498	1373.125
2361.47616241988	1355.875
2363.67167599445	1380.75
2365.86656366706	1385.25
2368.06082573107	1383.25
2370.2544624797	1370.375
2372.44747420603	1373.5
2374.63986120295	1362.625
2376.83162376322	1382.75
2379.02276217945	1361.75
2381.21327674408	1369.75
2383.4031677494	1374
2385.59243548756	1359.75
2387.78108025053	1371
2389.96910233014	1359
2392.15650201809	1369.25
2394.34327960587	1371.625
2396.52943538486	1369.125
2398.71496964628	1354.875
2400.89988268118	1377.875
2403.08417478048	1381.375
2405.26784623491	1361.125
2407.45089733509	1377
2409.63332837146	1384.125
2411.81513963429	1367.875
2413.99633141375	1358.375
2416.1769039998	1370.75
2418.35685768227	1365.125
2420.53619275084	1366
2422.71490949505	1368.375
2424.89300820425	1356.25
2427.07048916765	1363.5
2429.24735267433	1370.25
2431.42359901319	1369.875
2433.59922847297	1354.25
2435.7742413423	1374
2437.94863790961	1371.625
2440.12241846321	1368.625
2442.29558329121	1358.875
2444.46813268162	1364.75
2446.64006692228	1370.5
2448.81138630086	1376.875
2450.98209110489	1371.375
2453.15218162174	1359.875
2455.32165813864	1368.25
2457.49052094265	1363
2459.65877032069	1369.75
2461.8264065595	1367.875
2463.99342994572	1369.125
2466.15984076579	1365.125
2468.325639306	1378.25
2470.49082585251	1368.125
2472.65540069131	1371.25
2474.81936410824	1381
2476.98271638899	1371.5
2479.14545781909	1361.25
2481.30758868392	1382
2483.4691092687	1367.75
2485.63001985852	1372.625
2487.79032073829	1367.375
2489.95001219277	1366.875
2492.10909450659	1368
2494.26756796419	1368.875
2496.42543284989	1365
2498.58268944783	1363.125
2500.73933804202	1364.125
2502.8953789163	1370.75
2505.05081235436	1373.875
2507.20563863974	1365
2509.35985805582	1362.625
2511.51347088583	1367.125
2513.66647741285	1379.125
2515.81887791981	1368.375
2517.97067268946	1381.5
2520.12186200443	1376.25
2522.27244614716	1378.75
2524.42242539999	1372.625
2526.57180004504	1375.5
2528.72057036433	1373.25
2530.8687366397	1361.375
2533.01629915284	1373.875
2535.16325818527	1363.625
2537.30961401839	1362.875
2539.45536693343	1368.625
2541.60051721145	1368.5
2543.74506513338	1366.75
2545.88901097997	1357.875
2548.03235503185	1364.5
2550.17509756946	1369
2552.31723887311	1361.625
2554.45877922293	1359.125
2556.59971889893	1355.5
2558.74005818094	1363.5
2560.87979734864	1374
2563.01893668155	1358.625
2565.15747645906	1370.125
2567.29541696037	1363.75
2569.43275846454	1369.625
2571.56950125049	1358
2573.70564559696	1361.375
2575.84119178254	1360.625
2577.97614008569	1355.125
2580.11049078468	1367.125
2582.24424415764	1360.875
2584.37740048255	1353.75
2586.50996003722	1371
2588.64192309931	1358.875
2590.77328994634	1366.25
2592.90406085564	1363.25
2595.03423610442	1369.875
2597.16381596971	1367.625
2599.29280072839	1369.625
2601.42119065719	1356.625
2603.54898603267	1364.625
2605.67618713125	1353.75
2607.80279422919	1368.375
2609.92880760257	1369
2612.05422752735	1364.625
2614.17905427932	1364.625
2616.30328813408	1371.625
2618.42692936713	1359.875
2620.54997825377	1360.5
2622.67243506915	1359
2624.79430008828	1352.875
2626.915573586	1363.875
2629.03625583699	1375
2631.15634711579	1365.25
2633.27584769675	1362.25
2635.39475785408	1368.125
2637.51307786185	1363.75
2639.63080799394	1370.125
2641.74794852409	1366.75
2643.86449972589	1373
2645.98046187273	1362.625
2648.0958352379	1373.25
2650.21062009449	1365.125
2652.32481671544	1382.375
2654.43842537353	1374.25
2656.5514463414	1375.875
2658.66387989151	1391.875
2660.77572629616	1381.25
2662.88698582751	1376.25
2664.99765875753	1386.5
2667.10774535806	1379.125
2669.21724590076	1389.5
2671.32616065714	1380.375
2673.43448989857	1390.5
2675.5422338962	1380.5
2677.64939292108	1382.75
2679.75596724408	1378.75
2681.86195713589	1371.5
2683.96736286707	1370.25
2686.07218470799	1375.75
2688.17642292889	1385.25
2690.28007779982	1368.25
2692.38314959069	1367.625
2694.48563857123	1356.25
2696.58754501103	1376.5
2698.6888691795	1363.75
2700.78961134588	1366.625
2702.8897717793	1377.625
2704.98935074864	1360.5
2707.08834852271	1366.25
2709.18676537009	1362.125
2711.28460155925	1352.75
2713.38185735843	1357.125
2715.47853303577	1353.25
2717.57462885924	1364.625
2719.67014509659	1346.75
2721.76508201548	1355.5
2723.85943988337	1357
2725.95321896754	1364.375
2728.04641953515	1347.875
2730.13904185316	1348.375
2732.23108618837	1350
2734.32255280744	1352.375
2736.41344197683	1366.375
2738.50375396288	1360.5
2740.5934890317	1358.875
2742.68264744932	1356.25
2744.77122948153	1360.375
2746.85923539398	1349.25
2748.94666545217	1352.875
2751.03351992142	1350.5
2753.11979906688	1347.125
2755.20550315355	1358.25
2757.29063244624	1359
2759.37518720963	1348
2761.45916770819	1361.125
2763.54257420625	1358.75
2765.62540696797	1355.25
2767.70766625733	1355
2769.78935233816	1355.375
2771.87046547413	1342.5
2773.95100592869	1351.25
2776.03097396519	1361.5
2778.11036984677	1346.875
2780.18919383641	1362.875
2782.26744619693	1350.125
2784.34512719097	1356.5
2786.42223708102	1348.875
2788.49877612937	1359.5
2790.57474459816	1364.25
2792.65014274937	1354.25
2794.7249708448	1354.5
2796.79922914607	1349.75
2798.87291791465	1353.75
2800.94603741181	1371.375
2803.01858789869	1345.625
2805.09056963623	1349.5
2807.1619828852	1354.25
2809.23282790621	1352.375
2811.30310495971	1360
2813.37281430593	1344.5
2815.441956205	1352.375
2817.51053091682	1343.25
2819.57853870114	1355.375
2821.64597981753	1352
2823.7128545254	1359.75
2825.77916308399	1360.25
2827.84490575233	1357.5
2829.91008278933	1360.125
2831.97469445369	1340.75
2834.03874100395	1366.875
2836.10222269847	1349.75
2838.16513979544	1358.125
2840.22749255288	1367.625
2842.28928122863	1363.625
2844.35050608034	1376.75
2846.41116736553	1376.625
2848.47126534149	1375.375
2850.53080026537	1384.5
2852.58977239414	1404.5
2854.64818198459	1381.875
2856.70602929332	1369.125
2858.76331457678	1386.125
2860.82003809123	1378.375
2862.87620009274	1377.75
2864.93180083723	1385.125
2866.98684058043	1384.875
2869.04131957789	1384.875
2871.09523808497	1392.625
2873.14859635689	1383.375
2875.20139464866	1397.25
2877.2536332151	1384.125
2879.30531231091	1388
2881.35643219054	1393.375
2883.40699310831	1385
2885.45699531834	1392.875
2887.50643907457	1393.5
2889.55532463077	1400.375
2891.60365224053	1381.5
2893.65142215724	1419.875
2895.69863463414	1413
2897.74528992426	1409.875
2899.79138828046	1399.875
2901.83692995544	1395.75
2903.88191520168	1400.625
2905.92634427151	1402
2907.97021741706	1388.875
2910.01353489027	1386.625
2912.05629694294	1401.75
2914.09850382663	1384.75
2916.14015579276	1403.375
2918.18125309254	1400.625
2920.22179597702	1402.75
2922.26178469705	1409.5
2924.30121950329	1402.75
2926.34010064624	1408.125
2928.37842837619	1413
2930.41620294326	1423.125
2932.45342459737	1403.625
2934.49009358828	1409.875
2936.52621016555	1407.875
2938.56177457854	1405.125
2940.59678707645	1418
2942.63124790827	1394.625
2944.66515732282	1400.25
2946.69851556873	1402.875
2948.73132289443	1393
2950.76357954817	1395.25
2952.79528577803	1378.25
2954.82644183188	1386
2956.85704795741	1381.625
2958.8871044021	1379.25
2960.91661141328	1400.75
2962.94556923807	1387.375
2964.97397812339	1372.875
2967.00183831598	1379.5
2969.0291500624	1374.125
2971.05591360902	1358.375
2973.08212920199	1377
2975.1077970873	1381
2977.13291751074	1364.25
2979.1574907179	1370.5
2981.18151695419	1376
2983.20499646482	1372.75
2985.2279294948	1364.375
2987.25031628898	1361.75
2989.27215709199	1369.75
2991.29345214825	1370.625
2993.31420170204	1351.25
2995.33440599738	1355.5
2997.35406527816	1360
2999.37317978802	1365.375
3001.39174977045	1360.25
3003.40977546872	1364.5
3005.42725712591	1354.5
3007.44419498491	1364.25
3009.4605892884	1360
3011.47644027889	1361.625
3013.49174819865	1358.75
3015.5065132898	1367.25
3017.52073579424	1352.625
3019.53441595366	1352.5
3021.54755400959	1371
3023.56015020332	1354
3025.57220477598	1357.375
3027.58371796846	1350.125
3029.5946900215	1357
3031.6051211756	1354.625
3033.61501167107	1350.375
3035.62436174803	1358
3037.6331716464	1352
3039.64144160588	1346
3041.649171866	1346.25
3043.65636266607	1357
3045.6630142452	1348.25
3047.66912684229	1348.5
3049.67470069605	1358.125
3051.679736045	1340.625
3053.68423312742	1345.75
3055.68819218143	1344.25
3057.6916134449	1353.875
3059.69449715556	1351
3061.69684355086	1352.75
3063.6986528681	1354.125
3065.69992534437	1352.875
3067.70066121653	1341.375
3069.70086072126	1336.5
3071.700524095	1351.25
3073.69965157405	1347.75
3075.69824339442	1348.25
3077.69629979197	1337.25
3079.69382100235	1340
3081.69080726098	1339.25
3083.68725880307	1341.625
3085.68317586366	1343.875
3087.67855867755	1343.875
3089.67340747933	1347.75
3091.6677225034	1344.25
3093.66150398392	1336.625
3095.6547521549	1333.625
3097.64746725006	1338.25
3099.63964950297	1339.875
3101.63129914698	1333.625
3103.6224164152	1342.25
3105.61300154056	1340.5
3107.60305475576	1349.5
3109.59257629331	1348.875
3111.58156638547	1338.875
3113.57002526432	1349
3115.55795316172	1357.625
3117.54535030932	1347.5
3119.53221693853	1343.625
3121.51855328057	1344.625
3123.50435956646	1351.375
3125.48963602698	1349.125
3127.4743828927	1335.375
3129.45860039397	1354.875
3131.44228876093	1343.875
3133.42544822353	1347.75
3135.40807901145	1348.875
3137.39018135418	1338.625
3139.37175548102	1353.75
3141.35280162101	1336.25
3143.33332000299	1360.625
3145.31331085559	1347.375
3147.2927744072	1338.875
3149.27171088602	1330.75
3151.25012052	1350.5
3153.22800353689	1356
3155.20536016422	1346.875
3157.18219062929	1353.5
3159.15849515918	1345.75
3161.13427398075	1354.5
3163.10952732066	1352.75
3165.08425540532	1346.625
3167.05845846092	1343.375
3169.03213671344	1348
3171.00529038863	1345
3172.97791971203	1350.875
3174.95002490893	1350.375
3176.92160620443	1336.625
3178.89266382337	1339.125
3180.8631979904	1354
3182.83320892991	1334.75
3184.80269686609	1354.5
3186.77166202289	1353.5
3188.74010462406	1331.125
3190.70802489307	1346.75
3192.67542305323	1354.375
3194.64229932757	1354.5
3196.60865393892	1340.5
3198.57448710987	1345.5
3200.53979906279	1348.5
3202.50459001981	1346.625
3204.46886020284	1343.875
3206.43260983356	1350.625
3208.39583913341	1356.75
3210.35854832362	1350.875
3212.32073762517	1350.5
3214.28240725881	1351.5
3216.24355744508	1347.75
3218.20418840426	1349.25
3220.16430035642	1346.75
3222.12389352137	1350.375
3224.08296811873	1352.25
3226.04152436784	1347.625
3227.99956248784	1349.375
3229.95708269762	1358
3231.91408521584	1339.875
3233.87057026092	1347.5
3235.82653805105	1353.25
3237.78198880419	1350.125
3239.73692273806	1345.5
3241.69134007013	1360.5
3243.64524101764	1362
3245.59862579761	1352
3247.55149462681	1347.625
3249.50384772176	1347.875
3251.45568529877	1358.625
3253.40700757387	1350.875
3255.35781476288	1345.125
3257.3081070814	1344.25
3259.25788474473	1355.75
3261.20714796799	1338.125
3263.15589696602	1363.25
3265.10413195345	1352.125
3267.05185314463	1348.75
3268.9990607537	1346.375
3270.94575499455	1350.125
3272.89193608081	1353
3274.8376042259	1355.375
3276.78275964296	1345.75
3278.72740254492	1346.625
3280.67153314443	1347.25
3282.61515165393	1343.125
3284.55825828559	1356.625
3286.50085325135	1349.125
3288.44293676289	1355.875
3290.38450903165	1351.75
3292.32557026883	1339
3294.26612068537	1341.375
3296.20616049198	1352.125
3298.14568989911	1349
3300.08470911695	1349.375
3302.02321835546	1349.625
3303.96121782435	1365.25
3305.89870773306	1352.375
3307.83568829081	1342.125
3309.77215970655	1355
3311.70812218898	1349.625
3313.64357594655	1354.75
3315.57852118747	1339.5
3317.51295811968	1337.625
3319.44688695087	1346.875
3321.38030788849	1354.75
3323.31322113973	1352
3325.24562691152	1348
3327.17752541055	1340.875
3329.10891684322	1350.375
3331.03980141573	1351.375
3332.97017933399	1348.375
3334.90005080364	1350.625
3336.82941603011	1350.25
3338.75827521852	1337.25
3340.68662857377	1339.25
3342.6144763005	1360.375
3344.54181860308	1347
3346.46865568561	1363.25
3348.39498775195	1345.75
3350.32081500571	1345
3352.24613765022	1335.75
3354.17095588855	1345.375
3356.09526992352	1363.375
3358.01907995769	1335.875
3359.94238619334	1361.125
3361.86518883251	1357.375
3363.78748807697	1351.75
3365.70928412823	1350.375
3367.63057718752	1343.375
3369.55136745582	1337.125
3371.47165513386	1342.5
3373.39144042208	1357.5
3375.31072352066	1357.125
3377.22950462953	1353.875
3379.14778394834	1349.625
3381.06556167648	1342.75
3382.98283801308	1334.125
3384.89961315697	1348.375
3386.81588730676	1352.75
3388.73166066076	1364
3390.64693341702	1342.875
3392.56170577332	1347
3394.47597792716	1345
3396.38975007581	1341.75
3398.30302241623	1338.25
3400.21579514512	1350.625
3402.1280684589	1339.25
3404.03984255374	1349
3405.95111762553	1348.75
3407.86189386987	1346.25
3409.77217148212	1355
3411.68195065733	1348.375
3413.5912315903	1341.25
3415.50001447556	1343.375
3417.40829950735	1345.375
3419.31608687963	1337.875
3421.22337678611	1342.375
3423.1301694202	1348.75
3425.03646497504	1356.125
3426.9422636435	1344.125
3428.84756561816	1343
3430.75237109135	1356.5
3432.65668025508	1351.5
3434.56049330112	1336
3436.46381042093	1351
3438.36663180571	1347.875
3440.26895764638	1347.125
3442.17078813357	1351.25
3444.07212345762	1333.625
3445.97296380863	1341.25
3447.87330937636	1354.375
3449.77316035033	1337.875
3451.67251691977	1324.5
3453.57137927361	1339.875
3455.46974760052	1347.125
3457.36762208886	1349.875
3459.26500292671	1339.375
3461.16189030191	1327
3463.05828440194	1339
3464.95418541406	1350.25
3466.84959352519	1335.375
3468.74450892201	1342.125
3470.63893179088	1333.5
3472.53286231788	1333.25
3474.42630068881	1328
3476.31924708918	1337.875
3478.2117017042	1343.75
3480.1036647188	1340
3481.99513631761	1341
3483.88611668498	1333.5
3485.77660600498	1334.75
3487.66660446135	1340.5
3489.55611223758	1338
3491.44512951683	1341.5
3493.333656482	1343.375
3495.22169331568	1333.375
3497.10924020016	1341.5
3498.99629731746	1331.125
3500.88286484927	1333.75
3502.76894297702	1335.5
3504.65453188182	1334.25
3506.53963174449	1335.75
3508.42424274555	1338.125
3510.30836506524	1329.375
3512.19199888349	1331.625
3514.07514437992	1334.125
3515.95780173387	1331.5
3517.83997112437	1336.5
3519.72165273016	1328.75
3521.60284672967	1323.625
3523.48355330104	1330
3525.36377262208	1330.375
3527.24350487035	1336.875
3529.12275022306	1324.75
3531.00150885715	1331.25
3532.87978094923	1339.375
3534.75756667562	1331.875
3536.63486621235	1322
3538.51167973512	1315.5
3540.38800741934	1324.25
3542.26384944011	1328.375
3544.13920597223	1317.625
3546.01407719018	1322.75
3547.88846326815	1331.5
3549.76236438002	1321.875
3551.63578069934	1330.375
3553.50871239938	1319.5
3555.38115965309	1328.75
3557.25312263311	1323.75
3559.12460151177	1313
3560.99559646109	1330
3562.86610765279	1319
3564.73613525825	1318.375
3566.60567944857	1319.375
3568.47474039453	1324.875
3570.34331826658	1317.375
3572.21141323487	1327
3574.07902546925	1318.75
3575.94615513922	1317.75
3577.81280241401	1324.75
3579.67896746249	1318.75
3581.54465045325	1313.875
3583.40985155455	1331
3585.27457093432	1321.5
3587.1388087602	1319.25
3589.00256519949	1314.75
3590.86584041919	1319.875
3592.72863458597	1310.25
3594.59094786618	1325.75
3596.45278042585	1327.125
3598.31413243069	1312.125
3600.17500404611	1323.75
3602.03539543717	1314.75
3603.89530676861	1313.625
3605.75473820488	1321.5
3607.61368991007	1315.75
3609.47216204797	1314.875
3611.33015478203	1315.375
3613.18766827539	1317
3615.04470269087	1315
3616.90125819094	1319.25
3618.75733493776	1309
3620.61293309318	1313.25
3622.46805281869	1311.125
3624.32269427547	1317.75
3626.17685762439	1315
3628.03054302596	1324
3629.88375064038	1312.25
3631.73648062751	1308.5
3633.5887331469	1311.125
3635.44050835775	1307.875
3637.29180641893	1307.125
3639.14262748899	1308
3640.99297172614	1314.75
3642.84283928828	1303.75
3644.69223033294	1301.625
3646.54114501734	1315.625
3648.38958349836	1313
3650.23754593256	1301.25
3652.08503247614	1299.75
3653.93204328497	1301.875
3655.77857851462	1309.625
3657.62463832028	1310.5
3659.47022285682	1308.625
3661.31533227877	1298.625
3663.15996674033	1304.25
3665.00412639535	1304.25
3666.84781139736	1303.25
3668.69102189953	1313.75
3670.5337580547	1301.25
3672.37602001537	1291.875
3674.21780793368	1306.125
3676.05912196148	1310.25
3677.89996225021	1299.125
3679.74032895103	1305.25
3681.58022221471	1306.75
3683.41964219171	1299
3685.25858903211	1304.875
3687.0970628857	1294.5
3688.93506390186	1305.75
3690.77259222968	1297
3692.60964801787	1305.75
3694.44623141481	1314.5
3696.28234256853	1298.625
3698.11798162669	1299
3699.95314873665	1285.125
3701.78784404537	1297.75
3703.62206769951	1303.75
3705.45581984533	1296.125
3707.28910062877	1304.75
3709.12191019542	1304.125
3710.95424869052	1292
3712.78611625894	1298
3714.6175130452	1287.625
3716.44843919349	1290.625
3718.27889484764	1296.125
3720.1088801511	1301.875
3721.93839524699	1295.625
3723.76744027808	1305.125
3725.59601538677	1297.5
3727.4241207151	1304.75
