40.2973356941271	1128.80004882813
43.2236257608418	1128
46.1488808466109	1134.30004882813
49.0731017336173	1137.5
51.9962892025666	1137.30004882813
54.9184440327569	1141.09997558594
57.8395670020446	1144.30004882813
60.7596588868509	1144.40002441406
63.6787204621708	1148.30004882813
66.5967525015794	1159.19995117188
69.5137557772381	1159.5
72.4297310598838	1172.59997558594
75.3446791188512	1180
78.2586007220466	1195.59997558594
81.1714966360015	1222.5
84.0833676258266	1240.69995117188
86.994214455242	1262.30004882813
89.9040378865662	1290
92.8128386807427	1302.09997558594
95.7206175973133	1324
98.6273753944444	1350.5
101.533112828928	1355.40002441406
104.437830656161	1360
107.34152963018	1357.69995117188
110.244210503676	1346.5
113.145874027931	1351.90002441406
116.046520952895	1337.09997558594
118.946152027154	1341.90002441406
121.844767997933	1321.69995117188
124.74236961111	1338.59997558594
127.638957611212	1328.59997558594
130.534532741422	1317.69995117188
133.429095743606	1316.80004882813
136.322647358252	1325
139.215188324544	1317.59997558594
142.106719380311	1315.59997558594
144.997241262089	1322.30004882813
147.886754705057	1321.19995117188
150.775260443096	1317
153.662759208748	1321.40002441406
156.549251733282	1296.59997558594
159.434738746612	1318.5
162.319220977376	1311.59997558594
165.20269915289	1306
168.085173999178	1303.19995117188
170.966646240977	1283.40002441406
173.847116601709	1293.59997558594
176.726585803528	1289.40002441406
179.605054567295	1292.59997558594
182.48252361259	1288.5
185.358993657701	1294.90002441406
188.234465419645	1277.80004882813
191.108939614183	1279.09997558594
193.982416955795	1275.40002441406
196.854898157687	1277.5
199.726383931801	1268.40002441406
202.596874988835	1269.5
205.466372038225	1277.5
208.334875788145	1267.80004882813
211.202386945534	1266.19995117188
214.068906216069	1271.19995117188
216.934434304194	1270
219.798971913111	1260
222.662519744776	1271.09997558594
225.525078499925	1257.09997558594
228.386648878069	1259.69995117188
231.247231577465	1250.5
234.106827295172	1253.59997558594
236.965436727012	1242.90002441406
239.823060567597	1250.19995117188
242.679699510337	1244.90002441406
245.535354247396	1251.40002441406
248.390025469775	1242.59997558594
251.243713867223	1238
254.096420128327	1238.5
256.948144940459	1235.90002441406
259.798888989788	1233.80004882813
262.648652961315	1233.40002441406
265.49743753883	1231.90002441406
268.345243404939	1239.19995117188
271.192071241073	1227.40002441406
274.037921727485	1236.69995117188
276.882795543246	1232.80004882813
279.72669336624	1231.69995117188
282.569615873213	1229.09997558594
285.411563739724	1227.40002441406
288.252537640165	1231.69995117188
291.092538247763	1224.5
293.931566234616	1229.09997558594
296.769622271633	1221.09997558594
299.606707028594	1223.40002441406
302.442821174104	1225.80004882813
305.277965375652	1221
308.112140299574	1225.80004882813
310.945346611062	1225.69995117188
313.777584974167	1234
316.608856051813	1221.19995117188
319.439160505797	1223
322.268498996783	1225.80004882813
325.096872184303	1227.69995117188
327.924280726782	1218.90002441406
330.750725281521	1230.19995117188
333.576206504693	1219.09997558594
336.400725051388	1217.59997558594
339.224281575542	1226.5
342.046876730026	1216.30004882813
344.868511166586	1222
347.689185535872	1218.09997558594
350.508900487421	1224.90002441406
353.327656669699	1224.19995117188
356.145454730079	1218.90002441406
358.962295314817	1220.69995117188
361.778179069105	1216.19995117188
364.593106637051	1219.90002441406
367.407078661675	1218.19995117188
370.220095784913	1217.90002441406
373.032158647655	1221.09997558594
375.843267889676	1223
378.653424149715	1215.19995117188
381.462628065436	1218.69995117188
384.270880273432	1226.40002441406
387.078181409254	1219.90002441406
389.884532107358	1226.30004882813
392.689933001188	1223.90002441406
395.494384723112	1218
398.29788790445	1221.30004882813
401.100443175488	1223.5
403.902051165437	1220
406.702712502518	1225.09997558594
409.502427813866	1222.19995117188
412.301197725607	1218.90002441406
415.099022862823	1218.09997558594
417.89590384957	1219.19995117188
420.691841308876	1228.5
423.486835862752	1225.5
426.280888132173	1231
429.073998737112	1225
431.866168296507	1219.5
434.657397428298	1218.5
437.447686749412	1216.19995117188
440.237036875762	1224.80004882813
443.025448422257	1225.19995117188
445.812922002813	1228.59997558594
448.599458230326	1223
451.38505771672	1218.19995117188
454.169721072909	1217.40002441406
456.953448908819	1230.19995117188
459.736241833384	1225.69995117188
462.518100454555	1225.80004882813
465.2990253793	1226.09997558594
468.079017213605	1221.69995117188
470.858076562476	1219.30004882813
473.636204029939	1226.90002441406
476.41340021906	1219.5
479.189665731938	1220.59997558594
481.965001169667	1220.80004882813
484.739407132419	1216.90002441406
487.512884219391	1230.69995117188
490.285433028796	1223.80004882813
493.057054157921	1226.40002441406
495.827748203087	1222.80004882813
498.597515759658	1231.40002441406
501.366357422061	1230.90002441406
504.134273783759	1227
506.901265437278	1221.69995117188
509.66733297421	1230.90002441406
512.432476985198	1233.30004882813
515.196698059945	1223.40002441406
517.959996787225	1234.09997558594
520.722373754895	1218.09997558594
523.483829549856	1227.19995117188
526.24436475811	1233.59997558594
529.003979964696	1224.69995117188
531.762675753779	1228.80004882813
534.520452708569	1226.69995117188
537.277311411375	1228.19995117188
540.03325244359	1225.09997558594
542.788276385682	1233.90002441406
545.54238381725	1229.90002441406
548.295575316938	1227.90002441406
551.047851462516	1231.30004882813
553.799212830831	1229.80004882813
556.549659997851	1226.80004882813
559.299193538643	1228.69995117188
562.047814027381	1224.30004882813
564.795522037318	1226.19995117188
567.542318140861	1226.59997558594
570.288202909507	1233.19995117188
573.033176913873	1227.30004882813
575.7772407237	1222.09997558594
578.520394907829	1221.90002441406
581.26264003424	1230
584.003976670046	1230.30004882813
586.744405381469	1229
589.483926733869	1233.59997558594
592.222541291746	1225.40002441406
594.96024961872	1229.30004882813
597.697052277563	1229.30004882813
600.432949830166	1222.40002441406
603.167942837587	1224.69995117188
605.902031860012	1231.80004882813
608.635217456783	1231.69995117188
611.367500186378	1218.09997558594
614.098880606429	1232.69995117188
616.82935927374	1230.90002441406
619.558936744248	1213.59997558594
622.287613573072	1223
625.015390314457	1233.59997558594
627.742267521848	1226.09997558594
630.468245747829	1231.5
633.193325544166	1230.09997558594
635.917507461792	1229.80004882813
638.640792050804	1230.5
641.36317986048	1227.09997558594
644.084671439281	1232.80004882813
646.805267334845	1232.40002441406
649.524968093967	1234.5
652.24377426266	1221.80004882813
654.961686386106	1230.5
657.678705008678	1226.69995117188
660.394830673939	1229.90002441406
663.110063924628	1230.90002441406
665.824405302728	1222.80004882813
668.537855349351	1227.59997558594
671.250414604863	1227.80004882813
673.962083608812	1232.80004882813
676.672862899949	1227.19995117188
679.382753016218	1233.90002441406
682.091754494801	1226.5
684.799867872061	1229.59997558594
687.507093683595	1229.30004882813
690.213432464198	1231.19995117188
692.918884747899	1232.09997558594
695.623451067937	1229.59997558594
698.327131956755	1227.90002441406
701.029927946065	1235
703.731839566754	1226.69995117188
706.43286734896	1231.5
709.133011822067	1235.69995117188
711.832273514658	1239.80004882813
714.53065295457	1231.69995117188
717.228150668879	1231.80004882813
719.924767183889	1230.40002441406
722.620503025148	1228.40002441406
725.315358717446	1236.40002441406
728.009334784827	1236.09997558594
730.702431750559	1239.19995117188
733.394650137188	1234.09997558594
736.085990466498	1226.59997558594
738.776453259519	1227.80004882813
741.466039036542	1225.59997558594
744.154748317125	1234.90002441406
746.842581620074	1235.5
749.529539463458	1241.30004882813
752.215622364608	1249.59997558594
754.900830840131	1244.90002441406
757.585165405892	1246.40002441406
760.26862657703	1242.80004882813
762.951214867957	1241.90002441406
765.632930792356	1240.69995117188
768.313774863181	1246.69995117188
770.993747592673	1238.09997558594
773.672849492359	1240.5
776.351081073017	1236.19995117188
779.028442844757	1242.69995117188
781.704935316928	1236
784.380558998208	1231.40002441406
787.055314396528	1231.80004882813
789.729202019141	1232.80004882813
792.402222372581	1236.40002441406
795.074375962669	1229.40002441406
797.745663294537	1237.19995117188
800.416084872622	1231.19995117188
803.085641200652	1230.80004882813
805.754332781664	1227.69995117188
808.422160117986	1236.80004882813
811.089123711292	1237.69995117188
813.75522406252	1230.30004882813
816.420461671951	1231.69995117188
819.084837039164	1244.69995117188
821.748350663067	1235.5
824.411003041866	1242.90002441406
827.072794673116	1245.59997558594
829.733726053668	1240.69995117188
832.39379767971	1238.5
835.05301004674	1241
837.711363649601	1239.80004882813
840.368858982457	1237.09997558594
843.025496538805	1240.19995117188
845.681276811467	1237.5
848.336200292618	1245.09997558594
850.99026747375	1250.69995117188
853.643478845713	1244.30004882813
856.29583489868	1245.5
858.947336122176	1242.69995117188
861.59798300506	1246.80004882813
864.247776035556	1242.80004882813
866.896715701222	1243.69995117188
869.544802488959	1238
872.192036885046	1238.5
874.838419375087	1246.90002441406
877.483950444054	1241.5
880.128630576285	1244.19995117188
882.772460255461	1245.80004882813
885.415439964628	1243.69995117188
888.057570186211	1244.90002441406
890.698851401966	1249.40002441406
893.339284093045	1242.80004882813
895.978868739961	1250.90002441406
898.617605822596	1244.90002441406
901.255495820196	1243.90002441406
903.892539211396	1251.19995117188
906.528736474184	1251.5
909.164088085949	1255.59997558594
911.798594523442	1246.80004882813
914.432256262804	1246.40002441406
917.065073779549	1249.90002441406
919.697047548589	1248.90002441406
922.328178044212	1255.5
924.9584657401	1252.19995117188
927.587911109317	1256.40002441406
930.216514624317	1255.69995117188
932.844276756963	1249.90002441406
935.471197978488	1262.40002441406
938.097278759538	1255
940.722519570163	1260.30004882813
943.346920879798	1258.80004882813
945.97048315729	1256.30004882813
948.593206870885	1247.80004882813
951.215092488219	1254.90002441406
953.836140476366	1264.59997558594
956.456351301787	1260.59997558594
959.07572543037	1259.09997558594
961.694263327369	1260.19995117188
964.311965457521	1252.40002441406
966.928832284933	1240.40002441406
969.544864273135	1247
972.160061885076	1250.5
974.774425583129	1250.90002441406
977.387955829099	1254.09997558594
980.000653084196	1252.5
982.612517809061	1245
985.223550463768	1248.30004882813
987.833751507819	1250.80004882813
990.443121400135	1249.5
993.051660599081	1245.80004882813
995.659369562449	1252.09997558594
998.266248747469	1258.19995117188
1000.87229861081	1268
1003.47751960857	1270.40002441406
1006.0819121963	1246.90002441406
1008.68547682897	1256.69995117188
1011.28821396104	1251
1013.89012404635	1253.40002441406
1016.49120753824	1249.90002441406
1019.09146488947	1250.19995117188
1021.69089655226	1251
1024.28950297827	1246.90002441406
1026.88728461863	1248.90002441406
1029.48424192392	1252.30004882813
1032.08037534416	1251
1034.67568532886	1247.09997558594
1037.27017232694	1255.40002441406
1039.86383678682	1249
1042.45667915637	1248
1045.04869988293	1255.59997558594
1047.6398994133	1258
1050.23027819374	1248.59997558594
1052.81983666998	1257.30004882813
1055.40857528724	1248.5
1057.99649449018	1252.59997558594
1060.58359472296	1258.69995117188
1063.1698764292	1242
1065.755340052	1254.59997558594
1068.33998603393	1255.5
1070.92381481706	1253.59997558594
1073.50682684291	1259.40002441406
1076.08902255251	1244.09997558594
1078.67040238637	1258.30004882813
1081.25096678445	1252.69995117188
1083.83071618624	1251.69995117188
1086.4096510307	1254.09997558594
1088.98777175629	1255.90002441406
1091.56507880094	1259.19995117188
1094.14157260208	1252.59997558594
1096.71725359664	1256.90002441406
1099.29212222106	1258.80004882813
1101.86617891125	1243.5
1104.43942410262	1248.19995117188
1107.01185823011	1247.40002441406
1109.58348172812	1244.19995117188
1112.15429503057	1251.40002441406
1114.7242985709	1244.30004882813
1117.29349278203	1255.90002441406
1119.86187809642	1251
1122.42945494599	1256.59997558594
1124.99622376222	1243.19995117188
1127.56218497606	1253.19995117188
1130.12733901801	1252.09997558594
1132.69168631804	1254.80004882813
1135.25522730568	1252.5
1137.81796240995	1244.90002441406
1140.37989205941	1245.80004882813
1142.9410166821	1242.80004882813
1145.50133670561	1244.30004882813
1148.06085255708	1247.40002441406
1150.61956466311	1245.19995117188
1153.17747344987	1250.40002441406
1155.73457934305	1260.5
1158.29088276786	1248.69995117188
1160.84638414903	1249.40002441406
1163.40108391085	1237.59997558594
1165.95498247711	1251.59997558594
1168.50808027116	1243
1171.06037771587	1253.40002441406
1173.61187523364	1251
1176.16257324643	1250.30004882813
1178.71247217573	1243.90002441406
1181.26157244255	1247.90002441406
1183.80987446746	1244.90002441406
1186.35737867059	1248.19995117188
1188.90408547157	1243.19995117188
1191.44999528961	1249.69995117188
1193.99510854347	1248.69995117188
1196.53942565142	1254.59997558594
1199.08294703133	1254.09997558594
1201.62567310057	1248.09997558594
1204.16760427611	1256.30004882813
1206.70874097445	1256.5
1209.24908361163	1260.80004882813
1211.78863260327	1254.90002441406
1214.32738836454	1246.59997558594
1216.86535131017	1247.09997558594
1219.40252185445	1250.40002441406
1221.93890041121	1259.59997558594
1224.47448739389	1255.19995117188
1227.00928321544	1255.40002441406
1229.54328828842	1263.90002441406
1232.07650302491	1264.40002441406
1234.60892783662	1264.5
1237.14056313477	1260.80004882813
1239.67140933017	1269.09997558594
1242.2014668332	1259.80004882813
1244.73073605384	1264.90002441406
1247.25921740159	1273.90002441406
1249.78691128558	1266.09997558594
1252.31381811448	1265
1254.83993829655	1270.69995117188
1257.36527223962	1267
1259.88982035112	1267.30004882813
1262.41358303803	1261.5
1264.93656070696	1265.69995117188
1267.45875376405	1264.69995117188
1269.98016261505	1274.09997558594
1272.50078766531	1269.5
1275.02062931974	1272.19995117188
1277.53968798285	1279.40002441406
1280.05796405875	1279
1282.57545795112	1269
1285.09217006325	1268.69995117188
1287.60810079802	1271.19995117188
1290.12325055788	1266.09997558594
1292.63761974492	1274.19995117188
1295.15120876079	1266
1297.66401800676	1277
1300.17604788367	1272.90002441406
1302.687298792	1282.90002441406
1305.19777113181	1282.69995117188
1307.70746530274	1275.40002441406
1310.21638170408	1276.09997558594
1312.7245207347	1286.09997558594
1315.23188279307	1275
1317.73846827728	1271.30004882813
1320.24427758502	1286.69995117188
1322.74931111359	1278.80004882813
1325.25356925991	1272.40002441406
1327.75705242051	1267.90002441406
1330.25976099151	1269.40002441406
1332.76169536868	1268.40002441406
1335.26285594737	1271.59997558594
1337.76324312256	1282.5
1340.26285728887	1275.40002441406
1342.76169884052	1277.30004882813
1345.25976817132	1275.09997558594
1347.75706567474	1273.40002441406
1350.25359174387	1267.40002441406
1352.74934677141	1264.19995117188
1355.24433114968	1261.30004882813
1357.73854527062	1258.59997558594
1360.23198952583	1254.09997558594
1362.7246643065	1271.90002441406
1365.21657000347	1259.90002441406
1367.7077070072	1260.09997558594
1370.19807570777	1260
1372.68767649492	1265.40002441406
1375.176509758	1253
1377.66457588599	1253.40002441406
1380.15187526753	1251.80004882813
1382.63840829087	1262.80004882813
1385.1241753439	1264.09997558594
1387.60917681417	1260
1390.09341308884	1260.69995117188
1392.57688455474	1262.5
1395.05959159829	1271.69995117188
1397.54153460562	1266.69995117188
1400.02271396243	1271.30004882813
1402.50313005414	1262.90002441406
1404.98278326576	1265.09997558594
1407.46167398196	1272.5
1409.93980258707	1266.09997558594
1412.41716946504	1266.40002441406
1414.89377499951	1259.69995117188
1417.36961957373	1265.5
1419.84470357062	1260.59997558594
1422.31902737275	1263.09997558594
1424.79259136235	1260.59997558594
1427.26539592129	1268.59997558594
1429.73744143111	1276.09997558594
1432.20872827299	1276.80004882813
1434.67925682777	1275
1437.14902747597	1265.5
1439.61804059773	1287.90002441406
1442.0862965729	1286.90002441406
1444.55379578093	1291.30004882813
1447.02053860099	1300.09997558594
1449.48652541188	1304.5
1451.95175659206	1302.19995117188
1454.41623251969	1293
1456.87995357255	1289
1459.34292012811	1286.5
1461.80513256351	1290.90002441406
1464.26659125557	1273.69995117188
1466.72729658073	1286.09997558594
1469.18724891517	1279.5
1471.64644863469	1266
1474.10489611478	1267.09997558594
1476.5625917306	1257.90002441406
1479.01953585699	1263.69995117188
1481.47572886844	1254.90002441406
1483.93117113917	1259.19995117188
1486.38586304302	1254.90002441406
1488.83980495354	1252.69995117188
1491.29299724395	1256
1493.74544028715	1262.59997558594
1496.19713445573	1257.19995117188
1498.64808012193	1256.30004882813
1501.09827765772	1248.69995117188
1503.54772743471	1253.80004882813
1505.99642982421	1259.30004882813
1508.44438519723	1255.5
1510.89159392446	1257.80004882813
1513.33805637625	1254.59997558594
1515.78377292266	1254
1518.22874393346	1255.30004882813
1520.67296977806	1253.59997558594
1523.11645082559	1253.90002441406
1525.55918744488	1257.30004882813
1528.00118000444	1248.40002441406
1530.44242887245	1262.69995117188
1532.88293441684	1252
1535.32269700517	1250.80004882813
1537.76171700475	1257.30004882813
1540.19999478255	1255.59997558594
1542.63753070526	1263.5
1545.07432513925	1260.5
1547.5103784506	1258.09997558594
1549.94569100509	1267.5
1552.38026316819	1257.59997558594
1554.8140953051	1258.09997558594
1557.24718778067	1257.30004882813
1559.67954095952	1265.30004882813
1562.11115520592	1258.40002441406
1564.54203088386	1254.90002441406
1566.97216835704	1261.80004882813
1569.40156798888	1262.30004882813
1571.83023014248	1263.19995117188
1574.25815518067	1256.40002441406
1576.68534346597	1267.59997558594
1579.11179536062	1260.90002441406
1581.53751122658	1260.80004882813
1583.9624914255	1258.80004882813
1586.38673631876	1268.09997558594
1588.81024626745	1269.90002441406
1591.23302163235	1263.80004882813
1593.655062774	1267.40002441406
1596.07637005262	1272
1598.49694382815	1267.30004882813
1600.91678446025	1260.5
1603.33589230831	1279.09997558594
1605.75426773142	1268.40002441406
1608.1719110884	1275.19995117188
1610.58882273779	1267.09997558594
1613.00500303784	1277.80004882813
1615.42045234654	1281.40002441406
1617.83517102158	1272
1620.24915942039	1276.09997558594
1622.66241790012	1279.09997558594
1625.07494681764	1285.5
1627.48674652954	1273.69995117188
1629.89781739216	1276.19995117188
1632.30815976152	1294.90002441406
1634.71777399343	1290.59997558594
1637.12666044338	1284.80004882813
1639.53481946661	1292.30004882813
1641.94225141808	1292.69995117188
1644.34895665248	1294.40002441406
1646.75493552424	1302.69995117188
1649.16018838752	1307.5
1651.56471559621	1314
1653.96851750392	1300.30004882813
1656.37159446403	1309.90002441406
1658.7739468296	1303.80004882813
1661.17557495349	1301.69995117188
1663.57647918824	1291.5
1665.97665988617	1302.69995117188
1668.37611739929	1296.19995117188
1670.77485207939	1284.90002441406
1673.17286427799	1288.69995117188
1675.57015434633	1285.19995117188
1677.96672263542	1275.19995117188
1680.36256949598	1273.80004882813
1682.7576952785	1277
1685.15210033318	1270.59997558594
1687.54578501	1261.30004882813
1689.93874965866	1266.09997558594
1692.33099462861	1259.69995117188
1694.72252026904	1257
1697.11332692889	1257
1699.50341495686	1250.69995117188
1701.89278470137	1264.19995117188
1704.28143651061	1260.80004882813
1706.66937073251	1257.19995117188
1709.05658771473	1253.5
1711.44308780473	1252.69995117188
1713.82887134968	1262.80004882813
1716.21393869648	1258.19995117188
1718.59829019185	1254
1720.98192618221	1247.59997558594
1723.36484701374	1252.09997558594
1725.74705303238	1255.19995117188
1728.12854458384	1256.40002441406
1730.50932201356	1254.40002441406
1732.88938566673	1247.80004882813
1735.26873588834	1258.30004882813
1737.64737302307	1248
1740.02529741544	1252.30004882813
1742.40250940964	1250.30004882813
1744.77900934969	1252.90002441406
1747.15479757933	1252.80004882813
1749.52987444206	1260.30004882813
1751.90424028116	1250.09997558594
1754.27789543967	1246.90002441406
1756.65084026037	1246.40002441406
1759.02307508582	1254
1761.39460025833	1247.30004882813
1763.76541612	1251.69995117188
1766.13552301265	1250.40002441406
1768.50492127791	1255.69995117188
1770.87361125714	1256.5
1773.2415932915	1254.19995117188
1775.60886772188	1257.30004882813
1777.97543488896	1259.69995117188
1780.34129513318	1255.90002441406
1782.70644879475	1247.90002441406
1785.07089621365	1252.09997558594
1787.43463772964	1252.19995117188
1789.7976736822	1251.19995117188
1792.16000441066	1248.90002441406
1794.52163025405	1259.30004882813
1796.88255155121	1251.40002441406
1799.24276864074	1252.30004882813
1801.60228186102	1253.09997558594
1803.96109155019	1249.59997558594
1806.31919804618	1250.90002441406
1808.67660168668	1253.80004882813
1811.03330280916	1257
1813.38930175088	1250.90002441406
1815.74459884884	1248.30004882813
1818.09919443984	1260.30004882813
1820.45308886047	1249.69995117188
1822.80628244708	1254.5
1825.1587755358	1248.59997558594
1827.51056846254	1246.5
1829.86166156297	1251.69995117188
1832.21205517258	1249.90002441406
1834.56174962661	1252.19995117188
1836.91074526009	1245.5
1839.25904240783	1256.59997558594
1841.60664140443	1244.5
1843.95354258425	1243.19995117188
1846.29974628146	1252.80004882813
1848.64525282998	1252.40002441406
1850.99006256356	1241.59997558594
1853.3341758157	1247.69995117188
1855.67759291968	1249.80004882813
1858.02031420858	1252.40002441406
1860.36234001528	1250.5
1862.70367067241	1250.40002441406
1865.04430651244	1253.5
1867.38424786755	1251
1869.72349506978	1249.40002441406
1872.06204845094	1259.40002441406
1874.39990834258	1252.69995117188
1876.73707507612	1254.09997558594
1879.07354898269	1247.19995117188
1881.40933039328	1255.90002441406
1883.74441963861	1249.5
1886.07881704925	1253
1888.41252295551	1248.30004882813
1890.74553768751	1250.59997558594
1893.07786157519	1258.30004882813
1895.40949494822	1252.59997558594
1897.74043813615	1250.09997558594
1900.07069146823	1248.5
1902.40025527357	1252
1904.72912988106	1247.59997558594
1907.05731561938	1252.69995117188
1909.38481281699	1255
1911.71162180217	1243.90002441406
1914.037742903	1252.30004882813
1916.36317644734	1260.69995117188
1918.68792276284	1257.90002441406
1921.01198217697	1249.80004882813
1923.33535501699	1253.30004882813
1925.65804160996	1252.19995117188
1927.98004228273	1258.90002441406
1930.30135736196	1259.19995117188
1932.6219871741	1254
1934.94193204543	1254.69995117188
1937.26119230198	1256.5
1939.57976826962	1257.30004882813
1941.89766027402	1249.40002441406
1944.21486864062	1256.40002441406
1946.53139369472	1249.80004882813
1948.84723576137	1251.5
1951.16239516543	1253.59997558594
1953.47687223159	1255.59997558594
1955.79066728434	1252.09997558594
1958.10378064794	1249.69995117188
1960.4162126465	1247.90002441406
1962.7279636039	1259.40002441406
1965.03903384385	1259.09997558594
1967.34942368987	1258.90002441406
1969.65913346524	1256.69995117188
1971.96816349311	1254.5
1974.2765140964	1253.30004882813
1976.58418559784	1251
1978.89117831997	1258.40002441406
1981.19749258516	1248.59997558594
1983.50312871555	1254.90002441406
1985.80808703313	1246.5
1988.11236785967	1250.80004882813
1990.41597151676	1251.40002441406
1992.71889832581	1251.19995117188
1995.02114860801	1254.80004882813
1997.3227226844	1252.09997558594
1999.62362087581	1250.59997558594
2001.92384350288	1252.09997558594
2004.22339088608	1255.30004882813
2006.52226334567	1257.19995117188
2008.82046120173	1251.19995117188
2011.11798477417	1249.59997558594
2013.41483438269	1253
2015.71101034681	1249.90002441406
2018.00651298588	1255.09997558594
2020.30134261905	1255.09997558594
2022.59549956528	1256.40002441406
2024.88898414337	1252.69995117188
2027.1817966719	1255.19995117188
2029.4739374693	1260.90002441406
2031.76540685379	1262
2034.05620514342	1251.30004882813
2036.34633265607	1254.40002441406
2038.6357897094	1259.59997558594
2040.92457662092	1261.40002441406
2043.21269370795	1255.90002441406
2045.50014128763	1256.59997558594
2047.78691967691	1257.30004882813
2050.07302919256	1256.40002441406
2052.35847015118	1255.40002441406
2054.64324286919	1256.69995117188
2056.9273476628	1251.19995117188
2059.21078484808	1258
2061.4935547409	1256.5
2063.77565765696	1252.30004882813
2066.05709391176	1259.59997558594
2068.33786382065	1257.90002441406
2070.61796769879	1259
2072.89740586116	1255.30004882813
2075.17617862255	1259.80004882813
2077.45428629759	1250.09997558594
2079.73172920075	1253.5
2082.00850764627	1248.90002441406
2084.28462194827	1256.19995117188
2086.56007242065	1250.5
2088.83485937717	1252.09997558594
2091.10898313139	1264.09997558594
2093.3824439967	1259.40002441406
2095.65524228632	1248.90002441406
2097.92737831328	1256.09997558594
2100.19885239047	1269.69995117188
2102.46966483057	1252.90002441406
2104.7398159461	1256
2107.00930604941	1257.5
2109.27813545267	1259.5
2111.54630446787	1256
2113.81381340685	1258
2116.08066258126	1252.69995117188
2118.34685230257	1254.30004882813
2120.61238288211	1261.30004882813
2122.87725463099	1253.19995117188
2125.1414678602	1261.59997558594
2127.40502288052	1259.40002441406
2129.66792000257	1261.90002441406
2131.93015953682	1255.80004882813
2134.19174179353	1256.09997558594
2136.45266708282	1260.59997558594
2138.71293571463	1264
2140.97254799873	1262.09997558594
2143.23150424473	1263.5
2145.48980476205	1256.80004882813
2147.74744985996	1264.40002441406
2150.00443984754	1270
2152.26077503373	1258.19995117188
2154.51645572728	1258
2156.77148223677	1254.80004882813
2159.02585487064	1258
2161.27957393713	1254.59997558594
2163.53263974432	1267.80004882813
2165.78505260012	1262.59997558594
2168.0368128123	1264
2170.28792068844	1258.19995117188
2172.53837653595	1262.69995117188
2174.78818066207	1257.19995117188
2177.03733337389	1250.69995117188
2179.28583497833	1259
2181.53368578214	1258.59997558594
2183.78088609192	1249.90002441406
2186.02743621406	1263.80004882813
2188.27333645484	1258.30004882813
2190.51858712033	1258.59997558594
2192.76318851646	1252.30004882813
2195.00714094901	1259.80004882813
2197.25044472354	1262.09997558594
2199.49310014551	1261
2201.73510752018	1256.69995117188
2203.97646715265	1258.40002441406
2206.21717934786	1255.69995117188
2208.45724441058	1259.90002441406
2210.69666264543	1252.5
2212.93543435686	1255.5
2215.17355984914	1258.40002441406
2217.41103942642	1251.59997558594
2219.64787339264	1254.69995117188
2221.8840620516	1264.40002441406
2224.11960570695	1259
2226.35450466215	1261.19995117188
2228.58875922051	1258.80004882813
2230.82236968518	1265.40002441406
2233.05533635916	1266.5
2235.28765954527	1248.69995117188
2237.51933954617	1265.69995117188
2239.75037666437	1266.69995117188
2241.98077120221	1255.19995117188
2244.21052346188	1261.40002441406
2246.4396337454	1253.80004882813
2248.66810235461	1269
2250.89592959125	1256.69995117188
2253.12311575681	1254.80004882813
2255.34966115272	1256.5
2257.57556608017	1251.40002441406
2259.80083084023	1256.90002441406
2262.02545573381	1258.19995117188
2264.24944106163	1259.69995117188
2266.47278712429	1252.59997558594
2268.69549422221	1259.90002441406
2270.91756265564	1263.80004882813
2273.1389927247	1252.80004882813
2275.35978472934	1258.5
2277.57993896933	1259
2279.79945574431	1252.09997558594
2282.01833535375	1256.69995117188
2284.23657809696	1259
2286.45418427309	1261.30004882813
2288.67115418114	1264.09997558594
2290.88748811995	1254
2293.10318638819	1254.09997558594
2295.3182492844	1264
2297.53267710693	1256.80004882813
2299.746470154	1256.40002441406
2301.95962872364	1250.69995117188
2304.17215311376	1257.80004882813
2306.3840436221	1265.19995117188
2308.59530054621	1263.40002441406
2310.80592418354	1261.69995117188
2313.01591483134	1259.80004882813
2315.22527278673	1258.19995117188
2317.43399834666	1260.30004882813
2319.64209180791	1254.30004882813
2321.84955346713	1262.30004882813
2324.05638362079	1252.09997558594
2326.26258256524	1260.59997558594
2328.46815059664	1258.90002441406
2330.67308801098	1260.80004882813
2332.87739510415	1260.59997558594
2335.08107217184	1256.69995117188
2337.2841195096	1260
2339.48653741281	1257.19995117188
2341.68832617672	1255.19995117188
2343.8894860964	1260.40002441406
2346.09001746678	1251.59997558594
2348.28992058261	1257.69995117188
2350.48919573852	1247.5
2352.68784322898	1258.09997558594
2354.88586334826	1256.80004882813
2357.08325639055	1253.30004882813
2359.2800226498	1258
2361.47616241988	1259.80004882813
2363.67167599445	1260.5
2365.86656366706	1259.90002441406
2368.06082573107	1257.80004882813
2370.2544624797	1256.5
2372.44747420603	1254.69995117188
2374.63986120295	1258.90002441406
2376.83162376322	1261.59997558594
2379.02276217945	1254
2381.21327674408	1257.5
2383.4031677494	1257.19995117188
2385.59243548756	1250.19995117188
2387.78108025053	1258.80004882813
2389.96910233014	1260.59997558594
2392.15650201809	1259.09997558594
2394.34327960587	1251.30004882813
2396.52943538486	1263.19995117188
2398.71496964628	1259.09997558594
2400.89988268118	1252.90002441406
2403.08417478048	1262.30004882813
2405.26784623491	1256
2407.45089733509	1259.30004882813
2409.63332837146	1264.59997558594
2411.81513963429	1261.5
2413.99633141375	1250.40002441406
2416.1769039998	1258.30004882813
2418.35685768227	1260.19995117188
2420.53619275084	1254.19995117188
2422.71490949505	1252
2424.89300820425	1262.30004882813
2427.07048916765	1248.19995117188
2429.24735267433	1258.30004882813
2431.42359901319	1249.69995117188
2433.59922847297	1254.90002441406
2435.7742413423	1253.09997558594
2437.94863790961	1260.5
2440.12241846321	1259.40002441406
2442.29558329121	1257.40002441406
2444.46813268162	1260.5
2446.64006692228	1265.69995117188
2448.81138630086	1260.80004882813
2450.98209110489	1261.19995117188
2453.15218162174	1244.40002441406
2455.32165813864	1253.90002441406
2457.49052094265	1252.19995117188
2459.65877032069	1266.5
2461.8264065595	1258.69995117188
2463.99342994572	1259.30004882813
2466.15984076579	1251.69995117188
2468.325639306	1263.5
2470.49082585251	1263.30004882813
2472.65540069131	1261
2474.81936410824	1259
2476.98271638899	1261.80004882813
2479.14545781909	1257.30004882813
2481.30758868392	1266.30004882813
2483.4691092687	1263.09997558594
2485.63001985852	1268.80004882813
2487.79032073829	1256.19995117188
2489.95001219277	1255.30004882813
2492.10909450659	1258.59997558594
2494.26756796419	1258.19995117188
2496.42543284989	1255.5
2498.58268944783	1256.59997558594
2500.73933804202	1258.80004882813
2502.8953789163	1252.59997558594
2505.05081235436	1260.80004882813
2507.20563863974	1259.59997558594
2509.35985805582	1261
2511.51347088583	1261.59997558594
2513.66647741285	1258.59997558594
2515.81887791981	1257.69995117188
2517.97067268946	1258.80004882813
2520.12186200443	1260.5
2522.27244614716	1256.69995117188
2524.42242539999	1262.69995117188
2526.57180004504	1262.09997558594
2528.72057036433	1248
2530.8687366397	1250.80004882813
2533.01629915284	1258.59997558594
2535.16325818527	1256
2537.30961401839	1264
2539.45536693343	1259.80004882813
2541.60051721145	1258.80004882813
2543.74506513338	1257.40002441406
2545.88901097997	1255.90002441406
2548.03235503185	1259.40002441406
2550.17509756946	1263.90002441406
2552.31723887311	1255.30004882813
2554.45877922293	1261.09997558594
2556.59971889893	1257.09997558594
2558.74005818094	1252.59997558594
2560.87979734864	1254.90002441406
2563.01893668155	1264.69995117188
2565.15747645906	1256.5
2567.29541696037	1256.90002441406
2569.43275846454	1259.5
2571.56950125049	1254.59997558594
2573.70564559696	1252.90002441406
2575.84119178254	1256.30004882813
2577.97614008569	1261.19995117188
2580.11049078468	1251.90002441406
2582.24424415764	1256.59997558594
2584.37740048255	1256.90002441406
2586.50996003722	1259.40002441406
2588.64192309931	1254.80004882813
2590.77328994634	1261.59997558594
2592.90406085564	1260.30004882813
2595.03423610442	1260.09997558594
2597.16381596971	1255.5
2599.29280072839	1257.90002441406
2601.42119065719	1257.09997558594
2603.54898603267	1276.19995117188
2605.67618713125	1261
2607.80279422919	1259.19995117188
2609.92880760257	1261.19995117188
2612.05422752735	1265.90002441406
2614.17905427932	1265
2616.30328813408	1256.19995117188
2618.42692936713	1266.80004882813
2620.54997825377	1256.40002441406
2622.67243506915	1260.90002441406
2624.79430008828	1258.09997558594
2626.915573586	1250.69995117188
2629.03625583699	1270
2631.15634711579	1272.69995117188
2633.27584769675	1256.09997558594
2635.39475785408	1264.80004882813
2637.51307786185	1267.90002441406
2639.63080799394	1261.40002441406
2641.74794852409	1254.19995117188
2643.86449972589	1264.40002441406
2645.98046187273	1260
2648.0958352379	1265.30004882813
2650.21062009449	1260.30004882813
2652.32481671544	1263.59997558594
2654.43842537353	1250.69995117188
2656.5514463414	1261.5
2658.66387989151	1261.90002441406
2660.77572629616	1261.59997558594
2662.88698582751	1253.69995117188
2664.99765875753	1264
2667.10774535806	1252
2669.21724590076	1254.90002441406
2671.32616065714	1255.80004882813
2673.43448989857	1258.09997558594
2675.5422338962	1262.40002441406
2677.64939292108	1260.30004882813
2679.75596724408	1252.80004882813
2681.86195713589	1257.59997558594
2683.96736286707	1247.80004882813
2686.07218470799	1264
2688.17642292889	1261.09997558594
2690.28007779982	1259.90002441406
2692.38314959069	1265.5
2694.48563857123	1266.40002441406
2696.58754501103	1266.69995117188
2698.6888691795	1267.59997558594
2700.78961134588	1255.40002441406
2702.8897717793	1263.59997558594
2704.98935074864	1264.40002441406
2707.08834852271	1268.19995117188
2709.18676537009	1264.59997558594
2711.28460155925	1261.30004882813
2713.38185735843	1258.90002441406
2715.47853303577	1264
2717.57462885924	1274.59997558594
2719.67014509659	1271
2721.76508201548	1269.5
2723.85943988337	1262.90002441406
2725.95321896754	1269.69995117188
2728.04641953515	1270.69995117188
2730.13904185316	1272.69995117188
2732.23108618837	1274.90002441406
2734.32255280744	1267.19995117188
2736.41344197683	1268.80004882813
2738.50375396288	1271.59997558594
2740.5934890317	1266.09997558594
2742.68264744932	1260.69995117188
2744.77122948153	1262.59997558594
2746.85923539398	1273.30004882813
2748.94666545217	1273
2751.03351992142	1263.09997558594
2753.11979906688	1266.5
2755.20550315355	1268.80004882813
2757.29063244624	1263.5
2759.37518720963	1254.5
2761.45916770819	1268
2763.54257420625	1275
2765.62540696797	1265.59997558594
2767.70766625733	1266.40002441406
2769.78935233816	1263.5
2771.87046547413	1254.69995117188
2773.95100592869	1260.90002441406
2776.03097396519	1262.90002441406
2778.11036984677	1276.09997558594
2780.18919383641	1267.59997558594
2782.26744619693	1261.30004882813
2784.34512719097	1266.19995117188
2786.42223708102	1270
2788.49877612937	1263.40002441406
2790.57474459816	1271.09997558594
2792.65014274937	1277.59997558594
2794.7249708448	1268.59997558594
2796.79922914607	1271.19995117188
2798.87291791465	1272.19995117188
2800.94603741181	1268.19995117188
2803.01858789869	1259.80004882813
2805.09056963623	1265.09997558594
2807.1619828852	1266.59997558594
2809.23282790621	1268.90002441406
2811.30310495971	1268.19995117188
2813.37281430593	1266.59997558594
2815.441956205	1265
2817.51053091682	1270.69995117188
2819.57853870114	1282.09997558594
2821.64597981753	1267.5
2823.7128545254	1271.19995117188
2825.77916308399	1280.5
2827.84490575233	1275.69995117188
2829.91008278933	1265.59997558594
2831.97469445369	1279.90002441406
2834.03874100395	1284.80004882813
2836.10222269847	1282.69995117188
2838.16513979544	1275.59997558594
2840.22749255288	1288.40002441406
2842.28928122863	1300.09997558594
2844.35050608034	1306.69995117188
2846.41116736553	1316.40002441406
2848.47126534149	1316.90002441406
2850.53080026537	1331.69995117188
2852.58977239414	1328.80004882813
2854.64818198459	1331.30004882813
2856.70602929332	1337.40002441406
2858.76331457678	1341.09997558594
2860.82003809123	1337.69995117188
2862.87620009274	1359
2864.93180083723	1365
2866.98684058043	1371.30004882813
2869.04131957789	1388.30004882813
2871.09523808497	1388.09997558594
2873.14859635689	1399.19995117188
2875.20139464866	1393.69995117188
2877.2536332151	1394.30004882813
2879.30531231091	1408.80004882813
2881.35643219054	1406.80004882813
2883.40699310831	1404.30004882813
2885.45699531834	1394.19995117188
2887.50643907457	1416.40002441406
2889.55532463077	1395.80004882813
2891.60365224053	1417.19995117188
2893.65142215724	1401.19995117188
2895.69863463414	1402.69995117188
2897.74528992426	1416.30004882813
2899.79138828046	1420.59997558594
2901.83692995544	1421.59997558594
2903.88191520168	1409.5
2905.92634427151	1432.80004882813
2907.97021741706	1429.69995117188
2910.01353489027	1440.80004882813
2912.05629694294	1448.30004882813
2914.09850382663	1449.09997558594
2916.14015579276	1467.30004882813
2918.18125309254	1481.5
2920.22179597702	1499.40002441406
2922.26178469705	1500.19995117188
2924.30121950329	1506.59997558594
2926.34010064624	1508
2928.37842837619	1520.5
2930.41620294326	1512.90002441406
2932.45342459737	1512.19995117188
2934.49009358828	1529.5
2936.52621016555	1532
2938.56177457854	1530.40002441406
2940.59678707645	1525.80004882813
2942.63124790827	1510.09997558594
2944.66515732282	1500.19995117188
2946.69851556873	1483
2948.73132289443	1472.90002441406
2950.76357954817	1476.59997558594
2952.79528577803	1461
2954.82644183188	1456.59997558594
2956.85704795741	1453.69995117188
2958.8871044021	1438
2960.91661141328	1439.80004882813
2962.94556923807	1431.19995117188
2964.97397812339	1431.30004882813
2967.00183831598	1429.59997558594
2969.0291500624	1432.90002441406
2971.05591360902	1445.90002441406
2973.08212920199	1448.80004882813
2975.1077970873	1437.69995117188
2977.13291751074	1428.09997558594
2979.1574907179	1417.30004882813
2981.18151695419	1421.09997558594
2983.20499646482	1401.90002441406
2985.2279294948	1398.90002441406
2987.25031628898	1398.09997558594
2989.27215709199	1393.09997558594
2991.29345214825	1381.30004882813
2993.31420170204	1381.09997558594
2995.33440599738	1373.90002441406
2997.35406527816	1361.19995117188
2999.37317978802	1370.69995117188
3001.39174977045	1367.09997558594
3003.40977546872	1366.69995117188
3005.42725712591	1350.90002441406
3007.44419498491	1351.09997558594
3009.4605892884	1346.59997558594
3011.47644027889	1342.69995117188
3013.49174819865	1347.69995117188
3015.5065132898	1350.40002441406
3017.52073579424	1348.59997558594
3019.53441595366	1339.69995117188
3021.54755400959	1349.80004882813
3023.56015020332	1340.30004882813
3025.57220477598	1335
3027.58371796846	1349.5
3029.5946900215	1348.40002441406
3031.6051211756	1353
3033.61501167107	1347.40002441406
3035.62436174803	1352.40002441406
3037.6331716464	1362.30004882813
3039.64144160588	1356.59997558594
3041.649171866	1358.19995117188
3043.65636266607	1360.80004882813
3045.6630142452	1361.69995117188
3047.66912684229	1369.69995117188
3049.67470069605	1370.59997558594
3051.679736045	1363.09997558594
3053.68423312742	1378.19995117188
3055.68819218143	1358.59997558594
3057.6916134449	1383.40002441406
3059.69449715556	1382
3061.69684355086	1389.5
3063.6986528681	1375.80004882813
3065.69992534437	1374.59997558594
3067.70066121653	1379.80004882813
3069.70086072126	1380.69995117188
3071.700524095	1378.40002441406
3073.69965157405	1393.69995117188
3075.69824339442	1387.80004882813
3077.69629979197	1373
3079.69382100235	1374
3081.69080726098	1387.59997558594
3083.68725880307	1380.19995117188
3085.68317586366	1389.69995117188
3087.67855867755	1386
3089.67340747933	1397.59997558594
3091.6677225034	1391.90002441406
3093.66150398392	1378.09997558594
3095.6547521549	1396.80004882813
3097.64746725006	1391.59997558594
3099.63964950297	1401.59997558594
3101.63129914698	1400.30004882813
3103.6224164152	1408.59997558594
3105.61300154056	1411.19995117188
3107.60305475576	1431.80004882813
3109.59257629331	1416.80004882813
3111.58156638547	1427
3113.57002526432	1424.19995117188
3115.55795316172	1433.19995117188
3117.54535030932	1432.59997558594
3119.53221693853	1440.59997558594
3121.51855328057	1440.30004882813
3123.50435956646	1443.09997558594
3125.48963602698	1454.09997558594
3127.4743828927	1458.09997558594
3129.45860039397	1457.69995117188
3131.44228876093	1446.19995117188
3133.42544822353	1458.19995117188
3135.40807901145	1470.09997558594
3137.39018135418	1478.90002441406
3139.37175548102	1478.40002441406
3141.35280162101	1468.19995117188
3143.33332000299	1478
3145.31331085559	1483.19995117188
3147.2927744072	1483.09997558594
3149.27171088602	1487.40002441406
3151.25012052	1493.80004882813
3153.22800353689	1492.90002441406
3155.20536016422	1507
3157.18219062929	1506.09997558594
3159.15849515918	1505
3161.13427398075	1508.09997558594
3163.10952732066	1501.59997558594
3165.08425540532	1516.19995117188
3167.05845846092	1515.69995117188
3169.03213671344	1539
3171.00529038863	1522
3172.97791971203	1535.80004882813
3174.95002490893	1545.59997558594
3176.92160620443	1538.59997558594
3178.89266382337	1541.5
3180.8631979904	1550.19995117188
3182.83320892991	1562.40002441406
3184.80269686609	1556.59997558594
3186.77166202289	1564.30004882813
3188.74010462406	1557.19995117188
3190.70802489307	1563.19995117188
3192.67542305323	1543
3194.64229932757	1582.40002441406
3196.60865393892	1571.90002441406
3198.57448710987	1594.90002441406
3200.53979906279	1590.90002441406
3202.50459001981	1591.09997558594
3204.46886020284	1583.19995117188
3206.43260983356	1589.30004882813
3208.39583913341	1577.40002441406
3210.35854832362	1588
3212.32073762517	1598.69995117188
3214.28240725881	1589.19995117188
3216.24355744508	1592.19995117188
3218.20418840426	1608.40002441406
3220.16430035642	1607
3222.12389352137	1608.59997558594
3224.08296811873	1621.69995117188
3226.04152436784	1623.09997558594
3227.99956248784	1627.5
3229.95708269762	1610.19995117188
3231.91408521584	1615.59997558594
3233.87057026092	1638
3235.82653805105	1620.09997558594
3237.78198880419	1629.5
3239.73692273806	1609.59997558594
3241.69134007013	1635.69995117188
3243.64524101764	1618.59997558594
3245.59862579761	1637.59997558594
3247.55149462681	1630.69995117188
3249.50384772176	1643.09997558594
3251.45568529877	1655.69995117188
3253.40700757387	1638.59997558594
3255.35781476288	1636
3257.3081070814	1640.09997558594
3259.25788474473	1634.5
3261.20714796799	1651.09997558594
3263.15589696602	1650.09997558594
3265.10413195345	1647.80004882813
3267.05185314463	1626.09997558594
3268.9990607537	1634.59997558594
3270.94575499455	1650.59997558594
3272.89193608081	1646.30004882813
3274.8376042259	1660.30004882813
3276.78275964296	1662.40002441406
3278.72740254492	1657.59997558594
3280.67153314443	1659.90002441406
3282.61515165393	1652
3284.55825828559	1668.19995117188
3286.50085325135	1677.80004882813
3288.44293676289	1647.90002441406
3290.38450903165	1667.5
3292.32557026883	1653.90002441406
3294.26612068537	1652.09997558594
3296.20616049198	1656
3298.14568989911	1642.80004882813
3300.08470911695	1662.80004882813
3302.02321835546	1639.09997558594
3303.96121782435	1650.69995117188
3305.89870773306	1675.59997558594
3307.83568829081	1659.5
3309.77215970655	1670.59997558594
3311.70812218898	1663.80004882813
3313.64357594655	1665.19995117188
3315.57852118747	1674.5
3317.51295811968	1662.90002441406
3319.44688695087	1666.30004882813
3321.38030788849	1665.80004882813
3323.31322113973	1643.40002441406
3325.24562691152	1667.80004882813
3327.17752541055	1653.19995117188
3329.10891684322	1660.80004882813
3331.03980141573	1667.69995117188
3332.97017933399	1675.09997558594
3334.90005080364	1660.69995117188
3336.82941603011	1661.40002441406
3338.75827521852	1672
3340.68662857377	1672.80004882813
3342.6144763005	1667.19995117188
3344.54181860308	1677.90002441406
3346.46865568561	1664.09997558594
3348.39498775195	1676.59997558594
3350.32081500571	1664.09997558594
3352.24613765022	1672.19995117188
3354.17095588855	1676.40002441406
3356.09526992352	1667.40002441406
3358.01907995769	1677.59997558594
3359.94238619334	1680.30004882813
3361.86518883251	1703.5
3363.78748807697	1676.90002441406
3365.70928412823	1680.69995117188
3367.63057718752	1691
3369.55136745582	1680.30004882813
3371.47165513386	1693
3373.39144042208	1696.19995117188
3375.31072352066	1675.09997558594
3377.22950462953	1673.40002441406
3379.14778394834	1679.90002441406
3381.06556167648	1691
3382.98283801308	1689.40002441406
3384.89961315697	1692.40002441406
3386.81588730676	1674
3388.73166066076	1688.40002441406
3390.64693341702	1695.59997558594
3392.56170577332	1687.30004882813
3394.47597792716	1701.69995117188
3396.38975007581	1692.69995117188
3398.30302241623	1691.40002441406
3400.21579514512	1688.30004882813
3402.1280684589	1690.69995117188
3404.03984255374	1690.30004882813
3405.95111762553	1701.69995117188
3407.86189386987	1702
3409.77217148212	1693.09997558594
3411.68195065733	1686.90002441406
3413.5912315903	1684.5
3415.50001447556	1690
3417.40829950735	1699.90002441406
3419.31608687963	1672.90002441406
3421.22337678611	1687.30004882813
3423.1301694202	1688.90002441406
3425.03646497504	1675.90002441406
3426.9422636435	1683.09997558594
3428.84756561816	1688.90002441406
3430.75237109135	1669.30004882813
3432.65668025508	1676.19995117188
3434.56049330112	1680.90002441406
3436.46381042093	1677.5
3438.36663180571	1690.59997558594
3440.26895764638	1678.30004882813
3442.17078813357	1680.30004882813
3444.07212345762	1661
3445.97296380863	1675.59997558594
3447.87330937636	1677.09997558594
3449.77316035033	1684.69995117188
3451.67251691977	1683.30004882813
3453.57137927361	1653.90002441406
3455.46974760052	1665
3457.36762208886	1662.40002441406
3459.26500292671	1652.80004882813
3461.16189030191	1645.40002441406
3463.05828440194	1665.09997558594
3464.95418541406	1662.09997558594
3466.84959352519	1655.59997558594
3468.74450892201	1647.30004882813
3470.63893179088	1633.09997558594
3472.53286231788	1641.69995117188
3474.42630068881	1649.90002441406
3476.31924708918	1644.59997558594
3478.2117017042	1638.5
3480.1036647188	1633.80004882813
3481.99513631761	1627.5
3483.88611668498	1619.09997558594
3485.77660600498	1624.09997558594
3487.66660446135	1617.09997558594
3489.55611223758	1611.59997558594
3491.44512951683	1615.09997558594
3493.333656482	1600
3495.22169331568	1593.5
3497.10924020016	1597.19995117188
3498.99629731746	1608.5
3500.88286484927	1582
3502.76894297702	1594.5
3504.65453188182	1583.59997558594
3506.53963174449	1580.59997558594
3508.42424274555	1578.59997558594
3510.30836506524	1579.40002441406
3512.19199888349	1580.09997558594
3514.07514437992	1573.09997558594
3515.95780173387	1544.80004882813
3517.83997112437	1557
3519.72165273016	1555
3521.60284672967	1545.90002441406
3523.48355330104	1545.19995117188
3525.36377262208	1558.40002441406
3527.24350487035	1530.69995117188
3529.12275022306	1529
3531.00150885715	1522.69995117188
3532.87978094923	1525.69995117188
3534.75756667562	1512.90002441406
3536.63486621235	1516
3538.51167973512	1514
3540.38800741934	1496.09997558594
3542.26384944011	1490.80004882813
3544.13920597223	1504.59997558594
3546.01407719018	1499.40002441406
3547.88846326815	1491.5
3549.76236438002	1497.5
3551.63578069934	1486.40002441406
3553.50871239938	1466.09997558594
3555.38115965309	1495
3557.25312263311	1482.30004882813
3559.12460151177	1462.80004882813
3560.99559646109	1481.69995117188
3562.86610765279	1462.19995117188
3564.73613525825	1463.5
3566.60567944857	1468.09997558594
3568.47474039453	1454.30004882813
3570.34331826658	1448.69995117188
3572.21141323487	1471.40002441406
3574.07902546925	1450.69995117188
3575.94615513922	1454.5
3577.81280241401	1452.69995117188
3579.67896746249	1450.59997558594
3581.54465045325	1445.69995117188
3583.40985155455	1451.09997558594
3585.27457093432	1434.90002441406
3587.1388087602	1434.80004882813
3589.00256519949	1440.30004882813
3590.86584041919	1441.30004882813
3592.72863458597	1438.09997558594
3594.59094786618	1421
3596.45278042585	1442.40002441406
3598.31413243069	1430.69995117188
3600.17500404611	1416.19995117188
3602.03539543717	1418.09997558594
3603.89530676861	1421.19995117188
3605.75473820488	1422.30004882813
3607.61368991007	1419.90002441406
3609.47216204797	1417.09997558594
3611.33015478203	1413
3613.18766827539	1402.80004882813
3615.04470269087	1402.40002441406
3616.90125819094	1399.40002441406
3618.75733493776	1401.5
3620.61293309318	1386.30004882813
3622.46805281869	1388.69995117188
3624.32269427547	1372.69995117188
3626.17685762439	1385.59997558594
3628.03054302596	1387.19995117188
3629.88375064038	1379.59997558594
3631.73648062751	1378.09997558594
3633.5887331469	1368.80004882813
3635.44050835775	1360.59997558594
3637.29180641893	1368
3639.14262748899	1369.59997558594
3640.99297172614	1351.40002441406
3642.84283928828	1366.30004882813
3644.69223033294	1365.19995117188
3646.54114501734	1355.90002441406
3648.38958349836	1358.90002441406
3650.23754593256	1345.80004882813
3652.08503247614	1351.09997558594
3653.93204328497	1344.09997558594
3655.77857851462	1337
3657.62463832028	1334.09997558594
3659.47022285682	1336.59997558594
3661.31533227877	1326.19995117188
3663.15996674033	1338.90002441406
3665.00412639535	1328.30004882813
3666.84781139736	1316.90002441406
3668.69102189953	1315.40002441406
3670.5337580547	1325.80004882813
3672.37602001537	1319.09997558594
3674.21780793368	1316
3676.05912196148	1310.90002441406
3677.89996225021	1312.30004882813
3679.74032895103	1305.09997558594
3681.58022221471	1286
3683.41964219171	1296.40002441406
3685.25858903211	1300.69995117188
3687.0970628857	1301.5
3688.93506390186	1292.69995117188
3690.77259222968	1289
3692.60964801787	1279.19995117188
3694.44623141481	1285.5
3696.28234256853	1287.90002441406
3698.11798162669	1285.30004882813
3699.95314873665	1285.19995117188
3701.78784404537	1275.19995117188
3703.62206769951	1272.80004882813
3705.45581984533	1278.30004882813
3707.28910062877	1267.80004882813
3709.12191019542	1272.19995117188
3710.95424869052	1279
3712.78611625894	1271.69995117188
3714.6175130452	1265.30004882813
3716.44843919349	1266.90002441406
3718.27889484764	1273.30004882813
3720.1088801511	1266.5
3721.93839524699	1261.90002441406
3723.76744027808	1275.19995117188
3725.59601538677	1275.30004882813
3727.4241207151	1265.90002441406
