40.2973356941271	1129.25
43.2236257608418	1130.125
46.1488808466109	1131
49.0731017336173	1136.875
51.9962892025666	1135.25
54.9184440327569	1135.625
57.8395670020446	1141.875
60.7596588868509	1144.875
63.6787204621708	1152.875
66.5967525015794	1156.25
69.5137557772381	1167.75
72.4297310598838	1170.25
75.3446791188512	1190.25
78.2586007220466	1210.75
81.1714966360015	1237.25
84.0833676258266	1257.125
86.994214455242	1274.75
89.9040378865662	1335.875
92.8128386807427	1371.25
95.7206175973133	1398.75
98.6273753944444	1431.5
101.533112828928	1436.625
104.437830656161	1446.5
107.34152963018	1474.25
110.244210503676	1449.75
113.145874027931	1452.75
116.046520952895	1428.875
118.946152027154	1443
121.844767997933	1455.5
124.74236961111	1435.875
127.638957611212	1441
130.534532741422	1430.125
133.429095743606	1448.125
136.322647358252	1457.125
139.215188324544	1455.25
142.106719380311	1448.25
144.997241262089	1456.375
147.886754705057	1468
150.775260443096	1461.75
153.662759208748	1479.375
156.549251733282	1468.75
159.434738746612	1455.375
162.319220977376	1461.875
165.20269915289	1455.75
168.085173999178	1449.75
170.966646240977	1451
173.847116601709	1453.125
176.726585803528	1460.75
179.605054567295	1457
182.48252361259	1447.625
185.358993657701	1452.25
188.234465419645	1447.125
191.108939614183	1447.875
193.982416955795	1441.375
196.854898157687	1445.75
199.726383931801	1448.875
202.596874988835	1445.625
205.466372038225	1446.375
208.334875788145	1454.75
211.202386945534	1454.875
214.068906216069	1458.25
216.934434304194	1461.625
219.798971913111	1457.875
222.662519744776	1444.875
225.525078499925	1444.625
228.386648878069	1465.75
231.247231577465	1449.125
234.106827295172	1460.125
236.965436727012	1468.375
239.823060567597	1455
242.679699510337	1448.625
245.535354247396	1461.125
248.390025469775	1446.25
251.243713867223	1450
254.096420128327	1453.375
256.948144940459	1442.125
259.798888989788	1447.375
262.648652961315	1447.25
265.49743753883	1449.125
268.345243404939	1449.375
271.192071241073	1453.125
274.037921727485	1470.875
276.882795543246	1464.375
279.72669336624	1444.375
282.569615873213	1462.625
285.411563739724	1464.75
288.252537640165	1464.5
291.092538247763	1453
293.931566234616	1464
296.769622271633	1465.125
299.606707028594	1462.25
302.442821174104	1471.5
305.277965375652	1465.625
308.112140299574	1488.25
310.945346611062	1476.75
313.777584974167	1462.875
316.608856051813	1479
319.439160505797	1473.5
322.268498996783	1462.125
325.096872184303	1468.75
327.924280726782	1476
330.750725281521	1480.125
333.576206504693	1479.25
336.400725051388	1476.125
339.224281575542	1475.125
342.046876730026	1457
344.868511166586	1466.125
347.689185535872	1473.125
350.508900487421	1476.625
353.327656669699	1473.125
356.145454730079	1484
358.962295314817	1478.125
361.778179069105	1467.75
364.593106637051	1480.875
367.407078661675	1475.75
370.220095784913	1470.625
373.032158647655	1478.875
375.843267889676	1480.125
378.653424149715	1483.75
381.462628065436	1484.375
384.270880273432	1481.125
387.078181409254	1483.875
389.884532107358	1479.625
392.689933001188	1487.75
395.494384723112	1483.625
398.29788790445	1490.75
401.100443175488	1480.125
403.902051165437	1492.5
406.702712502518	1492.875
409.502427813866	1482.875
412.301197725607	1482.875
415.099022862823	1498.875
417.89590384957	1497.5
420.691841308876	1489.375
423.486835862752	1497.375
426.280888132173	1484.875
429.073998737112	1507.125
431.866168296507	1498.25
434.657397428298	1489.875
437.447686749412	1498.75
440.237036875762	1497.5
443.025448422257	1487.75
445.812922002813	1499
448.599458230326	1492.375
451.38505771672	1487.5
454.169721072909	1500.625
456.953448908819	1506.75
459.736241833384	1499
462.518100454555	1506
465.2990253793	1513
468.079017213605	1497.875
470.858076562476	1502.375
473.636204029939	1492.625
476.41340021906	1487.125
479.189665731938	1504.625
481.965001169667	1497.25
484.739407132419	1518.625
487.512884219391	1503.75
490.285433028796	1523
493.057054157921	1512.625
495.827748203087	1493.375
498.597515759658	1506.25
501.366357422061	1516.75
504.134273783759	1510
506.901265437278	1512.125
509.66733297421	1509.75
512.432476985198	1496.75
515.196698059945	1516.625
517.959996787225	1524.125
520.722373754895	1513.25
523.483829549856	1521.125
526.24436475811	1516.125
529.003979964696	1513.25
531.762675753779	1521
534.520452708569	1519.25
537.277311411375	1519.5
540.03325244359	1512
542.788276385682	1512.375
545.54238381725	1517.375
548.295575316938	1518
551.047851462516	1513.875
553.799212830831	1504
556.549659997851	1510.875
559.299193538643	1517.125
562.047814027381	1501.875
564.795522037318	1504.625
567.542318140861	1525.125
570.288202909507	1522.375
573.033176913873	1506.125
575.7772407237	1520.75
578.520394907829	1512.25
581.26264003424	1521.75
584.003976670046	1512.5
586.744405381469	1527.625
589.483926733869	1526.625
592.222541291746	1531.625
594.96024961872	1535
597.697052277563	1524.375
600.432949830166	1514
603.167942837587	1523
605.902031860012	1517.125
608.635217456783	1525.625
611.367500186378	1507.875
614.098880606429	1527.5
616.82935927374	1531.25
619.558936744248	1527.5
622.287613573072	1548.5
625.015390314457	1527.125
627.742267521848	1539.5
630.468245747829	1532
633.193325544166	1529.125
635.917507461792	1532.5
638.640792050804	1544
641.36317986048	1543.375
644.084671439281	1538.875
646.805267334845	1516.375
649.524968093967	1532.875
652.24377426266	1520.625
654.961686386106	1522.125
657.678705008678	1546.875
660.394830673939	1538.25
663.110063924628	1525.625
665.824405302728	1539.375
668.537855349351	1545.5
671.250414604863	1537.375
673.962083608812	1531.625
676.672862899949	1543.125
679.382753016218	1543.5
682.091754494801	1532.875
684.799867872061	1530.625
687.507093683595	1541.875
690.213432464198	1537.875
692.918884747899	1538
695.623451067937	1540.875
698.327131956755	1527.625
701.029927946065	1558.125
703.731839566754	1547.75
706.43286734896	1543.375
709.133011822067	1548.75
711.832273514658	1548.625
714.53065295457	1543.875
717.228150668879	1556.75
719.924767183889	1542.375
722.620503025148	1543.875
725.315358717446	1538
728.009334784827	1558.625
730.702431750559	1545.875
733.394650137188	1547.75
736.085990466498	1548.375
738.776453259519	1536.625
741.466039036542	1546.5
744.154748317125	1558.625
746.842581620074	1546.125
749.529539463458	1563.75
752.215622364608	1541.5
754.900830840131	1557.625
757.585165405892	1545.5
760.26862657703	1552.375
762.951214867957	1557.375
765.632930792356	1544.375
768.313774863181	1555.625
770.993747592673	1539.25
773.672849492359	1549.5
776.351081073017	1557.875
779.028442844757	1554.625
781.704935316928	1561
784.380558998208	1550.625
787.055314396528	1573.75
789.729202019141	1551.125
792.402222372581	1539.25
795.074375962669	1556.75
797.745663294537	1554.375
800.416084872622	1573
803.085641200652	1559.75
805.754332781664	1563.125
808.422160117986	1561.625
811.089123711292	1556.5
813.75522406252	1570.125
816.420461671951	1560
819.084837039164	1572.125
821.748350663067	1554.375
824.411003041866	1570.875
827.072794673116	1583.875
829.733726053668	1565.5
832.39379767971	1575.375
835.05301004674	1563.25
837.711363649601	1565.375
840.368858982457	1575.25
843.025496538805	1584.375
845.681276811467	1573.875
848.336200292618	1580.125
850.99026747375	1566
853.643478845713	1587.125
856.29583489868	1596.75
858.947336122176	1584
861.59798300506	1583.375
864.247776035556	1585
866.896715701222	1585.375
869.544802488959	1593.5
872.192036885046	1587.625
874.838419375087	1588.75
877.483950444054	1592.625
880.128630576285	1601.625
882.772460255461	1585
885.415439964628	1583.25
888.057570186211	1595
890.698851401966	1588.375
893.339284093045	1595.875
895.978868739961	1597.875
898.617605822596	1594.25
901.255495820196	1581.375
903.892539211396	1591.75
906.528736474184	1588.625
909.164088085949	1596.875
911.798594523442	1585.5
914.432256262804	1580.75
917.065073779549	1575.625
919.697047548589	1584.125
922.328178044212	1604.875
924.9584657401	1603.75
927.587911109317	1586
930.216514624317	1615.5
932.844276756963	1612.625
935.471197978488	1586.25
938.097278759538	1603
940.722519570163	1599.75
943.346920879798	1612.75
945.97048315729	1616.125
948.593206870885	1616
951.215092488219	1648.125
953.836140476366	1632.625
956.456351301787	1650.125
959.07572543037	1654.625
961.694263327369	1642.625
964.311965457521	1670
966.928832284933	1659.125
969.544864273135	1648.375
972.160061885076	1641.125
974.774425583129	1642.625
977.387955829099	1652.75
980.000653084196	1648.25
982.612517809061	1615.125
985.223550463768	1627
987.833751507819	1625.625
990.443121400135	1645.75
993.051660599081	1649.625
995.659369562449	1658
998.266248747469	1680.625
1000.87229861081	1706
1003.47751960857	1741
1006.0819121963	1739.875
1008.68547682897	1752.75
1011.28821396104	1761.125
1013.89012404635	1706.125
1016.49120753824	1692.625
1019.09146488947	1644.75
1021.69089655226	1658.25
1024.28950297827	1644.875
1026.88728461863	1648.5
1029.48424192392	1665.125
1032.08037534416	1636.5
1034.67568532886	1652.875
1037.27017232694	1636.75
1039.86383678682	1649.375
1042.45667915637	1660.75
1045.04869988293	1641.5
1047.6398994133	1646.125
1050.23027819374	1641.25
1052.81983666998	1632.5
1055.40857528724	1638.125
1057.99649449018	1651.875
1060.58359472296	1659.375
1063.1698764292	1629.5
1065.755340052	1655.5
1068.33998603393	1648.5
1070.92381481706	1646.25
1073.50682684291	1632.125
1076.08902255251	1634.125
1078.67040238637	1630
1081.25096678445	1639.125
1083.83071618624	1650.375
1086.4096510307	1650.5
1088.98777175629	1649.5
1091.56507880094	1627.125
1094.14157260208	1657.75
1096.71725359664	1653.125
1099.29212222106	1639
1101.86617891125	1642.625
1104.43942410262	1631.5
1107.01185823011	1660.375
1109.58348172812	1668.25
1112.15429503057	1644.5
1114.7242985709	1656.625
1117.29349278203	1673.375
1119.86187809642	1652.875
1122.42945494599	1686.75
1124.99622376222	1704.25
1127.56218497606	1682.625
1130.12733901801	1691.75
1132.69168631804	1716.125
1135.25522730568	1723.375
1137.81796240995	1729.875
1140.37989205941	1760.875
1142.9410166821	1778.25
1145.50133670561	1781.625
1148.06085255708	1850.5
1150.61956466311	1943.625
1153.17747344987	2009.375
1155.73457934305	2098.375
1158.29088276786	2146.875
1160.84638414903	2106.625
1163.40108391085	2010.75
1165.95498247711	1918.125
1168.50808027116	1806.25
1171.06037771587	1790.625
1173.61187523364	1737.375
1176.16257324643	1741.5
1178.71247217573	1722.5
1181.26157244255	1727
1183.80987446746	1732.375
1186.35737867059	1731
1188.90408547157	1761.75
1191.44999528961	1759.125
1193.99510854347	1767.125
1196.53942565142	1744
1199.08294703133	1732.875
1201.62567310057	1727.375
1204.16760427611	1726.75
1206.70874097445	1707.75
1209.24908361163	1715.5
1211.78863260327	1700.75
1214.32738836454	1713.375
1216.86535131017	1685.375
1219.40252185445	1678.125
1221.93890041121	1689.25
1224.47448739389	1675.25
1227.00928321544	1690.375
1229.54328828842	1670.125
1232.07650302491	1689
1234.60892783662	1701
1237.14056313477	1690.125
1239.67140933017	1681.5
1242.2014668332	1682.75
1244.73073605384	1702.5
1247.25921740159	1683.625
1249.78691128558	1678.625
1252.31381811448	1713.25
1254.83993829655	1698.375
1257.36527223962	1714.625
1259.88982035112	1720.5
1262.41358303803	1725.625
1264.93656070696	1714.75
1267.45875376405	1736.625
1269.98016261505	1732.375
1272.50078766531	1732.5
1275.02062931974	1757
1277.53968798285	1765
1280.05796405875	1718
1282.57545795112	1725.375
1285.09217006325	1711
1287.60810079802	1705.375
1290.12325055788	1699.75
1292.63761974492	1720.25
1295.15120876079	1703.625
1297.66401800676	1717.625
1300.17604788367	1716.625
1302.687298792	1713.75
1305.19777113181	1717.625
1307.70746530274	1735
1310.21638170408	1712.625
1312.7245207347	1724.625
1315.23188279307	1728.5
1317.73846827728	1715.75
1320.24427758502	1723.875
1322.74931111359	1716
1325.25356925991	1713
1327.75705242051	1704.875
1330.25976099151	1707.375
1332.76169536868	1726.25
1335.26285594737	1698.5
1337.76324312256	1715
1340.26285728887	1703.625
1342.76169884052	1710.875
1345.25976817132	1703.75
1347.75706567474	1718.875
1350.25359174387	1721.625
1352.74934677141	1707.875
1355.24433114968	1713.625
1357.73854527062	1693.875
1360.23198952583	1694.375
1362.7246643065	1710.75
1365.21657000347	1704.625
1367.7077070072	1704.875
1370.19807570777	1713.625
1372.68767649492	1714.25
1375.176509758	1729.125
1377.66457588599	1716.125
1380.15187526753	1720
1382.63840829087	1713
1385.1241753439	1725.375
1387.60917681417	1740.25
1390.09341308884	1717.75
1392.57688455474	1728.875
1395.05959159829	1716.375
1397.54153460562	1733.25
1400.02271396243	1712.375
1402.50313005414	1710
1404.98278326576	1709.625
1407.46167398196	1706.25
1409.93980258707	1729.25
1412.41716946504	1712.625
1414.89377499951	1723.625
1417.36961957373	1739.375
1419.84470357062	1713.875
1422.31902737275	1746.125
1424.79259136235	1741.5
1427.26539592129	1740.5
1429.73744143111	1718.25
1432.20872827299	1735.375
1434.67925682777	1740.5
1437.14902747597	1752
1439.61804059773	1755.5
1442.0862965729	1756.875
1444.55379578093	1783.625
1447.02053860099	1771.75
1449.48652541188	1765.125
1451.95175659206	1784
1454.41623251969	1779.125
1456.87995357255	1788
1459.34292012811	1766.75
1461.80513256351	1767.5
1464.26659125557	1757.625
1466.72729658073	1765.25
1469.18724891517	1776.375
1471.64644863469	1748.125
1474.10489611478	1770.25
1476.5625917306	1783
1479.01953585699	1778.375
1481.47572886844	1776.375
1483.93117113917	1795.875
1486.38586304302	1799.5
1488.83980495354	1772.375
1491.29299724395	1830.75
1493.74544028715	1810.875
1496.19713445573	1826.25
1498.64808012193	1833.375
1501.09827765772	1882
1503.54772743471	1932.125
1505.99642982421	1979.125
1508.44438519723	2060.375
1510.89159392446	2154.5
1513.33805637625	2257.375
1515.78377292266	2320.875
1518.22874393346	2350.375
1520.67296977806	2338.125
1523.11645082559	2272.875
1525.55918744488	2208.875
1528.00118000444	2108.625
1530.44242887245	2006
1532.88293441684	1913.125
1535.32269700517	1868.25
1537.76171700475	1819
1540.19999478255	1812.875
1542.63753070526	1814
1545.07432513925	1788
1547.5103784506	1787.75
1549.94569100509	1771
1552.38026316819	1781.875
1554.8140953051	1775.25
1557.24718778067	1773.125
1559.67954095952	1769.75
1562.11115520592	1771.625
1564.54203088386	1784
1566.97216835704	1765.375
1569.40156798888	1786.5
1571.83023014248	1771.25
1574.25815518067	1782.25
1576.68534346597	1768.875
1579.11179536062	1790.5
1581.53751122658	1762.75
1583.9624914255	1776.25
1586.38673631876	1762.125
1588.81024626745	1782.625
1591.23302163235	1775.875
1593.655062774	1781.125
1596.07637005262	1766.75
1598.49694382815	1779.375
1600.91678446025	1781.5
1603.33589230831	1775.75
1605.75426773142	1744.75
1608.1719110884	1759.125
1610.58882273779	1771.375
1613.00500303784	1759.875
1615.42045234654	1773.625
1617.83517102158	1767.5
1620.24915942039	1779.875
1622.66241790012	1801.75
1625.07494681764	1765.625
1627.48674652954	1770.625
1629.89781739216	1776
1632.30815976152	1762
1634.71777399343	1768.875
1637.12666044338	1793.75
1639.53481946661	1777.75
1641.94225141808	1761.25
1644.34895665248	1773.75
1646.75493552424	1777.375
1649.16018838752	1753.5
1651.56471559621	1785.75
1653.96851750392	1790.375
1656.37159446403	1785.75
1658.7739468296	1798.5
1661.17557495349	1767.75
1663.57647918824	1801.25
1665.97665988617	1774.75
1668.37611739929	1799.375
1670.77485207939	1788.25
1673.17286427799	1769.25
1675.57015434633	1783.375
1677.96672263542	1759.25
1680.36256949598	1773.375
1682.7576952785	1776.625
1685.15210033318	1781.5
1687.54578501	1755.875
1689.93874965866	1759.25
1692.33099462861	1759.375
1694.72252026904	1753
1697.11332692889	1759.375
1699.50341495686	1762.5
1701.89278470137	1768.375
1704.28143651061	1757
1706.66937073251	1765.5
1709.05658771473	1782
1711.44308780473	1758.625
1713.82887134968	1754.5
1716.21393869648	1755.625
1718.59829019185	1769
1720.98192618221	1752.75
1723.36484701374	1768.125
1725.74705303238	1740.375
1728.12854458384	1752.375
1730.50932201356	1740.625
1732.88938566673	1757.75
1735.26873588834	1761.25
1737.64737302307	1790.5
1740.02529741544	1766.375
1742.40250940964	1759
1744.77900934969	1757
1747.15479757933	1758.25
1749.52987444206	1764.375
1751.90424028116	1753.25
1754.27789543967	1758.625
1756.65084026037	1759.375
1759.02307508582	1746.75
1761.39460025833	1752.625
1763.76541612	1781.375
1766.13552301265	1764
1768.50492127791	1779.75
1770.87361125714	1769.125
1773.2415932915	1754.375
1775.60886772188	1748.375
1777.97543488896	1764.625
1780.34129513318	1749.375
1782.70644879475	1753.75
1785.07089621365	1763.25
1787.43463772964	1750.125
1789.7976736822	1768.875
1792.16000441066	1764.5
1794.52163025405	1757.125
1796.88255155121	1770.625
1799.24276864074	1766.75
1801.60228186102	1753.875
1803.96109155019	1773.625
1806.31919804618	1763.625
1808.67660168668	1757.875
1811.03330280916	1782.75
1813.38930175088	1785.125
1815.74459884884	1769.5
1818.09919443984	1764.125
1820.45308886047	1778
1822.80628244708	1765.5
1825.1587755358	1763.25
1827.51056846254	1776.875
1829.86166156297	1773.25
1832.21205517258	1769.75
1834.56174962661	1763.875
1836.91074526009	1753.75
1839.25904240783	1765.5
1841.60664140443	1764.75
1843.95354258425	1770.5
1846.29974628146	1767.125
1848.64525282998	1762.375
1850.99006256356	1749.75
1853.3341758157	1789.125
1855.67759291968	1766
1858.02031420858	1775.875
1860.36234001528	1768.25
1862.70367067241	1754.625
1865.04430651244	1750.5
1867.38424786755	1771.25
1869.72349506978	1751.25
1872.06204845094	1768.375
1874.39990834258	1780
1876.73707507612	1759.75
1879.07354898269	1768.125
1881.40933039328	1765.375
1883.74441963861	1754.5
1886.07881704925	1775
1888.41252295551	1749.5
1890.74553768751	1748.875
1893.07786157519	1775
1895.40949494822	1766.5
1897.74043813615	1782.75
1900.07069146823	1772.25
1902.40025527357	1764.125
1904.72912988106	1787.125
1907.05731561938	1763.125
1909.38481281699	1763.125
1911.71162180217	1775.25
1914.037742903	1767.875
1916.36317644734	1766.875
1918.68792276284	1767
1921.01198217697	1750.125
1923.33535501699	1764.625
1925.65804160996	1764
1927.98004228273	1748.625
1930.30135736196	1744.5
1932.6219871741	1769
1934.94193204543	1759
1937.26119230198	1773.375
1939.57976826962	1754.875
1941.89766027402	1766.625
1944.21486864062	1771.125
1946.53139369472	1770.5
1948.84723576137	1761.75
1951.16239516543	1784
1953.47687223159	1768
1955.79066728434	1778.625
1958.10378064794	1762.625
1960.4162126465	1755.625
1962.7279636039	1772.875
1965.03903384385	1762.25
1967.34942368987	1758.125
1969.65913346524	1771.125
1971.96816349311	1765.375
1974.2765140964	1755.625
1976.58418559784	1749.875
1978.89117831997	1772.875
1981.19749258516	1763.125
1983.50312871555	1779.5
1985.80808703313	1769.625
1988.11236785967	1745.25
1990.41597151676	1777.125
1992.71889832581	1754.5
1995.02114860801	1781.625
1997.3227226844	1764.75
1999.62362087581	1765.25
2001.92384350288	1763.75
2004.22339088608	1750.5
2006.52226334567	1775.25
2008.82046120173	1762
2011.11798477417	1786.625
2013.41483438269	1764.875
2015.71101034681	1768.5
2018.00651298588	1770.875
2020.30134261905	1769.625
2022.59549956528	1782.75
2024.88898414337	1784.625
2027.1817966719	1804
2029.4739374693	1772
2031.76540685379	1780.375
2034.05620514342	1749.5
2036.34633265607	1765.125
2038.6357897094	1762.625
2040.92457662092	1749.875
2043.21269370795	1770.25
2045.50014128763	1768.125
2047.78691967691	1749
2050.07302919256	1769.5
2052.35847015118	1749.5
2054.64324286919	1769.625
2056.9273476628	1744.25
2059.21078484808	1766.375
2061.4935547409	1753.75
2063.77565765696	1753.625
2066.05709391176	1779.75
2068.33786382065	1748.75
2070.61796769879	1768.875
2072.89740586116	1755.125
2075.17617862255	1755.625
2077.45428629759	1747.5
2079.73172920075	1765.625
2082.00850764627	1774.25
2084.28462194827	1748
2086.56007242065	1769.125
2088.83485937717	1774.375
2091.10898313139	1774.125
2093.3824439967	1764.625
2095.65524228632	1748.75
2097.92737831328	1749.125
2100.19885239047	1759.875
2102.46966483057	1760.875
2104.7398159461	1770
2107.00930604941	1781.875
2109.27813545267	1777
2111.54630446787	1797.5
2113.81381340685	1787.125
2116.08066258126	1792
2118.34685230257	1766.625
2120.61238288211	1789.625
2122.87725463099	1792.875
2125.1414678602	1795.875
2127.40502288052	1788.875
2129.66792000257	1777.875
2131.93015953682	1768.625
2134.19174179353	1757.75
2136.45266708282	1779.5
2138.71293571463	1783.375
2140.97254799873	1783
2143.23150424473	1774.875
2145.48980476205	1782.75
2147.74744985996	1789.625
2150.00443984754	1806.125
2152.26077503373	1780.375
2154.51645572728	1790.75
2156.77148223677	1799.625
2159.02585487064	1805.125
2161.27957393713	1776.5
2163.53263974432	1807.125
2165.78505260012	1799.5
2168.0368128123	1802.75
2170.28792068844	1808.625
2172.53837653595	1773.625
2174.78818066207	1771.875
2177.03733337389	1748.125
2179.28583497833	1760.5
2181.53368578214	1757
2183.78088609192	1769.375
2186.02743621406	1763.875
2188.27333645484	1771.375
2190.51858712033	1766.25
2192.76318851646	1766.375
2195.00714094901	1767
2197.25044472354	1755
2199.49310014551	1795.75
2201.73510752018	1759.875
2203.97646715265	1764.125
2206.21717934786	1765.5
2208.45724441058	1775.625
2210.69666264543	1760.375
2212.93543435686	1740
2215.17355984914	1768.25
2217.41103942642	1742.25
2219.64787339264	1754.125
2221.8840620516	1759.75
2224.11960570695	1734.75
2226.35450466215	1746.875
2228.58875922051	1741.625
2230.82236968518	1750.375
2233.05533635916	1732.125
2235.28765954527	1749.75
2237.51933954617	1759.75
2239.75037666437	1754.875
2241.98077120221	1751.125
2244.21052346188	1762.875
2246.4396337454	1746.875
2248.66810235461	1752
2250.89592959125	1747.375
2253.12311575681	1752.625
2255.34966115272	1769
2257.57556608017	1726.625
2259.80083084023	1762.375
2262.02545573381	1750.5
2264.24944106163	1746.625
2266.47278712429	1759.875
2268.69549422221	1773.625
2270.91756265564	1765.75
2273.1389927247	1757.875
2275.35978472934	1779.625
2277.57993896933	1753.875
2279.79945574431	1757.125
2282.01833535375	1776.5
2284.23657809696	1758
2286.45418427309	1759.375
2288.67115418114	1780
2290.88748811995	1762.75
2293.10318638819	1773
2295.3182492844	1769.375
2297.53267710693	1784.75
2299.746470154	1778.625
2301.95962872364	1785.375
2304.17215311376	1782.625
2306.3840436221	1789.5
2308.59530054621	1803
2310.80592418354	1787.25
2313.01591483134	1789.125
2315.22527278673	1813.875
2317.43399834666	1799.75
2319.64209180791	1799.375
2321.84955346713	1782.625
2324.05638362079	1781
2326.26258256524	1790.125
2328.46815059664	1780.875
2330.67308801098	1779
2332.87739510415	1778.375
2335.08107217184	1765.5
2337.2841195096	1771.375
2339.48653741281	1761.375
2341.68832617672	1763.75
2343.8894860964	1782.375
2346.09001746678	1756
2348.28992058261	1754
2350.48919573852	1761.875
2352.68784322898	1755.25
2354.88586334826	1755.125
2357.08325639055	1778.125
2359.2800226498	1758
2361.47616241988	1762.75
2363.67167599445	1752.5
2365.86656366706	1727
2368.06082573107	1775
2370.2544624797	1761.25
2372.44747420603	1760.625
2374.63986120295	1716.625
2376.83162376322	1757
2379.02276217945	1758.5
2381.21327674408	1730.5
2383.4031677494	1752.625
2385.59243548756	1749.5
2387.78108025053	1744.25
2389.96910233014	1745.5
2392.15650201809	1771.5
2394.34327960587	1736.5
2396.52943538486	1739.5
2398.71496964628	1754.125
2400.89988268118	1713.25
2403.08417478048	1737.875
2405.26784623491	1736.375
2407.45089733509	1733.75
2409.63332837146	1737.375
2411.81513963429	1752.875
2413.99633141375	1727.125
2416.1769039998	1724.5
2418.35685768227	1739.75
2420.53619275084	1722.75
2422.71490949505	1723.5
2424.89300820425	1742.75
2427.07048916765	1733.375
2429.24735267433	1749.625
2431.42359901319	1751.25
2433.59922847297	1762.875
2435.7742413423	1744.375
2437.94863790961	1741.125
2440.12241846321	1743.875
2442.29558329121	1728
2444.46813268162	1729.375
2446.64006692228	1736.5
2448.81138630086	1745.625
2450.98209110489	1731.625
2453.15218162174	1750.875
2455.32165813864	1720.25
2457.49052094265	1760.375
2459.65877032069	1742.25
2461.8264065595	1748.875
2463.99342994572	1748
2466.15984076579	1761.875
2468.325639306	1728.625
2470.49082585251	1749.625
2472.65540069131	1753.75
2474.81936410824	1782.625
2476.98271638899	1758.5
2479.14545781909	1747.25
2481.30758868392	1743.875
2483.4691092687	1729.625
2485.63001985852	1751.25
2487.79032073829	1761.375
2489.95001219277	1744.125
2492.10909450659	1744.625
2494.26756796419	1753.375
2496.42543284989	1753.5
2498.58268944783	1778
2500.73933804202	1755.25
2502.8953789163	1748.75
2505.05081235436	1743.25
2507.20563863974	1734.5
2509.35985805582	1756
2511.51347088583	1756.375
2513.66647741285	1748.25
2515.81887791981	1737
2517.97067268946	1751.875
2520.12186200443	1779.5
2522.27244614716	1775.25
2524.42242539999	1746.625
2526.57180004504	1773.625
2528.72057036433	1756
2530.8687366397	1751.25
2533.01629915284	1739.25
2535.16325818527	1735.25
2537.30961401839	1742.375
2539.45536693343	1747.125
2541.60051721145	1732.625
2543.74506513338	1735.5
2545.88901097997	1715.875
2548.03235503185	1731.875
2550.17509756946	1702.875
2552.31723887311	1712.875
2554.45877922293	1712.25
2556.59971889893	1684.125
2558.74005818094	1706
2560.87979734864	1724.625
2563.01893668155	1733.125
2565.15747645906	1714.125
2567.29541696037	1734.25
2569.43275846454	1706.5
2571.56950125049	1729.75
2573.70564559696	1724.25
2575.84119178254	1722.375
2577.97614008569	1729.25
2580.11049078468	1691.375
2582.24424415764	1733.625
2584.37740048255	1717.5
2586.50996003722	1716.375
2588.64192309931	1728.5
2590.77328994634	1706
2592.90406085564	1717.75
2595.03423610442	1715.375
2597.16381596971	1708.875
2599.29280072839	1711.125
2601.42119065719	1731.125
2603.54898603267	1708
2605.67618713125	1722.625
2607.80279422919	1740.625
2609.92880760257	1744.75
2612.05422752735	1734.5
2614.17905427932	1712.25
2616.30328813408	1715.5
2618.42692936713	1722.5
2620.54997825377	1722.375
2622.67243506915	1710.25
2624.79430008828	1725.5
2626.915573586	1722.5
2629.03625583699	1714.625
2631.15634711579	1731.625
2633.27584769675	1696
2635.39475785408	1723.75
2637.51307786185	1723.625
2639.63080799394	1744
2641.74794852409	1734.25
2643.86449972589	1749.5
2645.98046187273	1776.375
2648.0958352379	1743.375
2650.21062009449	1743.125
2652.32481671544	1776.625
2654.43842537353	1768.375
2656.5514463414	1775.5
2658.66387989151	1784.125
2660.77572629616	1778.75
2662.88698582751	1781.25
2664.99765875753	1800.625
2667.10774535806	1802.25
2669.21724590076	1811.125
2671.32616065714	1793
2673.43448989857	1809.875
2675.5422338962	1788
2677.64939292108	1777.625
2679.75596724408	1763.625
2681.86195713589	1781.875
2683.96736286707	1752
2686.07218470799	1729.625
2688.17642292889	1741.125
2690.28007779982	1740.625
2692.38314959069	1722.75
2694.48563857123	1726.5
2696.58754501103	1725.375
2698.6888691795	1734.875
2700.78961134588	1727.5
2702.8897717793	1713.75
2704.98935074864	1703
2707.08834852271	1710.25
2709.18676537009	1703.75
2711.28460155925	1734.5
2713.38185735843	1718.125
2715.47853303577	1722.875
2717.57462885924	1725.75
2719.67014509659	1712.5
2721.76508201548	1696.25
2723.85943988337	1713.625
2725.95321896754	1712.5
2728.04641953515	1706.25
2730.13904185316	1702.375
2732.23108618837	1709.75
2734.32255280744	1717.75
2736.41344197683	1696.125
2738.50375396288	1694.5
2740.5934890317	1708
2742.68264744932	1708.375
2744.77122948153	1695.625
2746.85923539398	1682.25
2748.94666545217	1697.625
2751.03351992142	1694
2753.11979906688	1696.75
2755.20550315355	1695.5
2757.29063244624	1683.5
2759.37518720963	1672.875
2761.45916770819	1678.375
2763.54257420625	1687.75
2765.62540696797	1694.25
2767.70766625733	1709.875
2769.78935233816	1711.5
2771.87046547413	1682.625
2773.95100592869	1687
2776.03097396519	1709.125
2778.11036984677	1687.75
2780.18919383641	1688
2782.26744619693	1693.875
2784.34512719097	1681.875
2786.42223708102	1684.625
2788.49877612937	1687
2790.57474459816	1672.375
2792.65014274937	1679.5
2794.7249708448	1687.375
2796.79922914607	1716.5
2798.87291791465	1683.25
2800.94603741181	1686
2803.01858789869	1683.75
2805.09056963623	1677.875
2807.1619828852	1702
2809.23282790621	1699.875
2811.30310495971	1684.375
2813.37281430593	1699.5
2815.441956205	1687.75
2817.51053091682	1671.5
2819.57853870114	1673.375
2821.64597981753	1675.125
2823.7128545254	1689.875
2825.77916308399	1683.875
2827.84490575233	1671.375
2829.91008278933	1695.375
2831.97469445369	1665.125
2834.03874100395	1689.125
2836.10222269847	1683.25
2838.16513979544	1688.5
2840.22749255288	1691.875
2842.28928122863	1687.25
2844.35050608034	1716.375
2846.41116736553	1687.625
2848.47126534149	1722.5
2850.53080026537	1719.875
2852.58977239414	1714.875
2854.64818198459	1730
2856.70602929332	1727.5
2858.76331457678	1718.75
2860.82003809123	1705
2862.87620009274	1721.375
2864.93180083723	1716
2866.98684058043	1727.25
2869.04131957789	1725.375
2871.09523808497	1732.625
2873.14859635689	1721
2875.20139464866	1726.875
2877.2536332151	1729.75
2879.30531231091	1733.625
2881.35643219054	1758.625
2883.40699310831	1716.375
2885.45699531834	1747.125
2887.50643907457	1743.375
2889.55532463077	1729.125
2891.60365224053	1731.625
2893.65142215724	1730.125
2895.69863463414	1738.375
2897.74528992426	1742.5
2899.79138828046	1739.5
2901.83692995544	1739
2903.88191520168	1748.625
2905.92634427151	1741.875
2907.97021741706	1748.5
2910.01353489027	1747.875
2912.05629694294	1738.375
2914.09850382663	1739.375
2916.14015579276	1775
2918.18125309254	1767.75
2920.22179597702	1752.5
2922.26178469705	1776.5
2924.30121950329	1756.5
2926.34010064624	1762.125
2928.37842837619	1765.375
2930.41620294326	1765.25
2932.45342459737	1763.375
2934.49009358828	1762.625
2936.52621016555	1769.75
2938.56177457854	1762
2940.59678707645	1754
2942.63124790827	1752.875
2944.66515732282	1730.25
2946.69851556873	1767.375
2948.73132289443	1745.375
2950.76357954817	1746.25
2952.79528577803	1740.125
2954.82644183188	1736
2956.85704795741	1745.125
2958.8871044021	1716.5
2960.91661141328	1732
2962.94556923807	1734.875
2964.97397812339	1720.5
2967.00183831598	1735.75
2969.0291500624	1732.5
2971.05591360902	1717.875
2973.08212920199	1723
2975.1077970873	1723.75
2977.13291751074	1730.375
2979.1574907179	1711.25
2981.18151695419	1735.75
2983.20499646482	1686.25
2985.2279294948	1719.25
2987.25031628898	1700.875
2989.27215709199	1707.5
2991.29345214825	1698.5
2993.31420170204	1688.75
2995.33440599738	1700.375
2997.35406527816	1694.125
2999.37317978802	1699.375
3001.39174977045	1695.875
3003.40977546872	1701
3005.42725712591	1697
3007.44419498491	1708.25
3009.4605892884	1704.625
3011.47644027889	1695.5
3013.49174819865	1697.75
3015.5065132898	1694
3017.52073579424	1712.875
3019.53441595366	1701.5
3021.54755400959	1722.625
3023.56015020332	1702.25
3025.57220477598	1720.375
3027.58371796846	1711.5
3029.5946900215	1706.375
3031.6051211756	1711.75
3033.61501167107	1714.375
3035.62436174803	1696.5
3037.6331716464	1708.125
3039.64144160588	1704.5
3041.649171866	1686.75
3043.65636266607	1699.75
3045.6630142452	1679.375
3047.66912684229	1693.375
3049.67470069605	1697.875
3051.679736045	1680.875
3053.68423312742	1687.375
3055.68819218143	1685.75
3057.6916134449	1700.375
3059.69449715556	1686.625
3061.69684355086	1694.25
3063.6986528681	1695.625
3065.69992534437	1686.625
3067.70066121653	1703.75
3069.70086072126	1672.75
3071.700524095	1663.375
3073.69965157405	1674.5
3075.69824339442	1683.625
3077.69629979197	1687.625
3079.69382100235	1686.375
3081.69080726098	1666.625
3083.68725880307	1660.625
3085.68317586366	1672.625
3087.67855867755	1666.5
3089.67340747933	1673.625
3091.6677225034	1685.25
3093.66150398392	1690.25
3095.6547521549	1683.125
3097.64746725006	1676.125
3099.63964950297	1691.375
3101.63129914698	1666.5
3103.6224164152	1691.5
3105.61300154056	1700.75
3107.60305475576	1685.125
3109.59257629331	1671.25
3111.58156638547	1688.125
3113.57002526432	1679.5
3115.55795316172	1685
3117.54535030932	1687.875
3119.53221693853	1687.625
3121.51855328057	1693
3123.50435956646	1688.375
3125.48963602698	1680.375
3127.4743828927	1682.375
3129.45860039397	1689.25
3131.44228876093	1691.375
3133.42544822353	1688.875
3135.40807901145	1687.625
3137.39018135418	1687.875
3139.37175548102	1705.625
3141.35280162101	1682.125
3143.33332000299	1682.75
3145.31331085559	1702.125
3147.2927744072	1693.25
3149.27171088602	1696.125
3151.25012052	1700.75
3153.22800353689	1697.5
3155.20536016422	1694.5
3157.18219062929	1701.125
3159.15849515918	1703.625
3161.13427398075	1679.625
3163.10952732066	1695.5
3165.08425540532	1703.75
3167.05845846092	1685.75
3169.03213671344	1707.875
3171.00529038863	1700.25
3172.97791971203	1714.125
3174.95002490893	1682.75
3176.92160620443	1694.875
3178.89266382337	1695.75
3180.8631979904	1681.625
3182.83320892991	1726.375
3184.80269686609	1696.375
3186.77166202289	1710.375
3188.74010462406	1682
3190.70802489307	1699.75
3192.67542305323	1721.75
3194.64229932757	1695.25
3196.60865393892	1715.125
3198.57448710987	1705
3200.53979906279	1725.25
3202.50459001981	1709.875
3204.46886020284	1730.375
3206.43260983356	1709.875
3208.39583913341	1712.625
3210.35854832362	1729.875
3212.32073762517	1724
3214.28240725881	1710.625
3216.24355744508	1723.75
3218.20418840426	1707.5
3220.16430035642	1716
3222.12389352137	1713.375
3224.08296811873	1706.625
3226.04152436784	1710.5
3227.99956248784	1741.5
3229.95708269762	1708.75
3231.91408521584	1719.625
3233.87057026092	1709.25
3235.82653805105	1709.25
3237.78198880419	1742
3239.73692273806	1712
3241.69134007013	1724.25
3243.64524101764	1736.5
3245.59862579761	1709.75
3247.55149462681	1720.125
3249.50384772176	1729.625
3251.45568529877	1737.75
3253.40700757387	1729
3255.35781476288	1704.875
3257.3081070814	1729
3259.25788474473	1709.5
3261.20714796799	1728.625
3263.15589696602	1710.625
3265.10413195345	1716.75
3267.05185314463	1726
3268.9990607537	1725.625
3270.94575499455	1717.125
3272.89193608081	1728.75
3274.8376042259	1716.625
3276.78275964296	1720.375
3278.72740254492	1724.125
3280.67153314443	1751.375
3282.61515165393	1723.125
3284.55825828559	1720.75
3286.50085325135	1735.125
3288.44293676289	1707
3290.38450903165	1726.875
3292.32557026883	1703.125
3294.26612068537	1728.875
3296.20616049198	1724.875
3298.14568989911	1717.25
3300.08470911695	1724.625
3302.02321835546	1718.125
3303.96121782435	1733.375
3305.89870773306	1690
3307.83568829081	1710.625
3309.77215970655	1727.5
3311.70812218898	1699.25
3313.64357594655	1712.375
3315.57852118747	1701.25
3317.51295811968	1710
3319.44688695087	1710.75
3321.38030788849	1723.875
3323.31322113973	1690.25
3325.24562691152	1698.25
3327.17752541055	1704.875
3329.10891684322	1717.625
3331.03980141573	1736.875
3332.97017933399	1697.75
3334.90005080364	1724.375
3336.82941603011	1700.875
3338.75827521852	1712.5
3340.68662857377	1705.5
3342.6144763005	1711.125
3344.54181860308	1708.375
3346.46865568561	1714.5
3348.39498775195	1691.875
3350.32081500571	1709.5
3352.24613765022	1705.5
3354.17095588855	1706.5
3356.09526992352	1727.25
3358.01907995769	1713.75
3359.94238619334	1723.125
3361.86518883251	1710.375
3363.78748807697	1731.5
3365.70928412823	1730
3367.63057718752	1716.75
3369.55136745582	1730.5
3371.47165513386	1726.625
3373.39144042208	1713.125
3375.31072352066	1701.125
3377.22950462953	1706.875
3379.14778394834	1701.875
3381.06556167648	1706.375
3382.98283801308	1708.5
3384.89961315697	1702
3386.81588730676	1724.75
3388.73166066076	1713.25
3390.64693341702	1716.375
3392.56170577332	1712.75
3394.47597792716	1703.125
3396.38975007581	1725.375
3398.30302241623	1719.375
3400.21579514512	1705.75
3402.1280684589	1703.25
3404.03984255374	1718.875
3405.95111762553	1713.625
3407.86189386987	1709
3409.77217148212	1684.375
3411.68195065733	1696.125
3413.5912315903	1681.375
3415.50001447556	1710.625
3417.40829950735	1717.875
3419.31608687963	1703.5
3421.22337678611	1697
3423.1301694202	1691.125
3425.03646497504	1694.125
3426.9422636435	1680.625
3428.84756561816	1711.375
3430.75237109135	1706.5
3432.65668025508	1705
3434.56049330112	1704.875
3436.46381042093	1710.75
3438.36663180571	1697.875
3440.26895764638	1704.75
3442.17078813357	1716.25
3444.07212345762	1712.125
3445.97296380863	1694.125
3447.87330937636	1702.25
3449.77316035033	1690.5
3451.67251691977	1693.125
3453.57137927361	1692.625
3455.46974760052	1686.875
3457.36762208886	1672.875
3459.26500292671	1696.125
3461.16189030191	1681.5
3463.05828440194	1706.875
3464.95418541406	1690.875
3466.84959352519	1682
3468.74450892201	1688.375
3470.63893179088	1702.5
3472.53286231788	1691.625
3474.42630068881	1686.75
3476.31924708918	1694.125
3478.2117017042	1681.375
3480.1036647188	1673.25
3481.99513631761	1672.875
3483.88611668498	1679.375
3485.77660600498	1678.5
3487.66660446135	1677.5
3489.55611223758	1689.75
3491.44512951683	1659.25
3493.333656482	1677.25
3495.22169331568	1685.125
3497.10924020016	1667.5
3498.99629731746	1658.625
3500.88286484927	1668.5
3502.76894297702	1675.5
3504.65453188182	1670
3506.53963174449	1681.5
3508.42424274555	1641.875
3510.30836506524	1658.125
3512.19199888349	1667.375
3514.07514437992	1651.5
3515.95780173387	1665
3517.83997112437	1642.625
3519.72165273016	1649.5
3521.60284672967	1658.125
3523.48355330104	1635.125
3525.36377262208	1625.375
3527.24350487035	1647
3529.12275022306	1628.375
3531.00150885715	1636
3532.87978094923	1633.875
3534.75756667562	1624.125
3536.63486621235	1636.75
3538.51167973512	1625.875
3540.38800741934	1624.5
3542.26384944011	1637.25
3544.13920597223	1628.375
3546.01407719018	1633.875
3547.88846326815	1647.375
3549.76236438002	1613.125
3551.63578069934	1629.375
3553.50871239938	1608.875
3555.38115965309	1613.875
3557.25312263311	1607.875
3559.12460151177	1607.25
3560.99559646109	1612.75
3562.86610765279	1610.5
3564.73613525825	1595.75
3566.60567944857	1616
3568.47474039453	1590.25
3570.34331826658	1616.375
3572.21141323487	1608.5
3574.07902546925	1611
3575.94615513922	1614.75
3577.81280241401	1626.25
3579.67896746249	1603
3581.54465045325	1607.25
3583.40985155455	1611.125
3585.27457093432	1613.75
3587.1388087602	1613.75
3589.00256519949	1610.75
3590.86584041919	1604.75
3592.72863458597	1608.625
3594.59094786618	1595.375
3596.45278042585	1599.5
3598.31413243069	1591.75
3600.17500404611	1605.125
3602.03539543717	1609.75
3603.89530676861	1608.5
3605.75473820488	1589.375
3607.61368991007	1599.375
3609.47216204797	1599.75
3611.33015478203	1602.125
3613.18766827539	1604.75
3615.04470269087	1606.875
3616.90125819094	1594.125
3618.75733493776	1608.25
3620.61293309318	1596.25
3622.46805281869	1601
3624.32269427547	1593.625
3626.17685762439	1573.25
3628.03054302596	1598
3629.88375064038	1578.625
3631.73648062751	1590.75
3633.5887331469	1578.5
3635.44050835775	1564.5
3637.29180641893	1583
3639.14262748899	1583.75
3640.99297172614	1577.5
3642.84283928828	1579.625
3644.69223033294	1583.375
3646.54114501734	1568
3648.38958349836	1588
3650.23754593256	1570.375
3652.08503247614	1556.5
3653.93204328497	1560.5
3655.77857851462	1572.375
3657.62463832028	1557
3659.47022285682	1561.5
3661.31533227877	1579.75
3663.15996674033	1569.5
3665.00412639535	1578.125
3666.84781139736	1573.625
3668.69102189953	1561.5
3670.5337580547	1553.625
3672.37602001537	1552.25
3674.21780793368	1564.75
3676.05912196148	1571.5
3677.89996225021	1569.75
3679.74032895103	1564.875
3681.58022221471	1555.375
3683.41964219171	1557.75
3685.25858903211	1559
3687.0970628857	1561.875
3688.93506390186	1550.875
3690.77259222968	1545.25
3692.60964801787	1542.25
3694.44623141481	1563.375
3696.28234256853	1544.5
3698.11798162669	1558
3699.95314873665	1532.625
3701.78784404537	1541.625
3703.62206769951	1544.25
3705.45581984533	1550.5
3707.28910062877	1542.875
3709.12191019542	1547.625
3710.95424869052	1540.5
3712.78611625894	1544.375
3714.6175130452	1547
3716.44843919349	1540.625
3718.27889484764	1529.75
3720.1088801511	1542.75
3721.93839524699	1526
3723.76744027808	1547.25
3725.59601538677	1545.5
3727.4241207151	1539.625
