40.2973356941271	1127.59997558594
43.2236257608418	1129.5
46.1488808466109	1130
49.0731017336173	1129.69995117188
51.9962892025666	1132.5
54.9184440327569	1135.59997558594
57.8395670020446	1138.59997558594
60.7596588868509	1138.09997558594
63.6787204621708	1140.80004882813
66.5967525015794	1149.30004882813
69.5137557772381	1147.19995117188
72.4297310598838	1153.80004882813
75.3446791188512	1160.09997558594
78.2586007220466	1172.90002441406
81.1714966360015	1185.59997558594
84.0833676258266	1198.19995117188
86.994214455242	1219.5
89.9040378865662	1241.80004882813
92.8128386807427	1258
95.7206175973133	1270.80004882813
98.6273753944444	1287
101.533112828928	1288.40002441406
104.437830656161	1297
107.34152963018	1305.80004882813
110.244210503676	1299
113.145874027931	1308.30004882813
116.046520952895	1298.40002441406
118.946152027154	1295.90002441406
121.844767997933	1286.30004882813
124.74236961111	1291.09997558594
127.638957611212	1290.30004882813
130.534532741422	1299.40002441406
133.429095743606	1291.30004882813
136.322647358252	1299.30004882813
139.215188324544	1300.30004882813
142.106719380311	1292.30004882813
144.997241262089	1303.09997558594
147.886754705057	1301.09997558594
150.775260443096	1296.40002441406
153.662759208748	1302
156.549251733282	1304.5
159.434738746612	1302.69995117188
162.319220977376	1301.09997558594
165.20269915289	1297.40002441406
168.085173999178	1296.69995117188
170.966646240977	1294.30004882813
173.847116601709	1290.80004882813
176.726585803528	1292.90002441406
179.605054567295	1297.69995117188
182.48252361259	1283.19995117188
185.358993657701	1292.30004882813
188.234465419645	1293
191.108939614183	1289.5
193.982416955795	1275.40002441406
196.854898157687	1293.30004882813
199.726383931801	1274
202.596874988835	1285.5
205.466372038225	1287.19995117188
208.334875788145	1292.40002441406
211.202386945534	1284.30004882813
214.068906216069	1285.19995117188
216.934434304194	1293.40002441406
219.798971913111	1290.80004882813
222.662519744776	1291.40002441406
225.525078499925	1282.30004882813
228.386648878069	1293.90002441406
231.247231577465	1292.09997558594
234.106827295172	1283.30004882813
236.965436727012	1291.40002441406
239.823060567597	1288.09997558594
242.679699510337	1296.09997558594
245.535354247396	1289.59997558594
248.390025469775	1292.59997558594
251.243713867223	1293.59997558594
254.096420128327	1282.30004882813
256.948144940459	1297.30004882813
259.798888989788	1292.09997558594
262.648652961315	1286.30004882813
265.49743753883	1296
268.345243404939	1296.30004882813
271.192071241073	1284.40002441406
274.037921727485	1287.59997558594
276.882795543246	1287.30004882813
279.72669336624	1286.30004882813
282.569615873213	1291.19995117188
285.411563739724	1293.5
288.252537640165	1291.69995117188
291.092538247763	1288.80004882813
293.931566234616	1300.19995117188
296.769622271633	1283.80004882813
299.606707028594	1297.90002441406
302.442821174104	1291.09997558594
305.277965375652	1296
308.112140299574	1304.5
310.945346611062	1294.90002441406
313.777584974167	1288.5
316.608856051813	1296
319.439160505797	1291.69995117188
322.268498996783	1284.90002441406
325.096872184303	1301.5
327.924280726782	1292.19995117188
330.750725281521	1290.5
333.576206504693	1295.40002441406
336.400725051388	1290.30004882813
339.224281575542	1298
342.046876730026	1290
344.868511166586	1304.40002441406
347.689185535872	1296.90002441406
350.508900487421	1298
353.327656669699	1291.30004882813
356.145454730079	1293.09997558594
358.962295314817	1292
361.778179069105	1295.5
364.593106637051	1282.09997558594
367.407078661675	1299.40002441406
370.220095784913	1290.59997558594
373.032158647655	1290.69995117188
375.843267889676	1295.90002441406
378.653424149715	1300.69995117188
381.462628065436	1301.09997558594
384.270880273432	1295.80004882813
387.078181409254	1304.90002441406
389.884532107358	1296.19995117188
392.689933001188	1298.69995117188
395.494384723112	1303.09997558594
398.29788790445	1308.5
401.100443175488	1292.5
403.902051165437	1304.90002441406
406.702712502518	1306.80004882813
409.502427813866	1303.69995117188
412.301197725607	1308.69995117188
415.099022862823	1295.30004882813
417.89590384957	1295
420.691841308876	1305.59997558594
423.486835862752	1307.80004882813
426.280888132173	1307.09997558594
429.073998737112	1310.90002441406
431.866168296507	1310.90002441406
434.657397428298	1299.59997558594
437.447686749412	1299.90002441406
440.237036875762	1316.5
443.025448422257	1292.69995117188
445.812922002813	1304.90002441406
448.599458230326	1305.69995117188
451.38505771672	1302.5
454.169721072909	1299.09997558594
456.953448908819	1301.09997558594
459.736241833384	1298.69995117188
462.518100454555	1305.69995117188
465.2990253793	1312.90002441406
468.079017213605	1306.30004882813
470.858076562476	1312.80004882813
473.636204029939	1313.90002441406
476.41340021906	1303.59997558594
479.189665731938	1308.09997558594
481.965001169667	1307.80004882813
484.739407132419	1305.59997558594
487.512884219391	1305.69995117188
490.285433028796	1299.59997558594
493.057054157921	1302.09997558594
495.827748203087	1308.30004882813
498.597515759658	1305.80004882813
501.366357422061	1308.59997558594
504.134273783759	1308.5
506.901265437278	1313.5
509.66733297421	1314.59997558594
512.432476985198	1302.5
515.196698059945	1310.90002441406
517.959996787225	1314.90002441406
520.722373754895	1304.90002441406
523.483829549856	1318.19995117188
526.24436475811	1314.19995117188
529.003979964696	1308.80004882813
531.762675753779	1310.69995117188
534.520452708569	1301.90002441406
537.277311411375	1313.80004882813
540.03325244359	1319.30004882813
542.788276385682	1298.40002441406
545.54238381725	1311.40002441406
548.295575316938	1318.09997558594
551.047851462516	1315.19995117188
553.799212830831	1306
556.549659997851	1307.09997558594
559.299193538643	1301.69995117188
562.047814027381	1312.19995117188
564.795522037318	1319.09997558594
567.542318140861	1317.09997558594
570.288202909507	1318.40002441406
573.033176913873	1311
575.7772407237	1313
578.520394907829	1315.30004882813
581.26264003424	1322.30004882813
584.003976670046	1318.59997558594
586.744405381469	1314.80004882813
589.483926733869	1318.90002441406
592.222541291746	1310.19995117188
594.96024961872	1309.09997558594
597.697052277563	1320.40002441406
600.432949830166	1306.30004882813
603.167942837587	1314.5
605.902031860012	1316.80004882813
608.635217456783	1329.19995117188
611.367500186378	1323
614.098880606429	1319.30004882813
616.82935927374	1303.40002441406
619.558936744248	1323.59997558594
622.287613573072	1314.80004882813
625.015390314457	1324.40002441406
627.742267521848	1321.5
630.468245747829	1309
633.193325544166	1322.69995117188
635.917507461792	1333
638.640792050804	1321.09997558594
641.36317986048	1322
644.084671439281	1317.30004882813
646.805267334845	1321.5
649.524968093967	1317
652.24377426266	1316
654.961686386106	1320.80004882813
657.678705008678	1316.40002441406
660.394830673939	1313.30004882813
663.110063924628	1316.19995117188
665.824405302728	1321.09997558594
668.537855349351	1312
671.250414604863	1318
673.962083608812	1321.80004882813
676.672862899949	1320.59997558594
679.382753016218	1319.59997558594
682.091754494801	1322.40002441406
684.799867872061	1314.09997558594
687.507093683595	1314.40002441406
690.213432464198	1313.90002441406
692.918884747899	1316.19995117188
695.623451067937	1315.69995117188
698.327131956755	1331.90002441406
701.029927946065	1326.80004882813
703.731839566754	1337.69995117188
706.43286734896	1327
709.133011822067	1326.59997558594
711.832273514658	1316.69995117188
714.53065295457	1326
717.228150668879	1327.30004882813
719.924767183889	1331
722.620503025148	1327
725.315358717446	1324.5
728.009334784827	1330.5
730.702431750559	1333.30004882813
733.394650137188	1327.09997558594
736.085990466498	1326.19995117188
738.776453259519	1327.30004882813
741.466039036542	1323.59997558594
744.154748317125	1331.59997558594
746.842581620074	1332.09997558594
749.529539463458	1317
752.215622364608	1314.19995117188
754.900830840131	1327.09997558594
757.585165405892	1332.80004882813
760.26862657703	1337.5
762.951214867957	1334.30004882813
765.632930792356	1329.90002441406
768.313774863181	1328.19995117188
770.993747592673	1337.90002441406
773.672849492359	1338.40002441406
776.351081073017	1318.59997558594
779.028442844757	1333.69995117188
781.704935316928	1330.69995117188
784.380558998208	1333.30004882813
787.055314396528	1326.19995117188
789.729202019141	1340.40002441406
792.402222372581	1335.90002441406
795.074375962669	1324
797.745663294537	1341.5
800.416084872622	1337.09997558594
803.085641200652	1330.40002441406
805.754332781664	1339.30004882813
808.422160117986	1337.5
811.089123711292	1330.59997558594
813.75522406252	1337.09997558594
816.420461671951	1331.40002441406
819.084837039164	1337.09997558594
821.748350663067	1331.59997558594
824.411003041866	1342.90002441406
827.072794673116	1353.69995117188
829.733726053668	1343.69995117188
832.39379767971	1343.80004882813
835.05301004674	1338.40002441406
837.711363649601	1344.5
840.368858982457	1336.59997558594
843.025496538805	1353.19995117188
845.681276811467	1351.19995117188
848.336200292618	1351
850.99026747375	1345.69995117188
853.643478845713	1347.90002441406
856.29583489868	1342.30004882813
858.947336122176	1340.30004882813
861.59798300506	1342.30004882813
864.247776035556	1352.5
866.896715701222	1340.40002441406
869.544802488959	1345.90002441406
872.192036885046	1344.69995117188
874.838419375087	1346.09997558594
877.483950444054	1355.09997558594
880.128630576285	1351.90002441406
882.772460255461	1351.69995117188
885.415439964628	1353.19995117188
888.057570186211	1342.40002441406
890.698851401966	1339.80004882813
893.339284093045	1349.09997558594
895.978868739961	1354.40002441406
898.617605822596	1353.30004882813
901.255495820196	1343.5
903.892539211396	1343.80004882813
906.528736474184	1341.90002441406
909.164088085949	1349.40002441406
911.798594523442	1351.69995117188
914.432256262804	1344.69995117188
917.065073779549	1340.5
919.697047548589	1348.80004882813
922.328178044212	1352.09997558594
924.9584657401	1352.19995117188
927.587911109317	1351.59997558594
930.216514624317	1347.80004882813
932.844276756963	1354.90002441406
935.471197978488	1359.09997558594
938.097278759538	1352.09997558594
940.722519570163	1351.09997558594
943.346920879798	1366.90002441406
945.97048315729	1362.19995117188
948.593206870885	1361.90002441406
951.215092488219	1360.09997558594
953.836140476366	1376.59997558594
956.456351301787	1373.59997558594
959.07572543037	1379
961.694263327369	1383.69995117188
964.311965457521	1368.69995117188
966.928832284933	1375.40002441406
969.544864273135	1379.59997558594
972.160061885076	1375.09997558594
974.774425583129	1375.59997558594
977.387955829099	1369.5
980.000653084196	1371.30004882813
982.612517809061	1369.40002441406
985.223550463768	1377.19995117188
987.833751507819	1357.90002441406
990.443121400135	1372.5
993.051660599081	1384.09997558594
995.659369562449	1383
998.266248747469	1397.80004882813
1000.87229861081	1414.30004882813
1003.47751960857	1428.19995117188
1006.0819121963	1449.19995117188
1008.68547682897	1430.69995117188
1011.28821396104	1420.80004882813
1013.89012404635	1403.80004882813
1016.49120753824	1404.59997558594
1019.09146488947	1380.59997558594
1021.69089655226	1383.40002441406
1024.28950297827	1375.40002441406
1026.88728461863	1371.5
1029.48424192392	1362.40002441406
1032.08037534416	1374.59997558594
1034.67568532886	1376.5
1037.27017232694	1372.30004882813
1039.86383678682	1376.59997558594
1042.45667915637	1372.40002441406
1045.04869988293	1370.90002441406
1047.6398994133	1373.59997558594
1050.23027819374	1373.59997558594
1052.81983666998	1372.59997558594
1055.40857528724	1372.19995117188
1057.99649449018	1376.30004882813
1060.58359472296	1370.5
1063.1698764292	1390.30004882813
1065.755340052	1368.30004882813
1068.33998603393	1377.90002441406
1070.92381481706	1372.40002441406
1073.50682684291	1367.40002441406
1076.08902255251	1382
1078.67040238637	1374.19995117188
1081.25096678445	1383.90002441406
1083.83071618624	1375
1086.4096510307	1369.59997558594
1088.98777175629	1376.80004882813
1091.56507880094	1383
1094.14157260208	1366.30004882813
1096.71725359664	1376.59997558594
1099.29212222106	1374.5
1101.86617891125	1360.90002441406
1104.43942410262	1392.59997558594
1107.01185823011	1389.5
1109.58348172812	1371.5
1112.15429503057	1380.90002441406
1114.7242985709	1388.59997558594
1117.29349278203	1388.69995117188
1119.86187809642	1391.30004882813
1122.42945494599	1395
1124.99622376222	1397.5
1127.56218497606	1395.69995117188
1130.12733901801	1397.5
1132.69168631804	1406.30004882813
1135.25522730568	1410.80004882813
1137.81796240995	1421.80004882813
1140.37989205941	1427.90002441406
1142.9410166821	1435.19995117188
1145.50133670561	1438.69995117188
1148.06085255708	1474.30004882813
1150.61956466311	1514.40002441406
1153.17747344987	1575.80004882813
1155.73457934305	1620.40002441406
1158.29088276786	1638.19995117188
1160.84638414903	1616.90002441406
1163.40108391085	1578.90002441406
1165.95498247711	1507.40002441406
1168.50808027116	1471.5
1171.06037771587	1449.59997558594
1173.61187523364	1411.5
1176.16257324643	1414
1178.71247217573	1419.30004882813
1181.26157244255	1432
1183.80987446746	1407.30004882813
1186.35737867059	1420.19995117188
1188.90408547157	1436.59997558594
1191.44999528961	1437.09997558594
1193.99510854347	1437.80004882813
1196.53942565142	1431.5
1199.08294703133	1449.40002441406
1201.62567310057	1408.69995117188
1204.16760427611	1415.09997558594
1206.70874097445	1406.59997558594
1209.24908361163	1401.59997558594
1211.78863260327	1403.59997558594
1214.32738836454	1396.30004882813
1216.86535131017	1403.5
1219.40252185445	1403.5
1221.93890041121	1389.59997558594
1224.47448739389	1391
1227.00928321544	1404.90002441406
1229.54328828842	1393.19995117188
1232.07650302491	1384.69995117188
1234.60892783662	1401
1237.14056313477	1387.5
1239.67140933017	1398.40002441406
1242.2014668332	1395.59997558594
1244.73073605384	1395.59997558594
1247.25921740159	1401.40002441406
1249.78691128558	1401.19995117188
1252.31381811448	1409.30004882813
1254.83993829655	1397.30004882813
1257.36527223962	1412.59997558594
1259.88982035112	1408.80004882813
1262.41358303803	1404.90002441406
1264.93656070696	1417.09997558594
1267.45875376405	1427.80004882813
1269.98016261505	1428.90002441406
1272.50078766531	1426.30004882813
1275.02062931974	1430.40002441406
1277.53968798285	1437.19995117188
1280.05796405875	1420.90002441406
1282.57545795112	1416.59997558594
1285.09217006325	1422.90002441406
1287.60810079802	1417.09997558594
1290.12325055788	1398.90002441406
1292.63761974492	1404.80004882813
1295.15120876079	1413.30004882813
1297.66401800676	1416.69995117188
1300.17604788367	1396.90002441406
1302.687298792	1410.69995117188
1305.19777113181	1409.69995117188
1307.70746530274	1410.09997558594
1310.21638170408	1426.90002441406
1312.7245207347	1425.5
1315.23188279307	1400.09997558594
1317.73846827728	1405.19995117188
1320.24427758502	1423.19995117188
1322.74931111359	1417.40002441406
1325.25356925991	1403.90002441406
1327.75705242051	1397.80004882813
1330.25976099151	1412.90002441406
1332.76169536868	1408.40002441406
1335.26285594737	1395.69995117188
1337.76324312256	1399.40002441406
1340.26285728887	1407.40002441406
1342.76169884052	1410.59997558594
1345.25976817132	1414.19995117188
1347.75706567474	1398.19995117188
1350.25359174387	1403.80004882813
1352.74934677141	1407.5
1355.24433114968	1395.30004882813
1357.73854527062	1412.59997558594
1360.23198952583	1401.19995117188
1362.7246643065	1406.5
1365.21657000347	1404.19995117188
1367.7077070072	1403.40002441406
1370.19807570777	1405.80004882813
1372.68767649492	1414.30004882813
1375.176509758	1396.19995117188
1377.66457588599	1406.5
1380.15187526753	1404
1382.63840829087	1416
1385.1241753439	1419.90002441406
1387.60917681417	1418.59997558594
1390.09341308884	1415.40002441406
1392.57688455474	1394.30004882813
1395.05959159829	1418.90002441406
1397.54153460562	1398.69995117188
1400.02271396243	1417.80004882813
1402.50313005414	1408.09997558594
1404.98278326576	1410.90002441406
1407.46167398196	1414.30004882813
1409.93980258707	1403.69995117188
1412.41716946504	1412.5
1414.89377499951	1419.69995117188
1417.36961957373	1428.90002441406
1419.84470357062	1424
1422.31902737275	1419.80004882813
1424.79259136235	1423.30004882813
1427.26539592129	1425.30004882813
1429.73744143111	1429.59997558594
1432.20872827299	1430.30004882813
1434.67925682777	1415.30004882813
1437.14902747597	1427.5
1439.61804059773	1417.5
1442.0862965729	1429.80004882813
1444.55379578093	1443.30004882813
1447.02053860099	1445.90002441406
1449.48652541188	1445.09997558594
1451.95175659206	1451.19995117188
1454.41623251969	1449.59997558594
1456.87995357255	1447.69995117188
1459.34292012811	1441.80004882813
1461.80513256351	1432.09997558594
1464.26659125557	1441.69995117188
1466.72729658073	1434
1469.18724891517	1425
1471.64644863469	1439.90002441406
1474.10489611478	1439.69995117188
1476.5625917306	1437.30004882813
1479.01953585699	1429.30004882813
1481.47572886844	1422.5
1483.93117113917	1452.90002441406
1486.38586304302	1440.09997558594
1488.83980495354	1452.80004882813
1491.29299724395	1452.40002441406
1493.74544028715	1460.09997558594
1496.19713445573	1468.90002441406
1498.64808012193	1489.30004882813
1501.09827765772	1488.80004882813
1503.54772743471	1516.09997558594
1505.99642982421	1550.5
1508.44438519723	1595.80004882813
1510.89159392446	1631.80004882813
1513.33805637625	1686.90002441406
1515.78377292266	1720.59997558594
1518.22874393346	1757
1520.67296977806	1732.90002441406
1523.11645082559	1704.30004882813
1525.55918744488	1650.69995117188
1528.00118000444	1611.40002441406
1530.44242887245	1556.59997558594
1532.88293441684	1524.09997558594
1535.32269700517	1479.5
1537.76171700475	1467
1540.19999478255	1454.19995117188
1542.63753070526	1450
1545.07432513925	1440.69995117188
1547.5103784506	1430.90002441406
1549.94569100509	1443.5
1552.38026316819	1431.5
1554.8140953051	1440.09997558594
1557.24718778067	1435.30004882813
1559.67954095952	1445.40002441406
1562.11115520592	1438.09997558594
1564.54203088386	1436.90002441406
1566.97216835704	1436.19995117188
1569.40156798888	1432.19995117188
1571.83023014248	1440
1574.25815518067	1430.90002441406
1576.68534346597	1436.90002441406
1579.11179536062	1441.90002441406
1581.53751122658	1435.40002441406
1583.9624914255	1452.40002441406
1586.38673631876	1446.40002441406
1588.81024626745	1441
1591.23302163235	1444.90002441406
1593.655062774	1432.5
1596.07637005262	1445.40002441406
1598.49694382815	1433.80004882813
1600.91678446025	1434.40002441406
1603.33589230831	1440.69995117188
1605.75426773142	1427.19995117188
1608.1719110884	1437.40002441406
1610.58882273779	1436.5
1613.00500303784	1436
1615.42045234654	1438.59997558594
1617.83517102158	1414.80004882813
1620.24915942039	1436.69995117188
1622.66241790012	1450.40002441406
1625.07494681764	1453.59997558594
1627.48674652954	1435.40002441406
1629.89781739216	1439.5
1632.30815976152	1429.30004882813
1634.71777399343	1439.40002441406
1637.12666044338	1439
1639.53481946661	1453.69995117188
1641.94225141808	1441.40002441406
1644.34895665248	1445.40002441406
1646.75493552424	1440.30004882813
1649.16018838752	1434.59997558594
1651.56471559621	1448.40002441406
1653.96851750392	1455
1656.37159446403	1442.19995117188
1658.7739468296	1458.69995117188
1661.17557495349	1449.30004882813
1663.57647918824	1444.30004882813
1665.97665988617	1449
1668.37611739929	1438.40002441406
1670.77485207939	1452.40002441406
1673.17286427799	1436.69995117188
1675.57015434633	1444.59997558594
1677.96672263542	1426.90002441406
1680.36256949598	1426
1682.7576952785	1425.69995117188
1685.15210033318	1424.59997558594
1687.54578501	1437.69995117188
1689.93874965866	1435
1692.33099462861	1417.69995117188
1694.72252026904	1430.80004882813
1697.11332692889	1421.19995117188
1699.50341495686	1420.69995117188
1701.89278470137	1419.80004882813
1704.28143651061	1440.19995117188
1706.66937073251	1431.59997558594
1709.05658771473	1440.5
1711.44308780473	1426.40002441406
1713.82887134968	1441.09997558594
1716.21393869648	1420.19995117188
1718.59829019185	1434
1720.98192618221	1420.30004882813
1723.36484701374	1430.30004882813
1725.74705303238	1444
1728.12854458384	1417.19995117188
1730.50932201356	1416.30004882813
1732.88938566673	1417.59997558594
1735.26873588834	1414.09997558594
1737.64737302307	1443.59997558594
1740.02529741544	1424.69995117188
1742.40250940964	1426.59997558594
1744.77900934969	1437.19995117188
1747.15479757933	1424.69995117188
1749.52987444206	1431.30004882813
1751.90424028116	1427.30004882813
1754.27789543967	1433.69995117188
1756.65084026037	1432.80004882813
1759.02307508582	1430.90002441406
1761.39460025833	1405.69995117188
1763.76541612	1445.40002441406
1766.13552301265	1424.90002441406
1768.50492127791	1434.40002441406
1770.87361125714	1431.09997558594
1773.2415932915	1428
1775.60886772188	1429.90002441406
1777.97543488896	1428.19995117188
1780.34129513318	1426.59997558594
1782.70644879475	1409.59997558594
1785.07089621365	1422
1787.43463772964	1418
1789.7976736822	1429.90002441406
1792.16000441066	1439.09997558594
1794.52163025405	1420.59997558594
1796.88255155121	1442.30004882813
1799.24276864074	1443.59997558594
1801.60228186102	1425.19995117188
1803.96109155019	1437.59997558594
1806.31919804618	1425.80004882813
1808.67660168668	1433.80004882813
1811.03330280916	1436.09997558594
1813.38930175088	1433
1815.74459884884	1428.80004882813
1818.09919443984	1433.59997558594
1820.45308886047	1432.59997558594
1822.80628244708	1420
1825.1587755358	1429.90002441406
1827.51056846254	1434.59997558594
1829.86166156297	1435.5
1832.21205517258	1428.90002441406
1834.56174962661	1432.40002441406
1836.91074526009	1426.30004882813
1839.25904240783	1428.90002441406
1841.60664140443	1421.59997558594
1843.95354258425	1416.19995117188
1846.29974628146	1430.19995117188
1848.64525282998	1425.80004882813
1850.99006256356	1429.80004882813
1853.3341758157	1411.5
1855.67759291968	1429.59997558594
1858.02031420858	1423.40002441406
1860.36234001528	1423.09997558594
1862.70367067241	1423
1865.04430651244	1434
1867.38424786755	1429.5
1869.72349506978	1436
1872.06204845094	1422.80004882813
1874.39990834258	1417.69995117188
1876.73707507612	1434.5
1879.07354898269	1416.80004882813
1881.40933039328	1429.09997558594
1883.74441963861	1427.19995117188
1886.07881704925	1429.59997558594
1888.41252295551	1422.09997558594
1890.74553768751	1417.19995117188
1893.07786157519	1434
1895.40949494822	1432.19995117188
1897.74043813615	1434.90002441406
1900.07069146823	1422.09997558594
1902.40025527357	1423.09997558594
1904.72912988106	1425.19995117188
1907.05731561938	1438.30004882813
1909.38481281699	1414
1911.71162180217	1426.69995117188
1914.037742903	1426
1916.36317644734	1420.19995117188
1918.68792276284	1425.30004882813
1921.01198217697	1443.40002441406
1923.33535501699	1436.19995117188
1925.65804160996	1426.59997558594
1927.98004228273	1423.80004882813
1930.30135736196	1435.80004882813
1932.6219871741	1422.59997558594
1934.94193204543	1426.30004882813
1937.26119230198	1425.59997558594
1939.57976826962	1425.5
1941.89766027402	1427
1944.21486864062	1428.90002441406
1946.53139369472	1428.80004882813
1948.84723576137	1423.40002441406
1951.16239516543	1420.09997558594
1953.47687223159	1428.59997558594
1955.79066728434	1429.59997558594
1958.10378064794	1425.69995117188
1960.4162126465	1434.19995117188
1962.7279636039	1438.69995117188
1965.03903384385	1434
1967.34942368987	1418.90002441406
1969.65913346524	1423.69995117188
1971.96816349311	1431.5
1974.2765140964	1422.19995117188
1976.58418559784	1433.80004882813
1978.89117831997	1422.80004882813
1981.19749258516	1430.59997558594
1983.50312871555	1415.09997558594
1985.80808703313	1424.90002441406
1988.11236785967	1421.69995117188
1990.41597151676	1421
1992.71889832581	1424.19995117188
1995.02114860801	1439.19995117188
1997.3227226844	1429.59997558594
1999.62362087581	1427.59997558594
2001.92384350288	1432.30004882813
2004.22339088608	1437.90002441406
2006.52226334567	1425.19995117188
2008.82046120173	1438.19995117188
2011.11798477417	1441.09997558594
2013.41483438269	1428.40002441406
2015.71101034681	1436.69995117188
2018.00651298588	1427.19995117188
2020.30134261905	1427.09997558594
2022.59549956528	1433.90002441406
2024.88898414337	1434.40002441406
2027.1817966719	1429.90002441406
2029.4739374693	1428.19995117188
2031.76540685379	1426.19995117188
2034.05620514342	1421.80004882813
2036.34633265607	1433.59997558594
2038.6357897094	1431.90002441406
2040.92457662092	1425.40002441406
2043.21269370795	1429
2045.50014128763	1426
2047.78691967691	1428.30004882813
2050.07302919256	1418.30004882813
2052.35847015118	1408.80004882813
2054.64324286919	1423.59997558594
2056.9273476628	1422.59997558594
2059.21078484808	1424.69995117188
2061.4935547409	1412.69995117188
2063.77565765696	1425
2066.05709391176	1423.69995117188
2068.33786382065	1427
2070.61796769879	1436
2072.89740586116	1423.69995117188
2075.17617862255	1410.09997558594
2077.45428629759	1422
2079.73172920075	1434
2082.00850764627	1429.69995117188
2084.28462194827	1433.69995117188
2086.56007242065	1420.80004882813
2088.83485937717	1426.5
2091.10898313139	1420.30004882813
2093.3824439967	1423.80004882813
2095.65524228632	1422
2097.92737831328	1427.30004882813
2100.19885239047	1420.40002441406
2102.46966483057	1439.5
2104.7398159461	1421.40002441406
2107.00930604941	1422.80004882813
2109.27813545267	1428.69995117188
2111.54630446787	1424.19995117188
2113.81381340685	1436.59997558594
2116.08066258126	1427
2118.34685230257	1435.19995117188
2120.61238288211	1439.40002441406
2122.87725463099	1428.90002441406
2125.1414678602	1436.19995117188
2127.40502288052	1446
2129.66792000257	1436
2131.93015953682	1440.30004882813
2134.19174179353	1429.30004882813
2136.45266708282	1441.40002441406
2138.71293571463	1429.09997558594
2140.97254799873	1436
2143.23150424473	1434.69995117188
2145.48980476205	1432.19995117188
2147.74744985996	1450.90002441406
2150.00443984754	1456.40002441406
2152.26077503373	1440.59997558594
2154.51645572728	1421.69995117188
2156.77148223677	1434.80004882813
2159.02585487064	1452.30004882813
2161.27957393713	1443.40002441406
2163.53263974432	1437.80004882813
2165.78505260012	1447.40002441406
2168.0368128123	1446.59997558594
2170.28792068844	1439.5
2172.53837653595	1429.5
2174.78818066207	1432.5
2177.03733337389	1428.30004882813
2179.28583497833	1446.69995117188
2181.53368578214	1431.69995117188
2183.78088609192	1419.40002441406
2186.02743621406	1421.40002441406
2188.27333645484	1429.30004882813
2190.51858712033	1418.59997558594
2192.76318851646	1414.80004882813
2195.00714094901	1425.19995117188
2197.25044472354	1420.59997558594
2199.49310014551	1416.30004882813
2201.73510752018	1435.30004882813
2203.97646715265	1416
2206.21717934786	1407.90002441406
2208.45724441058	1420.40002441406
2210.69666264543	1421.69995117188
2212.93543435686	1419.90002441406
2215.17355984914	1431.69995117188
2217.41103942642	1414.80004882813
2219.64787339264	1421
2221.8840620516	1417
2224.11960570695	1410.19995117188
2226.35450466215	1417.5
2228.58875922051	1412.40002441406
2230.82236968518	1432.09997558594
2233.05533635916	1428.90002441406
2235.28765954527	1417
2237.51933954617	1412.69995117188
2239.75037666437	1411
2241.98077120221	1423.80004882813
2244.21052346188	1420.09997558594
2246.4396337454	1416
2248.66810235461	1412.69995117188
2250.89592959125	1425.09997558594
2253.12311575681	1419.59997558594
2255.34966115272	1407.40002441406
2257.57556608017	1416.5
2259.80083084023	1423.5
2262.02545573381	1427.90002441406
2264.24944106163	1401.40002441406
2266.47278712429	1418.59997558594
2268.69549422221	1427.19995117188
2270.91756265564	1409.5
2273.1389927247	1420.59997558594
2275.35978472934	1425.59997558594
2277.57993896933	1419
2279.79945574431	1418.69995117188
2282.01833535375	1420.40002441406
2284.23657809696	1406.5
2286.45418427309	1423.80004882813
2288.67115418114	1427.09997558594
2290.88748811995	1416.30004882813
2293.10318638819	1434.09997558594
2295.3182492844	1429.40002441406
2297.53267710693	1434.90002441406
2299.746470154	1435.69995117188
2301.95962872364	1426.80004882813
2304.17215311376	1427.90002441406
2306.3840436221	1424
2308.59530054621	1445.09997558594
2310.80592418354	1437
2313.01591483134	1440
2315.22527278673	1428
2317.43399834666	1439.80004882813
2319.64209180791	1428.19995117188
2321.84955346713	1427.40002441406
2324.05638362079	1423.09997558594
2326.26258256524	1440.59997558594
2328.46815059664	1430.80004882813
2330.67308801098	1433
2332.87739510415	1438.5
2335.08107217184	1425
2337.2841195096	1418.19995117188
2339.48653741281	1422.30004882813
2341.68832617672	1407.80004882813
2343.8894860964	1423.30004882813
2346.09001746678	1421.30004882813
2348.28992058261	1427.90002441406
2350.48919573852	1423.80004882813
2352.68784322898	1421.59997558594
2354.88586334826	1420.30004882813
2357.08325639055	1416.80004882813
2359.2800226498	1428.90002441406
2361.47616241988	1427.30004882813
2363.67167599445	1416.40002441406
2365.86656366706	1412.69995117188
2368.06082573107	1416.30004882813
2370.2544624797	1422.09997558594
2372.44747420603	1419.59997558594
2374.63986120295	1421.40002441406
2376.83162376322	1420.69995117188
2379.02276217945	1411.30004882813
2381.21327674408	1416
2383.4031677494	1414.80004882813
2385.59243548756	1407.5
2387.78108025053	1406.40002441406
2389.96910233014	1420.40002441406
2392.15650201809	1403.40002441406
2394.34327960587	1420.69995117188
2396.52943538486	1415.80004882813
2398.71496964628	1405.5
2400.89988268118	1412.30004882813
2403.08417478048	1403.09997558594
2405.26784623491	1408.59997558594
2407.45089733509	1422.69995117188
2409.63332837146	1409.40002441406
2411.81513963429	1393.90002441406
2413.99633141375	1410.5
2416.1769039998	1406.19995117188
2418.35685768227	1413.80004882813
2420.53619275084	1404.40002441406
2422.71490949505	1405.30004882813
2424.89300820425	1421.09997558594
2427.07048916765	1407.19995117188
2429.24735267433	1415.90002441406
2431.42359901319	1397.5
2433.59922847297	1414.69995117188
2435.7742413423	1410.19995117188
2437.94863790961	1405.30004882813
2440.12241846321	1405.69995117188
2442.29558329121	1404.09997558594
2444.46813268162	1411.09997558594
2446.64006692228	1409.19995117188
2448.81138630086	1397.80004882813
2450.98209110489	1405.80004882813
2453.15218162174	1404.5
2455.32165813864	1409
2457.49052094265	1413.80004882813
2459.65877032069	1423.40002441406
2461.8264065595	1415.5
2463.99342994572	1412.90002441406
2466.15984076579	1434.59997558594
2468.325639306	1415
2470.49082585251	1409.40002441406
2472.65540069131	1414.19995117188
2474.81936410824	1416.69995117188
2476.98271638899	1417.69995117188
2479.14545781909	1416.40002441406
2481.30758868392	1414.09997558594
2483.4691092687	1414.40002441406
2485.63001985852	1408.40002441406
2487.79032073829	1409.30004882813
2489.95001219277	1408.19995117188
2492.10909450659	1422.90002441406
2494.26756796419	1407.69995117188
2496.42543284989	1410.59997558594
2498.58268944783	1403.30004882813
2500.73933804202	1411.30004882813
2502.8953789163	1401.09997558594
2505.05081235436	1410.09997558594
2507.20563863974	1408.69995117188
2509.35985805582	1413.80004882813
2511.51347088583	1421
2513.66647741285	1431.09997558594
2515.81887791981	1415.59997558594
2517.97067268946	1421.30004882813
2520.12186200443	1417.5
2522.27244614716	1416.80004882813
2524.42242539999	1410.5
2526.57180004504	1412.59997558594
2528.72057036433	1412.19995117188
2530.8687366397	1408.5
2533.01629915284	1402.40002441406
2535.16325818527	1409.69995117188
2537.30961401839	1402.19995117188
2539.45536693343	1409.30004882813
2541.60051721145	1395
2543.74506513338	1399.40002441406
2545.88901097997	1408.09997558594
2548.03235503185	1399.5
2550.17509756946	1402.30004882813
2552.31723887311	1407.90002441406
2554.45877922293	1387.09997558594
2556.59971889893	1393.80004882813
2558.74005818094	1402.90002441406
2560.87979734864	1391.80004882813
2563.01893668155	1403.09997558594
2565.15747645906	1388.80004882813
2567.29541696037	1394.5
2569.43275846454	1405.19995117188
2571.56950125049	1388.5
2573.70564559696	1399.90002441406
2575.84119178254	1398.19995117188
2577.97614008569	1406.5
2580.11049078468	1408.09997558594
2582.24424415764	1398
2584.37740048255	1398.30004882813
2586.50996003722	1391.5
2588.64192309931	1401.80004882813
2590.77328994634	1394.69995117188
2592.90406085564	1393.19995117188
2595.03423610442	1395.30004882813
2597.16381596971	1393.80004882813
2599.29280072839	1391.59997558594
2601.42119065719	1404.19995117188
2603.54898603267	1397
2605.67618713125	1396.09997558594
2607.80279422919	1395.80004882813
2609.92880760257	1397.80004882813
2612.05422752735	1400.5
2614.17905427932	1403.90002441406
2616.30328813408	1407.90002441406
2618.42692936713	1400.09997558594
2620.54997825377	1392.80004882813
2622.67243506915	1410
2624.79430008828	1397.5
2626.915573586	1410.59997558594
2629.03625583699	1403.90002441406
2631.15634711579	1401.80004882813
2633.27584769675	1397.69995117188
2635.39475785408	1397
2637.51307786185	1415.30004882813
2639.63080799394	1393.59997558594
2641.74794852409	1402.30004882813
2643.86449972589	1406.09997558594
2645.98046187273	1413.30004882813
2648.0958352379	1420.59997558594
2650.21062009449	1412.90002441406
2652.32481671544	1414.69995117188
2654.43842537353	1415.5
2656.5514463414	1431.90002441406
2658.66387989151	1434.19995117188
2660.77572629616	1427.19995117188
2662.88698582751	1432.09997558594
2664.99765875753	1443.5
2667.10774535806	1430.19995117188
2669.21724590076	1433.09997558594
2671.32616065714	1440.40002441406
2673.43448989857	1444.09997558594
2675.5422338962	1421.5
2677.64939292108	1428.30004882813
2679.75596724408	1426.5
2681.86195713589	1423.30004882813
2683.96736286707	1423.30004882813
2686.07218470799	1409.90002441406
2688.17642292889	1423.30004882813
2690.28007779982	1400.09997558594
2692.38314959069	1404.59997558594
2694.48563857123	1403.5
2696.58754501103	1399
2698.6888691795	1411.09997558594
2700.78961134588	1395
2702.8897717793	1392.09997558594
2704.98935074864	1409
2707.08834852271	1402.09997558594
2709.18676537009	1390
2711.28460155925	1405.09997558594
2713.38185735843	1401.40002441406
2715.47853303577	1406.09997558594
2717.57462885924	1393
2719.67014509659	1393.90002441406
2721.76508201548	1394.30004882813
2723.85943988337	1394.80004882813
2725.95321896754	1398.30004882813
2728.04641953515	1378
2730.13904185316	1383.80004882813
2732.23108618837	1380.19995117188
2734.32255280744	1392.19995117188
2736.41344197683	1395.90002441406
2738.50375396288	1392.5
2740.5934890317	1394.09997558594
2742.68264744932	1388.80004882813
2744.77122948153	1384.90002441406
2746.85923539398	1387.09997558594
2748.94666545217	1382
2751.03351992142	1384
2753.11979906688	1387.69995117188
2755.20550315355	1391.40002441406
2757.29063244624	1374
2759.37518720963	1377.09997558594
2761.45916770819	1372.5
2763.54257420625	1384
2765.62540696797	1385.5
2767.70766625733	1387.80004882813
2769.78935233816	1389
2771.87046547413	1385.30004882813
2773.95100592869	1380.59997558594
2776.03097396519	1390
2778.11036984677	1383.80004882813
2780.18919383641	1378.40002441406
2782.26744619693	1378.5
2784.34512719097	1381.19995117188
2786.42223708102	1379.69995117188
2788.49877612937	1374.19995117188
2790.57474459816	1382.69995117188
2792.65014274937	1380.40002441406
2794.7249708448	1378.30004882813
2796.79922914607	1376.59997558594
2798.87291791465	1381.19995117188
2800.94603741181	1388.90002441406
2803.01858789869	1384.5
2805.09056963623	1369.69995117188
2807.1619828852	1380.90002441406
2809.23282790621	1376.69995117188
2811.30310495971	1376.09997558594
2813.37281430593	1386.40002441406
2815.441956205	1374.59997558594
2817.51053091682	1387.5
2819.57853870114	1375
2821.64597981753	1377.40002441406
2823.7128545254	1385.80004882813
2825.77916308399	1381.40002441406
2827.84490575233	1374.59997558594
2829.91008278933	1379.69995117188
2831.97469445369	1382.5
2834.03874100395	1386.5
2836.10222269847	1383.30004882813
2838.16513979544	1382.19995117188
2840.22749255288	1381.19995117188
2842.28928122863	1385
2844.35050608034	1391.69995117188
2846.41116736553	1398.5
2848.47126534149	1406
2850.53080026537	1387.09997558594
2852.58977239414	1404.90002441406
2854.64818198459	1408.19995117188
2856.70602929332	1407.5
2858.76331457678	1410
2860.82003809123	1407.59997558594
2862.87620009274	1414.40002441406
2864.93180083723	1404
2866.98684058043	1401
2869.04131957789	1416.59997558594
2871.09523808497	1409.69995117188
2873.14859635689	1417.40002441406
2875.20139464866	1421.69995117188
2877.2536332151	1419
2879.30531231091	1411.59997558594
2881.35643219054	1413.19995117188
2883.40699310831	1417.30004882813
2885.45699531834	1420.09997558594
2887.50643907457	1406.40002441406
2889.55532463077	1420.40002441406
2891.60365224053	1436.09997558594
2893.65142215724	1417.5
2895.69863463414	1421.5
2897.74528992426	1431.19995117188
2899.79138828046	1428.59997558594
2901.83692995544	1421
2903.88191520168	1424.5
2905.92634427151	1435.69995117188
2907.97021741706	1416.80004882813
2910.01353489027	1430
2912.05629694294	1425
2914.09850382663	1432
2916.14015579276	1429.30004882813
2918.18125309254	1424.59997558594
2920.22179597702	1444
2922.26178469705	1445.19995117188
2924.30121950329	1441.59997558594
2926.34010064624	1430.69995117188
2928.37842837619	1445.5
2930.41620294326	1455
2932.45342459737	1441.69995117188
2934.49009358828	1443.5
2936.52621016555	1444.80004882813
2938.56177457854	1446.40002441406
2940.59678707645	1441.80004882813
2942.63124790827	1443.5
2944.66515732282	1428.69995117188
2946.69851556873	1417.40002441406
2948.73132289443	1432.40002441406
2950.76357954817	1420.09997558594
2952.79528577803	1428.69995117188
2954.82644183188	1431.40002441406
2956.85704795741	1415.19995117188
2958.8871044021	1424.59997558594
2960.91661141328	1420.40002441406
2962.94556923807	1432.19995117188
2964.97397812339	1401.59997558594
2967.00183831598	1417.40002441406
2969.0291500624	1410.59997558594
2971.05591360902	1413.59997558594
2973.08212920199	1403.59997558594
2975.1077970873	1415.19995117188
2977.13291751074	1413
2979.1574907179	1413.40002441406
2981.18151695419	1414
2983.20499646482	1410.69995117188
2985.2279294948	1405.59997558594
2987.25031628898	1402.69995117188
2989.27215709199	1399.40002441406
2991.29345214825	1394.40002441406
2993.31420170204	1389.69995117188
2995.33440599738	1414.19995117188
2997.35406527816	1391.09997558594
2999.37317978802	1399.40002441406
3001.39174977045	1392.80004882813
3003.40977546872	1400
3005.42725712591	1405.09997558594
3007.44419498491	1414.40002441406
3009.4605892884	1398.09997558594
3011.47644027889	1392
3013.49174819865	1398.40002441406
3015.5065132898	1393
3017.52073579424	1386.69995117188
3019.53441595366	1397.30004882813
3021.54755400959	1396.69995117188
3023.56015020332	1400.59997558594
3025.57220477598	1396.09997558594
3027.58371796846	1391
3029.5946900215	1385.90002441406
3031.6051211756	1391.19995117188
3033.61501167107	1405.30004882813
3035.62436174803	1391.09997558594
3037.6331716464	1386.5
3039.64144160588	1396.30004882813
3041.649171866	1388.80004882813
3043.65636266607	1392.09997558594
3045.6630142452	1389.19995117188
3047.66912684229	1391.40002441406
3049.67470069605	1386.59997558594
3051.679736045	1382.80004882813
3053.68423312742	1374.19995117188
3055.68819218143	1386.5
3057.6916134449	1389.19995117188
3059.69449715556	1385
3061.69684355086	1376.80004882813
3063.6986528681	1390
3065.69992534437	1374.09997558594
3067.70066121653	1387
3069.70086072126	1378.80004882813
3071.700524095	1393.19995117188
3073.69965157405	1382
3075.69824339442	1390.5
3077.69629979197	1388.90002441406
3079.69382100235	1379.30004882813
3081.69080726098	1385.40002441406
3083.68725880307	1378.59997558594
3085.68317586366	1380.69995117188
3087.67855867755	1381.80004882813
3089.67340747933	1379.40002441406
3091.6677225034	1383.59997558594
3093.66150398392	1385.30004882813
3095.6547521549	1385.69995117188
3097.64746725006	1391.09997558594
3099.63964950297	1384.80004882813
3101.63129914698	1377
3103.6224164152	1382.69995117188
3105.61300154056	1389.5
3107.60305475576	1396.19995117188
3109.59257629331	1382.90002441406
3111.58156638547	1379.5
3113.57002526432	1379.19995117188
3115.55795316172	1389.90002441406
3117.54535030932	1388.90002441406
3119.53221693853	1390.09997558594
3121.51855328057	1400.5
3123.50435956646	1397
3125.48963602698	1388.80004882813
3127.4743828927	1401.30004882813
3129.45860039397	1386.19995117188
3131.44228876093	1391.40002441406
3133.42544822353	1405.30004882813
3135.40807901145	1401.69995117188
3137.39018135418	1394.09997558594
3139.37175548102	1398.5
3141.35280162101	1395.80004882813
3143.33332000299	1404.19995117188
3145.31331085559	1409.80004882813
3147.2927744072	1399.5
3149.27171088602	1392.40002441406
3151.25012052	1390.5
3153.22800353689	1403.30004882813
3155.20536016422	1399.59997558594
3157.18219062929	1403.19995117188
3159.15849515918	1390.5
3161.13427398075	1408.90002441406
3163.10952732066	1399.90002441406
3165.08425540532	1407.30004882813
3167.05845846092	1405.09997558594
3169.03213671344	1395.19995117188
3171.00529038863	1406.80004882813
3172.97791971203	1406.69995117188
3174.95002490893	1407.90002441406
3176.92160620443	1400.40002441406
3178.89266382337	1420.59997558594
3180.8631979904	1416.19995117188
3182.83320892991	1399.40002441406
3184.80269686609	1401.40002441406
3186.77166202289	1410
3188.74010462406	1420.80004882813
3190.70802489307	1410.19995117188
3192.67542305323	1412.30004882813
3194.64229932757	1396
3196.60865393892	1414.09997558594
3198.57448710987	1406.09997558594
3200.53979906279	1413.59997558594
3202.50459001981	1410.59997558594
3204.46886020284	1420.80004882813
3206.43260983356	1413.09997558594
3208.39583913341	1410
3210.35854832362	1416.59997558594
3212.32073762517	1414.59997558594
3214.28240725881	1417.90002441406
3216.24355744508	1420.40002441406
3218.20418840426	1418.69995117188
3220.16430035642	1420.5
3222.12389352137	1414.09997558594
3224.08296811873	1418.59997558594
3226.04152436784	1412.90002441406
3227.99956248784	1419.19995117188
3229.95708269762	1420.19995117188
3231.91408521584	1421.80004882813
3233.87057026092	1423.40002441406
3235.82653805105	1422.40002441406
3237.78198880419	1410.40002441406
3239.73692273806	1416.19995117188
3241.69134007013	1419.80004882813
3243.64524101764	1406.69995117188
3245.59862579761	1426.59997558594
3247.55149462681	1412.90002441406
3249.50384772176	1416.80004882813
3251.45568529877	1414.40002441406
3253.40700757387	1421
3255.35781476288	1408.40002441406
3257.3081070814	1415.90002441406
3259.25788474473	1422.69995117188
3261.20714796799	1408.80004882813
3263.15589696602	1416.90002441406
3265.10413195345	1414.69995117188
3267.05185314463	1422.30004882813
3268.9990607537	1423.09997558594
3270.94575499455	1423.19995117188
3272.89193608081	1430.90002441406
3274.8376042259	1434.5
3276.78275964296	1414
3278.72740254492	1417.69995117188
3280.67153314443	1417.59997558594
3282.61515165393	1419.90002441406
3284.55825828559	1434.59997558594
3286.50085325135	1418.80004882813
3288.44293676289	1429
3290.38450903165	1423.5
3292.32557026883	1434.19995117188
3294.26612068537	1418
3296.20616049198	1421.19995117188
3298.14568989911	1417.5
3300.08470911695	1414.40002441406
3302.02321835546	1424.69995117188
3303.96121782435	1407.59997558594
3305.89870773306	1426.19995117188
3307.83568829081	1415
3309.77215970655	1422.5
3311.70812218898	1420.5
3313.64357594655	1411.80004882813
3315.57852118747	1417
3317.51295811968	1414
3319.44688695087	1414
3321.38030788849	1415.09997558594
3323.31322113973	1410.59997558594
3325.24562691152	1415.30004882813
3327.17752541055	1418.69995117188
3329.10891684322	1413.80004882813
3331.03980141573	1412.09997558594
3332.97017933399	1421.09997558594
3334.90005080364	1419.19995117188
3336.82941603011	1416.59997558594
3338.75827521852	1419.09997558594
3340.68662857377	1413.90002441406
3342.6144763005	1431.5
3344.54181860308	1410.09997558594
3346.46865568561	1413.59997558594
3348.39498775195	1425.59997558594
3350.32081500571	1421.09997558594
3352.24613765022	1417.59997558594
3354.17095588855	1410.59997558594
3356.09526992352	1413.19995117188
3358.01907995769	1415.5
3359.94238619334	1431.80004882813
3361.86518883251	1410
3363.78748807697	1420.30004882813
3365.70928412823	1433
3367.63057718752	1427.09997558594
3369.55136745582	1424.09997558594
3371.47165513386	1425.80004882813
3373.39144042208	1424.30004882813
3375.31072352066	1423.59997558594
3377.22950462953	1421.69995117188
3379.14778394834	1417.5
3381.06556167648	1418.30004882813
3382.98283801308	1421.59997558594
3384.89961315697	1434.40002441406
3386.81588730676	1422.5
3388.73166066076	1423.80004882813
3390.64693341702	1428.5
3392.56170577332	1419.80004882813
3394.47597792716	1416
3396.38975007581	1426.59997558594
3398.30302241623	1408.19995117188
3400.21579514512	1425.40002441406
3402.1280684589	1420.30004882813
3404.03984255374	1426.30004882813
3405.95111762553	1405.40002441406
3407.86189386987	1428.69995117188
3409.77217148212	1429
3411.68195065733	1419
3413.5912315903	1423.80004882813
3415.50001447556	1425.90002441406
3417.40829950735	1415.59997558594
3419.31608687963	1407.40002441406
3421.22337678611	1417.40002441406
3423.1301694202	1401
3425.03646497504	1423.09997558594
3426.9422636435	1403.90002441406
3428.84756561816	1420
3430.75237109135	1414
3432.65668025508	1411.80004882813
3434.56049330112	1423.5
3436.46381042093	1414.59997558594
3438.36663180571	1402.90002441406
3440.26895764638	1422.69995117188
3442.17078813357	1419.69995117188
3444.07212345762	1405
3445.97296380863	1413
3447.87330937636	1408.59997558594
3449.77316035033	1416.30004882813
3451.67251691977	1411.69995117188
3453.57137927361	1412.19995117188
3455.46974760052	1415.90002441406
3457.36762208886	1397.90002441406
3459.26500292671	1396.69995117188
3461.16189030191	1404.80004882813
3463.05828440194	1400.69995117188
3464.95418541406	1406.59997558594
3466.84959352519	1412.19995117188
3468.74450892201	1399.5
3470.63893179088	1416.19995117188
3472.53286231788	1398.59997558594
3474.42630068881	1406
3476.31924708918	1418.40002441406
3478.2117017042	1407.5
3480.1036647188	1395.30004882813
3481.99513631761	1396.5
3483.88611668498	1395
3485.77660600498	1393
3487.66660446135	1397.40002441406
3489.55611223758	1398.69995117188
3491.44512951683	1393
3493.333656482	1389.80004882813
3495.22169331568	1393.59997558594
3497.10924020016	1399.30004882813
3498.99629731746	1387.09997558594
3500.88286484927	1395.90002441406
3502.76894297702	1391.5
3504.65453188182	1394.19995117188
3506.53963174449	1388.69995117188
3508.42424274555	1390.80004882813
3510.30836506524	1386.59997558594
3512.19199888349	1379.69995117188
3514.07514437992	1387.19995117188
3515.95780173387	1377.40002441406
3517.83997112437	1385.5
3519.72165273016	1384.59997558594
3521.60284672967	1381.5
3523.48355330104	1357.5
3525.36377262208	1374.90002441406
3527.24350487035	1376.30004882813
3529.12275022306	1373.69995117188
3531.00150885715	1365.59997558594
3532.87978094923	1364.40002441406
3534.75756667562	1377.5
3536.63486621235	1381.69995117188
3538.51167973512	1372.59997558594
3540.38800741934	1355.19995117188
3542.26384944011	1389
3544.13920597223	1359
3546.01407719018	1358.69995117188
3547.88846326815	1354.59997558594
3549.76236438002	1362.5
3551.63578069934	1360.30004882813
3553.50871239938	1363.5
3555.38115965309	1361.09997558594
3557.25312263311	1366
3559.12460151177	1350
3560.99559646109	1354.09997558594
3562.86610765279	1345.5
3564.73613525825	1359.30004882813
3566.60567944857	1357.80004882813
3568.47474039453	1347
3570.34331826658	1344.69995117188
3572.21141323487	1366.5
3574.07902546925	1351.40002441406
3575.94615513922	1361
3577.81280241401	1352.19995117188
3579.67896746249	1364.59997558594
3581.54465045325	1349.80004882813
3583.40985155455	1349.90002441406
3585.27457093432	1348.90002441406
3587.1388087602	1362
3589.00256519949	1349.69995117188
3590.86584041919	1349.90002441406
3592.72863458597	1335.80004882813
3594.59094786618	1346.90002441406
3596.45278042585	1350
3598.31413243069	1347.59997558594
3600.17500404611	1344.40002441406
3602.03539543717	1347.19995117188
3603.89530676861	1342.19995117188
3605.75473820488	1344.09997558594
3607.61368991007	1348.5
3609.47216204797	1351.30004882813
3611.33015478203	1353.5
3613.18766827539	1332.80004882813
3615.04470269087	1337.80004882813
3616.90125819094	1345.5
3618.75733493776	1338.90002441406
3620.61293309318	1353.40002441406
3622.46805281869	1342.80004882813
3624.32269427547	1344
3626.17685762439	1342.09997558594
3628.03054302596	1347.19995117188
3629.88375064038	1332.30004882813
3631.73648062751	1337.5
3633.5887331469	1336.80004882813
3635.44050835775	1328.19995117188
3637.29180641893	1331.69995117188
3639.14262748899	1338.40002441406
3640.99297172614	1339.30004882813
3642.84283928828	1331.80004882813
3644.69223033294	1339.09997558594
3646.54114501734	1333.19995117188
3648.38958349836	1329.69995117188
3650.23754593256	1330.69995117188
3652.08503247614	1322.30004882813
3653.93204328497	1336.40002441406
3655.77857851462	1317.80004882813
3657.62463832028	1328.19995117188
3659.47022285682	1329.69995117188
3661.31533227877	1324.69995117188
3663.15996674033	1320.69995117188
3665.00412639535	1324.90002441406
3666.84781139736	1326.5
3668.69102189953	1319.09997558594
3670.5337580547	1323.80004882813
3672.37602001537	1326.09997558594
3674.21780793368	1318
3676.05912196148	1319.59997558594
3677.89996225021	1319.40002441406
3679.74032895103	1314.09997558594
3681.58022221471	1315.09997558594
3683.41964219171	1314.69995117188
3685.25858903211	1319.30004882813
3687.0970628857	1315.09997558594
3688.93506390186	1307.5
3690.77259222968	1307.19995117188
3692.60964801787	1328.19995117188
3694.44623141481	1315.30004882813
3696.28234256853	1321.30004882813
3698.11798162669	1312.90002441406
3699.95314873665	1307.09997558594
3701.78784404537	1309.40002441406
3703.62206769951	1311.59997558594
3705.45581984533	1320.69995117188
3707.28910062877	1307.59997558594
3709.12191019542	1318.59997558594
3710.95424869052	1313.80004882813
3712.78611625894	1303.09997558594
3714.6175130452	1313.19995117188
3716.44843919349	1312.69995117188
3718.27889484764	1310.90002441406
3720.1088801511	1303
3721.93839524699	1314.90002441406
3723.76744027808	1314
3725.59601538677	1309.19995117188
3727.4241207151	1306.90002441406
