40.2973356941271	1128.875
43.2236257608418	1130
46.1488808466109	1131
49.0731017336173	1130.875
51.9962892025666	1129.375
54.9184440327569	1136.875
57.8395670020446	1138.875
60.7596588868509	1136.875
63.6787204621708	1143.75
66.5967525015794	1145.5
69.5137557772381	1145.625
72.4297310598838	1154.125
75.3446791188512	1160
78.2586007220466	1178.875
81.1714966360015	1185.25
84.0833676258266	1199.25
86.994214455242	1212.25
89.9040378865662	1226.75
92.8128386807427	1240.5
95.7206175973133	1256.375
98.6273753944444	1262.75
101.533112828928	1270
104.437830656161	1279.375
107.34152963018	1277.75
110.244210503676	1273.75
113.145874027931	1262.875
116.046520952895	1278.125
118.946152027154	1252.125
121.844767997933	1257.25
124.74236961111	1253.125
127.638957611212	1261.875
130.534532741422	1265.5
133.429095743606	1252.625
136.322647358252	1254
139.215188324544	1254
142.106719380311	1256.5
144.997241262089	1260.875
147.886754705057	1259.125
150.775260443096	1257.875
153.662759208748	1259.625
156.549251733282	1253
159.434738746612	1260.125
162.319220977376	1244.875
165.20269915289	1244.375
168.085173999178	1248.5
170.966646240977	1237.625
173.847116601709	1246.625
176.726585803528	1254.25
179.605054567295	1243.25
182.48252361259	1237.375
185.358993657701	1240.25
188.234465419645	1231
191.108939614183	1241.75
193.982416955795	1238.125
196.854898157687	1232.375
199.726383931801	1231.5
202.596874988835	1227.875
205.466372038225	1236.125
208.334875788145	1232.75
211.202386945534	1227
214.068906216069	1230.375
216.934434304194	1228.625
219.798971913111	1229.875
222.662519744776	1229.25
225.525078499925	1222
228.386648878069	1231.875
231.247231577465	1225.125
234.106827295172	1228.75
236.965436727012	1223
239.823060567597	1217.25
242.679699510337	1216.625
245.535354247396	1217.5
248.390025469775	1212.75
251.243713867223	1211.375
254.096420128327	1215.25
256.948144940459	1213.75
259.798888989788	1208.125
262.648652961315	1207.625
265.49743753883	1214.875
268.345243404939	1213.875
271.192071241073	1211.75
274.037921727485	1204
276.882795543246	1206.625
279.72669336624	1212
282.569615873213	1209.25
285.411563739724	1210.5
288.252537640165	1213.375
291.092538247763	1213
293.931566234616	1216
296.769622271633	1207.375
299.606707028594	1208.125
302.442821174104	1209.5
305.277965375652	1204.875
308.112140299574	1211
310.945346611062	1211.125
313.777584974167	1204.125
316.608856051813	1209.75
319.439160505797	1212.25
322.268498996783	1209.875
325.096872184303	1211.25
327.924280726782	1213.25
330.750725281521	1207
333.576206504693	1210
336.400725051388	1196.25
339.224281575542	1212.5
342.046876730026	1210.875
344.868511166586	1208.75
347.689185535872	1201.625
350.508900487421	1209.125
353.327656669699	1197.125
356.145454730079	1203.25
358.962295314817	1203.5
361.778179069105	1208.125
364.593106637051	1211.5
367.407078661675	1205.75
370.220095784913	1209.125
373.032158647655	1207
375.843267889676	1205.75
378.653424149715	1215.25
381.462628065436	1205.875
384.270880273432	1205.75
387.078181409254	1204.625
389.884532107358	1211.625
392.689933001188	1203.25
395.494384723112	1212
398.29788790445	1207.5
401.100443175488	1206.125
403.902051165437	1215.625
406.702712502518	1206.25
409.502427813866	1212.5
412.301197725607	1215.75
415.099022862823	1208.625
417.89590384957	1211.875
420.691841308876	1212.625
423.486835862752	1210.25
426.280888132173	1204.5
429.073998737112	1215.125
431.866168296507	1207.625
434.657397428298	1212.375
437.447686749412	1211.5
440.237036875762	1211.25
443.025448422257	1213.5
445.812922002813	1211.25
448.599458230326	1215.625
451.38505771672	1220.5
454.169721072909	1203.875
456.953448908819	1208.75
459.736241833384	1212.375
462.518100454555	1205.875
465.2990253793	1210.375
468.079017213605	1207.875
470.858076562476	1209
473.636204029939	1217.5
476.41340021906	1219.75
479.189665731938	1209.25
481.965001169667	1213
484.739407132419	1209.75
487.512884219391	1211.625
490.285433028796	1212.625
493.057054157921	1213.375
495.827748203087	1209.5
498.597515759658	1213.5
501.366357422061	1209.75
504.134273783759	1226.625
506.901265437278	1213.5
509.66733297421	1216.375
512.432476985198	1213.125
515.196698059945	1219.375
517.959996787225	1216
520.722373754895	1216.5
523.483829549856	1209.75
526.24436475811	1213.125
529.003979964696	1222.25
531.762675753779	1209.75
534.520452708569	1209.375
537.277311411375	1212.875
540.03325244359	1221
542.788276385682	1222.625
545.54238381725	1219.75
548.295575316938	1216.25
551.047851462516	1210.625
553.799212830831	1216
556.549659997851	1216.5
559.299193538643	1217.75
562.047814027381	1209.25
564.795522037318	1206.625
567.542318140861	1221.25
570.288202909507	1210.25
573.033176913873	1215.75
575.7772407237	1207.125
578.520394907829	1212.5
581.26264003424	1219.125
584.003976670046	1213.25
586.744405381469	1211.75
589.483926733869	1213.25
592.222541291746	1213
594.96024961872	1214.875
597.697052277563	1217.875
600.432949830166	1208.875
603.167942837587	1214.125
605.902031860012	1219.375
608.635217456783	1210.125
611.367500186378	1216.75
614.098880606429	1220
616.82935927374	1221.125
619.558936744248	1218
622.287613573072	1220.25
625.015390314457	1214.875
627.742267521848	1216.75
630.468245747829	1212.625
633.193325544166	1218.25
635.917507461792	1213.25
638.640792050804	1207.5
641.36317986048	1212.625
644.084671439281	1220.625
646.805267334845	1215.25
649.524968093967	1222
652.24377426266	1219.375
654.961686386106	1221
657.678705008678	1213.875
660.394830673939	1215.375
663.110063924628	1220.75
665.824405302728	1212.75
668.537855349351	1215.5
671.250414604863	1215.375
673.962083608812	1218.75
676.672862899949	1216.125
679.382753016218	1215.75
682.091754494801	1218.375
684.799867872061	1223
687.507093683595	1227.625
690.213432464198	1219.125
692.918884747899	1218.375
695.623451067937	1223.125
698.327131956755	1220
701.029927946065	1218.125
703.731839566754	1220
706.43286734896	1218.875
709.133011822067	1220.5
711.832273514658	1227.25
714.53065295457	1225.5
717.228150668879	1220.375
719.924767183889	1226.75
722.620503025148	1228.875
725.315358717446	1225.5
728.009334784827	1220
730.702431750559	1222.375
733.394650137188	1224.25
736.085990466498	1228.75
738.776453259519	1225.25
741.466039036542	1229.375
744.154748317125	1223.375
746.842581620074	1220.375
749.529539463458	1217.375
752.215622364608	1225.25
754.900830840131	1219.5
757.585165405892	1226.625
760.26862657703	1219.375
762.951214867957	1231.875
765.632930792356	1226
768.313774863181	1223.875
770.993747592673	1220.875
773.672849492359	1224.875
776.351081073017	1219.75
779.028442844757	1215.25
781.704935316928	1227.375
784.380558998208	1216.125
787.055314396528	1214.875
789.729202019141	1221.25
792.402222372581	1224.375
795.074375962669	1221.375
797.745663294537	1226.75
800.416084872622	1221
803.085641200652	1217.5
805.754332781664	1226.625
808.422160117986	1235.25
811.089123711292	1226.25
813.75522406252	1218
816.420461671951	1228.375
819.084837039164	1227.75
821.748350663067	1222.625
824.411003041866	1241.375
827.072794673116	1231.5
829.733726053668	1231.625
832.39379767971	1225.25
835.05301004674	1225.5
837.711363649601	1227.625
840.368858982457	1225.875
843.025496538805	1225.25
845.681276811467	1228.75
848.336200292618	1228.75
850.99026747375	1236.5
853.643478845713	1234.875
856.29583489868	1240.625
858.947336122176	1242.75
861.59798300506	1232.375
864.247776035556	1235.75
866.896715701222	1230.375
869.544802488959	1237.375
872.192036885046	1225.5
874.838419375087	1236.875
877.483950444054	1231.25
880.128630576285	1245.125
882.772460255461	1235.75
885.415439964628	1227.25
888.057570186211	1231.375
890.698851401966	1236.75
893.339284093045	1236.25
895.978868739961	1230.25
898.617605822596	1228
901.255495820196	1236.625
903.892539211396	1239.125
906.528736474184	1232.375
909.164088085949	1227
911.798594523442	1232.625
914.432256262804	1233.625
917.065073779549	1235.375
919.697047548589	1238.125
922.328178044212	1232.5
924.9584657401	1232.25
927.587911109317	1242.5
930.216514624317	1240.375
932.844276756963	1247.25
935.471197978488	1250.625
938.097278759538	1247.75
940.722519570163	1244.875
943.346920879798	1238.875
945.97048315729	1246.75
948.593206870885	1241.25
951.215092488219	1239.125
953.836140476366	1250.375
956.456351301787	1249.625
959.07572543037	1245.375
961.694263327369	1246.375
964.311965457521	1246.375
966.928832284933	1247.625
969.544864273135	1249.375
972.160061885076	1243.25
974.774425583129	1246
977.387955829099	1252.625
980.000653084196	1252.875
982.612517809061	1247.75
985.223550463768	1247.875
987.833751507819	1247.375
990.443121400135	1243.125
993.051660599081	1246.375
995.659369562449	1251.5
998.266248747469	1259.875
1000.87229861081	1277.875
1003.47751960857	1280
1006.0819121963	1281.75
1008.68547682897	1281.75
1011.28821396104	1263
1013.89012404635	1250.375
1016.49120753824	1251
1019.09146488947	1251.5
1021.69089655226	1239.5
1024.28950297827	1244.75
1026.88728461863	1250.875
1029.48424192392	1253.375
1032.08037534416	1253.75
1034.67568532886	1241
1037.27017232694	1247
1039.86383678682	1242.75
1042.45667915637	1254.125
1045.04869988293	1249.375
1047.6398994133	1242
1050.23027819374	1248.625
1052.81983666998	1244.375
1055.40857528724	1244.625
1057.99649449018	1250
1060.58359472296	1236.375
1063.1698764292	1243.75
1065.755340052	1253.125
1068.33998603393	1247.625
1070.92381481706	1240.125
1073.50682684291	1248.625
1076.08902255251	1243.375
1078.67040238637	1251.875
1081.25096678445	1245.5
1083.83071618624	1248
1086.4096510307	1247.375
1088.98777175629	1251.375
1091.56507880094	1260.875
1094.14157260208	1241.125
1096.71725359664	1242.125
1099.29212222106	1244.375
1101.86617891125	1247.5
1104.43942410262	1243.625
1107.01185823011	1242
1109.58348172812	1239.375
1112.15429503057	1245.75
1114.7242985709	1251.625
1117.29349278203	1248.25
1119.86187809642	1258.25
1122.42945494599	1253.875
1124.99622376222	1265.625
1127.56218497606	1253.125
1130.12733901801	1263.75
1132.69168631804	1257.75
1135.25522730568	1270.25
1137.81796240995	1260.125
1140.37989205941	1277.25
1142.9410166821	1268.5
1145.50133670561	1283.875
1148.06085255708	1295
1150.61956466311	1316.125
1153.17747344987	1341.375
1155.73457934305	1351
1158.29088276786	1367.875
1160.84638414903	1356.75
1163.40108391085	1326.125
1165.95498247711	1300
1168.50808027116	1286.375
1171.06037771587	1269.375
1173.61187523364	1267
1176.16257324643	1266.25
1178.71247217573	1261.125
1181.26157244255	1257.625
1183.80987446746	1266.625
1186.35737867059	1263.25
1188.90408547157	1278
1191.44999528961	1258.5
1193.99510854347	1263.25
1196.53942565142	1276.125
1199.08294703133	1264.5
1201.62567310057	1265.75
1204.16760427611	1261.5
1206.70874097445	1261.625
1209.24908361163	1255.75
1211.78863260327	1254.75
1214.32738836454	1260
1216.86535131017	1273.25
1219.40252185445	1263.375
1221.93890041121	1255
1224.47448739389	1257.5
1227.00928321544	1261.875
1229.54328828842	1258.125
1232.07650302491	1260.625
1234.60892783662	1255.875
1237.14056313477	1262
1239.67140933017	1261
1242.2014668332	1261
1244.73073605384	1260.5
1247.25921740159	1258.375
1249.78691128558	1257.875
1252.31381811448	1263.625
1254.83993829655	1266.375
1257.36527223962	1264.375
1259.88982035112	1263.125
1262.41358303803	1268.625
1264.93656070696	1276.375
1267.45875376405	1262.75
1269.98016261505	1282.875
1272.50078766531	1277.625
1275.02062931974	1277.125
1277.53968798285	1268.5
1280.05796405875	1275.125
1282.57545795112	1275.375
1285.09217006325	1267.25
1287.60810079802	1268
1290.12325055788	1256.875
1292.63761974492	1269.125
1295.15120876079	1276.375
1297.66401800676	1268.25
1300.17604788367	1269
1302.687298792	1273.75
1305.19777113181	1271.125
1307.70746530274	1267.75
1310.21638170408	1276.75
1312.7245207347	1268.875
1315.23188279307	1267
1317.73846827728	1271.5
1320.24427758502	1276
1322.74931111359	1270.5
1325.25356925991	1274.25
1327.75705242051	1278.5
1330.25976099151	1271.5
1332.76169536868	1269.125
1335.26285594737	1275.75
1337.76324312256	1268.875
1340.26285728887	1266.375
1342.76169884052	1262.25
1345.25976817132	1264.625
1347.75706567474	1262.125
1350.25359174387	1266.375
1352.74934677141	1262.5
1355.24433114968	1267.375
1357.73854527062	1258.75
1360.23198952583	1261.625
1362.7246643065	1264
1365.21657000347	1257.5
1367.7077070072	1255.75
1370.19807570777	1264.875
1372.68767649492	1258.375
1375.176509758	1257.5
1377.66457588599	1262.25
1380.15187526753	1255.625
1382.63840829087	1266.125
1385.1241753439	1261.375
1387.60917681417	1261.875
1390.09341308884	1263.25
1392.57688455474	1264.875
1395.05959159829	1270.25
1397.54153460562	1258.75
1400.02271396243	1272.5
1402.50313005414	1273.5
1404.98278326576	1271.625
1407.46167398196	1259.75
1409.93980258707	1269.75
1412.41716946504	1266.75
1414.89377499951	1256.375
1417.36961957373	1251
1419.84470357062	1262.75
1422.31902737275	1278
1424.79259136235	1275.125
1427.26539592129	1266.75
1429.73744143111	1282
1432.20872827299	1266
1434.67925682777	1288.125
1437.14902747597	1275.125
1439.61804059773	1279.375
1442.0862965729	1282.25
1444.55379578093	1298
1447.02053860099	1300.125
1449.48652541188	1278.375
1451.95175659206	1290.5
1454.41623251969	1294
1456.87995357255	1276.625
1459.34292012811	1287.875
1461.80513256351	1283.375
1464.26659125557	1287.25
1466.72729658073	1280.375
1469.18724891517	1275.375
1471.64644863469	1278.25
1474.10489611478	1276.625
1476.5625917306	1269.875
1479.01953585699	1267.625
1481.47572886844	1267.75
1483.93117113917	1269.125
1486.38586304302	1261.625
1488.83980495354	1270.5
1491.29299724395	1272.625
1493.74544028715	1278.75
1496.19713445573	1282.625
1498.64808012193	1286.125
1501.09827765772	1299.125
1503.54772743471	1293.25
1505.99642982421	1314.625
1508.44438519723	1327.875
1510.89159392446	1357.75
1513.33805637625	1370.75
1515.78377292266	1393.625
1518.22874393346	1394.5
1520.67296977806	1405
1523.11645082559	1377.25
1525.55918744488	1372
1528.00118000444	1351.375
1530.44242887245	1331.75
1532.88293441684	1317.25
1535.32269700517	1288.625
1537.76171700475	1279.875
1540.19999478255	1284.5
1542.63753070526	1261
1545.07432513925	1273.625
1547.5103784506	1277.5
1549.94569100509	1276.125
1552.38026316819	1278.5
1554.8140953051	1272.125
1557.24718778067	1283.5
1559.67954095952	1269
1562.11115520592	1264.625
1564.54203088386	1269.75
1566.97216835704	1268.625
1569.40156798888	1274.25
1571.83023014248	1267
1574.25815518067	1278.25
1576.68534346597	1270.125
1579.11179536062	1268.875
1581.53751122658	1260.75
1583.9624914255	1287.125
1586.38673631876	1266.375
1588.81024626745	1274.375
1591.23302163235	1270.25
1593.655062774	1276.5
1596.07637005262	1270
1598.49694382815	1272.875
1600.91678446025	1271.25
1603.33589230831	1275.375
1605.75426773142	1272.875
1608.1719110884	1280.875
1610.58882273779	1272.25
1613.00500303784	1272.75
1615.42045234654	1272.375
1617.83517102158	1265.875
1620.24915942039	1273.125
1622.66241790012	1269.625
1625.07494681764	1269.5
1627.48674652954	1284.5
1629.89781739216	1272.375
1632.30815976152	1275
1634.71777399343	1280.625
1637.12666044338	1281.625
1639.53481946661	1286.125
1641.94225141808	1286.25
1644.34895665248	1284.375
1646.75493552424	1280.75
1649.16018838752	1287.125
1651.56471559621	1299.25
1653.96851750392	1288.5
1656.37159446403	1300.5
1658.7739468296	1280.125
1661.17557495349	1291.875
1663.57647918824	1292.375
1665.97665988617	1289.625
1668.37611739929	1290.375
1670.77485207939	1287.125
1673.17286427799	1276.875
1675.57015434633	1270.625
1677.96672263542	1288.5
1680.36256949598	1268.75
1682.7576952785	1259.125
1685.15210033318	1269.25
1687.54578501	1275.125
1689.93874965866	1278.625
1692.33099462861	1267.25
1694.72252026904	1266.5
1697.11332692889	1268.75
1699.50341495686	1266.625
1701.89278470137	1259.875
1704.28143651061	1264.5
1706.66937073251	1257.5
1709.05658771473	1265.125
1711.44308780473	1264.875
1713.82887134968	1262.125
1716.21393869648	1254.5
1718.59829019185	1262.125
1720.98192618221	1251.375
1723.36484701374	1255.5
1725.74705303238	1264
1728.12854458384	1260
1730.50932201356	1256.375
1732.88938566673	1263.25
1735.26873588834	1267.125
1737.64737302307	1256.125
1740.02529741544	1254.625
1742.40250940964	1268.75
1744.77900934969	1256.5
1747.15479757933	1260.125
1749.52987444206	1260.5
1751.90424028116	1253.25
1754.27789543967	1259.125
1756.65084026037	1258.125
1759.02307508582	1251.75
1761.39460025833	1258.625
1763.76541612	1263.875
1766.13552301265	1257.625
1768.50492127791	1261.125
1770.87361125714	1260
1773.2415932915	1259.75
1775.60886772188	1262.5
1777.97543488896	1256.75
1780.34129513318	1252.875
1782.70644879475	1263.125
1785.07089621365	1269.25
1787.43463772964	1257.875
1789.7976736822	1247
1792.16000441066	1256.375
1794.52163025405	1258.25
1796.88255155121	1259.875
1799.24276864074	1249.625
1801.60228186102	1252.5
1803.96109155019	1260.25
1806.31919804618	1258.625
1808.67660168668	1263
1811.03330280916	1268.75
1813.38930175088	1253.75
1815.74459884884	1263.25
1818.09919443984	1255
1820.45308886047	1256.875
1822.80628244708	1255.5
1825.1587755358	1254.625
1827.51056846254	1255.75
1829.86166156297	1255.75
1832.21205517258	1261
1834.56174962661	1250.75
1836.91074526009	1261.5
1839.25904240783	1254.375
1841.60664140443	1260.375
1843.95354258425	1263.375
1846.29974628146	1257
1848.64525282998	1257.375
1850.99006256356	1256.625
1853.3341758157	1263
1855.67759291968	1260
1858.02031420858	1257.375
1860.36234001528	1265.125
1862.70367067241	1249.75
1865.04430651244	1259.5
1867.38424786755	1260.25
1869.72349506978	1243.5
1872.06204845094	1255.625
1874.39990834258	1261.25
1876.73707507612	1264.5
1879.07354898269	1260.75
1881.40933039328	1268.625
1883.74441963861	1253.875
1886.07881704925	1254.125
1888.41252295551	1255.125
1890.74553768751	1259.625
1893.07786157519	1263
1895.40949494822	1259.25
1897.74043813615	1253.125
1900.07069146823	1259.875
1902.40025527357	1260.25
1904.72912988106	1255.875
1907.05731561938	1261.25
1909.38481281699	1256.875
1911.71162180217	1255.125
1914.037742903	1258.625
1916.36317644734	1266.875
1918.68792276284	1261.25
1921.01198217697	1246.375
1923.33535501699	1266.625
1925.65804160996	1260.125
1927.98004228273	1258.875
1930.30135736196	1257.625
1932.6219871741	1263
1934.94193204543	1257.25
1937.26119230198	1259.25
1939.57976826962	1262.375
1941.89766027402	1255.875
1944.21486864062	1260.875
1946.53139369472	1266.625
1948.84723576137	1261.25
1951.16239516543	1265.5
1953.47687223159	1254.625
1955.79066728434	1258.25
1958.10378064794	1259.875
1960.4162126465	1262.375
1962.7279636039	1256.375
1965.03903384385	1258.25
1967.34942368987	1260.375
1969.65913346524	1255.125
1971.96816349311	1254.75
1974.2765140964	1266.5
1976.58418559784	1264.25
1978.89117831997	1260.875
1981.19749258516	1255.5
1983.50312871555	1261.5
1985.80808703313	1253.875
1988.11236785967	1268.25
1990.41597151676	1264.75
1992.71889832581	1260.25
1995.02114860801	1266
1997.3227226844	1266.5
1999.62362087581	1266.375
2001.92384350288	1261.625
2004.22339088608	1256.375
2006.52226334567	1260.125
2008.82046120173	1252.75
2011.11798477417	1263.5
2013.41483438269	1264.375
2015.71101034681	1261.75
2018.00651298588	1264.5
2020.30134261905	1260
2022.59549956528	1266
2024.88898414337	1264.125
2027.1817966719	1254.5
2029.4739374693	1258.875
2031.76540685379	1262.5
2034.05620514342	1256.875
2036.34633265607	1251.875
2038.6357897094	1259.5
2040.92457662092	1259.375
2043.21269370795	1263.75
2045.50014128763	1256.25
2047.78691967691	1260.875
2050.07302919256	1262.625
2052.35847015118	1261.25
2054.64324286919	1261.25
2056.9273476628	1260.75
2059.21078484808	1257.875
2061.4935547409	1261.875
2063.77565765696	1270.375
2066.05709391176	1252.75
2068.33786382065	1259
2070.61796769879	1253.5
2072.89740586116	1267.375
2075.17617862255	1251.75
2077.45428629759	1264.375
2079.73172920075	1256.625
2082.00850764627	1256.375
2084.28462194827	1252.625
2086.56007242065	1263.625
2088.83485937717	1260.375
2091.10898313139	1257
2093.3824439967	1248
2095.65524228632	1260.5
2097.92737831328	1265.5
2100.19885239047	1264
2102.46966483057	1269.375
2104.7398159461	1262.5
2107.00930604941	1253.125
2109.27813545267	1266.75
2111.54630446787	1258.375
2113.81381340685	1253
2116.08066258126	1259
2118.34685230257	1269.875
2120.61238288211	1267.75
2122.87725463099	1260.5
2125.1414678602	1265.875
2127.40502288052	1264.25
2129.66792000257	1261.375
2131.93015953682	1268.25
2134.19174179353	1258
2136.45266708282	1257
2138.71293571463	1270.375
2140.97254799873	1260.625
2143.23150424473	1262.875
2145.48980476205	1265.375
2147.74744985996	1267.875
2150.00443984754	1268
2152.26077503373	1260.5
2154.51645572728	1270.75
2156.77148223677	1266.25
2159.02585487064	1268.125
2161.27957393713	1273.125
2163.53263974432	1280.875
2165.78505260012	1266.25
2168.0368128123	1261.5
2170.28792068844	1273
2172.53837653595	1261.125
2174.78818066207	1265.25
2177.03733337389	1272.25
2179.28583497833	1266.5
2181.53368578214	1264.625
2183.78088609192	1272
2186.02743621406	1263.625
2188.27333645484	1263.75
2190.51858712033	1269.25
2192.76318851646	1262.75
2195.00714094901	1258.875
2197.25044472354	1261.125
2199.49310014551	1251.75
2201.73510752018	1265
2203.97646715265	1250.875
2206.21717934786	1253.75
2208.45724441058	1255.5
2210.69666264543	1265.125
2212.93543435686	1251.375
2215.17355984914	1265.375
2217.41103942642	1257.25
2219.64787339264	1260.75
2221.8840620516	1267.75
2224.11960570695	1264.125
2226.35450466215	1265.75
2228.58875922051	1259.375
2230.82236968518	1261.5
2233.05533635916	1257.25
2235.28765954527	1262.75
2237.51933954617	1245.75
2239.75037666437	1261.375
2241.98077120221	1265.375
2244.21052346188	1257.25
2246.4396337454	1264.125
2248.66810235461	1266.375
2250.89592959125	1263.5
2253.12311575681	1262
2255.34966115272	1258.75
2257.57556608017	1271.75
2259.80083084023	1261.875
2262.02545573381	1269.875
2264.24944106163	1262.25
2266.47278712429	1267.125
2268.69549422221	1259.5
2270.91756265564	1260.125
2273.1389927247	1258.375
2275.35978472934	1255.5
2277.57993896933	1272.25
2279.79945574431	1264.75
2282.01833535375	1257.875
2284.23657809696	1267.125
2286.45418427309	1268.125
2288.67115418114	1251.125
2290.88748811995	1265.25
2293.10318638819	1264.375
2295.3182492844	1262
2297.53267710693	1270
2299.746470154	1273.75
2301.95962872364	1264.5
2304.17215311376	1266.625
2306.3840436221	1278.625
2308.59530054621	1263.5
2310.80592418354	1273
2313.01591483134	1269.375
2315.22527278673	1269.625
2317.43399834666	1269.875
2319.64209180791	1274.125
2321.84955346713	1273.875
2324.05638362079	1256.125
2326.26258256524	1271.875
2328.46815059664	1269.625
2330.67308801098	1271
2332.87739510415	1263
2335.08107217184	1262.75
2337.2841195096	1269.625
2339.48653741281	1271.5
2341.68832617672	1262.375
2343.8894860964	1270.25
2346.09001746678	1259.25
2348.28992058261	1260.875
2350.48919573852	1255.75
2352.68784322898	1256
2354.88586334826	1253.625
2357.08325639055	1261.375
2359.2800226498	1259.375
2361.47616241988	1259.625
2363.67167599445	1255.75
2365.86656366706	1266.125
2368.06082573107	1267.125
2370.2544624797	1251.25
2372.44747420603	1266.875
2374.63986120295	1262.125
2376.83162376322	1252.25
2379.02276217945	1255.625
2381.21327674408	1250.375
2383.4031677494	1259.625
2385.59243548756	1250.5
2387.78108025053	1250.125
2389.96910233014	1251.875
2392.15650201809	1253.875
2394.34327960587	1253.5
2396.52943538486	1259.25
2398.71496964628	1259.5
2400.89988268118	1263.875
2403.08417478048	1257.5
2405.26784623491	1261.625
2407.45089733509	1258.625
2409.63332837146	1253.875
2411.81513963429	1259.875
2413.99633141375	1257.125
2416.1769039998	1254.375
2418.35685768227	1253.25
2420.53619275084	1256.5
2422.71490949505	1260.75
2424.89300820425	1253.875
2427.07048916765	1252
2429.24735267433	1265.75
2431.42359901319	1259.125
2433.59922847297	1252.75
2435.7742413423	1264.875
2437.94863790961	1254.5
2440.12241846321	1254.75
2442.29558329121	1246.25
2444.46813268162	1263.5
2446.64006692228	1261
2448.81138630086	1253.125
2450.98209110489	1262.125
2453.15218162174	1253.75
2455.32165813864	1248.5
2457.49052094265	1255
2459.65877032069	1264.5
2461.8264065595	1249.875
2463.99342994572	1256.625
2466.15984076579	1262.375
2468.325639306	1267.5
2470.49082585251	1267.625
2472.65540069131	1265.875
2474.81936410824	1266.875
2476.98271638899	1275.5
2479.14545781909	1253.375
2481.30758868392	1254.5
2483.4691092687	1258.125
2485.63001985852	1261.875
2487.79032073829	1260.375
2489.95001219277	1261
2492.10909450659	1256.5
2494.26756796419	1245.5
2496.42543284989	1257.125
2498.58268944783	1257.375
2500.73933804202	1261.375
2502.8953789163	1262.625
2505.05081235436	1256.875
2507.20563863974	1267.625
2509.35985805582	1263.375
2511.51347088583	1261.125
2513.66647741285	1259.5
2515.81887791981	1264.125
2517.97067268946	1260.375
2520.12186200443	1271.625
2522.27244614716	1255.625
2524.42242539999	1260
2526.57180004504	1248.875
2528.72057036433	1260.125
2530.8687366397	1249.625
2533.01629915284	1262.25
2535.16325818527	1255.5
2537.30961401839	1255.75
2539.45536693343	1255.625
2541.60051721145	1245.375
2543.74506513338	1255.375
2545.88901097997	1250.125
2548.03235503185	1262
2550.17509756946	1261.5
2552.31723887311	1249.125
2554.45877922293	1254.375
2556.59971889893	1259.25
2558.74005818094	1256
2560.87979734864	1259.5
2563.01893668155	1252.75
2565.15747645906	1253.75
2567.29541696037	1249.875
2569.43275846454	1252.875
2571.56950125049	1256.75
2573.70564559696	1253.75
2575.84119178254	1256.5
2577.97614008569	1247.875
2580.11049078468	1249.875
2582.24424415764	1259.125
2584.37740048255	1260.625
2586.50996003722	1258.625
2588.64192309931	1259
2590.77328994634	1257.25
2592.90406085564	1255
2595.03423610442	1254.875
2597.16381596971	1242.25
2599.29280072839	1259.5
2601.42119065719	1257.125
2603.54898603267	1246.375
2605.67618713125	1259.75
2607.80279422919	1254.875
2609.92880760257	1257.5
2612.05422752735	1256.625
2614.17905427932	1250.25
2616.30328813408	1256.25
2618.42692936713	1251.125
2620.54997825377	1258.5
2622.67243506915	1257.625
2624.79430008828	1256.75
2626.915573586	1253
2629.03625583699	1257.625
2631.15634711579	1257.375
2633.27584769675	1255.5
2635.39475785408	1255.125
2637.51307786185	1260.875
2639.63080799394	1261.375
2641.74794852409	1256.5
2643.86449972589	1264.5
2645.98046187273	1261.375
2648.0958352379	1258.125
2650.21062009449	1260.5
2652.32481671544	1258.5
2654.43842537353	1271.625
2656.5514463414	1265.25
2658.66387989151	1276
2660.77572629616	1271.5
2662.88698582751	1267.375
2664.99765875753	1270.875
2667.10774535806	1272.875
2669.21724590076	1268.875
2671.32616065714	1279.125
2673.43448989857	1267.5
2675.5422338962	1267.75
2677.64939292108	1268.125
2679.75596724408	1268.75
2681.86195713589	1262.25
2683.96736286707	1274
2686.07218470799	1272.125
2688.17642292889	1272.25
2690.28007779982	1254.75
2692.38314959069	1264.125
2694.48563857123	1262.75
2696.58754501103	1247.75
2698.6888691795	1254.875
2700.78961134588	1251
2702.8897717793	1261.125
2704.98935074864	1261.75
2707.08834852271	1263.5
2709.18676537009	1265
2711.28460155925	1264.25
2713.38185735843	1269.125
2715.47853303577	1262.875
2717.57462885924	1255.875
2719.67014509659	1263.25
2721.76508201548	1257.75
2723.85943988337	1256
2725.95321896754	1262
2728.04641953515	1253.25
2730.13904185316	1254.875
2732.23108618837	1258
2734.32255280744	1258.75
2736.41344197683	1255.25
2738.50375396288	1257.5
2740.5934890317	1255.5
2742.68264744932	1255.875
2744.77122948153	1259.625
2746.85923539398	1258
2748.94666545217	1256.375
2751.03351992142	1253.625
2753.11979906688	1252.125
2755.20550315355	1261.75
2757.29063244624	1262
2759.37518720963	1250.375
2761.45916770819	1252.25
2763.54257420625	1262.5
2765.62540696797	1257.5
2767.70766625733	1255.375
2769.78935233816	1250.125
2771.87046547413	1259.125
2773.95100592869	1248.125
2776.03097396519	1253.125
2778.11036984677	1245.25
2780.18919383641	1262.375
2782.26744619693	1259.375
2784.34512719097	1255.25
2786.42223708102	1257.625
2788.49877612937	1255.75
2790.57474459816	1245.75
2792.65014274937	1256
2794.7249708448	1250.125
2796.79922914607	1248.75
2798.87291791465	1259.25
2800.94603741181	1254.25
2803.01858789869	1252.875
2805.09056963623	1253.375
2807.1619828852	1255.625
2809.23282790621	1246
2811.30310495971	1252.5
2813.37281430593	1259
2815.441956205	1261.375
2817.51053091682	1257.375
2819.57853870114	1255.875
2821.64597981753	1253.5
2823.7128545254	1257.125
2825.77916308399	1258.25
2827.84490575233	1258.5
2829.91008278933	1263.625
2831.97469445369	1255.375
2834.03874100395	1262.125
2836.10222269847	1258.5
2838.16513979544	1265.125
2840.22749255288	1264.375
2842.28928122863	1267.25
2844.35050608034	1281
2846.41116736553	1274.75
2848.47126534149	1289.125
2850.53080026537	1287.375
2852.58977239414	1287.625
2854.64818198459	1298.5
2856.70602929332	1292.5
2858.76331457678	1287.625
2860.82003809123	1287.5
2862.87620009274	1296.5
2864.93180083723	1299.5
2866.98684058043	1308.125
2869.04131957789	1305.75
2871.09523808497	1324.25
2873.14859635689	1329.25
2875.20139464866	1331.5
2877.2536332151	1322.5
2879.30531231091	1321.25
2881.35643219054	1328.5
2883.40699310831	1319.75
2885.45699531834	1336.5
2887.50643907457	1336
2889.55532463077	1324.875
2891.60365224053	1332.375
2893.65142215724	1342
2895.69863463414	1320.875
2897.74528992426	1338.75
2899.79138828046	1333.25
2901.83692995544	1330.125
2903.88191520168	1344.875
2905.92634427151	1352.75
2907.97021741706	1350.25
2910.01353489027	1359.125
2912.05629694294	1375
2914.09850382663	1351.5
2916.14015579276	1368
2918.18125309254	1380.625
2920.22179597702	1379.375
2922.26178469705	1376.5
2924.30121950329	1378.125
2926.34010064624	1395
2928.37842837619	1400.875
2930.41620294326	1392.5
2932.45342459737	1396.625
2934.49009358828	1402.25
2936.52621016555	1407.625
2938.56177457854	1407.5
2940.59678707645	1391.875
2942.63124790827	1385.375
2944.66515732282	1379.875
2946.69851556873	1385.5
2948.73132289443	1368.125
2950.76357954817	1366.375
2952.79528577803	1362.75
2954.82644183188	1349.75
2956.85704795741	1345.25
2958.8871044021	1358.625
2960.91661141328	1347
2962.94556923807	1343
2964.97397812339	1333.5
2967.00183831598	1351.625
2969.0291500624	1344.125
2971.05591360902	1347.875
2973.08212920199	1335.375
2975.1077970873	1332.125
2977.13291751074	1333.5
2979.1574907179	1330.875
2981.18151695419	1322.875
2983.20499646482	1321.75
2985.2279294948	1326.5
2987.25031628898	1316
2989.27215709199	1310
2991.29345214825	1320
2993.31420170204	1315.125
2995.33440599738	1298.625
2997.35406527816	1300.625
2999.37317978802	1297.75
3001.39174977045	1293.375
3003.40977546872	1296.25
3005.42725712591	1296.75
3007.44419498491	1307.125
3009.4605892884	1303.25
3011.47644027889	1304.375
3013.49174819865	1305.125
3015.5065132898	1294
3017.52073579424	1294.875
3019.53441595366	1289.375
3021.54755400959	1304.5
3023.56015020332	1300.125
3025.57220477598	1290.75
3027.58371796846	1297
3029.5946900215	1290.125
3031.6051211756	1285.25
3033.61501167107	1289.875
3035.62436174803	1297
3037.6331716464	1287.125
3039.64144160588	1294.25
3041.649171866	1292
3043.65636266607	1305
3045.6630142452	1289.375
3047.66912684229	1296.375
3049.67470069605	1279.625
3051.679736045	1295.625
3053.68423312742	1289.25
3055.68819218143	1307.25
3057.6916134449	1295.375
3059.69449715556	1298.875
3061.69684355086	1294.375
3063.6986528681	1290.125
3065.69992534437	1317.875
3067.70066121653	1309
3069.70086072126	1303
3071.700524095	1302.25
3073.69965157405	1288
3075.69824339442	1305
3077.69629979197	1297.375
3079.69382100235	1291.75
3081.69080726098	1290.875
3083.68725880307	1300.25
3085.68317586366	1300.625
3087.67855867755	1304
3089.67340747933	1303.375
3091.6677225034	1307.375
3093.66150398392	1311.625
3095.6547521549	1303.875
3097.64746725006	1312.125
3099.63964950297	1317
3101.63129914698	1307.125
3103.6224164152	1318.125
3105.61300154056	1318.875
3107.60305475576	1311.75
3109.59257629331	1315.875
3111.58156638547	1309
3113.57002526432	1320.5
3115.55795316172	1307
3117.54535030932	1323.875
3119.53221693853	1328.125
3121.51855328057	1318.875
3123.50435956646	1322.75
3125.48963602698	1320.75
3127.4743828927	1329.5
3129.45860039397	1327.625
3131.44228876093	1332.625
3133.42544822353	1337.75
3135.40807901145	1334
3137.39018135418	1334.75
3139.37175548102	1341.75
3141.35280162101	1349.375
3143.33332000299	1341
3145.31331085559	1346
3147.2927744072	1338
3149.27171088602	1342.125
3151.25012052	1341.875
3153.22800353689	1358.5
3155.20536016422	1361.375
3157.18219062929	1364.375
3159.15849515918	1349.125
3161.13427398075	1358.375
3163.10952732066	1370.125
3165.08425540532	1355.375
3167.05845846092	1360.75
3169.03213671344	1370
3171.00529038863	1361.125
3172.97791971203	1373
3174.95002490893	1356.75
3176.92160620443	1370.25
3178.89266382337	1390.125
3180.8631979904	1373.25
3182.83320892991	1364.75
3184.80269686609	1375.5
3186.77166202289	1374.75
3188.74010462406	1369.375
3190.70802489307	1378
3192.67542305323	1385.75
3194.64229932757	1391.5
3196.60865393892	1383.5
3198.57448710987	1384.25
3200.53979906279	1394.125
3202.50459001981	1399.125
3204.46886020284	1387.125
3206.43260983356	1378.875
3208.39583913341	1393.625
3210.35854832362	1388.625
3212.32073762517	1386.25
3214.28240725881	1389.625
3216.24355744508	1383.75
3218.20418840426	1397.25
3220.16430035642	1391.75
3222.12389352137	1372.875
3224.08296811873	1391.5
3226.04152436784	1407.5
3227.99956248784	1400.875
3229.95708269762	1399.25
3231.91408521584	1398.125
3233.87057026092	1410.75
3235.82653805105	1411.75
3237.78198880419	1400.5
3239.73692273806	1402.875
3241.69134007013	1404.25
3243.64524101764	1414.75
3245.59862579761	1414.125
3247.55149462681	1389.25
3249.50384772176	1397.25
3251.45568529877	1409.375
3253.40700757387	1398.25
3255.35781476288	1408.75
3257.3081070814	1408.25
3259.25788474473	1410.875
3261.20714796799	1405.875
3263.15589696602	1402.375
3265.10413195345	1413.5
3267.05185314463	1412.25
3268.9990607537	1405.625
3270.94575499455	1416
3272.89193608081	1407
3274.8376042259	1412
3276.78275964296	1420.5
3278.72740254492	1407.5
3280.67153314443	1422.875
3282.61515165393	1415.5
3284.55825828559	1405.875
3286.50085325135	1415.875
3288.44293676289	1409.125
3290.38450903165	1412.25
3292.32557026883	1416.875
3294.26612068537	1410.875
3296.20616049198	1410.25
3298.14568989911	1418.875
3300.08470911695	1407.125
3302.02321835546	1411.375
3303.96121782435	1420.125
3305.89870773306	1413.25
3307.83568829081	1412
3309.77215970655	1416.75
3311.70812218898	1394.75
3313.64357594655	1414.625
3315.57852118747	1403
3317.51295811968	1412.75
3319.44688695087	1406.25
3321.38030788849	1411.75
3323.31322113973	1409.375
3325.24562691152	1407.5
3327.17752541055	1398.25
3329.10891684322	1408.375
3331.03980141573	1399.25
3332.97017933399	1397
3334.90005080364	1404.75
3336.82941603011	1411.125
3338.75827521852	1413.75
3340.68662857377	1410.375
3342.6144763005	1413.125
3344.54181860308	1414.875
3346.46865568561	1419
3348.39498775195	1416.875
3350.32081500571	1417.25
3352.24613765022	1416.75
3354.17095588855	1396
3356.09526992352	1409.875
3358.01907995769	1419.5
3359.94238619334	1409.375
3361.86518883251	1418.625
3363.78748807697	1408
3365.70928412823	1418.75
3367.63057718752	1417.875
3369.55136745582	1434.625
3371.47165513386	1420.375
3373.39144042208	1410.125
3375.31072352066	1429.375
3377.22950462953	1406.5
3379.14778394834	1429.5
3381.06556167648	1427.375
3382.98283801308	1424.5
3384.89961315697	1430.625
3386.81588730676	1425.5
3388.73166066076	1420.5
3390.64693341702	1426.625
3392.56170577332	1419.875
3394.47597792716	1422.125
3396.38975007581	1413.875
3398.30302241623	1426.5
3400.21579514512	1411.375
3402.1280684589	1426.875
3404.03984255374	1419.125
3405.95111762553	1415
3407.86189386987	1408.625
3409.77217148212	1423.875
3411.68195065733	1427
3413.5912315903	1423.75
3415.50001447556	1418.25
3417.40829950735	1420.875
3419.31608687963	1425
3421.22337678611	1423.5
3423.1301694202	1420.875
3425.03646497504	1418.875
3426.9422636435	1420.125
3428.84756561816	1411
3430.75237109135	1407.25
3432.65668025508	1427.75
3434.56049330112	1407.875
3436.46381042093	1411.625
3438.36663180571	1412.25
3440.26895764638	1425.5
3442.17078813357	1419
3444.07212345762	1401.125
3445.97296380863	1416.125
3447.87330937636	1412.75
3449.77316035033	1420.25
3451.67251691977	1409.125
3453.57137927361	1420.5
3455.46974760052	1411.875
3457.36762208886	1406.875
3459.26500292671	1384.375
3461.16189030191	1407.25
3463.05828440194	1406.375
3464.95418541406	1397
3466.84959352519	1386.625
3468.74450892201	1405.25
3470.63893179088	1408.25
3472.53286231788	1409.375
3474.42630068881	1377.625
3476.31924708918	1386
3478.2117017042	1392.625
3480.1036647188	1393.875
3481.99513631761	1393.875
3483.88611668498	1392.75
3485.77660600498	1367.75
3487.66660446135	1384.25
3489.55611223758	1387.125
3491.44512951683	1388.5
3493.333656482	1375.375
3495.22169331568	1381.75
3497.10924020016	1367.5
3498.99629731746	1368.75
3500.88286484927	1372.75
3502.76894297702	1378.25
3504.65453188182	1362.25
3506.53963174449	1370.5
3508.42424274555	1370.75
3510.30836506524	1364.375
3512.19199888349	1370.625
3514.07514437992	1354
3515.95780173387	1359.75
3517.83997112437	1356.25
3519.72165273016	1359.75
3521.60284672967	1356.625
3523.48355330104	1352
3525.36377262208	1348.625
3527.24350487035	1336.125
3529.12275022306	1342.25
3531.00150885715	1350.5
3532.87978094923	1339.125
3534.75756667562	1343.875
3536.63486621235	1323.75
3538.51167973512	1345.5
3540.38800741934	1332.875
3542.26384944011	1332.25
3544.13920597223	1328
3546.01407719018	1328.5
3547.88846326815	1329.25
3549.76236438002	1316
3551.63578069934	1328
3553.50871239938	1314.875
3555.38115965309	1318.5
3557.25312263311	1316.125
3559.12460151177	1322.625
3560.99559646109	1316.375
3562.86610765279	1316.75
3564.73613525825	1324.75
3566.60567944857	1308.5
3568.47474039453	1307.25
3570.34331826658	1320.5
3572.21141323487	1313
3574.07902546925	1301.625
3575.94615513922	1304.625
3577.81280241401	1318.625
3579.67896746249	1315.75
3581.54465045325	1300.5
3583.40985155455	1308.875
3585.27457093432	1301.875
3587.1388087602	1294.75
3589.00256519949	1296.25
3590.86584041919	1293.75
3592.72863458597	1299
3594.59094786618	1304
3596.45278042585	1301.25
3598.31413243069	1289.875
3600.17500404611	1280.25
3602.03539543717	1291.375
3603.89530676861	1294.375
3605.75473820488	1303
3607.61368991007	1291
3609.47216204797	1285.25
3611.33015478203	1283
3613.18766827539	1290
3615.04470269087	1288.25
3616.90125819094	1296
3618.75733493776	1276.625
3620.61293309318	1281.125
3622.46805281869	1286.25
3624.32269427547	1282.625
3626.17685762439	1282.5
3628.03054302596	1299.75
3629.88375064038	1281.5
3631.73648062751	1274
3633.5887331469	1287.75
3635.44050835775	1273.625
3637.29180641893	1271.75
3639.14262748899	1270.125
3640.99297172614	1272.625
3642.84283928828	1268.25
3644.69223033294	1277.75
3646.54114501734	1266.125
3648.38958349836	1261.75
3650.23754593256	1268.25
3652.08503247614	1265.75
3653.93204328497	1270
3655.77857851462	1268.875
3657.62463832028	1266
3659.47022285682	1264.5
3661.31533227877	1268
3663.15996674033	1259.75
3665.00412639535	1252.375
3666.84781139736	1258.75
3668.69102189953	1252.875
3670.5337580547	1249
3672.37602001537	1251.5
3674.21780793368	1258.125
3676.05912196148	1253.25
3677.89996225021	1246.375
3679.74032895103	1243.25
3681.58022221471	1240.625
3683.41964219171	1253.5
3685.25858903211	1239.125
3687.0970628857	1241.25
3688.93506390186	1237.625
3690.77259222968	1246.875
3692.60964801787	1245
3694.44623141481	1243.75
3696.28234256853	1241.375
3698.11798162669	1232.5
3699.95314873665	1234.5
3701.78784404537	1231.125
3703.62206769951	1231.125
3705.45581984533	1235.75
3707.28910062877	1235.5
3709.12191019542	1233.875
3710.95424869052	1229.5
3712.78611625894	1232.5
3714.6175130452	1223.5
3716.44843919349	1233.25
3718.27889484764	1235.75
3720.1088801511	1234.125
3721.93839524699	1228.375
3723.76744027808	1229.75
3725.59601538677	1232.5
3727.4241207151	1235.875
