40.2973356941271	1138.40002441406
43.2236257608418	1144.59997558594
46.1488808466109	1151.69995117188
49.0731017336173	1161.09997558594
51.9962892025666	1166.69995117188
54.9184440327569	1183.30004882813
57.8395670020446	1188.5
60.7596588868509	1207.59997558594
63.6787204621708	1227.09997558594
66.5967525015794	1256.40002441406
69.5137557772381	1283.09997558594
72.4297310598838	1327
75.3446791188512	1374.90002441406
78.2586007220466	1457.69995117188
81.1714966360015	1536
84.0833676258266	1642.69995117188
86.994214455242	1749.5
89.9040378865662	1906.59997558594
92.8128386807427	2017.09997558594
95.7206175973133	2128.10009765625
98.6273753944444	2207.89990234375
101.533112828928	2259.69995117188
104.437830656161	2277.89990234375
107.34152963018	2267.69995117188
110.244210503676	2289.19995117188
113.145874027931	2276.80004882813
116.046520952895	2266.80004882813
118.946152027154	2267
121.844767997933	2277.69995117188
124.74236961111	2281
127.638957611212	2263.10009765625
130.534532741422	2281.89990234375
133.429095743606	2262.89990234375
136.322647358252	2288.30004882813
139.215188324544	2277.69995117188
142.106719380311	2290.69995117188
144.997241262089	2279.19995117188
147.886754705057	2278.5
150.775260443096	2325.60009765625
153.662759208748	2292.69995117188
156.549251733282	2303.69995117188
159.434738746612	2333.10009765625
162.319220977376	2327.39990234375
165.20269915289	2339.60009765625
168.085173999178	2350.19995117188
170.966646240977	2306.30004882813
173.847116601709	2358.30004882813
176.726585803528	2301.80004882813
179.605054567295	2294.30004882813
182.48252361259	2304.10009765625
185.358993657701	2301.80004882813
188.234465419645	2311.89990234375
191.108939614183	2293
193.982416955795	2294.60009765625
196.854898157687	2288.19995117188
199.726383931801	2280
202.596874988835	2288.5
205.466372038225	2273.19995117188
208.334875788145	2350.89990234375
211.202386945534	2320.30004882813
214.068906216069	2319.10009765625
216.934434304194	2314.19995117188
219.798971913111	2325
222.662519744776	2337.10009765625
225.525078499925	2323.60009765625
228.386648878069	2329.60009765625
231.247231577465	2319.10009765625
234.106827295172	2333.60009765625
236.965436727012	2314.19995117188
239.823060567597	2314.30004882813
242.679699510337	2331.89990234375
245.535354247396	2306.89990234375
248.390025469775	2333
251.243713867223	2310.89990234375
254.096420128327	2304.89990234375
256.948144940459	2319
259.798888989788	2337.60009765625
262.648652961315	2343.39990234375
265.49743753883	2321.89990234375
268.345243404939	2320.89990234375
271.192071241073	2322.19995117188
274.037921727485	2328.69995117188
276.882795543246	2358.80004882813
279.72669336624	2353.10009765625
282.569615873213	2350.89990234375
285.411563739724	2345.69995117188
288.252537640165	2354.10009765625
291.092538247763	2370.5
293.931566234616	2350
296.769622271633	2395.10009765625
299.606707028594	2382.69995117188
302.442821174104	2379.89990234375
305.277965375652	2386.30004882813
308.112140299574	2390.80004882813
310.945346611062	2399.30004882813
313.777584974167	2380.80004882813
316.608856051813	2392.19995117188
319.439160505797	2411.69995117188
322.268498996783	2398.30004882813
325.096872184303	2386
327.924280726782	2414.89990234375
330.750725281521	2380
333.576206504693	2376.5
336.400725051388	2419.60009765625
339.224281575542	2395.39990234375
342.046876730026	2375.5
344.868511166586	2362.30004882813
347.689185535872	2395.80004882813
350.508900487421	2392.19995117188
353.327656669699	2362.10009765625
356.145454730079	2398.80004882813
358.962295314817	2385.39990234375
361.778179069105	2401.30004882813
364.593106637051	2395.5
367.407078661675	2396.5
370.220095784913	2388.69995117188
373.032158647655	2398.69995117188
375.843267889676	2403.5
378.653424149715	2426.69995117188
381.462628065436	2403.89990234375
384.270880273432	2408.19995117188
387.078181409254	2406.19995117188
389.884532107358	2413.89990234375
392.689933001188	2440.69995117188
395.494384723112	2424
398.29788790445	2454.89990234375
401.100443175488	2447.39990234375
403.902051165437	2452.19995117188
406.702712502518	2430.30004882813
409.502427813866	2452.30004882813
412.301197725607	2457.39990234375
415.099022862823	2433.89990234375
417.89590384957	2442.60009765625
420.691841308876	2442.30004882813
423.486835862752	2455.30004882813
426.280888132173	2439.30004882813
429.073998737112	2469
431.866168296507	2441.89990234375
434.657397428298	2440.80004882813
437.447686749412	2470.89990234375
440.237036875762	2464.89990234375
443.025448422257	2452.10009765625
445.812922002813	2464.69995117188
448.599458230326	2492.69995117188
451.38505771672	2473.89990234375
454.169721072909	2462
456.953448908819	2465.19995117188
459.736241833384	2468.89990234375
462.518100454555	2490.30004882813
465.2990253793	2519
468.079017213605	2525.80004882813
470.858076562476	2476.60009765625
473.636204029939	2508.69995117188
476.41340021906	2475.19995117188
479.189665731938	2504.80004882813
481.965001169667	2495.69995117188
484.739407132419	2495.19995117188
487.512884219391	2509.30004882813
490.285433028796	2520.19995117188
493.057054157921	2491.19995117188
495.827748203087	2495.80004882813
498.597515759658	2517.69995117188
501.366357422061	2514.30004882813
504.134273783759	2504.30004882813
506.901265437278	2529.80004882813
509.66733297421	2539.39990234375
512.432476985198	2545
515.196698059945	2526.5
517.959996787225	2505.30004882813
520.722373754895	2532.69995117188
523.483829549856	2504.30004882813
526.24436475811	2520.89990234375
529.003979964696	2529.80004882813
531.762675753779	2501.10009765625
534.520452708569	2527.69995117188
537.277311411375	2529.19995117188
540.03325244359	2542.89990234375
542.788276385682	2530.5
545.54238381725	2520.39990234375
548.295575316938	2515.39990234375
551.047851462516	2543.19995117188
553.799212830831	2529.80004882813
556.549659997851	2527.39990234375
559.299193538643	2535.5
562.047814027381	2495.39990234375
564.795522037318	2543.89990234375
567.542318140861	2529.5
570.288202909507	2552.60009765625
573.033176913873	2518.39990234375
575.7772407237	2512.5
578.520394907829	2517.10009765625
581.26264003424	2509.89990234375
584.003976670046	2542.89990234375
586.744405381469	2531.19995117188
589.483926733869	2537.69995117188
592.222541291746	2555
594.96024961872	2546.19995117188
597.697052277563	2577.30004882813
600.432949830166	2564.39990234375
603.167942837587	2544.69995117188
605.902031860012	2577.39990234375
608.635217456783	2566.30004882813
611.367500186378	2569
614.098880606429	2540.89990234375
616.82935927374	2543.80004882813
619.558936744248	2559.60009765625
622.287613573072	2574.5
625.015390314457	2551.39990234375
627.742267521848	2577.80004882813
630.468245747829	2554
633.193325544166	2561.19995117188
635.917507461792	2572
638.640792050804	2560.60009765625
641.36317986048	2565.10009765625
644.084671439281	2578.10009765625
646.805267334845	2560.89990234375
649.524968093967	2568.10009765625
652.24377426266	2553.30004882813
654.961686386106	2549.69995117188
657.678705008678	2590
660.394830673939	2578.80004882813
663.110063924628	2552.5
665.824405302728	2586.19995117188
668.537855349351	2625
671.250414604863	2567.5
673.962083608812	2586.39990234375
676.672862899949	2600.30004882813
679.382753016218	2584
682.091754494801	2599.60009765625
684.799867872061	2616.30004882813
687.507093683595	2621.10009765625
690.213432464198	2586.39990234375
692.918884747899	2619.10009765625
695.623451067937	2626.30004882813
698.327131956755	2593.60009765625
701.029927946065	2632.39990234375
703.731839566754	2636.80004882813
706.43286734896	2610.89990234375
709.133011822067	2623.80004882813
711.832273514658	2614.10009765625
714.53065295457	2629.10009765625
717.228150668879	2607.80004882813
719.924767183889	2649.69995117188
722.620503025148	2643.5
725.315358717446	2657
728.009334784827	2638.60009765625
730.702431750559	2629.10009765625
733.394650137188	2592.10009765625
736.085990466498	2612.19995117188
738.776453259519	2608.89990234375
741.466039036542	2616.19995117188
744.154748317125	2620.19995117188
746.842581620074	2623.30004882813
749.529539463458	2628.19995117188
752.215622364608	2616.69995117188
754.900830840131	2645.30004882813
757.585165405892	2605.5
760.26862657703	2645.69995117188
762.951214867957	2654.5
765.632930792356	2632.5
768.313774863181	2601.30004882813
770.993747592673	2662.10009765625
773.672849492359	2645.10009765625
776.351081073017	2633.39990234375
779.028442844757	2633.10009765625
781.704935316928	2647.5
784.380558998208	2659.69995117188
787.055314396528	2643.5
789.729202019141	2631.5
792.402222372581	2643
795.074375962669	2663
797.745663294537	2682.69995117188
800.416084872622	2670.80004882813
803.085641200652	2683.80004882813
805.754332781664	2687.89990234375
808.422160117986	2671.60009765625
811.089123711292	2682.69995117188
813.75522406252	2679.5
816.420461671951	2662.60009765625
819.084837039164	2684.30004882813
821.748350663067	2697.69995117188
824.411003041866	2680.30004882813
827.072794673116	2720.10009765625
829.733726053668	2730.89990234375
832.39379767971	2718.69995117188
835.05301004674	2714.39990234375
837.711363649601	2706.60009765625
840.368858982457	2761.10009765625
843.025496538805	2754.69995117188
845.681276811467	2751.5
848.336200292618	2781.89990234375
850.99026747375	2803.30004882813
853.643478845713	2780.69995117188
856.29583489868	2779.30004882813
858.947336122176	2785.10009765625
861.59798300506	2786.39990234375
864.247776035556	2816.19995117188
866.896715701222	2823.69995117188
869.544802488959	2842.89990234375
872.192036885046	2825.30004882813
874.838419375087	2845.80004882813
877.483950444054	2857.10009765625
880.128630576285	2818.30004882813
882.772460255461	2854.19995117188
885.415439964628	2821.89990234375
888.057570186211	2779.39990234375
890.698851401966	2837
893.339284093045	2808.30004882813
895.978868739961	2782.69995117188
898.617605822596	2802.30004882813
901.255495820196	2796.60009765625
903.892539211396	2799.5
906.528736474184	2784.30004882813
909.164088085949	2802.80004882813
911.798594523442	2809.19995117188
914.432256262804	2802
917.065073779549	2793.39990234375
919.697047548589	2819.80004882813
922.328178044212	2843.39990234375
924.9584657401	2832.80004882813
927.587911109317	2826.89990234375
930.216514624317	2825.89990234375
932.844276756963	2831.30004882813
935.471197978488	2858.80004882813
938.097278759538	2854.89990234375
940.722519570163	2882.89990234375
943.346920879798	2931
945.97048315729	2932.19995117188
948.593206870885	2983.5
951.215092488219	3008.5
953.836140476366	3019.69995117188
956.456351301787	3056.5
959.07572543037	3075.69995117188
961.694263327369	3084.89990234375
964.311965457521	3093.30004882813
966.928832284933	3113.69995117188
969.544864273135	3100.30004882813
972.160061885076	3056.60009765625
974.774425583129	3034.80004882813
977.387955829099	3006.10009765625
980.000653084196	3006.10009765625
982.612517809061	3015.30004882813
985.223550463768	2968.10009765625
987.833751507819	3061.69995117188
990.443121400135	3062.19995117188
993.051660599081	3082.19995117188
995.659369562449	3169.5
998.266248747469	3220.5
1000.87229861081	3380
1003.47751960857	3557.69995117188
1006.0819121963	3629.19995117188
1008.68547682897	3634.5
1011.28821396104	3481.19995117188
1013.89012404635	3376.89990234375
1016.49120753824	3259.19995117188
1019.09146488947	3208
1021.69089655226	3130.19995117188
1024.28950297827	3136.30004882813
1026.88728461863	3065.69995117188
1029.48424192392	3105
1032.08037534416	3065.10009765625
1034.67568532886	3048.69995117188
1037.27017232694	3050.10009765625
1039.86383678682	3038.80004882813
1042.45667915637	3034.69995117188
1045.04869988293	3028.5
1047.6398994133	3022.60009765625
1050.23027819374	3025.10009765625
1052.81983666998	3027.80004882813
1055.40857528724	3028.60009765625
1057.99649449018	3068.10009765625
1060.58359472296	3011.10009765625
1063.1698764292	3063
1065.755340052	3056.89990234375
1068.33998603393	3052.19995117188
1070.92381481706	3055.39990234375
1073.50682684291	3087.39990234375
1076.08902255251	3094.60009765625
1078.67040238637	3058.89990234375
1081.25096678445	3073.10009765625
1083.83071618624	3097.19995117188
1086.4096510307	3085.69995117188
1088.98777175629	3071.89990234375
1091.56507880094	3104.19995117188
1094.14157260208	3075
1096.71725359664	3113.89990234375
1099.29212222106	3120.80004882813
1101.86617891125	3116.69995117188
1104.43942410262	3094.30004882813
1107.01185823011	3118.30004882813
1109.58348172812	3131.30004882813
1112.15429503057	3135.10009765625
1114.7242985709	3119.10009765625
1117.29349278203	3191.39990234375
1119.86187809642	3207
1122.42945494599	3219
1124.99622376222	3256.80004882813
1127.56218497606	3323.30004882813
1130.12733901801	3369.60009765625
1132.69168631804	3372.69995117188
1135.25522730568	3423.39990234375
1137.81796240995	3491.60009765625
1140.37989205941	3546.80004882813
1142.9410166821	3658.69995117188
1145.50133670561	3841.19995117188
1148.06085255708	4113.7001953125
1150.61956466311	4508.5
1153.17747344987	4950.10009765625
1155.73457934305	5382
1158.29088276786	5569.60009765625
1160.84638414903	5207.60009765625
1163.40108391085	4891.2001953125
1165.95498247711	4395.60009765625
1168.50808027116	4014.80004882813
1171.06037771587	3772.89990234375
1173.61187523364	3590.69995117188
1176.16257324643	3524.30004882813
1178.71247217573	3445.5
1181.26157244255	3451.39990234375
1183.80987446746	3496.69995117188
1186.35737867059	3530.5
1188.90408547157	3575.80004882813
1191.44999528961	3630.80004882813
1193.99510854347	3684.80004882813
1196.53942565142	3644.80004882813
1199.08294703133	3577.60009765625
1201.62567310057	3516.80004882813
1204.16760427611	3464.60009765625
1206.70874097445	3377.10009765625
1209.24908361163	3326.30004882813
1211.78863260327	3337.30004882813
1214.32738836454	3306
1216.86535131017	3306.19995117188
1219.40252185445	3307.89990234375
1221.93890041121	3257.89990234375
1224.47448739389	3212.89990234375
1227.00928321544	3235
1229.54328828842	3234.69995117188
1232.07650302491	3232.69995117188
1234.60892783662	3239.80004882813
1237.14056313477	3230.39990234375
1239.67140933017	3260
1242.2014668332	3247.60009765625
1244.73073605384	3258.80004882813
1247.25921740159	3326.10009765625
1249.78691128558	3325.39990234375
1252.31381811448	3320.30004882813
1254.83993829655	3366.69995117188
1257.36527223962	3395.89990234375
1259.88982035112	3428.60009765625
1262.41358303803	3466
1264.93656070696	3456.30004882813
1267.45875376405	3522.5
1269.98016261505	3532.39990234375
1272.50078766531	3573.89990234375
1275.02062931974	3632.10009765625
1277.53968798285	3614.80004882813
1280.05796405875	3551.80004882813
1282.57545795112	3482.89990234375
1285.09217006325	3483.69995117188
1287.60810079802	3415.69995117188
1290.12325055788	3431.69995117188
1292.63761974492	3439.19995117188
1295.15120876079	3463.30004882813
1297.66401800676	3462.39990234375
1300.17604788367	3454.39990234375
1302.687298792	3449.30004882813
1305.19777113181	3453.19995117188
1307.70746530274	3404.69995117188
1310.21638170408	3416
1312.7245207347	3416.89990234375
1315.23188279307	3413.10009765625
1317.73846827728	3400.5
1320.24427758502	3413.80004882813
1322.74931111359	3391.19995117188
1325.25356925991	3356.80004882813
1327.75705242051	3382.69995117188
1330.25976099151	3352.80004882813
1332.76169536868	3330.60009765625
1335.26285594737	3346.30004882813
1337.76324312256	3321.39990234375
1340.26285728887	3315
1342.76169884052	3341.19995117188
1345.25976817132	3292
1347.75706567474	3334.5
1350.25359174387	3361.89990234375
1352.74934677141	3324.39990234375
1355.24433114968	3345.80004882813
1357.73854527062	3318.30004882813
1360.23198952583	3339.39990234375
1362.7246643065	3368.39990234375
1365.21657000347	3327.69995117188
1367.7077070072	3329
1370.19807570777	3355.10009765625
1372.68767649492	3332.39990234375
1375.176509758	3324.39990234375
1377.66457588599	3371.80004882813
1380.15187526753	3367.60009765625
1382.63840829087	3332.39990234375
1385.1241753439	3359.89990234375
1387.60917681417	3369.69995117188
1390.09341308884	3415.60009765625
1392.57688455474	3405.5
1395.05959159829	3440
1397.54153460562	3406.30004882813
1400.02271396243	3415.60009765625
1402.50313005414	3384.39990234375
1404.98278326576	3385.10009765625
1407.46167398196	3402.60009765625
1409.93980258707	3409.89990234375
1412.41716946504	3443.5
1414.89377499951	3445.19995117188
1417.36961957373	3424.69995117188
1419.84470357062	3402.30004882813
1422.31902737275	3464.69995117188
1424.79259136235	3463.10009765625
1427.26539592129	3487.5
1429.73744143111	3531.89990234375
1432.20872827299	3538.5
1434.67925682777	3593.10009765625
1437.14902747597	3623.60009765625
1439.61804059773	3648.19995117188
1442.0862965729	3720.19995117188
1444.55379578093	3737.19995117188
1447.02053860099	3777.69995117188
1449.48652541188	3712.19995117188
1451.95175659206	3702.69995117188
1454.41623251969	3720.89990234375
1456.87995357255	3705.60009765625
1459.34292012811	3695.69995117188
1461.80513256351	3680.60009765625
1464.26659125557	3654.69995117188
1466.72729658073	3611.39990234375
1469.18724891517	3645.39990234375
1471.64644863469	3665.39990234375
1474.10489611478	3621.5
1476.5625917306	3666
1479.01953585699	3650.69995117188
1481.47572886844	3674.89990234375
1483.93117113917	3695.80004882813
1486.38586304302	3725.80004882813
1488.83980495354	3740.10009765625
1491.29299724395	3801.39990234375
1493.74544028715	3841.69995117188
1496.19713445573	3947.69995117188
1498.64808012193	4033.89990234375
1501.09827765772	4224.7998046875
1503.54772743471	4431.10009765625
1505.99642982421	4758.10009765625
1508.44438519723	5139.89990234375
1510.89159392446	5617.7001953125
1513.33805637625	6061.2001953125
1515.78377292266	6354.10009765625
1518.22874393346	6575.5
1520.67296977806	6506.5
1523.11645082559	6199.39990234375
1525.55918744488	5760.2998046875
1528.00118000444	5305.89990234375
1530.44242887245	4865.2998046875
1532.88293441684	4444.60009765625
1535.32269700517	4174.89990234375
1537.76171700475	3967.19995117188
1540.19999478255	3837
1542.63753070526	3780.60009765625
1545.07432513925	3749.30004882813
1547.5103784506	3663.5
1549.94569100509	3665.39990234375
1552.38026316819	3634.30004882813
1554.8140953051	3591.60009765625
1557.24718778067	3650
1559.67954095952	3605.19995117188
1562.11115520592	3599.19995117188
1564.54203088386	3608
1566.97216835704	3614.19995117188
1569.40156798888	3618.5
1571.83023014248	3632.69995117188
1574.25815518067	3604.69995117188
1576.68534346597	3588.60009765625
1579.11179536062	3616.5
1581.53751122658	3569.5
1583.9624914255	3590.60009765625
1586.38673631876	3582.60009765625
1588.81024626745	3596.5
1591.23302163235	3580
1593.655062774	3601.89990234375
1596.07637005262	3608.60009765625
1598.49694382815	3587.30004882813
1600.91678446025	3558.10009765625
1603.33589230831	3567.10009765625
1605.75426773142	3561.10009765625
1608.1719110884	3562.39990234375
1610.58882273779	3565.80004882813
1613.00500303784	3554.89990234375
1615.42045234654	3508.30004882813
1617.83517102158	3522.5
1620.24915942039	3530.80004882813
1622.66241790012	3545.80004882813
1625.07494681764	3542.80004882813
1627.48674652954	3559.80004882813
1629.89781739216	3557.80004882813
1632.30815976152	3547.19995117188
1634.71777399343	3543.30004882813
1637.12666044338	3589.19995117188
1639.53481946661	3585.39990234375
1641.94225141808	3644.39990234375
1644.34895665248	3602.89990234375
1646.75493552424	3649.89990234375
1649.16018838752	3688.30004882813
1651.56471559621	3706.39990234375
1653.96851750392	3762.10009765625
1656.37159446403	3799.69995117188
1658.7739468296	3769.30004882813
1661.17557495349	3749.89990234375
1663.57647918824	3745.69995117188
1665.97665988617	3693.39990234375
1668.37611739929	3640.30004882813
1670.77485207939	3625.60009765625
1673.17286427799	3604.5
1675.57015434633	3548.10009765625
1677.96672263542	3515.60009765625
1680.36256949598	3558.19995117188
1682.7576952785	3566.69995117188
1685.15210033318	3501.80004882813
1687.54578501	3567.60009765625
1689.93874965866	3524.39990234375
1692.33099462861	3511.89990234375
1694.72252026904	3533.19995117188
1697.11332692889	3523
1699.50341495686	3518.5
1701.89278470137	3503.69995117188
1704.28143651061	3477.69995117188
1706.66937073251	3533
1709.05658771473	3491.30004882813
1711.44308780473	3509.5
1713.82887134968	3485.80004882813
1716.21393869648	3477
1718.59829019185	3486.19995117188
1720.98192618221	3507.39990234375
1723.36484701374	3500.5
1725.74705303238	3488
1728.12854458384	3477.60009765625
1730.50932201356	3489.69995117188
1732.88938566673	3498.60009765625
1735.26873588834	3492
1737.64737302307	3525.39990234375
1740.02529741544	3511.89990234375
1742.40250940964	3496.69995117188
1744.77900934969	3509.30004882813
1747.15479757933	3500.30004882813
1749.52987444206	3515.80004882813
1751.90424028116	3498.10009765625
1754.27789543967	3510.19995117188
1756.65084026037	3502.80004882813
1759.02307508582	3508.60009765625
1761.39460025833	3459.89990234375
1763.76541612	3489
1766.13552301265	3485.80004882813
1768.50492127791	3475.19995117188
1770.87361125714	3473.5
1773.2415932915	3468.39990234375
1775.60886772188	3447.60009765625
1777.97543488896	3477.5
1780.34129513318	3438.5
1782.70644879475	3483.10009765625
1785.07089621365	3473.80004882813
1787.43463772964	3469
1789.7976736822	3488.10009765625
1792.16000441066	3459.30004882813
1794.52163025405	3453.69995117188
1796.88255155121	3490.10009765625
1799.24276864074	3478.19995117188
1801.60228186102	3456
1803.96109155019	3471.60009765625
1806.31919804618	3484.30004882813
1808.67660168668	3497.30004882813
1811.03330280916	3530.10009765625
1813.38930175088	3458.30004882813
1815.74459884884	3510.39990234375
1818.09919443984	3514.89990234375
1820.45308886047	3517.69995117188
1822.80628244708	3450.60009765625
1825.1587755358	3472.10009765625
1827.51056846254	3472.89990234375
1829.86166156297	3509.30004882813
1832.21205517258	3475.89990234375
1834.56174962661	3480.39990234375
1836.91074526009	3504.5
1839.25904240783	3470.60009765625
1841.60664140443	3499.69995117188
1843.95354258425	3485.39990234375
1846.29974628146	3463.10009765625
1848.64525282998	3485.60009765625
1850.99006256356	3494.69995117188
1853.3341758157	3470.5
1855.67759291968	3448
1858.02031420858	3452.80004882813
1860.36234001528	3475.10009765625
1862.70367067241	3485.89990234375
1865.04430651244	3463.30004882813
1867.38424786755	3461.80004882813
1869.72349506978	3507.30004882813
1872.06204845094	3491.30004882813
1874.39990834258	3463.5
1876.73707507612	3446
1879.07354898269	3473.60009765625
1881.40933039328	3485.80004882813
1883.74441963861	3483.10009765625
1886.07881704925	3463.5
1888.41252295551	3465.39990234375
1890.74553768751	3498.39990234375
1893.07786157519	3482.60009765625
1895.40949494822	3446.69995117188
1897.74043813615	3472.5
1900.07069146823	3445.5
1902.40025527357	3434.19995117188
1904.72912988106	3481.39990234375
1907.05731561938	3451.10009765625
1909.38481281699	3473.30004882813
1911.71162180217	3448.69995117188
1914.037742903	3441.30004882813
1916.36317644734	3466.30004882813
1918.68792276284	3426.30004882813
1921.01198217697	3437.39990234375
1923.33535501699	3453.80004882813
1925.65804160996	3452.39990234375
1927.98004228273	3397.19995117188
1930.30135736196	3460.69995117188
1932.6219871741	3451.10009765625
1934.94193204543	3440.39990234375
1937.26119230198	3443.10009765625
1939.57976826962	3457.60009765625
1941.89766027402	3468.69995117188
1944.21486864062	3488.10009765625
1946.53139369472	3445.39990234375
1948.84723576137	3438.69995117188
1951.16239516543	3455
1953.47687223159	3456.39990234375
1955.79066728434	3443.69995117188
1958.10378064794	3475.5
1960.4162126465	3480.10009765625
1962.7279636039	3468.69995117188
1965.03903384385	3433.5
1967.34942368987	3454.30004882813
1969.65913346524	3471.10009765625
1971.96816349311	3494.60009765625
1974.2765140964	3466.39990234375
1976.58418559784	3474.89990234375
1978.89117831997	3436.89990234375
1981.19749258516	3440.69995117188
1983.50312871555	3464.89990234375
1985.80808703313	3477.89990234375
1988.11236785967	3484
1990.41597151676	3458.39990234375
1992.71889832581	3469.19995117188
1995.02114860801	3484.89990234375
1997.3227226844	3471.39990234375
1999.62362087581	3468.5
2001.92384350288	3502.10009765625
2004.22339088608	3469.60009765625
2006.52226334567	3463
2008.82046120173	3486.10009765625
2011.11798477417	3487.69995117188
2013.41483438269	3475
2015.71101034681	3513.5
2018.00651298588	3525.89990234375
2020.30134261905	3479.39990234375
2022.59549956528	3492.19995117188
2024.88898414337	3498.39990234375
2027.1817966719	3464.39990234375
2029.4739374693	3479.89990234375
2031.76540685379	3497.30004882813
2034.05620514342	3447.89990234375
2036.34633265607	3431.5
2038.6357897094	3469.69995117188
2040.92457662092	3465.89990234375
2043.21269370795	3461.5
2045.50014128763	3430.30004882813
2047.78691967691	3461.89990234375
2050.07302919256	3421.89990234375
2052.35847015118	3432
2054.64324286919	3387
2056.9273476628	3435.39990234375
2059.21078484808	3410.89990234375
2061.4935547409	3413.30004882813
2063.77565765696	3409.5
2066.05709391176	3416.69995117188
2068.33786382065	3440.5
2070.61796769879	3419.89990234375
2072.89740586116	3423.39990234375
2075.17617862255	3384
2077.45428629759	3381.69995117188
2079.73172920075	3414.80004882813
2082.00850764627	3401
2084.28462194827	3413.19995117188
2086.56007242065	3429.19995117188
2088.83485937717	3400
2091.10898313139	3428.10009765625
2093.3824439967	3431.80004882813
2095.65524228632	3415.10009765625
2097.92737831328	3435.60009765625
2100.19885239047	3464.80004882813
2102.46966483057	3434
2104.7398159461	3472.30004882813
2107.00930604941	3469.30004882813
2109.27813545267	3477.19995117188
2111.54630446787	3491.60009765625
2113.81381340685	3503.5
2116.08066258126	3497
2118.34685230257	3475.5
2120.61238288211	3534.89990234375
2122.87725463099	3535.30004882813
2125.1414678602	3525.69995117188
2127.40502288052	3549.30004882813
2129.66792000257	3475
2131.93015953682	3525
2134.19174179353	3479.69995117188
2136.45266708282	3536.5
2138.71293571463	3493.39990234375
2140.97254799873	3503.39990234375
2143.23150424473	3494.69995117188
2145.48980476205	3522.80004882813
2147.74744985996	3528.30004882813
2150.00443984754	3523.30004882813
2152.26077503373	3584.5
2154.51645572728	3596.89990234375
2156.77148223677	3547.10009765625
2159.02585487064	3613.10009765625
2161.27957393713	3590.69995117188
2163.53263974432	3592.80004882813
2165.78505260012	3557.39990234375
2168.0368128123	3588.19995117188
2170.28792068844	3528.39990234375
2172.53837653595	3505.39990234375
2174.78818066207	3523.5
2177.03733337389	3490.19995117188
2179.28583497833	3443.60009765625
2181.53368578214	3480.69995117188
2183.78088609192	3478.10009765625
2186.02743621406	3481.39990234375
2188.27333645484	3482
2190.51858712033	3430.39990234375
2192.76318851646	3466.30004882813
2195.00714094901	3458.19995117188
2197.25044472354	3419.69995117188
2199.49310014551	3420.60009765625
2201.73510752018	3426
2203.97646715265	3433.80004882813
2206.21717934786	3425.5
2208.45724441058	3392.10009765625
2210.69666264543	3404.30004882813
2212.93543435686	3396.19995117188
2215.17355984914	3415.10009765625
2217.41103942642	3412.30004882813
2219.64787339264	3389.80004882813
2221.8840620516	3427.69995117188
2224.11960570695	3367.60009765625
2226.35450466215	3391
2228.58875922051	3391.60009765625
2230.82236968518	3383.39990234375
2233.05533635916	3362.39990234375
2235.28765954527	3368.89990234375
2237.51933954617	3364.19995117188
2239.75037666437	3403.60009765625
2241.98077120221	3394.60009765625
2244.21052346188	3394.60009765625
2246.4396337454	3377.89990234375
2248.66810235461	3396.19995117188
2250.89592959125	3395.80004882813
2253.12311575681	3432.30004882813
2255.34966115272	3420.39990234375
2257.57556608017	3423
2259.80083084023	3400.30004882813
2262.02545573381	3406.89990234375
2264.24944106163	3401.39990234375
2266.47278712429	3405
2268.69549422221	3411.30004882813
2270.91756265564	3423.89990234375
2273.1389927247	3400
2275.35978472934	3414.69995117188
2277.57993896933	3428.30004882813
2279.79945574431	3405.10009765625
2282.01833535375	3412.69995117188
2284.23657809696	3444.80004882813
2286.45418427309	3426.89990234375
2288.67115418114	3454.19995117188
2290.88748811995	3477
2293.10318638819	3480.60009765625
2295.3182492844	3467.30004882813
2297.53267710693	3479.19995117188
2299.746470154	3516.19995117188
2301.95962872364	3516.19995117188
2304.17215311376	3580.69995117188
2306.3840436221	3566.30004882813
2308.59530054621	3591.60009765625
2310.80592418354	3594.60009765625
2313.01591483134	3563.60009765625
2315.22527278673	3550.80004882813
2317.43399834666	3569.60009765625
2319.64209180791	3550.69995117188
2321.84955346713	3496.10009765625
2324.05638362079	3525.89990234375
2326.26258256524	3484.69995117188
2328.46815059664	3423.89990234375
2330.67308801098	3447.80004882813
2332.87739510415	3492.10009765625
2335.08107217184	3427.19995117188
2337.2841195096	3445.10009765625
2339.48653741281	3431.5
2341.68832617672	3446.39990234375
2343.8894860964	3448.80004882813
2346.09001746678	3446
2348.28992058261	3447
2350.48919573852	3457.10009765625
2352.68784322898	3407.30004882813
2354.88586334826	3419.39990234375
2357.08325639055	3426.80004882813
2359.2800226498	3404
2361.47616241988	3420.19995117188
2363.67167599445	3435.10009765625
2365.86656366706	3345.80004882813
2368.06082573107	3378.60009765625
2370.2544624797	3388.39990234375
2372.44747420603	3372.5
2374.63986120295	3341.10009765625
2376.83162376322	3318
2379.02276217945	3344.80004882813
2381.21327674408	3346.10009765625
2383.4031677494	3345.89990234375
2385.59243548756	3337.69995117188
2387.78108025053	3327.80004882813
2389.96910233014	3329.19995117188
2392.15650201809	3350.89990234375
2394.34327960587	3301.30004882813
2396.52943538486	3281.39990234375
2398.71496964628	3310.5
2400.89988268118	3317.5
2403.08417478048	3322.60009765625
2405.26784623491	3305.10009765625
2407.45089733509	3351.60009765625
2409.63332837146	3315.5
2411.81513963429	3344.89990234375
2413.99633141375	3315.89990234375
2416.1769039998	3301.5
2418.35685768227	3311.80004882813
2420.53619275084	3325
2422.71490949505	3291.39990234375
2424.89300820425	3287.5
2427.07048916765	3342.39990234375
2429.24735267433	3326.80004882813
2431.42359901319	3333
2433.59922847297	3292.60009765625
2435.7742413423	3336.80004882813
2437.94863790961	3309.10009765625
2440.12241846321	3316.89990234375
2442.29558329121	3314.89990234375
2444.46813268162	3296.5
2446.64006692228	3304.39990234375
2448.81138630086	3303.39990234375
2450.98209110489	3278.69995117188
2453.15218162174	3319.19995117188
2455.32165813864	3309.69995117188
2457.49052094265	3311.80004882813
2459.65877032069	3329.5
2461.8264065595	3312.30004882813
2463.99342994572	3349.39990234375
2466.15984076579	3345.60009765625
2468.325639306	3343.30004882813
2470.49082585251	3352.19995117188
2472.65540069131	3352.60009765625
2474.81936410824	3336.80004882813
2476.98271638899	3367.39990234375
2479.14545781909	3344.69995117188
2481.30758868392	3302.19995117188
2483.4691092687	3351.69995117188
2485.63001985852	3340
2487.79032073829	3342.10009765625
2489.95001219277	3360.10009765625
2492.10909450659	3332.19995117188
2494.26756796419	3362.30004882813
2496.42543284989	3304.69995117188
2498.58268944783	3334.89990234375
2500.73933804202	3337.60009765625
2502.8953789163	3357.19995117188
2505.05081235436	3338.30004882813
2507.20563863974	3411.30004882813
2509.35985805582	3358.19995117188
2511.51347088583	3373.80004882813
2513.66647741285	3363.39990234375
2515.81887791981	3386.5
2517.97067268946	3403.30004882813
2520.12186200443	3370.10009765625
2522.27244614716	3359.10009765625
2524.42242539999	3395.5
2526.57180004504	3338.89990234375
2528.72057036433	3364.89990234375
2530.8687366397	3319.10009765625
2533.01629915284	3331.19995117188
2535.16325818527	3284.39990234375
2537.30961401839	3279.19995117188
2539.45536693343	3252.30004882813
2541.60051721145	3251.10009765625
2543.74506513338	3233.30004882813
2545.88901097997	3265.30004882813
2548.03235503185	3190.80004882813
2550.17509756946	3232.19995117188
2552.31723887311	3228
2554.45877922293	3199
2556.59971889893	3185.39990234375
2558.74005818094	3218.69995117188
2560.87979734864	3196.19995117188
2563.01893668155	3213.89990234375
2565.15747645906	3161.10009765625
2567.29541696037	3192
2569.43275846454	3176.30004882813
2571.56950125049	3171.10009765625
2573.70564559696	3198.39990234375
2575.84119178254	3163.10009765625
2577.97614008569	3170.39990234375
2580.11049078468	3165.5
2582.24424415764	3218.19995117188
2584.37740048255	3204.19995117188
2586.50996003722	3210
2588.64192309931	3192.89990234375
2590.77328994634	3168.60009765625
2592.90406085564	3198.60009765625
2595.03423610442	3187.30004882813
2597.16381596971	3239.89990234375
2599.29280072839	3200.80004882813
2601.42119065719	3225.19995117188
2603.54898603267	3260.89990234375
2605.67618713125	3232.80004882813
2607.80279422919	3203.5
2609.92880760257	3218.19995117188
2612.05422752735	3214.69995117188
2614.17905427932	3215.10009765625
2616.30328813408	3241.5
2618.42692936713	3237.30004882813
2620.54997825377	3228.89990234375
2622.67243506915	3201.30004882813
2624.79430008828	3247.89990234375
2626.915573586	3245.60009765625
2629.03625583699	3255.60009765625
2631.15634711579	3269.60009765625
2633.27584769675	3283.89990234375
2635.39475785408	3313
2637.51307786185	3307
2639.63080799394	3310.89990234375
2641.74794852409	3299
2643.86449972589	3359.89990234375
2645.98046187273	3384.80004882813
2648.0958352379	3346.60009765625
2650.21062009449	3404.19995117188
2652.32481671544	3453.80004882813
2654.43842537353	3455.89990234375
2656.5514463414	3482.10009765625
2658.66387989151	3502.89990234375
2660.77572629616	3523.69995117188
2662.88698582751	3582.69995117188
2664.99765875753	3608.5
2667.10774535806	3578.60009765625
2669.21724590076	3615.30004882813
2671.32616065714	3580.10009765625
2673.43448989857	3572.19995117188
2675.5422338962	3517.60009765625
2677.64939292108	3477.30004882813
2679.75596724408	3423.5
2681.86195713589	3423.19995117188
2683.96736286707	3392
2686.07218470799	3365.60009765625
2688.17642292889	3315.69995117188
2690.28007779982	3273.19995117188
2692.38314959069	3249.80004882813
2694.48563857123	3239.10009765625
2696.58754501103	3214
2698.6888691795	3220
2700.78961134588	3179.69995117188
2702.8897717793	3178.69995117188
2704.98935074864	3186.60009765625
2707.08834852271	3227.5
2709.18676537009	3185.10009765625
2711.28460155925	3192.69995117188
2713.38185735843	3205.30004882813
2715.47853303577	3175.80004882813
2717.57462885924	3194.89990234375
2719.67014509659	3176.10009765625
2721.76508201548	3179.60009765625
2723.85943988337	3188.19995117188
2725.95321896754	3123.69995117188
2728.04641953515	3120.80004882813
2730.13904185316	3132.30004882813
2732.23108618837	3149
2734.32255280744	3126.30004882813
2736.41344197683	3115.69995117188
2738.50375396288	3095.39990234375
2740.5934890317	3104.5
2742.68264744932	3073
2744.77122948153	3102.69995117188
2746.85923539398	3071.89990234375
2748.94666545217	3062.39990234375
2751.03351992142	3070.10009765625
2753.11979906688	3039.19995117188
2755.20550315355	3026.39990234375
2757.29063244624	3046.5
2759.37518720963	3051.39990234375
2761.45916770819	3053
2763.54257420625	3077.69995117188
2765.62540696797	3042.39990234375
2767.70766625733	3034.30004882813
2769.78935233816	3041.10009765625
2771.87046547413	3034.5
2773.95100592869	3076.39990234375
2776.03097396519	3038.30004882813
2778.11036984677	3087.10009765625
2780.18919383641	3052.80004882813
2782.26744619693	3026.69995117188
2784.34512719097	3036.89990234375
2786.42223708102	3048.80004882813
2788.49877612937	3061.10009765625
2790.57474459816	3031.30004882813
2792.65014274937	3072.39990234375
2794.7249708448	3047.5
2796.79922914607	3063.69995117188
2798.87291791465	3034.39990234375
2800.94603741181	3048.39990234375
2803.01858789869	3043.80004882813
2805.09056963623	3004.30004882813
2807.1619828852	3077.19995117188
2809.23282790621	3035.60009765625
2811.30310495971	3051.80004882813
2813.37281430593	3041.80004882813
2815.441956205	2992.30004882813
2817.51053091682	3031.30004882813
2819.57853870114	3058.60009765625
2821.64597981753	3034.19995117188
2823.7128545254	3059.89990234375
2825.77916308399	3028.5
2827.84490575233	3042.30004882813
2829.91008278933	3068.69995117188
2831.97469445369	3070.10009765625
2834.03874100395	3104.80004882813
2836.10222269847	3124.10009765625
2838.16513979544	3199.10009765625
2840.22749255288	3213.10009765625
2842.28928122863	3275
2844.35050608034	3369.30004882813
2846.41116736553	3507.30004882813
2848.47126534149	3656.19995117188
2850.53080026537	3731.5
2852.58977239414	3727.19995117188
2854.64818198459	3718.69995117188
2856.70602929332	3682.80004882813
2858.76331457678	3702.5
2860.82003809123	3602.89990234375
2862.87620009274	3616.89990234375
2864.93180083723	3625
2866.98684058043	3571.89990234375
2869.04131957789	3585.30004882813
2871.09523808497	3610.10009765625
2873.14859635689	3658.60009765625
2875.20139464866	3631.80004882813
2877.2536332151	3619.69995117188
2879.30531231091	3632.10009765625
2881.35643219054	3669.60009765625
2883.40699310831	3716
2885.45699531834	3689.19995117188
2887.50643907457	3716.30004882813
2889.55532463077	3730.30004882813
2891.60365224053	3742.89990234375
2893.65142215724	3736.80004882813
2895.69863463414	3736.80004882813
2897.74528992426	3788.89990234375
2899.79138828046	3711.89990234375
2901.83692995544	3765.39990234375
2903.88191520168	3778.10009765625
2905.92634427151	3784.10009765625
2907.97021741706	3722.69995117188
2910.01353489027	3759.19995117188
2912.05629694294	3734.19995117188
2914.09850382663	3727.39990234375
2916.14015579276	3746.19995117188
2918.18125309254	3724.60009765625
2920.22179597702	3760.5
2922.26178469705	3768.39990234375
2924.30121950329	3781.39990234375
2926.34010064624	3775.80004882813
2928.37842837619	3805.39990234375
2930.41620294326	3789.60009765625
2932.45342459737	3794.89990234375
2934.49009358828	3733.5
2936.52621016555	3751.69995117188
2938.56177457854	3755
2940.59678707645	3698
2942.63124790827	3631.60009765625
2944.66515732282	3548.80004882813
2946.69851556873	3507.10009765625
2948.73132289443	3439.30004882813
2950.76357954817	3445.80004882813
2952.79528577803	3385.19995117188
2954.82644183188	3355.19995117188
2956.85704795741	3363.5
2958.8871044021	3397.10009765625
2960.91661141328	3335.39990234375
2962.94556923807	3278.89990234375
2964.97397812339	3294.39990234375
2967.00183831598	3251.5
2969.0291500624	3271
2971.05591360902	3265.39990234375
2973.08212920199	3219.19995117188
2975.1077970873	3177.89990234375
2977.13291751074	3164.69995117188
2979.1574907179	3167.80004882813
2981.18151695419	3150.80004882813
2983.20499646482	3129.80004882813
2985.2279294948	3108.60009765625
2987.25031628898	3077.5
2989.27215709199	3086
2991.29345214825	3094.39990234375
2993.31420170204	3099.39990234375
2995.33440599738	3093.5
2997.35406527816	3093.10009765625
2999.37317978802	3100.80004882813
3001.39174977045	3104.19995117188
3003.40977546872	3099.60009765625
3005.42725712591	3121.10009765625
3007.44419498491	3151.5
3009.4605892884	3157.5
3011.47644027889	3177.60009765625
3013.49174819865	3181.60009765625
3015.5065132898	3202.60009765625
3017.52073579424	3167.19995117188
3019.53441595366	3169.19995117188
3021.54755400959	3146.69995117188
3023.56015020332	3081.19995117188
3025.57220477598	3078
3027.58371796846	3084.30004882813
3029.5946900215	3065.80004882813
3031.6051211756	3070.39990234375
3033.61501167107	3032.30004882813
3035.62436174803	3055.19995117188
3037.6331716464	2991
3039.64144160588	2985.39990234375
3041.649171866	2958.10009765625
3043.65636266607	2957.89990234375
3045.6630142452	2928.80004882813
3047.66912684229	2913.19995117188
3049.67470069605	2887.60009765625
3051.679736045	2919.80004882813
3053.68423312742	2901.10009765625
3055.68819218143	2879.60009765625
3057.6916134449	2882.39990234375
3059.69449715556	2844.60009765625
3061.69684355086	2859
3063.6986528681	2849.89990234375
3065.69992534437	2844.39990234375
3067.70066121653	2857
3069.70086072126	2815.10009765625
3071.700524095	2825.69995117188
3073.69965157405	2802
3075.69824339442	2811.5
3077.69629979197	2810.10009765625
3079.69382100235	2801.39990234375
3081.69080726098	2821.19995117188
3083.68725880307	2775.39990234375
3085.68317586366	2781.10009765625
3087.67855867755	2785.60009765625
3089.67340747933	2764.30004882813
3091.6677225034	2751.5
3093.66150398392	2792.19995117188
3095.6547521549	2755.60009765625
3097.64746725006	2747
3099.63964950297	2759.89990234375
3101.63129914698	2790.60009765625
3103.6224164152	2788.10009765625
3105.61300154056	2767.5
3107.60305475576	2781.89990234375
3109.59257629331	2769.19995117188
3111.58156638547	2783.89990234375
3113.57002526432	2760.30004882813
3115.55795316172	2760.80004882813
3117.54535030932	2749.89990234375
3119.53221693853	2775.19995117188
3121.51855328057	2775.69995117188
3123.50435956646	2770.80004882813
3125.48963602698	2734.69995117188
3127.4743828927	2729.30004882813
3129.45860039397	2760.89990234375
3131.44228876093	2759.89990234375
3133.42544822353	2736.60009765625
3135.40807901145	2744.69995117188
3137.39018135418	2744.10009765625
3139.37175548102	2748.89990234375
3141.35280162101	2736.89990234375
3143.33332000299	2724.39990234375
3145.31331085559	2744.39990234375
3147.2927744072	2711.19995117188
3149.27171088602	2708
3151.25012052	2744.10009765625
3153.22800353689	2731.19995117188
3155.20536016422	2713.89990234375
3157.18219062929	2742.30004882813
3159.15849515918	2715.10009765625
3161.13427398075	2716
3163.10952732066	2705.89990234375
3165.08425540532	2705.89990234375
3167.05845846092	2735.39990234375
3169.03213671344	2713.69995117188
3171.00529038863	2734.80004882813
3172.97791971203	2724.19995117188
3174.95002490893	2699.19995117188
3176.92160620443	2696.89990234375
3178.89266382337	2711.89990234375
3180.8631979904	2691.30004882813
3182.83320892991	2678.19995117188
3184.80269686609	2678.5
3186.77166202289	2720.10009765625
3188.74010462406	2688.80004882813
3190.70802489307	2675.19995117188
3192.67542305323	2693.60009765625
3194.64229932757	2697.69995117188
3196.60865393892	2699.5
3198.57448710987	2704
3200.53979906279	2694.60009765625
3202.50459001981	2699.10009765625
3204.46886020284	2685.69995117188
3206.43260983356	2706.19995117188
3208.39583913341	2695.69995117188
3210.35854832362	2692.5
3212.32073762517	2662.10009765625
3214.28240725881	2685.5
3216.24355744508	2695.10009765625
3218.20418840426	2699.89990234375
3220.16430035642	2658.19995117188
3222.12389352137	2688.5
3224.08296811873	2694.69995117188
3226.04152436784	2694.60009765625
3227.99956248784	2695.69995117188
3229.95708269762	2713.80004882813
3231.91408521584	2703.5
3233.87057026092	2686.5
3235.82653805105	2722.80004882813
3237.78198880419	2693.89990234375
3239.73692273806	2696.5
3241.69134007013	2695.19995117188
3243.64524101764	2686.10009765625
3245.59862579761	2738.80004882813
3247.55149462681	2691.5
3249.50384772176	2682.80004882813
3251.45568529877	2692.30004882813
3253.40700757387	2696.89990234375
3255.35781476288	2704.80004882813
3257.3081070814	2729.89990234375
3259.25788474473	2685.19995117188
3261.20714796799	2724
3263.15589696602	2692.60009765625
3265.10413195345	2697.39990234375
3267.05185314463	2695.19995117188
3268.9990607537	2680.39990234375
3270.94575499455	2733
3272.89193608081	2707
3274.8376042259	2726.89990234375
3276.78275964296	2687.89990234375
3278.72740254492	2697.5
3280.67153314443	2678
3282.61515165393	2667.19995117188
3284.55825828559	2671.19995117188
3286.50085325135	2674.60009765625
3288.44293676289	2663.60009765625
3290.38450903165	2650.80004882813
3292.32557026883	2656.39990234375
3294.26612068537	2682.10009765625
3296.20616049198	2659.5
3298.14568989911	2653.10009765625
3300.08470911695	2662.39990234375
3302.02321835546	2680.39990234375
3303.96121782435	2671.10009765625
3305.89870773306	2644.89990234375
3307.83568829081	2646.39990234375
3309.77215970655	2658.69995117188
3311.70812218898	2672
3313.64357594655	2666.69995117188
3315.57852118747	2690.39990234375
3317.51295811968	2671.5
3319.44688695087	2632.80004882813
3321.38030788849	2628.19995117188
3323.31322113973	2656.80004882813
3325.24562691152	2637.60009765625
3327.17752541055	2649.69995117188
3329.10891684322	2655.5
3331.03980141573	2631.5
3332.97017933399	2638.10009765625
3334.90005080364	2637.19995117188
3336.82941603011	2608
3338.75827521852	2652.60009765625
3340.68662857377	2621.19995117188
3342.6144763005	2622.60009765625
3344.54181860308	2635
3346.46865568561	2600.89990234375
3348.39498775195	2599.89990234375
3350.32081500571	2629
3352.24613765022	2638.39990234375
3354.17095588855	2598.5
3356.09526992352	2638.10009765625
3358.01907995769	2624.89990234375
3359.94238619334	2640.5
3361.86518883251	2611.80004882813
3363.78748807697	2608.39990234375
3365.70928412823	2621.89990234375
3367.63057718752	2628.30004882813
3369.55136745582	2604.69995117188
3371.47165513386	2629.5
3373.39144042208	2589.60009765625
3375.31072352066	2583.39990234375
3377.22950462953	2612.89990234375
3379.14778394834	2598.19995117188
3381.06556167648	2588.39990234375
3382.98283801308	2604.30004882813
3384.89961315697	2603.19995117188
3386.81588730676	2613.19995117188
3388.73166066076	2609.39990234375
3390.64693341702	2598.5
3392.56170577332	2562.60009765625
3394.47597792716	2608
3396.38975007581	2559.89990234375
3398.30302241623	2566.30004882813
3400.21579514512	2578.30004882813
3402.1280684589	2578.60009765625
3404.03984255374	2599.19995117188
3405.95111762553	2560.60009765625
3407.86189386987	2573.30004882813
3409.77217148212	2589.39990234375
3411.68195065733	2567.5
3413.5912315903	2552.10009765625
3415.50001447556	2555.19995117188
3417.40829950735	2549.89990234375
3419.31608687963	2548.60009765625
3421.22337678611	2564.69995117188
3423.1301694202	2561.19995117188
3425.03646497504	2579.69995117188
3426.9422636435	2544.19995117188
3428.84756561816	2547.5
3430.75237109135	2563.60009765625
3432.65668025508	2546
3434.56049330112	2552.89990234375
3436.46381042093	2544.5
3438.36663180571	2529.69995117188
3440.26895764638	2533.39990234375
3442.17078813357	2525.30004882813
3444.07212345762	2575.89990234375
3445.97296380863	2516.39990234375
3447.87330937636	2575.39990234375
3449.77316035033	2549.69995117188
3451.67251691977	2514.69995117188
3453.57137927361	2513
3455.46974760052	2535.30004882813
3457.36762208886	2534.80004882813
3459.26500292671	2557.10009765625
3461.16189030191	2539
3463.05828440194	2528.89990234375
3464.95418541406	2513.69995117188
3466.84959352519	2521.39990234375
3468.74450892201	2539.39990234375
3470.63893179088	2519.69995117188
3472.53286231788	2520.69995117188
3474.42630068881	2534.19995117188
3476.31924708918	2536
3478.2117017042	2507.10009765625
3480.1036647188	2497.60009765625
3481.99513631761	2501.60009765625
3483.88611668498	2528.80004882813
3485.77660600498	2505.89990234375
3487.66660446135	2525.69995117188
3489.55611223758	2474.10009765625
3491.44512951683	2489
3493.333656482	2468.19995117188
3495.22169331568	2498.69995117188
3497.10924020016	2500.39990234375
3498.99629731746	2464.30004882813
3500.88286484927	2471.89990234375
3502.76894297702	2487.30004882813
3504.65453188182	2455.60009765625
3506.53963174449	2459.19995117188
3508.42424274555	2471.80004882813
3510.30836506524	2462.69995117188
3512.19199888349	2442.60009765625
3514.07514437992	2429.39990234375
3515.95780173387	2422.10009765625
3517.83997112437	2418
3519.72165273016	2440.10009765625
3521.60284672967	2401.10009765625
3523.48355330104	2456.69995117188
3525.36377262208	2418
3527.24350487035	2415.5
3529.12275022306	2418
3531.00150885715	2396.89990234375
3532.87978094923	2410.39990234375
3534.75756667562	2392.60009765625
3536.63486621235	2394.80004882813
3538.51167973512	2383.80004882813
3540.38800741934	2371.10009765625
3542.26384944011	2370.10009765625
3544.13920597223	2389.5
3546.01407719018	2381.39990234375
3547.88846326815	2381.69995117188
3549.76236438002	2376.69995117188
3551.63578069934	2384.30004882813
3553.50871239938	2379.5
3555.38115965309	2362.89990234375
3557.25312263311	2359.5
3559.12460151177	2345.69995117188
3560.99559646109	2360
3562.86610765279	2332
3564.73613525825	2322.60009765625
3566.60567944857	2368.39990234375
3568.47474039453	2351.39990234375
3570.34331826658	2345.10009765625
3572.21141323487	2360.5
3574.07902546925	2328.30004882813
3575.94615513922	2373.10009765625
3577.81280241401	2360.60009765625
3579.67896746249	2346.60009765625
3581.54465045325	2331
3583.40985155455	2347.30004882813
3585.27457093432	2367.80004882813
3587.1388087602	2336.10009765625
3589.00256519949	2337.39990234375
3590.86584041919	2391.60009765625
3592.72863458597	2352.30004882813
3594.59094786618	2346.10009765625
3596.45278042585	2345.39990234375
3598.31413243069	2340.39990234375
3600.17500404611	2335.19995117188
3602.03539543717	2325.80004882813
3603.89530676861	2318
3605.75473820488	2305.30004882813
3607.61368991007	2310.80004882813
3609.47216204797	2332.5
3611.33015478203	2302
3613.18766827539	2330.69995117188
3615.04470269087	2307.69995117188
3616.90125819094	2322.39990234375
3618.75733493776	2342
3620.61293309318	2313.19995117188
3622.46805281869	2302.10009765625
3624.32269427547	2289.19995117188
3626.17685762439	2320.89990234375
3628.03054302596	2316
3629.88375064038	2309.89990234375
3631.73648062751	2312.30004882813
3633.5887331469	2294
3635.44050835775	2294
3637.29180641893	2275.10009765625
3639.14262748899	2279.89990234375
3640.99297172614	2291.80004882813
3642.84283928828	2291.60009765625
3644.69223033294	2271.80004882813
3646.54114501734	2276.69995117188
3648.38958349836	2278.80004882813
3650.23754593256	2245.60009765625
3652.08503247614	2283.60009765625
3653.93204328497	2282.19995117188
3655.77857851462	2254.39990234375
3657.62463832028	2259.80004882813
3659.47022285682	2275.19995117188
3661.31533227877	2254.5
3663.15996674033	2244.19995117188
3665.00412639535	2248.80004882813
3666.84781139736	2260.60009765625
3668.69102189953	2224.30004882813
3670.5337580547	2245.80004882813
3672.37602001537	2262.80004882813
3674.21780793368	2252
3676.05912196148	2258.10009765625
3677.89996225021	2235.80004882813
3679.74032895103	2225
3681.58022221471	2220.69995117188
3683.41964219171	2212.60009765625
3685.25858903211	2226
3687.0970628857	2210.30004882813
3688.93506390186	2225.80004882813
3690.77259222968	2239.19995117188
3692.60964801787	2218.30004882813
3694.44623141481	2211.60009765625
3696.28234256853	2192.5
3698.11798162669	2201
3699.95314873665	2197.39990234375
3701.78784404537	2218.39990234375
3703.62206769951	2194.60009765625
3705.45581984533	2190.39990234375
3707.28910062877	2199.60009765625
3709.12191019542	2211.39990234375
3710.95424869052	2195.80004882813
3712.78611625894	2199.69995117188
3714.6175130452	2200.30004882813
3716.44843919349	2200.5
3718.27889484764	2201.60009765625
3720.1088801511	2196.19995117188
3721.93839524699	2149.30004882813
3723.76744027808	2178
3725.59601538677	2173.39990234375
3727.4241207151	2203.69995117188
