40.2973356941271	1131.19995117188
43.2236257608418	1138.5
46.1488808466109	1138.59997558594
49.0731017336173	1144.69995117188
51.9962892025666	1146.80004882813
54.9184440327569	1158.40002441406
57.8395670020446	1164.30004882813
60.7596588868509	1172.30004882813
63.6787204621708	1187.40002441406
66.5967525015794	1203.90002441406
69.5137557772381	1209.40002441406
72.4297310598838	1236.80004882813
75.3446791188512	1274.59997558594
78.2586007220466	1311
81.1714966360015	1357.90002441406
84.0833676258266	1436.90002441406
86.994214455242	1510.09997558594
89.9040378865662	1592.59997558594
92.8128386807427	1659.09997558594
95.7206175973133	1765.40002441406
98.6273753944444	1807.19995117188
101.533112828928	1824
104.437830656161	1836.40002441406
107.34152963018	1830.69995117188
110.244210503676	1833.80004882813
113.145874027931	1835.69995117188
116.046520952895	1826.30004882813
118.946152027154	1796.90002441406
121.844767997933	1800.09997558594
124.74236961111	1809
127.638957611212	1805.69995117188
130.534532741422	1809.59997558594
133.429095743606	1827.40002441406
136.322647358252	1843.5
139.215188324544	1860.19995117188
142.106719380311	1851.90002441406
144.997241262089	1855.19995117188
147.886754705057	1855.5
150.775260443096	1857.59997558594
153.662759208748	1857
156.549251733282	1864.90002441406
159.434738746612	1868.80004882813
162.319220977376	1860.69995117188
165.20269915289	1882.80004882813
168.085173999178	1854.30004882813
170.966646240977	1884.30004882813
173.847116601709	1851.90002441406
176.726585803528	1872.19995117188
179.605054567295	1867.30004882813
182.48252361259	1859.80004882813
185.358993657701	1848.19995117188
188.234465419645	1846.69995117188
191.108939614183	1845.19995117188
193.982416955795	1848.30004882813
196.854898157687	1826
199.726383931801	1831.90002441406
202.596874988835	1844.90002441406
205.466372038225	1847
208.334875788145	1855.69995117188
211.202386945534	1851.80004882813
214.068906216069	1857.80004882813
216.934434304194	1870.69995117188
219.798971913111	1869.59997558594
222.662519744776	1887.59997558594
225.525078499925	1846.69995117188
228.386648878069	1874.09997558594
231.247231577465	1866
234.106827295172	1866.90002441406
236.965436727012	1862.40002441406
239.823060567597	1861.59997558594
242.679699510337	1869.09997558594
245.535354247396	1870.5
248.390025469775	1861
251.243713867223	1868.80004882813
254.096420128327	1853.80004882813
256.948144940459	1856.59997558594
259.798888989788	1861.5
262.648652961315	1873.80004882813
265.49743753883	1861.30004882813
268.345243404939	1866.90002441406
271.192071241073	1884.59997558594
274.037921727485	1894.19995117188
276.882795543246	1870.69995117188
279.72669336624	1871.80004882813
282.569615873213	1889.30004882813
285.411563739724	1886.5
288.252537640165	1916.09997558594
291.092538247763	1898.90002441406
293.931566234616	1898.09997558594
296.769622271633	1891.19995117188
299.606707028594	1914.90002441406
302.442821174104	1910.90002441406
305.277965375652	1889.90002441406
308.112140299574	1932.30004882813
310.945346611062	1906.90002441406
313.777584974167	1916.19995117188
316.608856051813	1908
319.439160505797	1915.5
322.268498996783	1929.09997558594
325.096872184303	1905.30004882813
327.924280726782	1894.5
330.750725281521	1918.09997558594
333.576206504693	1903
336.400725051388	1911.90002441406
339.224281575542	1906.09997558594
342.046876730026	1936.59997558594
344.868511166586	1877.59997558594
347.689185535872	1898.59997558594
350.508900487421	1869.5
353.327656669699	1919.40002441406
356.145454730079	1895.80004882813
358.962295314817	1892.80004882813
361.778179069105	1878.59997558594
364.593106637051	1898.80004882813
367.407078661675	1895.40002441406
370.220095784913	1893.80004882813
373.032158647655	1917.80004882813
375.843267889676	1912.5
378.653424149715	1917.30004882813
381.462628065436	1926.69995117188
384.270880273432	1904.80004882813
387.078181409254	1915
389.884532107358	1938.69995117188
392.689933001188	1931.40002441406
395.494384723112	1942.80004882813
398.29788790445	1950.59997558594
401.100443175488	1949.59997558594
403.902051165437	1941.40002441406
406.702712502518	1946.80004882813
409.502427813866	1924.80004882813
412.301197725607	1954.59997558594
415.099022862823	1944
417.89590384957	1907.69995117188
420.691841308876	1931.80004882813
423.486835862752	1938.59997558594
426.280888132173	1931.40002441406
429.073998737112	1943.5
431.866168296507	1942
434.657397428298	1937.40002441406
437.447686749412	1930.09997558594
440.237036875762	1945.5
443.025448422257	1971.80004882813
445.812922002813	1934.90002441406
448.599458230326	1960.30004882813
451.38505771672	1961
454.169721072909	1966.69995117188
456.953448908819	1940.5
459.736241833384	1934.19995117188
462.518100454555	1957.90002441406
465.2990253793	1973.90002441406
468.079017213605	1969.80004882813
470.858076562476	1941.09997558594
473.636204029939	1968
476.41340021906	1954.80004882813
479.189665731938	1971.19995117188
481.965001169667	1941.80004882813
484.739407132419	1945.30004882813
487.512884219391	1970.19995117188
490.285433028796	1967
493.057054157921	1940.90002441406
495.827748203087	1938.69995117188
498.597515759658	1958.5
501.366357422061	1961.09997558594
504.134273783759	1963.09997558594
506.901265437278	1993.19995117188
509.66733297421	1966
512.432476985198	1944.69995117188
515.196698059945	1975.09997558594
517.959996787225	1974.40002441406
520.722373754895	1953.90002441406
523.483829549856	1978.59997558594
526.24436475811	1981.69995117188
529.003979964696	1968.40002441406
531.762675753779	1969.80004882813
534.520452708569	1969.69995117188
537.277311411375	1957.59997558594
540.03325244359	1978.80004882813
542.788276385682	1958.09997558594
545.54238381725	1960
548.295575316938	1962.09997558594
551.047851462516	1971.5
553.799212830831	1976.59997558594
556.549659997851	1956.19995117188
559.299193538643	1943.09997558594
562.047814027381	1951.69995117188
564.795522037318	1958.5
567.542318140861	1961.19995117188
570.288202909507	1967.59997558594
573.033176913873	1951.59997558594
575.7772407237	1949.40002441406
578.520394907829	1973.09997558594
581.26264003424	1978.09997558594
584.003976670046	1949.5
586.744405381469	1951.30004882813
589.483926733869	1975.19995117188
592.222541291746	1979.09997558594
594.96024961872	1967.69995117188
597.697052277563	1995.19995117188
600.432949830166	1959.69995117188
603.167942837587	1979.59997558594
605.902031860012	1997.90002441406
608.635217456783	1973.40002441406
611.367500186378	1981.30004882813
614.098880606429	1976.90002441406
616.82935927374	1993.09997558594
619.558936744248	1990.5
622.287613573072	1981.5
625.015390314457	2003.19995117188
627.742267521848	1975.90002441406
630.468245747829	2001
633.193325544166	1970.80004882813
635.917507461792	2008.30004882813
638.640792050804	1987.5
641.36317986048	1981.59997558594
644.084671439281	1968.19995117188
646.805267334845	1964.69995117188
649.524968093967	1998.19995117188
652.24377426266	1988.80004882813
654.961686386106	1979.40002441406
657.678705008678	1987.90002441406
660.394830673939	1982.19995117188
663.110063924628	1961.40002441406
665.824405302728	1989.09997558594
668.537855349351	1986.5
671.250414604863	1992.09997558594
673.962083608812	1998.59997558594
676.672862899949	2010.40002441406
679.382753016218	1987.80004882813
682.091754494801	1999.90002441406
684.799867872061	1997.59997558594
687.507093683595	1999.80004882813
690.213432464198	2000.09997558594
692.918884747899	2019.59997558594
695.623451067937	2002.19995117188
698.327131956755	2008.5
701.029927946065	2034.80004882813
703.731839566754	2021.5
706.43286734896	2022.59997558594
709.133011822067	2034
711.832273514658	1995.5
714.53065295457	2026.30004882813
717.228150668879	2013.5
719.924767183889	2004.40002441406
722.620503025148	2018.09997558594
725.315358717446	2022.69995117188
728.009334784827	2024.69995117188
730.702431750559	2043.30004882813
733.394650137188	1999.90002441406
736.085990466498	2006.59997558594
738.776453259519	2014.80004882813
741.466039036542	1992.80004882813
744.154748317125	1992.90002441406
746.842581620074	2003.90002441406
749.529539463458	2010.59997558594
752.215622364608	2000.5
754.900830840131	2008.90002441406
757.585165405892	1998.90002441406
760.26862657703	2031.09997558594
762.951214867957	2000.5
765.632930792356	2011.5
768.313774863181	1991.90002441406
770.993747592673	2018.90002441406
773.672849492359	2017.90002441406
776.351081073017	1999.5
779.028442844757	2016.59997558594
781.704935316928	2023.19995117188
784.380558998208	2016.30004882813
787.055314396528	2017.30004882813
789.729202019141	2031
792.402222372581	1999.59997558594
795.074375962669	2024.30004882813
797.745663294537	2040.5
800.416084872622	2051.60009765625
803.085641200652	2019.19995117188
805.754332781664	2034.09997558594
808.422160117986	2052.10009765625
811.089123711292	2044.40002441406
813.75522406252	2014.59997558594
816.420461671951	2028.59997558594
819.084837039164	2057.5
821.748350663067	2035.80004882813
824.411003041866	2076.69995117188
827.072794673116	2023.09997558594
829.733726053668	2050.60009765625
832.39379767971	2102.89990234375
835.05301004674	2076.30004882813
837.711363649601	2069.39990234375
840.368858982457	2079.80004882813
843.025496538805	2062.39990234375
845.681276811467	2077.60009765625
848.336200292618	2072.39990234375
850.99026747375	2064.19995117188
853.643478845713	2084.5
856.29583489868	2076.60009765625
858.947336122176	2101.30004882813
861.59798300506	2085.60009765625
864.247776035556	2077.30004882813
866.896715701222	2092.5
869.544802488959	2103.19995117188
872.192036885046	2102.69995117188
874.838419375087	2131.69995117188
877.483950444054	2119
880.128630576285	2110.80004882813
882.772460255461	2121.30004882813
885.415439964628	2092.10009765625
888.057570186211	2124.89990234375
890.698851401966	2093.10009765625
893.339284093045	2110.19995117188
895.978868739961	2098
898.617605822596	2083
901.255495820196	2082
903.892539211396	2082.60009765625
906.528736474184	2101.5
909.164088085949	2106.69995117188
911.798594523442	2098.80004882813
914.432256262804	2099.69995117188
917.065073779549	2099.89990234375
919.697047548589	2085.69995117188
922.328178044212	2100
924.9584657401	2096.30004882813
927.587911109317	2108.10009765625
930.216514624317	2112.5
932.844276756963	2103.10009765625
935.471197978488	2139.5
938.097278759538	2110.80004882813
940.722519570163	2123.69995117188
943.346920879798	2150.80004882813
945.97048315729	2165.19995117188
948.593206870885	2196
951.215092488219	2187.30004882813
953.836140476366	2206
956.456351301787	2210.30004882813
959.07572543037	2242.39990234375
961.694263327369	2238.69995117188
964.311965457521	2283.89990234375
966.928832284933	2270.60009765625
969.544864273135	2259.60009765625
972.160061885076	2251
974.774425583129	2238.39990234375
977.387955829099	2245.89990234375
980.000653084196	2201.89990234375
982.612517809061	2213.10009765625
985.223550463768	2199.19995117188
987.833751507819	2225.89990234375
990.443121400135	2232.19995117188
993.051660599081	2251.80004882813
995.659369562449	2273.69995117188
998.266248747469	2353.60009765625
1000.87229861081	2412.5
1003.47751960857	2485.5
1006.0819121963	2544.39990234375
1008.68547682897	2533.5
1011.28821396104	2466.30004882813
1013.89012404635	2412
1016.49120753824	2342
1019.09146488947	2289.69995117188
1021.69089655226	2309.89990234375
1024.28950297827	2248.19995117188
1026.88728461863	2250.19995117188
1029.48424192392	2275.30004882813
1032.08037534416	2225.10009765625
1034.67568532886	2220.10009765625
1037.27017232694	2222.69995117188
1039.86383678682	2218.10009765625
1042.45667915637	2201.89990234375
1045.04869988293	2216.10009765625
1047.6398994133	2221.10009765625
1050.23027819374	2217
1052.81983666998	2228.39990234375
1055.40857528724	2211
1057.99649449018	2236.39990234375
1060.58359472296	2210.89990234375
1063.1698764292	2240.30004882813
1065.755340052	2232.19995117188
1068.33998603393	2213.10009765625
1070.92381481706	2233.89990234375
1073.50682684291	2233.30004882813
1076.08902255251	2241.5
1078.67040238637	2241.5
1081.25096678445	2227.89990234375
1083.83071618624	2226.39990234375
1086.4096510307	2216.89990234375
1088.98777175629	2239.30004882813
1091.56507880094	2218.69995117188
1094.14157260208	2202
1096.71725359664	2248.19995117188
1099.29212222106	2234.39990234375
1101.86617891125	2236.69995117188
1104.43942410262	2251
1107.01185823011	2242.19995117188
1109.58348172812	2264.10009765625
1112.15429503057	2262.39990234375
1114.7242985709	2255.5
1117.29349278203	2290.10009765625
1119.86187809642	2285.19995117188
1122.42945494599	2301.69995117188
1124.99622376222	2347
1127.56218497606	2360.80004882813
1130.12733901801	2378.69995117188
1132.69168631804	2426.69995117188
1135.25522730568	2435.10009765625
1137.81796240995	2461
1140.37989205941	2513.30004882813
1142.9410166821	2579.19995117188
1145.50133670561	2647.39990234375
1148.06085255708	2794.39990234375
1150.61956466311	3020.30004882813
1153.17747344987	3307.19995117188
1155.73457934305	3482.19995117188
1158.29088276786	3620.89990234375
1160.84638414903	3483.30004882813
1163.40108391085	3223
1165.95498247711	2936.60009765625
1168.50808027116	2735
1171.06037771587	2567.89990234375
1173.61187523364	2524.89990234375
1176.16257324643	2465.39990234375
1178.71247217573	2437.30004882813
1181.26157244255	2435.30004882813
1183.80987446746	2421.89990234375
1186.35737867059	2459
1188.90408547157	2492.80004882813
1191.44999528961	2525.60009765625
1193.99510854347	2569.19995117188
1196.53942565142	2539.69995117188
1199.08294703133	2510.10009765625
1201.62567310057	2480.30004882813
1204.16760427611	2415
1206.70874097445	2392
1209.24908361163	2370.5
1211.78863260327	2353.10009765625
1214.32738836454	2364.89990234375
1216.86535131017	2354.60009765625
1219.40252185445	2331.19995117188
1221.93890041121	2341.69995117188
1224.47448739389	2291.60009765625
1227.00928321544	2289.19995117188
1229.54328828842	2288.10009765625
1232.07650302491	2295
1234.60892783662	2295.10009765625
1237.14056313477	2305.30004882813
1239.67140933017	2306.10009765625
1242.2014668332	2322.39990234375
1244.73073605384	2309.5
1247.25921740159	2340.39990234375
1249.78691128558	2330
1252.31381811448	2325.69995117188
1254.83993829655	2360.69995117188
1257.36527223962	2356.10009765625
1259.88982035112	2418.10009765625
1262.41358303803	2428.5
1264.93656070696	2436.39990234375
1267.45875376405	2471.39990234375
1269.98016261505	2453
1272.50078766531	2478.39990234375
1275.02062931974	2531.89990234375
1277.53968798285	2503.5
1280.05796405875	2472.60009765625
1282.57545795112	2432.60009765625
1285.09217006325	2416.60009765625
1287.60810079802	2406.69995117188
1290.12325055788	2378.5
1292.63761974492	2414.30004882813
1295.15120876079	2390.60009765625
1297.66401800676	2404.10009765625
1300.17604788367	2438.39990234375
1302.687298792	2396.5
1305.19777113181	2409.89990234375
1307.70746530274	2397.89990234375
1310.21638170408	2397
1312.7245207347	2416.69995117188
1315.23188279307	2395.80004882813
1317.73846827728	2381.69995117188
1320.24427758502	2406.10009765625
1322.74931111359	2388.19995117188
1325.25356925991	2364.80004882813
1327.75705242051	2366.60009765625
1330.25976099151	2363.60009765625
1332.76169536868	2340.60009765625
1335.26285594737	2364.19995117188
1337.76324312256	2342.19995117188
1340.26285728887	2336.60009765625
1342.76169884052	2329.80004882813
1345.25976817132	2345.60009765625
1347.75706567474	2358.80004882813
1350.25359174387	2369.60009765625
1352.74934677141	2345.39990234375
1355.24433114968	2391.30004882813
1357.73854527062	2345.89990234375
1360.23198952583	2326.60009765625
1362.7246643065	2361.10009765625
1365.21657000347	2354.30004882813
1367.7077070072	2348.5
1370.19807570777	2343.39990234375
1372.68767649492	2361.30004882813
1375.176509758	2360.69995117188
1377.66457588599	2369.5
1380.15187526753	2344.10009765625
1382.63840829087	2348.39990234375
1385.1241753439	2367.19995117188
1387.60917681417	2393.5
1390.09341308884	2362.19995117188
1392.57688455474	2408.30004882813
1395.05959159829	2406.30004882813
1397.54153460562	2378.5
1400.02271396243	2403.10009765625
1402.50313005414	2352.30004882813
1404.98278326576	2377.39990234375
1407.46167398196	2384
1409.93980258707	2367.30004882813
1412.41716946504	2396.89990234375
1414.89377499951	2378.19995117188
1417.36961957373	2393.39990234375
1419.84470357062	2411.89990234375
1422.31902737275	2430
1424.79259136235	2425.39990234375
1427.26539592129	2414.89990234375
1429.73744143111	2461.60009765625
1432.20872827299	2462.80004882813
1434.67925682777	2478.5
1437.14902747597	2490.80004882813
1439.61804059773	2537.5
1442.0862965729	2523
1444.55379578093	2571.10009765625
1447.02053860099	2574.89990234375
1449.48652541188	2564.30004882813
1451.95175659206	2511.19995117188
1454.41623251969	2539.10009765625
1456.87995357255	2566
1459.34292012811	2502.89990234375
1461.80513256351	2525.69995117188
1464.26659125557	2489.60009765625
1466.72729658073	2509
1469.18724891517	2483.89990234375
1471.64644863469	2496.30004882813
1474.10489611478	2488.19995117188
1476.5625917306	2521.10009765625
1479.01953585699	2505
1481.47572886844	2555.80004882813
1483.93117113917	2539
1486.38586304302	2544
1488.83980495354	2551.80004882813
1491.29299724395	2618.19995117188
1493.74544028715	2635.39990234375
1496.19713445573	2711
1498.64808012193	2744.60009765625
1501.09827765772	2827.39990234375
1503.54772743471	2951.30004882813
1505.99642982421	3129.5
1508.44438519723	3335.69995117188
1510.89159392446	3557
1513.33805637625	3834.80004882813
1515.78377292266	3996.80004882813
1518.22874393346	4081.19995117188
1520.67296977806	4059.80004882813
1523.11645082559	3952
1525.55918744488	3666.69995117188
1528.00118000444	3437.80004882813
1530.44242887245	3206.30004882813
1532.88293441684	2963.5
1535.32269700517	2762.89990234375
1537.76171700475	2684.60009765625
1540.19999478255	2627.69995117188
1542.63753070526	2568.89990234375
1545.07432513925	2557
1547.5103784506	2540.19995117188
1549.94569100509	2539.10009765625
1552.38026316819	2507
1554.8140953051	2521.69995117188
1557.24718778067	2490.5
1559.67954095952	2496.69995117188
1562.11115520592	2481.60009765625
1564.54203088386	2485
1566.97216835704	2464.69995117188
1569.40156798888	2492.10009765625
1571.83023014248	2462.10009765625
1574.25815518067	2500.5
1576.68534346597	2470.89990234375
1579.11179536062	2509
1581.53751122658	2458.80004882813
1583.9624914255	2481.5
1586.38673631876	2452.39990234375
1588.81024626745	2462
1591.23302163235	2471.5
1593.655062774	2468.5
1596.07637005262	2477
1598.49694382815	2452.80004882813
1600.91678446025	2423.89990234375
1603.33589230831	2455.89990234375
1605.75426773142	2437.10009765625
1608.1719110884	2430
1610.58882273779	2454.19995117188
1613.00500303784	2449.19995117188
1615.42045234654	2452.80004882813
1617.83517102158	2438.69995117188
1620.24915942039	2458.30004882813
1622.66241790012	2462.69995117188
1625.07494681764	2424.89990234375
1627.48674652954	2430.10009765625
1629.89781739216	2446.80004882813
1632.30815976152	2448.89990234375
1634.71777399343	2450.69995117188
1637.12666044338	2448.60009765625
1639.53481946661	2440.30004882813
1641.94225141808	2461.5
1644.34895665248	2474.39990234375
1646.75493552424	2484.5
1649.16018838752	2504.80004882813
1651.56471559621	2530.5
1653.96851750392	2539
1656.37159446403	2599.80004882813
1658.7739468296	2542
1661.17557495349	2552.60009765625
1663.57647918824	2528.80004882813
1665.97665988617	2495.39990234375
1668.37611739929	2486.5
1670.77485207939	2480
1673.17286427799	2446.5
1675.57015434633	2419.69995117188
1677.96672263542	2430.5
1680.36256949598	2440.10009765625
1682.7576952785	2436.69995117188
1685.15210033318	2447.69995117188
1687.54578501	2424.30004882813
1689.93874965866	2426.5
1692.33099462861	2406.5
1694.72252026904	2434
1697.11332692889	2422.10009765625
1699.50341495686	2409.19995117188
1701.89278470137	2435.89990234375
1704.28143651061	2430.19995117188
1706.66937073251	2421.60009765625
1709.05658771473	2395
1711.44308780473	2395.60009765625
1713.82887134968	2431.80004882813
1716.21393869648	2413
1718.59829019185	2404.69995117188
1720.98192618221	2400.69995117188
1723.36484701374	2414.89990234375
1725.74705303238	2401.60009765625
1728.12854458384	2417.5
1730.50932201356	2422
1732.88938566673	2401.80004882813
1735.26873588834	2413.30004882813
1737.64737302307	2412.30004882813
1740.02529741544	2430.80004882813
1742.40250940964	2412.80004882813
1744.77900934969	2412.10009765625
1747.15479757933	2426.39990234375
1749.52987444206	2413.19995117188
1751.90424028116	2407.10009765625
1754.27789543967	2402.69995117188
1756.65084026037	2410.39990234375
1759.02307508582	2430.60009765625
1761.39460025833	2393.39990234375
1763.76541612	2391.30004882813
1766.13552301265	2394.69995117188
1768.50492127791	2402.30004882813
1770.87361125714	2436.19995117188
1773.2415932915	2424.69995117188
1775.60886772188	2392.60009765625
1777.97543488896	2376.69995117188
1780.34129513318	2377.80004882813
1782.70644879475	2406.30004882813
1785.07089621365	2419.19995117188
1787.43463772964	2409.89990234375
1789.7976736822	2400
1792.16000441066	2388.60009765625
1794.52163025405	2429.10009765625
1796.88255155121	2386.19995117188
1799.24276864074	2426.39990234375
1801.60228186102	2422.5
1803.96109155019	2388.60009765625
1806.31919804618	2393.69995117188
1808.67660168668	2405.5
1811.03330280916	2435.69995117188
1813.38930175088	2404.30004882813
1815.74459884884	2390.60009765625
1818.09919443984	2423.10009765625
1820.45308886047	2415.69995117188
1822.80628244708	2413.5
1825.1587755358	2415.10009765625
1827.51056846254	2400.60009765625
1829.86166156297	2415.80004882813
1832.21205517258	2404.5
1834.56174962661	2395.10009765625
1836.91074526009	2434.39990234375
1839.25904240783	2407.30004882813
1841.60664140443	2414.69995117188
1843.95354258425	2413.80004882813
1846.29974628146	2405
1848.64525282998	2397.89990234375
1850.99006256356	2405.89990234375
1853.3341758157	2400.19995117188
1855.67759291968	2401.19995117188
1858.02031420858	2406.89990234375
1860.36234001528	2395.10009765625
1862.70367067241	2370
1865.04430651244	2388.89990234375
1867.38424786755	2407.89990234375
1869.72349506978	2421.5
1872.06204845094	2385.19995117188
1874.39990834258	2395.89990234375
1876.73707507612	2409.5
1879.07354898269	2367.19995117188
1881.40933039328	2413.5
1883.74441963861	2404.19995117188
1886.07881704925	2410.5
1888.41252295551	2372.19995117188
1890.74553768751	2398.5
1893.07786157519	2390.19995117188
1895.40949494822	2382.69995117188
1897.74043813615	2408.30004882813
1900.07069146823	2390.80004882813
1902.40025527357	2396.80004882813
1904.72912988106	2383.5
1907.05731561938	2402
1909.38481281699	2390.19995117188
1911.71162180217	2370.10009765625
1914.037742903	2360.39990234375
1916.36317644734	2421.69995117188
1918.68792276284	2416.19995117188
1921.01198217697	2413.60009765625
1923.33535501699	2396.69995117188
1925.65804160996	2378.69995117188
1927.98004228273	2386.10009765625
1930.30135736196	2400
1932.6219871741	2401.89990234375
1934.94193204543	2386
1937.26119230198	2379.80004882813
1939.57976826962	2386.60009765625
1941.89766027402	2391.10009765625
1944.21486864062	2370.30004882813
1946.53139369472	2393
1948.84723576137	2404.69995117188
1951.16239516543	2392.5
1953.47687223159	2386.89990234375
1955.79066728434	2382.19995117188
1958.10378064794	2397.80004882813
1960.4162126465	2380.10009765625
1962.7279636039	2375.60009765625
1965.03903384385	2385.80004882813
1967.34942368987	2396.60009765625
1969.65913346524	2417.10009765625
1971.96816349311	2388.10009765625
1974.2765140964	2392.10009765625
1976.58418559784	2379.39990234375
1978.89117831997	2357.39990234375
1981.19749258516	2373.19995117188
1983.50312871555	2359.60009765625
1985.80808703313	2389.19995117188
1988.11236785967	2415.80004882813
1990.41597151676	2396.10009765625
1992.71889832581	2387.39990234375
1995.02114860801	2383
1997.3227226844	2400.5
1999.62362087581	2398.89990234375
2001.92384350288	2417.5
2004.22339088608	2424.10009765625
2006.52226334567	2426.80004882813
2008.82046120173	2396.89990234375
2011.11798477417	2403.10009765625
2013.41483438269	2409.10009765625
2015.71101034681	2389.89990234375
2018.00651298588	2394.89990234375
2020.30134261905	2357.60009765625
2022.59549956528	2393.10009765625
2024.88898414337	2406.30004882813
2027.1817966719	2413.10009765625
2029.4739374693	2380.5
2031.76540685379	2398.5
2034.05620514342	2389.19995117188
2036.34633265607	2367.10009765625
2038.6357897094	2395.39990234375
2040.92457662092	2395.19995117188
2043.21269370795	2399.19995117188
2045.50014128763	2361.80004882813
2047.78691967691	2363.80004882813
2050.07302919256	2367.39990234375
2052.35847015118	2372
2054.64324286919	2359
2056.9273476628	2343
2059.21078484808	2344.19995117188
2061.4935547409	2370
2063.77565765696	2372.5
2066.05709391176	2366.19995117188
2068.33786382065	2361.80004882813
2070.61796769879	2345.39990234375
2072.89740586116	2359.89990234375
2075.17617862255	2374.30004882813
2077.45428629759	2346.89990234375
2079.73172920075	2348.80004882813
2082.00850764627	2383.60009765625
2084.28462194827	2356.5
2086.56007242065	2333.89990234375
2088.83485937717	2347.69995117188
2091.10898313139	2341.10009765625
2093.3824439967	2359.39990234375
2095.65524228632	2382.89990234375
2097.92737831328	2380.39990234375
2100.19885239047	2355.80004882813
2102.46966483057	2363.39990234375
2104.7398159461	2376.30004882813
2107.00930604941	2392.69995117188
2109.27813545267	2387.5
2111.54630446787	2385.39990234375
2113.81381340685	2408.30004882813
2116.08066258126	2390.5
2118.34685230257	2417.5
2120.61238288211	2408.30004882813
2122.87725463099	2383.19995117188
2125.1414678602	2407.10009765625
2127.40502288052	2425.30004882813
2129.66792000257	2399.89990234375
2131.93015953682	2422.19995117188
2134.19174179353	2394.80004882813
2136.45266708282	2406.89990234375
2138.71293571463	2410.80004882813
2140.97254799873	2429.5
2143.23150424473	2408.19995117188
2145.48980476205	2406.5
2147.74744985996	2410.19995117188
2150.00443984754	2444
2152.26077503373	2391.30004882813
2154.51645572728	2414.89990234375
2156.77148223677	2451.39990234375
2159.02585487064	2457.30004882813
2161.27957393713	2446.69995117188
2163.53263974432	2461.80004882813
2165.78505260012	2430.19995117188
2168.0368128123	2429.89990234375
2170.28792068844	2424.10009765625
2172.53837653595	2412.80004882813
2174.78818066207	2407.10009765625
2177.03733337389	2387.60009765625
2179.28583497833	2387
2181.53368578214	2368.80004882813
2183.78088609192	2374.60009765625
2186.02743621406	2371
2188.27333645484	2344
2190.51858712033	2372.69995117188
2192.76318851646	2371.69995117188
2195.00714094901	2351.69995117188
2197.25044472354	2364.19995117188
2199.49310014551	2338.39990234375
2201.73510752018	2367.10009765625
2203.97646715265	2299.10009765625
2206.21717934786	2353.39990234375
2208.45724441058	2355.10009765625
2210.69666264543	2350.19995117188
2212.93543435686	2371
2215.17355984914	2349.69995117188
2217.41103942642	2342.30004882813
2219.64787339264	2343.60009765625
2221.8840620516	2322.39990234375
2224.11960570695	2359.10009765625
2226.35450466215	2316.80004882813
2228.58875922051	2333
2230.82236968518	2348.60009765625
2233.05533635916	2344.10009765625
2235.28765954527	2317
2237.51933954617	2342.80004882813
2239.75037666437	2350.30004882813
2241.98077120221	2338.10009765625
2244.21052346188	2338.19995117188
2246.4396337454	2343.69995117188
2248.66810235461	2334
2250.89592959125	2314.30004882813
2253.12311575681	2334.69995117188
2255.34966115272	2322.10009765625
2257.57556608017	2339.39990234375
2259.80083084023	2328.30004882813
2262.02545573381	2340.39990234375
2264.24944106163	2319.69995117188
2266.47278712429	2328.80004882813
2268.69549422221	2333.80004882813
2270.91756265564	2371.69995117188
2273.1389927247	2338.60009765625
2275.35978472934	2324.39990234375
2277.57993896933	2358.69995117188
2279.79945574431	2366.60009765625
2282.01833535375	2335.60009765625
2284.23657809696	2350.60009765625
2286.45418427309	2344.60009765625
2288.67115418114	2389.69995117188
2290.88748811995	2388.80004882813
2293.10318638819	2374.80004882813
2295.3182492844	2387.30004882813
2297.53267710693	2371.39990234375
2299.746470154	2413.19995117188
2301.95962872364	2393.69995117188
2304.17215311376	2422.89990234375
2306.3840436221	2427
2308.59530054621	2441.19995117188
2310.80592418354	2423.80004882813
2313.01591483134	2435.60009765625
2315.22527278673	2415.39990234375
2317.43399834666	2414.5
2319.64209180791	2391.5
2321.84955346713	2379.30004882813
2324.05638362079	2398.69995117188
2326.26258256524	2395.89990234375
2328.46815059664	2371
2330.67308801098	2365.80004882813
2332.87739510415	2361.39990234375
2335.08107217184	2345.60009765625
2337.2841195096	2359
2339.48653741281	2368.60009765625
2341.68832617672	2338.80004882813
2343.8894860964	2368.30004882813
2346.09001746678	2349.19995117188
2348.28992058261	2355
2350.48919573852	2336.60009765625
2352.68784322898	2347.19995117188
2354.88586334826	2353.60009765625
2357.08325639055	2330
2359.2800226498	2350.19995117188
2361.47616241988	2343.39990234375
2363.67167599445	2343.39990234375
2365.86656366706	2302
2368.06082573107	2340.39990234375
2370.2544624797	2308.80004882813
2372.44747420603	2337.10009765625
2374.63986120295	2286.39990234375
2376.83162376322	2313.69995117188
2379.02276217945	2306.69995117188
2381.21327674408	2301.69995117188
2383.4031677494	2314.60009765625
2385.59243548756	2303.5
2387.78108025053	2312.80004882813
2389.96910233014	2292.69995117188
2392.15650201809	2303.10009765625
2394.34327960587	2288.19995117188
2396.52943538486	2295.5
2398.71496964628	2289.5
2400.89988268118	2287.60009765625
2403.08417478048	2285.19995117188
2405.26784623491	2295.89990234375
2407.45089733509	2300.39990234375
2409.63332837146	2272.39990234375
2411.81513963429	2287.80004882813
2413.99633141375	2300.39990234375
2416.1769039998	2289.80004882813
2418.35685768227	2277.5
2420.53619275084	2286.5
2422.71490949505	2276
2424.89300820425	2299.39990234375
2427.07048916765	2308.89990234375
2429.24735267433	2304
2431.42359901319	2277.69995117188
2433.59922847297	2297.5
2435.7742413423	2309.19995117188
2437.94863790961	2296.30004882813
2440.12241846321	2280.60009765625
2442.29558329121	2292.19995117188
2444.46813268162	2286
2446.64006692228	2271.5
2448.81138630086	2281.60009765625
2450.98209110489	2295.5
2453.15218162174	2264
2455.32165813864	2291.69995117188
2457.49052094265	2301.89990234375
2459.65877032069	2295.19995117188
2461.8264065595	2307.39990234375
2463.99342994572	2299.60009765625
2466.15984076579	2322.30004882813
2468.325639306	2300.10009765625
2470.49082585251	2323.60009765625
2472.65540069131	2347.19995117188
2474.81936410824	2330
2476.98271638899	2313.10009765625
2479.14545781909	2292.39990234375
2481.30758868392	2310.5
2483.4691092687	2281.89990234375
2485.63001985852	2302.69995117188
2487.79032073829	2301.30004882813
2489.95001219277	2326.30004882813
2492.10909450659	2311.89990234375
2494.26756796419	2299.60009765625
2496.42543284989	2296.89990234375
2498.58268944783	2278.10009765625
2500.73933804202	2297.5
2502.8953789163	2298.69995117188
2505.05081235436	2314.5
2507.20563863974	2313.69995117188
2509.35985805582	2317.30004882813
2511.51347088583	2320.89990234375
2513.66647741285	2319.60009765625
2515.81887791981	2323.30004882813
2517.97067268946	2348.10009765625
2520.12186200443	2325.19995117188
2522.27244614716	2355.69995117188
2524.42242539999	2331.5
2526.57180004504	2318.80004882813
2528.72057036433	2300.30004882813
2530.8687366397	2299.5
2533.01629915284	2272.5
2535.16325818527	2297.10009765625
2537.30961401839	2268.60009765625
2539.45536693343	2258.60009765625
2541.60051721145	2250.10009765625
2543.74506513338	2238.30004882813
2545.88901097997	2263.60009765625
2548.03235503185	2215.39990234375
2550.17509756946	2228
2552.31723887311	2230.60009765625
2554.45877922293	2215.69995117188
2556.59971889893	2215.89990234375
2558.74005818094	2210.5
2560.87979734864	2210.19995117188
2563.01893668155	2220.80004882813
2565.15747645906	2217.39990234375
2567.29541696037	2235.60009765625
2569.43275846454	2244
2571.56950125049	2232.80004882813
2573.70564559696	2207.89990234375
2575.84119178254	2220.89990234375
2577.97614008569	2206
2580.11049078468	2217.5
2582.24424415764	2231.69995117188
2584.37740048255	2197.10009765625
2586.50996003722	2221.30004882813
2588.64192309931	2242.80004882813
2590.77328994634	2219.30004882813
2592.90406085564	2204.5
2595.03423610442	2224.10009765625
2597.16381596971	2241.39990234375
2599.29280072839	2227.19995117188
2601.42119065719	2238
2603.54898603267	2246.5
2605.67618713125	2212
2607.80279422919	2233.39990234375
2609.92880760257	2238.10009765625
2612.05422752735	2236.39990234375
2614.17905427932	2260.19995117188
2616.30328813408	2229.10009765625
2618.42692936713	2260.30004882813
2620.54997825377	2240.19995117188
2622.67243506915	2248.5
2624.79430008828	2239.5
2626.915573586	2259.80004882813
2629.03625583699	2257.60009765625
2631.15634711579	2276.60009765625
2633.27584769675	2249.5
2635.39475785408	2258.10009765625
2637.51307786185	2278.30004882813
2639.63080799394	2276.89990234375
2641.74794852409	2300.19995117188
2643.86449972589	2338
2645.98046187273	2343.30004882813
2648.0958352379	2306.80004882813
2650.21062009449	2335.80004882813
2652.32481671544	2356.10009765625
2654.43842537353	2355.10009765625
2656.5514463414	2375.10009765625
2658.66387989151	2396
2660.77572629616	2387.69995117188
2662.88698582751	2421.19995117188
2664.99765875753	2421.89990234375
2667.10774535806	2440.30004882813
2669.21724590076	2432.10009765625
2671.32616065714	2422.39990234375
2673.43448989857	2436.39990234375
2675.5422338962	2402.30004882813
2677.64939292108	2380.30004882813
2679.75596724408	2359.89990234375
2681.86195713589	2352.5
2683.96736286707	2333.10009765625
2686.07218470799	2297.80004882813
2688.17642292889	2270.89990234375
2690.28007779982	2274
2692.38314959069	2263.69995117188
2694.48563857123	2243.39990234375
2696.58754501103	2231.30004882813
2698.6888691795	2263.39990234375
2700.78961134588	2237
2702.8897717793	2245.10009765625
2704.98935074864	2225.60009765625
2707.08834852271	2249.39990234375
2709.18676537009	2246.19995117188
2711.28460155925	2239.80004882813
2713.38185735843	2217.10009765625
2715.47853303577	2237.69995117188
2717.57462885924	2184.60009765625
2719.67014509659	2214.19995117188
2721.76508201548	2208.89990234375
2723.85943988337	2214.10009765625
2725.95321896754	2191.39990234375
2728.04641953515	2201
2730.13904185316	2178.69995117188
2732.23108618837	2211.19995117188
2734.32255280744	2202.19995117188
2736.41344197683	2190.10009765625
2738.50375396288	2186.19995117188
2740.5934890317	2173.80004882813
2742.68264744932	2154.39990234375
2744.77122948153	2165.89990234375
2746.85923539398	2155.19995117188
2748.94666545217	2154.30004882813
2751.03351992142	2156.19995117188
2753.11979906688	2167.10009765625
2755.20550315355	2160.5
2757.29063244624	2157.60009765625
2759.37518720963	2113.69995117188
2761.45916770819	2146.30004882813
2763.54257420625	2142.10009765625
2765.62540696797	2165.69995117188
2767.70766625733	2121.60009765625
2769.78935233816	2171.80004882813
2771.87046547413	2124.10009765625
2773.95100592869	2135.5
2776.03097396519	2123.89990234375
2778.11036984677	2132.69995117188
2780.18919383641	2170.30004882813
2782.26744619693	2161.89990234375
2784.34512719097	2149.39990234375
2786.42223708102	2150.10009765625
2788.49877612937	2161.80004882813
2790.57474459816	2140
2792.65014274937	2142.30004882813
2794.7249708448	2139.80004882813
2796.79922914607	2152.60009765625
2798.87291791465	2134
2800.94603741181	2139
2803.01858789869	2140.60009765625
2805.09056963623	2136.60009765625
2807.1619828852	2160.39990234375
2809.23282790621	2154.69995117188
2811.30310495971	2139.60009765625
2813.37281430593	2128.5
2815.441956205	2112.60009765625
2817.51053091682	2144.60009765625
2819.57853870114	2144.30004882813
2821.64597981753	2156.39990234375
2823.7128545254	2141.80004882813
2825.77916308399	2130.39990234375
2827.84490575233	2147.30004882813
2829.91008278933	2151.69995117188
2831.97469445369	2184.30004882813
2834.03874100395	2176.19995117188
2836.10222269847	2186.5
2838.16513979544	2207.89990234375
2840.22749255288	2219.19995117188
2842.28928122863	2275.69995117188
2844.35050608034	2296.80004882813
2846.41116736553	2369.80004882813
2848.47126534149	2440.5
2850.53080026537	2450.30004882813
2852.58977239414	2488.60009765625
2854.64818198459	2486.19995117188
2856.70602929332	2458.39990234375
2858.76331457678	2478.39990234375
2860.82003809123	2407.10009765625
2862.87620009274	2395.80004882813
2864.93180083723	2403.10009765625
2866.98684058043	2396.69995117188
2869.04131957789	2391.69995117188
2871.09523808497	2395.39990234375
2873.14859635689	2396.19995117188
2875.20139464866	2423.89990234375
2877.2536332151	2398.80004882813
2879.30531231091	2413.30004882813
2881.35643219054	2447.19995117188
2883.40699310831	2435.69995117188
2885.45699531834	2412
2887.50643907457	2463.10009765625
2889.55532463077	2471.10009765625
2891.60365224053	2486.30004882813
2893.65142215724	2478.80004882813
2895.69863463414	2470.89990234375
2897.74528992426	2494.89990234375
2899.79138828046	2488.30004882813
2901.83692995544	2515.39990234375
2903.88191520168	2482.89990234375
2905.92634427151	2477.5
2907.97021741706	2476.19995117188
2910.01353489027	2467
2912.05629694294	2445.5
2914.09850382663	2468.30004882813
2916.14015579276	2460
2918.18125309254	2462.60009765625
2920.22179597702	2471.10009765625
2922.26178469705	2439.5
2924.30121950329	2461.69995117188
2926.34010064624	2458.80004882813
2928.37842837619	2479.30004882813
2930.41620294326	2474.89990234375
2932.45342459737	2456.60009765625
2934.49009358828	2460
2936.52621016555	2471.60009765625
2938.56177457854	2451.80004882813
2940.59678707645	2416.80004882813
2942.63124790827	2371.60009765625
2944.66515732282	2345.89990234375
2946.69851556873	2359.69995117188
2948.73132289443	2296.39990234375
2950.76357954817	2296.89990234375
2952.79528577803	2305.60009765625
2954.82644183188	2280.19995117188
2956.85704795741	2273.5
2958.8871044021	2263.19995117188
2960.91661141328	2298
2962.94556923807	2268.10009765625
2964.97397812339	2244.19995117188
2967.00183831598	2237.69995117188
2969.0291500624	2213
2971.05591360902	2196.30004882813
2973.08212920199	2223.5
2975.1077970873	2182.19995117188
2977.13291751074	2181.60009765625
2979.1574907179	2188.39990234375
2981.18151695419	2167.39990234375
2983.20499646482	2187.69995117188
2985.2279294948	2170.10009765625
2987.25031628898	2124.19995117188
2989.27215709199	2132.19995117188
2991.29345214825	2148.5
2993.31420170204	2134.69995117188
2995.33440599738	2132.5
2997.35406527816	2148.80004882813
2999.37317978802	2134.80004882813
3001.39174977045	2164.30004882813
3003.40977546872	2186.89990234375
3005.42725712591	2174.69995117188
3007.44419498491	2218.19995117188
3009.4605892884	2188.39990234375
3011.47644027889	2179.5
3013.49174819865	2196.80004882813
3015.5065132898	2216.69995117188
3017.52073579424	2201.19995117188
3019.53441595366	2189.5
3021.54755400959	2174.30004882813
3023.56015020332	2169.10009765625
3025.57220477598	2162.5
3027.58371796846	2155.60009765625
3029.5946900215	2161.60009765625
3031.6051211756	2166.10009765625
3033.61501167107	2152.30004882813
3035.62436174803	2126
3037.6331716464	2124.39990234375
3039.64144160588	2108.30004882813
3041.649171866	2092.89990234375
3043.65636266607	2085.30004882813
3045.6630142452	2072.30004882813
3047.66912684229	2073.39990234375
3049.67470069605	2072.60009765625
3051.679736045	2056.80004882813
3053.68423312742	2054.5
3055.68819218143	2071.5
3057.6916134449	2046.19995117188
3059.69449715556	2036.5
3061.69684355086	2051.89990234375
3063.6986528681	2037.80004882813
3065.69992534437	2029
3067.70066121653	2010.40002441406
3069.70086072126	2020
3071.700524095	2025.69995117188
3073.69965157405	2015.90002441406
3075.69824339442	2021.90002441406
3077.69629979197	2035.19995117188
3079.69382100235	2047.19995117188
3081.69080726098	2015
3083.68725880307	2030.19995117188
3085.68317586366	2007.40002441406
3087.67855867755	2003.40002441406
3089.67340747933	2014.30004882813
3091.6677225034	2016.30004882813
3093.66150398392	1996.30004882813
3095.6547521549	2008.69995117188
3097.64746725006	2002.30004882813
3099.63964950297	2020.90002441406
3101.63129914698	2003.09997558594
3103.6224164152	2001.30004882813
3105.61300154056	1992.09997558594
3107.60305475576	2012
3109.59257629331	1995.80004882813
3111.58156638547	1987.69995117188
3113.57002526432	2001.09997558594
3115.55795316172	1981.90002441406
3117.54535030932	1992.19995117188
3119.53221693853	1982.30004882813
3121.51855328057	1998.40002441406
3123.50435956646	1979
3125.48963602698	1988.40002441406
3127.4743828927	1981.90002441406
3129.45860039397	1999.69995117188
3131.44228876093	1990.09997558594
3133.42544822353	1993.30004882813
3135.40807901145	2000.69995117188
3137.39018135418	1990.19995117188
3139.37175548102	1991.09997558594
3141.35280162101	1976.19995117188
3143.33332000299	1997.09997558594
3145.31331085559	1997.80004882813
3147.2927744072	1995.30004882813
3149.27171088602	1983.90002441406
3151.25012052	1978.5
3153.22800353689	1982.09997558594
3155.20536016422	2003.19995117188
3157.18219062929	1976.19995117188
3159.15849515918	1970.59997558594
3161.13427398075	1977.30004882813
3163.10952732066	1962.69995117188
3165.08425540532	1974.09997558594
3167.05845846092	1979.69995117188
3169.03213671344	1958
3171.00529038863	1978.90002441406
3172.97791971203	1978
3174.95002490893	1965.40002441406
3176.92160620443	1958.80004882813
3178.89266382337	1973.5
3180.8631979904	1986.40002441406
3182.83320892991	1962.09997558594
3184.80269686609	1964
3186.77166202289	1966.5
3188.74010462406	1975.90002441406
3190.70802489307	1967.09997558594
3192.67542305323	1972
3194.64229932757	1960.30004882813
3196.60865393892	1959.90002441406
3198.57448710987	1970.80004882813
3200.53979906279	1965.19995117188
3202.50459001981	1965.30004882813
3204.46886020284	1968.40002441406
3206.43260983356	1958
3208.39583913341	1963.69995117188
3210.35854832362	1962.19995117188
3212.32073762517	1970.09997558594
3214.28240725881	1961.40002441406
3216.24355744508	1962.40002441406
3218.20418840426	1965.69995117188
3220.16430035642	1967
3222.12389352137	1953.09997558594
3224.08296811873	1948.30004882813
3226.04152436784	1968.5
3227.99956248784	1943.5
3229.95708269762	1964.90002441406
3231.91408521584	1960.59997558594
3233.87057026092	1970.09997558594
3235.82653805105	1958.59997558594
3237.78198880419	1974.90002441406
3239.73692273806	1960.59997558594
3241.69134007013	1944.80004882813
3243.64524101764	1954.69995117188
3245.59862579761	1958
3247.55149462681	1973.19995117188
3249.50384772176	1959
3251.45568529877	1970.80004882813
3253.40700757387	1976.40002441406
3255.35781476288	1950.19995117188
3257.3081070814	1973.90002441406
3259.25788474473	1945.5
3261.20714796799	1974.09997558594
3263.15589696602	1956.69995117188
3265.10413195345	1956.90002441406
3267.05185314463	1967.09997558594
3268.9990607537	1973.5
3270.94575499455	1965
3272.89193608081	1968
3274.8376042259	1984.59997558594
3276.78275964296	1945.59997558594
3278.72740254492	1955.80004882813
3280.67153314443	1957.30004882813
3282.61515165393	1965.19995117188
3284.55825828559	1945
3286.50085325135	1947.30004882813
3288.44293676289	1951.90002441406
3290.38450903165	1946.40002441406
3292.32557026883	1962.19995117188
3294.26612068537	1947.09997558594
3296.20616049198	1954.09997558594
3298.14568989911	1955.59997558594
3300.08470911695	1944.59997558594
3302.02321835546	1930
3303.96121782435	1959.30004882813
3305.89870773306	1942.30004882813
3307.83568829081	1933.19995117188
3309.77215970655	1931.19995117188
3311.70812218898	1951.09997558594
3313.64357594655	1939.80004882813
3315.57852118747	1926.09997558594
3317.51295811968	1950.09997558594
3319.44688695087	1945.90002441406
3321.38030788849	1933.30004882813
3323.31322113973	1934.59997558594
3325.24562691152	1913.69995117188
3327.17752541055	1928.59997558594
3329.10891684322	1910.19995117188
3331.03980141573	1924.30004882813
3332.97017933399	1944.59997558594
3334.90005080364	1925.40002441406
3336.82941603011	1921.69995117188
3338.75827521852	1933.69995117188
3340.68662857377	1923.09997558594
3342.6144763005	1907.90002441406
3344.54181860308	1930.30004882813
3346.46865568561	1942.5
3348.39498775195	1922
3350.32081500571	1918.40002441406
3352.24613765022	1926.5
3354.17095588855	1931.69995117188
3356.09526992352	1931.80004882813
3358.01907995769	1913.90002441406
3359.94238619334	1932.59997558594
3361.86518883251	1922.40002441406
3363.78748807697	1944.80004882813
3365.70928412823	1931.30004882813
3367.63057718752	1914.40002441406
3369.55136745582	1915.59997558594
3371.47165513386	1925.09997558594
3373.39144042208	1919.09997558594
3375.31072352066	1915.09997558594
3377.22950462953	1908.90002441406
3379.14778394834	1910.80004882813
3381.06556167648	1897.80004882813
3382.98283801308	1919.90002441406
3384.89961315697	1932.40002441406
3386.81588730676	1905.40002441406
3388.73166066076	1910.59997558594
3390.64693341702	1907
3392.56170577332	1913.09997558594
3394.47597792716	1919.90002441406
3396.38975007581	1897.69995117188
3398.30302241623	1883.40002441406
3400.21579514512	1898.80004882813
3402.1280684589	1890
3404.03984255374	1924.59997558594
3405.95111762553	1880.30004882813
3407.86189386987	1908.09997558594
3409.77217148212	1900.09997558594
3411.68195065733	1913.40002441406
3413.5912315903	1892.69995117188
3415.50001447556	1906
3417.40829950735	1896.30004882813
3419.31608687963	1884.30004882813
3421.22337678611	1908.69995117188
3423.1301694202	1885.5
3425.03646497504	1893.69995117188
3426.9422636435	1889.69995117188
3428.84756561816	1893.90002441406
3430.75237109135	1886.90002441406
3432.65668025508	1906.09997558594
3434.56049330112	1884.5
3436.46381042093	1908.09997558594
3438.36663180571	1885.90002441406
3440.26895764638	1901
3442.17078813357	1884.40002441406
3444.07212345762	1892.59997558594
3445.97296380863	1891.80004882813
3447.87330937636	1895.90002441406
3449.77316035033	1884
3451.67251691977	1879.69995117188
3453.57137927361	1893.80004882813
3455.46974760052	1881.30004882813
3457.36762208886	1885.59997558594
3459.26500292671	1878.40002441406
3461.16189030191	1878.19995117188
3463.05828440194	1886
3464.95418541406	1875.40002441406
3466.84959352519	1873.19995117188
3468.74450892201	1901.30004882813
3470.63893179088	1883.69995117188
3472.53286231788	1884.40002441406
3474.42630068881	1869.59997558594
3476.31924708918	1874.80004882813
3478.2117017042	1858.5
3480.1036647188	1884.30004882813
3481.99513631761	1871.40002441406
3483.88611668498	1853.59997558594
3485.77660600498	1884
3487.66660446135	1876.5
3489.55611223758	1871.19995117188
3491.44512951683	1873.19995117188
3493.333656482	1868.69995117188
3495.22169331568	1873.59997558594
3497.10924020016	1846.5
3498.99629731746	1850.59997558594
3500.88286484927	1864.69995117188
3502.76894297702	1850.69995117188
3504.65453188182	1848.09997558594
3506.53963174449	1850.40002441406
3508.42424274555	1865.5
3510.30836506524	1846.19995117188
3512.19199888349	1862.40002441406
3514.07514437992	1838.80004882813
3515.95780173387	1860
3517.83997112437	1845.59997558594
3519.72165273016	1851.80004882813
3521.60284672967	1834
3523.48355330104	1838.5
3525.36377262208	1838.80004882813
3527.24350487035	1819.40002441406
3529.12275022306	1821.90002441406
3531.00150885715	1830
3532.87978094923	1856.5
3534.75756667562	1818.5
3536.63486621235	1832.30004882813
3538.51167973512	1830.5
3540.38800741934	1830.59997558594
3542.26384944011	1828.80004882813
3544.13920597223	1828.09997558594
3546.01407719018	1812.59997558594
3547.88846326815	1826.09997558594
3549.76236438002	1809.59997558594
3551.63578069934	1817.90002441406
3553.50871239938	1782.09997558594
3555.38115965309	1785.19995117188
3557.25312263311	1781.69995117188
3559.12460151177	1806.5
3560.99559646109	1805.69995117188
3562.86610765279	1806.30004882813
3564.73613525825	1797
3566.60567944857	1802.30004882813
3568.47474039453	1816.19995117188
3570.34331826658	1811.19995117188
3572.21141323487	1805.59997558594
3574.07902546925	1804.09997558594
3575.94615513922	1807.09997558594
3577.81280241401	1821.40002441406
3579.67896746249	1801.30004882813
3581.54465045325	1800.80004882813
3583.40985155455	1787.40002441406
3585.27457093432	1786.69995117188
3587.1388087602	1804.30004882813
3589.00256519949	1791.40002441406
3590.86584041919	1785.40002441406
3592.72863458597	1808.90002441406
3594.59094786618	1797.30004882813
3596.45278042585	1805.80004882813
3598.31413243069	1798
3600.17500404611	1797.5
3602.03539543717	1790.5
3603.89530676861	1770.69995117188
3605.75473820488	1806.80004882813
3607.61368991007	1790.19995117188
3609.47216204797	1793.80004882813
3611.33015478203	1784.09997558594
3613.18766827539	1774.5
3615.04470269087	1771.5
3616.90125819094	1794
3618.75733493776	1796.09997558594
3620.61293309318	1790.90002441406
3622.46805281869	1770.90002441406
3624.32269427547	1782.90002441406
3626.17685762439	1778
3628.03054302596	1782.5
3629.88375064038	1798.09997558594
3631.73648062751	1776.90002441406
3633.5887331469	1782.40002441406
3635.44050835775	1784.59997558594
3637.29180641893	1777.80004882813
3639.14262748899	1785.40002441406
3640.99297172614	1786.09997558594
3642.84283928828	1765.90002441406
3644.69223033294	1761.69995117188
3646.54114501734	1759.69995117188
3648.38958349836	1759.40002441406
3650.23754593256	1762.80004882813
3652.08503247614	1773.19995117188
3653.93204328497	1774.40002441406
3655.77857851462	1757
3657.62463832028	1770.30004882813
3659.47022285682	1780.69995117188
3661.31533227877	1766.90002441406
3663.15996674033	1757.30004882813
3665.00412639535	1763.19995117188
3666.84781139736	1763.80004882813
3668.69102189953	1748.09997558594
3670.5337580547	1758.09997558594
3672.37602001537	1746.59997558594
3674.21780793368	1762.40002441406
3676.05912196148	1750.69995117188
3677.89996225021	1756.69995117188
3679.74032895103	1733.80004882813
3681.58022221471	1742.69995117188
3683.41964219171	1752.80004882813
3685.25858903211	1758.69995117188
3687.0970628857	1707.19995117188
3688.93506390186	1742.40002441406
3690.77259222968	1752.80004882813
3692.60964801787	1747.59997558594
3694.44623141481	1737.80004882813
3696.28234256853	1730.09997558594
3698.11798162669	1728.5
3699.95314873665	1722
3701.78784404537	1722.30004882813
3703.62206769951	1738.30004882813
3705.45581984533	1718.5
3707.28910062877	1729.80004882813
3709.12191019542	1739.69995117188
3710.95424869052	1745
3712.78611625894	1720.90002441406
3714.6175130452	1750
3716.44843919349	1714.69995117188
3718.27889484764	1730
3720.1088801511	1722.19995117188
3721.93839524699	1726.80004882813
3723.76744027808	1727.80004882813
3725.59601538677	1735.40002441406
3727.4241207151	1726.19995117188
