40.2973356941271	1126.5
43.2236257608418	1126
46.1488808466109	1129.19995117188
49.0731017336173	1129.40002441406
51.9962892025666	1130.59997558594
54.9184440327569	1129.09997558594
57.8395670020446	1131.59997558594
60.7596588868509	1135.09997558594
63.6787204621708	1134.80004882813
66.5967525015794	1136.90002441406
69.5137557772381	1141
72.4297310598838	1139.30004882813
75.3446791188512	1147.59997558594
78.2586007220466	1152.5
81.1714966360015	1162.5
84.0833676258266	1170.90002441406
86.994214455242	1183.40002441406
89.9040378865662	1203.30004882813
92.8128386807427	1201.69995117188
95.7206175973133	1224.90002441406
98.6273753944444	1225.30004882813
101.533112828928	1233.30004882813
104.437830656161	1235.5
107.34152963018	1240.09997558594
110.244210503676	1237.90002441406
113.145874027931	1235.19995117188
116.046520952895	1241.09997558594
118.946152027154	1237.30004882813
121.844767997933	1229.19995117188
124.74236961111	1237.09997558594
127.638957611212	1232.09997558594
130.534532741422	1245.90002441406
133.429095743606	1241.90002441406
136.322647358252	1238.40002441406
139.215188324544	1239.09997558594
142.106719380311	1248.30004882813
144.997241262089	1250
147.886754705057	1234.30004882813
150.775260443096	1238.40002441406
153.662759208748	1241.80004882813
156.549251733282	1234.90002441406
159.434738746612	1239.19995117188
162.319220977376	1244.40002441406
165.20269915289	1243.09997558594
168.085173999178	1239.09997558594
170.966646240977	1255.40002441406
173.847116601709	1242.90002441406
176.726585803528	1248.40002441406
179.605054567295	1243.90002441406
182.48252361259	1242.5
185.358993657701	1247.40002441406
188.234465419645	1250.09997558594
191.108939614183	1263.5
193.982416955795	1253.80004882813
196.854898157687	1260.19995117188
199.726383931801	1251.40002441406
202.596874988835	1264.69995117188
205.466372038225	1265.19995117188
208.334875788145	1268.69995117188
211.202386945534	1273
214.068906216069	1271.59997558594
216.934434304194	1273.80004882813
219.798971913111	1265.19995117188
222.662519744776	1262.30004882813
225.525078499925	1270.90002441406
228.386648878069	1270.40002441406
231.247231577465	1263.5
234.106827295172	1272
236.965436727012	1255.69995117188
239.823060567597	1256
242.679699510337	1259.5
245.535354247396	1248.19995117188
248.390025469775	1244.40002441406
251.243713867223	1253.80004882813
254.096420128327	1244.80004882813
256.948144940459	1257.69995117188
259.798888989788	1244.69995117188
262.648652961315	1253.40002441406
265.49743753883	1254.59997558594
268.345243404939	1255.5
271.192071241073	1255.19995117188
274.037921727485	1257.69995117188
276.882795543246	1244.5
279.72669336624	1253.69995117188
282.569615873213	1253.80004882813
285.411563739724	1260.80004882813
288.252537640165	1254.5
291.092538247763	1249.80004882813
293.931566234616	1255.90002441406
296.769622271633	1259.40002441406
299.606707028594	1253.09997558594
302.442821174104	1249.69995117188
305.277965375652	1240.19995117188
308.112140299574	1255.30004882813
310.945346611062	1258.59997558594
313.777584974167	1240.30004882813
316.608856051813	1244.90002441406
319.439160505797	1239.30004882813
322.268498996783	1243.5
325.096872184303	1239.09997558594
327.924280726782	1243.59997558594
330.750725281521	1245.19995117188
333.576206504693	1246.09997558594
336.400725051388	1249.30004882813
339.224281575542	1240.90002441406
342.046876730026	1237.5
344.868511166586	1241
347.689185535872	1241.19995117188
350.508900487421	1238.69995117188
353.327656669699	1243.19995117188
356.145454730079	1239.80004882813
358.962295314817	1245.80004882813
361.778179069105	1242.5
364.593106637051	1240.19995117188
367.407078661675	1244.5
370.220095784913	1240.5
373.032158647655	1240
375.843267889676	1243.90002441406
378.653424149715	1252.69995117188
381.462628065436	1245.59997558594
384.270880273432	1248.69995117188
387.078181409254	1250.09997558594
389.884532107358	1247
392.689933001188	1249.30004882813
395.494384723112	1249.30004882813
398.29788790445	1250.19995117188
401.100443175488	1245
403.902051165437	1249.09997558594
406.702712502518	1247.30004882813
409.502427813866	1243.30004882813
412.301197725607	1249.09997558594
415.099022862823	1253.69995117188
417.89590384957	1242.30004882813
420.691841308876	1249.69995117188
423.486835862752	1244.90002441406
426.280888132173	1250.69995117188
429.073998737112	1241.69995117188
431.866168296507	1254.40002441406
434.657397428298	1248.19995117188
437.447686749412	1252.5
440.237036875762	1250.80004882813
443.025448422257	1254.5
445.812922002813	1247.40002441406
448.599458230326	1253
451.38505771672	1256.69995117188
454.169721072909	1250.40002441406
456.953448908819	1251.69995117188
459.736241833384	1247.5
462.518100454555	1250.80004882813
465.2990253793	1254.59997558594
468.079017213605	1258
470.858076562476	1255.40002441406
473.636204029939	1248.59997558594
476.41340021906	1254.40002441406
479.189665731938	1255.80004882813
481.965001169667	1254.5
484.739407132419	1253.40002441406
487.512884219391	1251.90002441406
490.285433028796	1262.19995117188
493.057054157921	1257.40002441406
495.827748203087	1253.5
498.597515759658	1256.69995117188
501.366357422061	1257.19995117188
504.134273783759	1250.69995117188
506.901265437278	1258.5
509.66733297421	1252.90002441406
512.432476985198	1259.30004882813
515.196698059945	1252.59997558594
517.959996787225	1260.80004882813
520.722373754895	1254.69995117188
523.483829549856	1255.40002441406
526.24436475811	1262.90002441406
529.003979964696	1260.30004882813
531.762675753779	1262.59997558594
534.520452708569	1255
537.277311411375	1251.69995117188
540.03325244359	1256.5
542.788276385682	1262.19995117188
545.54238381725	1261.59997558594
548.295575316938	1261.80004882813
551.047851462516	1258.90002441406
553.799212830831	1254.40002441406
556.549659997851	1267.80004882813
559.299193538643	1263.09997558594
562.047814027381	1263.09997558594
564.795522037318	1256.90002441406
567.542318140861	1254.09997558594
570.288202909507	1261.69995117188
573.033176913873	1260.19995117188
575.7772407237	1260.09997558594
578.520394907829	1266.90002441406
581.26264003424	1262.90002441406
584.003976670046	1258.09997558594
586.744405381469	1267.5
589.483926733869	1251.90002441406
592.222541291746	1260.59997558594
594.96024961872	1266.80004882813
597.697052277563	1264.09997558594
600.432949830166	1268.30004882813
603.167942837587	1262.80004882813
605.902031860012	1264.5
608.635217456783	1266.80004882813
611.367500186378	1258.80004882813
614.098880606429	1267.40002441406
616.82935927374	1262.40002441406
619.558936744248	1262.19995117188
622.287613573072	1266.19995117188
625.015390314457	1266.90002441406
627.742267521848	1255.59997558594
630.468245747829	1263.09997558594
633.193325544166	1264.69995117188
635.917507461792	1266.30004882813
638.640792050804	1270.40002441406
641.36317986048	1260.69995117188
644.084671439281	1266.19995117188
646.805267334845	1261.19995117188
649.524968093967	1267
652.24377426266	1266.69995117188
654.961686386106	1261.40002441406
657.678705008678	1265.5
660.394830673939	1274.09997558594
663.110063924628	1273.80004882813
665.824405302728	1263.90002441406
668.537855349351	1271.90002441406
671.250414604863	1265.90002441406
673.962083608812	1268.5
676.672862899949	1270.90002441406
679.382753016218	1272.80004882813
682.091754494801	1261.30004882813
684.799867872061	1266.30004882813
687.507093683595	1269.40002441406
690.213432464198	1275.30004882813
692.918884747899	1269.59997558594
695.623451067937	1278.09997558594
698.327131956755	1277.59997558594
701.029927946065	1278.30004882813
703.731839566754	1273.40002441406
706.43286734896	1270.40002441406
709.133011822067	1276.30004882813
711.832273514658	1276.59997558594
714.53065295457	1271.80004882813
717.228150668879	1270.09997558594
719.924767183889	1273.80004882813
722.620503025148	1277.59997558594
725.315358717446	1273.19995117188
728.009334784827	1275.30004882813
730.702431750559	1280
733.394650137188	1271.09997558594
736.085990466498	1271.90002441406
738.776453259519	1271.19995117188
741.466039036542	1269.90002441406
744.154748317125	1275.69995117188
746.842581620074	1274.30004882813
749.529539463458	1274.09997558594
752.215622364608	1281.40002441406
754.900830840131	1268.90002441406
757.585165405892	1268.69995117188
760.26862657703	1271.09997558594
762.951214867957	1276
765.632930792356	1265.40002441406
768.313774863181	1274.69995117188
770.993747592673	1276.40002441406
773.672849492359	1277.80004882813
776.351081073017	1280.09997558594
779.028442844757	1277.09997558594
781.704935316928	1272.59997558594
784.380558998208	1270
787.055314396528	1274.80004882813
789.729202019141	1271.09997558594
792.402222372581	1274
795.074375962669	1273.40002441406
797.745663294537	1275.80004882813
800.416084872622	1283.90002441406
803.085641200652	1280.69995117188
805.754332781664	1275.30004882813
808.422160117986	1278.09997558594
811.089123711292	1276
813.75522406252	1279
816.420461671951	1271.80004882813
819.084837039164	1284.40002441406
821.748350663067	1283.5
824.411003041866	1294.59997558594
827.072794673116	1285.40002441406
829.733726053668	1283.30004882813
832.39379767971	1286.90002441406
835.05301004674	1276.90002441406
837.711363649601	1274.90002441406
840.368858982457	1282.90002441406
843.025496538805	1286.80004882813
845.681276811467	1289.09997558594
848.336200292618	1281.5
850.99026747375	1287.90002441406
853.643478845713	1286.59997558594
856.29583489868	1294.09997558594
858.947336122176	1278.59997558594
861.59798300506	1284.90002441406
864.247776035556	1281.09997558594
866.896715701222	1288.80004882813
869.544802488959	1285.69995117188
872.192036885046	1288.09997558594
874.838419375087	1284
877.483950444054	1288.90002441406
880.128630576285	1290.90002441406
882.772460255461	1289.59997558594
885.415439964628	1283.40002441406
888.057570186211	1284.30004882813
890.698851401966	1284.90002441406
893.339284093045	1293.19995117188
895.978868739961	1285.90002441406
898.617605822596	1288.30004882813
901.255495820196	1291.69995117188
903.892539211396	1279.09997558594
906.528736474184	1279.59997558594
909.164088085949	1281.19995117188
911.798594523442	1285.69995117188
914.432256262804	1296.09997558594
917.065073779549	1293.19995117188
919.697047548589	1287.19995117188
922.328178044212	1283.5
924.9584657401	1290.5
927.587911109317	1295.59997558594
930.216514624317	1293.40002441406
932.844276756963	1292.90002441406
935.471197978488	1287.19995117188
938.097278759538	1301.59997558594
940.722519570163	1292.09997558594
943.346920879798	1286.5
945.97048315729	1284.69995117188
948.593206870885	1295.30004882813
951.215092488219	1311.59997558594
953.836140476366	1306.19995117188
956.456351301787	1305.80004882813
959.07572543037	1295.69995117188
961.694263327369	1314.30004882813
964.311965457521	1313.30004882813
966.928832284933	1296.40002441406
969.544864273135	1301
972.160061885076	1307.09997558594
974.774425583129	1309
977.387955829099	1291.19995117188
980.000653084196	1293.5
982.612517809061	1303
985.223550463768	1303.30004882813
987.833751507819	1301.59997558594
990.443121400135	1308.09997558594
993.051660599081	1310.69995117188
995.659369562449	1317.40002441406
998.266248747469	1310.59997558594
1000.87229861081	1323
1003.47751960857	1346.19995117188
1006.0819121963	1333.59997558594
1008.68547682897	1346.90002441406
1011.28821396104	1344.30004882813
1013.89012404635	1329.09997558594
1016.49120753824	1318.5
1019.09146488947	1314.19995117188
1021.69089655226	1314.80004882813
1024.28950297827	1314.30004882813
1026.88728461863	1307.80004882813
1029.48424192392	1321.90002441406
1032.08037534416	1311.5
1034.67568532886	1304.19995117188
1037.27017232694	1311.19995117188
1039.86383678682	1309.5
1042.45667915637	1304.59997558594
1045.04869988293	1301.69995117188
1047.6398994133	1310.69995117188
1050.23027819374	1311.40002441406
1052.81983666998	1309.59997558594
1055.40857528724	1306.90002441406
1057.99649449018	1303.80004882813
1060.58359472296	1313.59997558594
1063.1698764292	1312.30004882813
1065.755340052	1314.69995117188
1068.33998603393	1306.30004882813
1070.92381481706	1309.19995117188
1073.50682684291	1308.5
1076.08902255251	1308.59997558594
1078.67040238637	1315.09997558594
1081.25096678445	1309.80004882813
1083.83071618624	1316.40002441406
1086.4096510307	1300.90002441406
1088.98777175629	1300.59997558594
1091.56507880094	1304.80004882813
1094.14157260208	1306.09997558594
1096.71725359664	1316.5
1099.29212222106	1320.5
1101.86617891125	1310.90002441406
1104.43942410262	1302.5
1107.01185823011	1309.69995117188
1109.58348172812	1312.09997558594
1112.15429503057	1321.5
1114.7242985709	1323.40002441406
1117.29349278203	1329.90002441406
1119.86187809642	1312.90002441406
1122.42945494599	1318.19995117188
1124.99622376222	1325.69995117188
1127.56218497606	1319.30004882813
1130.12733901801	1336.80004882813
1132.69168631804	1331
1135.25522730568	1331.40002441406
1137.81796240995	1326.30004882813
1140.37989205941	1347.19995117188
1142.9410166821	1355.90002441406
1145.50133670561	1357.5
1148.06085255708	1382.59997558594
1150.61956466311	1407.09997558594
1153.17747344987	1435
1155.73457934305	1461.09997558594
1158.29088276786	1467.69995117188
1160.84638414903	1453.40002441406
1163.40108391085	1423.90002441406
1165.95498247711	1383.19995117188
1168.50808027116	1369.69995117188
1171.06037771587	1357.09997558594
1173.61187523364	1333.80004882813
1176.16257324643	1343.09997558594
1178.71247217573	1333.69995117188
1181.26157244255	1328.30004882813
1183.80987446746	1340.69995117188
1186.35737867059	1339
1188.90408547157	1342.59997558594
1191.44999528961	1345.69995117188
1193.99510854347	1344.19995117188
1196.53942565142	1336.30004882813
1199.08294703133	1347.30004882813
1201.62567310057	1333.19995117188
1204.16760427611	1334.90002441406
1206.70874097445	1325.40002441406
1209.24908361163	1324.30004882813
1211.78863260327	1335.30004882813
1214.32738836454	1334.09997558594
1216.86535131017	1333.90002441406
1219.40252185445	1330.19995117188
1221.93890041121	1327.19995117188
1224.47448739389	1323
1227.00928321544	1326.59997558594
1229.54328828842	1329.69995117188
1232.07650302491	1323.19995117188
1234.60892783662	1329.69995117188
1237.14056313477	1330.80004882813
1239.67140933017	1331.5
1242.2014668332	1337.40002441406
1244.73073605384	1324.19995117188
1247.25921740159	1327.40002441406
1249.78691128558	1332.69995117188
1252.31381811448	1331.19995117188
1254.83993829655	1327.40002441406
1257.36527223962	1340
1259.88982035112	1341
1262.41358303803	1338
1264.93656070696	1337
1267.45875376405	1343.19995117188
1269.98016261505	1338.09997558594
1272.50078766531	1349.30004882813
1275.02062931974	1349.30004882813
1277.53968798285	1347.19995117188
1280.05796405875	1348.30004882813
1282.57545795112	1338.80004882813
1285.09217006325	1343.59997558594
1287.60810079802	1336.90002441406
1290.12325055788	1332
1292.63761974492	1341.40002441406
1295.15120876079	1344.30004882813
1297.66401800676	1339.90002441406
1300.17604788367	1340.30004882813
1302.687298792	1332.59997558594
1305.19777113181	1336.90002441406
1307.70746530274	1339.5
1310.21638170408	1346.30004882813
1312.7245207347	1347.19995117188
1315.23188279307	1334.90002441406
1317.73846827728	1337.80004882813
1320.24427758502	1345.59997558594
1322.74931111359	1344.80004882813
1325.25356925991	1332.69995117188
1327.75705242051	1338.90002441406
1330.25976099151	1335
1332.76169536868	1336
1335.26285594737	1348.5
1337.76324312256	1332
1340.26285728887	1331.19995117188
1342.76169884052	1345
1345.25976817132	1342.5
1347.75706567474	1332.69995117188
1350.25359174387	1330.59997558594
1352.74934677141	1341.40002441406
1355.24433114968	1336.90002441406
1357.73854527062	1339.30004882813
1360.23198952583	1338.30004882813
1362.7246643065	1343.80004882813
1365.21657000347	1337.90002441406
1367.7077070072	1332.59997558594
1370.19807570777	1337.30004882813
1372.68767649492	1338.80004882813
1375.176509758	1343.09997558594
1377.66457588599	1344.69995117188
1380.15187526753	1334
1382.63840829087	1349.80004882813
1385.1241753439	1341.40002441406
1387.60917681417	1336.80004882813
1390.09341308884	1350.69995117188
1392.57688455474	1347
1395.05959159829	1325.90002441406
1397.54153460562	1341.09997558594
1400.02271396243	1349.5
1402.50313005414	1344.90002441406
1404.98278326576	1353.5
1407.46167398196	1342.90002441406
1409.93980258707	1342.5
1412.41716946504	1345.80004882813
1414.89377499951	1347.69995117188
1417.36961957373	1342.09997558594
1419.84470357062	1345.09997558594
1422.31902737275	1350.69995117188
1424.79259136235	1353.69995117188
1427.26539592129	1340.5
1429.73744143111	1356.80004882813
1432.20872827299	1351.09997558594
1434.67925682777	1345.5
1437.14902747597	1351
1439.61804059773	1356.80004882813
1442.0862965729	1349.5
1444.55379578093	1365.59997558594
1447.02053860099	1362
1449.48652541188	1359.30004882813
1451.95175659206	1364
1454.41623251969	1366.30004882813
1456.87995357255	1361
1459.34292012811	1362.5
1461.80513256351	1361.19995117188
1464.26659125557	1348.90002441406
1466.72729658073	1359.30004882813
1469.18724891517	1353.80004882813
1471.64644863469	1364.90002441406
1474.10489611478	1357.69995117188
1476.5625917306	1357.19995117188
1479.01953585699	1361.59997558594
1481.47572886844	1353.09997558594
1483.93117113917	1351.30004882813
1486.38586304302	1361
1488.83980495354	1360.40002441406
1491.29299724395	1389
1493.74544028715	1365.19995117188
1496.19713445573	1379.19995117188
1498.64808012193	1385.30004882813
1501.09827765772	1385.09997558594
1503.54772743471	1415.19995117188
1505.99642982421	1421.19995117188
1508.44438519723	1451.90002441406
1510.89159392446	1479.59997558594
1513.33805637625	1512.69995117188
1515.78377292266	1522.5
1518.22874393346	1529.80004882813
1520.67296977806	1543.59997558594
1523.11645082559	1515.40002441406
1525.55918744488	1479.40002441406
1528.00118000444	1464.09997558594
1530.44242887245	1433
1532.88293441684	1399.59997558594
1535.32269700517	1381.40002441406
1537.76171700475	1366.19995117188
1540.19999478255	1372.30004882813
1542.63753070526	1358.40002441406
1545.07432513925	1361.69995117188
1547.5103784506	1359.80004882813
1549.94569100509	1371.5
1552.38026316819	1361.90002441406
1554.8140953051	1360.69995117188
1557.24718778067	1355.69995117188
1559.67954095952	1370.69995117188
1562.11115520592	1348.09997558594
1564.54203088386	1355
1566.97216835704	1363.5
1569.40156798888	1362.69995117188
1571.83023014248	1370.09997558594
1574.25815518067	1369.5
1576.68534346597	1364.40002441406
1579.11179536062	1356.19995117188
1581.53751122658	1364.40002441406
1583.9624914255	1368.19995117188
1586.38673631876	1367
1588.81024626745	1352.09997558594
1591.23302163235	1362.69995117188
1593.655062774	1362.80004882813
1596.07637005262	1367
1598.49694382815	1363.59997558594
1600.91678446025	1355.69995117188
1603.33589230831	1365.69995117188
1605.75426773142	1360.09997558594
1608.1719110884	1366.5
1610.58882273779	1359.90002441406
1613.00500303784	1364.69995117188
1615.42045234654	1364.80004882813
1617.83517102158	1360.40002441406
1620.24915942039	1360.90002441406
1622.66241790012	1375.90002441406
1625.07494681764	1362.69995117188
1627.48674652954	1363.69995117188
1629.89781739216	1366.90002441406
1632.30815976152	1356.19995117188
1634.71777399343	1366.5
1637.12666044338	1363.09997558594
1639.53481946661	1363.69995117188
1641.94225141808	1364.19995117188
1644.34895665248	1371.5
1646.75493552424	1369.69995117188
1649.16018838752	1363.40002441406
1651.56471559621	1366.90002441406
1653.96851750392	1356
1656.37159446403	1378.90002441406
1658.7739468296	1369.09997558594
1661.17557495349	1368.5
1663.57647918824	1375.30004882813
1665.97665988617	1377.69995117188
1668.37611739929	1366.69995117188
1670.77485207939	1369.90002441406
1673.17286427799	1362.59997558594
1675.57015434633	1374.69995117188
1677.96672263542	1353.19995117188
1680.36256949598	1360.09997558594
1682.7576952785	1364.80004882813
1685.15210033318	1358.30004882813
1687.54578501	1362.40002441406
1689.93874965866	1362.69995117188
1692.33099462861	1361.69995117188
1694.72252026904	1352.30004882813
1697.11332692889	1354.59997558594
1699.50341495686	1352.09997558594
1701.89278470137	1363
1704.28143651061	1351.40002441406
1706.66937073251	1362.80004882813
1709.05658771473	1358.09997558594
1711.44308780473	1364
1713.82887134968	1352.09997558594
1716.21393869648	1340.09997558594
1718.59829019185	1346.5
1720.98192618221	1350.90002441406
1723.36484701374	1357.09997558594
1725.74705303238	1355.90002441406
1728.12854458384	1359
1730.50932201356	1351.5
1732.88938566673	1351.90002441406
1735.26873588834	1359.90002441406
1737.64737302307	1355.5
1740.02529741544	1360.09997558594
1742.40250940964	1362.40002441406
1744.77900934969	1365.80004882813
1747.15479757933	1365
1749.52987444206	1360.19995117188
1751.90424028116	1359.90002441406
1754.27789543967	1353
1756.65084026037	1359.30004882813
1759.02307508582	1354.09997558594
1761.39460025833	1349.69995117188
1763.76541612	1366.90002441406
1766.13552301265	1354
1768.50492127791	1364.19995117188
1770.87361125714	1361.59997558594
1773.2415932915	1354.40002441406
1775.60886772188	1369.30004882813
1777.97543488896	1367.30004882813
1780.34129513318	1362.80004882813
1782.70644879475	1366.5
1785.07089621365	1348.90002441406
1787.43463772964	1353.09997558594
1789.7976736822	1359.59997558594
1792.16000441066	1355.09997558594
1794.52163025405	1356.80004882813
1796.88255155121	1361.19995117188
1799.24276864074	1355.5
1801.60228186102	1357.09997558594
1803.96109155019	1363.69995117188
1806.31919804618	1367
1808.67660168668	1351.80004882813
1811.03330280916	1361.19995117188
1813.38930175088	1355.19995117188
1815.74459884884	1350.80004882813
1818.09919443984	1365.30004882813
1820.45308886047	1364.40002441406
1822.80628244708	1358
1825.1587755358	1355.59997558594
1827.51056846254	1364.69995117188
1829.86166156297	1362.5
1832.21205517258	1365.59997558594
1834.56174962661	1364
1836.91074526009	1362.80004882813
1839.25904240783	1364.19995117188
1841.60664140443	1365.5
1843.95354258425	1368.40002441406
1846.29974628146	1362.80004882813
1848.64525282998	1358.69995117188
1850.99006256356	1376.69995117188
1853.3341758157	1338.30004882813
1855.67759291968	1359.59997558594
1858.02031420858	1357.90002441406
1860.36234001528	1372.5
1862.70367067241	1351.80004882813
1865.04430651244	1359.30004882813
1867.38424786755	1357.90002441406
1869.72349506978	1349.5
1872.06204845094	1362
1874.39990834258	1360.59997558594
1876.73707507612	1363.5
1879.07354898269	1356.90002441406
1881.40933039328	1361.59997558594
1883.74441963861	1352.59997558594
1886.07881704925	1361
1888.41252295551	1360.90002441406
1890.74553768751	1367.80004882813
1893.07786157519	1368.90002441406
1895.40949494822	1355.90002441406
1897.74043813615	1363.30004882813
1900.07069146823	1359.19995117188
1902.40025527357	1363.09997558594
1904.72912988106	1356.69995117188
1907.05731561938	1362.59997558594
1909.38481281699	1361.5
1911.71162180217	1367.40002441406
1914.037742903	1372.30004882813
1916.36317644734	1362.90002441406
1918.68792276284	1362
1921.01198217697	1356.19995117188
1923.33535501699	1353.69995117188
1925.65804160996	1357.09997558594
1927.98004228273	1367.80004882813
1930.30135736196	1351.69995117188
1932.6219871741	1350
1934.94193204543	1358.30004882813
1937.26119230198	1358.80004882813
1939.57976826962	1353.09997558594
1941.89766027402	1355.69995117188
1944.21486864062	1360.40002441406
1946.53139369472	1360.5
1948.84723576137	1361.09997558594
1951.16239516543	1359.19995117188
1953.47687223159	1357.09997558594
1955.79066728434	1380.59997558594
1958.10378064794	1362.40002441406
1960.4162126465	1357.80004882813
1962.7279636039	1365.69995117188
1965.03903384385	1366.69995117188
1967.34942368987	1360.09997558594
1969.65913346524	1356.30004882813
1971.96816349311	1365
1974.2765140964	1354.5
1976.58418559784	1359
1978.89117831997	1368.30004882813
1981.19749258516	1351.69995117188
1983.50312871555	1363.19995117188
1985.80808703313	1367.09997558594
1988.11236785967	1368.59997558594
1990.41597151676	1359
1992.71889832581	1359.30004882813
1995.02114860801	1365.40002441406
1997.3227226844	1362.59997558594
1999.62362087581	1370.5
2001.92384350288	1359.69995117188
2004.22339088608	1366.59997558594
2006.52226334567	1357.80004882813
2008.82046120173	1358.09997558594
2011.11798477417	1369.09997558594
2013.41483438269	1356.90002441406
2015.71101034681	1362.19995117188
2018.00651298588	1366
2020.30134261905	1372.59997558594
2022.59549956528	1360.30004882813
2024.88898414337	1374.80004882813
2027.1817966719	1349
2029.4739374693	1369.90002441406
2031.76540685379	1374.40002441406
2034.05620514342	1363.40002441406
2036.34633265607	1355.59997558594
2038.6357897094	1357.90002441406
2040.92457662092	1378.59997558594
2043.21269370795	1365.80004882813
2045.50014128763	1360.69995117188
2047.78691967691	1364.40002441406
2050.07302919256	1363
2052.35847015118	1361.40002441406
2054.64324286919	1360.59997558594
2056.9273476628	1360.19995117188
2059.21078484808	1360.90002441406
2061.4935547409	1355.40002441406
2063.77565765696	1356.90002441406
2066.05709391176	1364.09997558594
2068.33786382065	1364.19995117188
2070.61796769879	1359.5
2072.89740586116	1367.90002441406
2075.17617862255	1371.5
2077.45428629759	1357.19995117188
2079.73172920075	1346.80004882813
2082.00850764627	1355.09997558594
2084.28462194827	1357.80004882813
2086.56007242065	1356
2088.83485937717	1365.5
2091.10898313139	1364.59997558594
2093.3824439967	1364
2095.65524228632	1371
2097.92737831328	1373
2100.19885239047	1361
2102.46966483057	1366.30004882813
2104.7398159461	1357.69995117188
2107.00930604941	1373.59997558594
2109.27813545267	1368.59997558594
2111.54630446787	1360.09997558594
2113.81381340685	1365.09997558594
2116.08066258126	1361.19995117188
2118.34685230257	1367.40002441406
2120.61238288211	1373.30004882813
2122.87725463099	1366.69995117188
2125.1414678602	1364.09997558594
2127.40502288052	1371.80004882813
2129.66792000257	1371.80004882813
2131.93015953682	1375.19995117188
2134.19174179353	1380.80004882813
2136.45266708282	1371.59997558594
2138.71293571463	1373.40002441406
2140.97254799873	1386.09997558594
2143.23150424473	1376.5
2145.48980476205	1367.80004882813
2147.74744985996	1375.40002441406
2150.00443984754	1367
2152.26077503373	1371.30004882813
2154.51645572728	1376.80004882813
2156.77148223677	1367.5
2159.02585487064	1381.90002441406
2161.27957393713	1376.09997558594
2163.53263974432	1376.19995117188
2165.78505260012	1383.59997558594
2168.0368128123	1383.19995117188
2170.28792068844	1368.59997558594
2172.53837653595	1363.09997558594
2174.78818066207	1359.30004882813
2177.03733337389	1359.09997558594
2179.28583497833	1370.90002441406
2181.53368578214	1372.80004882813
2183.78088609192	1367.69995117188
2186.02743621406	1357.09997558594
2188.27333645484	1362.69995117188
2190.51858712033	1371.40002441406
2192.76318851646	1367.80004882813
2195.00714094901	1369.09997558594
2197.25044472354	1364.90002441406
2199.49310014551	1361
2201.73510752018	1371.30004882813
2203.97646715265	1354.5
2206.21717934786	1370.5
2208.45724441058	1362.69995117188
2210.69666264543	1367
2212.93543435686	1357.90002441406
2215.17355984914	1363.69995117188
2217.41103942642	1364.19995117188
2219.64787339264	1363.09997558594
2221.8840620516	1355
2224.11960570695	1352.19995117188
2226.35450466215	1368.80004882813
2228.58875922051	1354.90002441406
2230.82236968518	1369.5
2233.05533635916	1357.09997558594
2235.28765954527	1363.69995117188
2237.51933954617	1357.40002441406
2239.75037666437	1365.30004882813
2241.98077120221	1367
2244.21052346188	1372.5
2246.4396337454	1361.09997558594
2248.66810235461	1375.09997558594
2250.89592959125	1359
2253.12311575681	1368.90002441406
2255.34966115272	1372.5
2257.57556608017	1363.80004882813
2259.80083084023	1354.59997558594
2262.02545573381	1366.19995117188
2264.24944106163	1360.90002441406
2266.47278712429	1372
2268.69549422221	1359.59997558594
2270.91756265564	1374.90002441406
2273.1389927247	1366.09997558594
2275.35978472934	1371.30004882813
2277.57993896933	1367.40002441406
2279.79945574431	1372.30004882813
2282.01833535375	1365.80004882813
2284.23657809696	1365
2286.45418427309	1359.5
2288.67115418114	1367.80004882813
2290.88748811995	1366.40002441406
2293.10318638819	1371.90002441406
2295.3182492844	1366.59997558594
2297.53267710693	1375.69995117188
2299.746470154	1366.5
2301.95962872364	1365.19995117188
2304.17215311376	1362
2306.3840436221	1374
2308.59530054621	1381.09997558594
2310.80592418354	1375.59997558594
2313.01591483134	1382.59997558594
2315.22527278673	1381.30004882813
2317.43399834666	1378.30004882813
2319.64209180791	1378.5
2321.84955346713	1366
2324.05638362079	1377
2326.26258256524	1365.90002441406
2328.46815059664	1374
2330.67308801098	1384.90002441406
2332.87739510415	1381.30004882813
2335.08107217184	1361.5
2337.2841195096	1370.40002441406
2339.48653741281	1358.5
2341.68832617672	1368.09997558594
2343.8894860964	1366
2346.09001746678	1358.80004882813
2348.28992058261	1369.69995117188
2350.48919573852	1362.19995117188
2352.68784322898	1351.09997558594
2354.88586334826	1364
2357.08325639055	1359.09997558594
2359.2800226498	1366
2361.47616241988	1350.19995117188
2363.67167599445	1372.30004882813
2365.86656366706	1359.30004882813
2368.06082573107	1351.30004882813
2370.2544624797	1367.09997558594
2372.44747420603	1366.40002441406
2374.63986120295	1380.30004882813
2376.83162376322	1364.40002441406
2379.02276217945	1357.80004882813
2381.21327674408	1363.69995117188
2383.4031677494	1358.59997558594
2385.59243548756	1357.80004882813
2387.78108025053	1360.59997558594
2389.96910233014	1360.30004882813
2392.15650201809	1360.80004882813
2394.34327960587	1354.5
2396.52943538486	1359.40002441406
2398.71496964628	1357.80004882813
2400.89988268118	1351.09997558594
2403.08417478048	1357.09997558594
2405.26784623491	1359.19995117188
2407.45089733509	1355.90002441406
2409.63332837146	1355.5
2411.81513963429	1352.19995117188
2413.99633141375	1360.80004882813
2416.1769039998	1353.19995117188
2418.35685768227	1356.30004882813
2420.53619275084	1359.40002441406
2422.71490949505	1353.80004882813
2424.89300820425	1355.40002441406
2427.07048916765	1347.69995117188
2429.24735267433	1351.90002441406
2431.42359901319	1355.59997558594
2433.59922847297	1361.59997558594
2435.7742413423	1355
2437.94863790961	1355.09997558594
2440.12241846321	1363.90002441406
2442.29558329121	1351
2444.46813268162	1352.09997558594
2446.64006692228	1343.59997558594
2448.81138630086	1351.90002441406
2450.98209110489	1354.59997558594
2453.15218162174	1356.30004882813
2455.32165813864	1355.80004882813
2457.49052094265	1358.40002441406
2459.65877032069	1361.30004882813
2461.8264065595	1368.80004882813
2463.99342994572	1355.80004882813
2466.15984076579	1357.90002441406
2468.325639306	1369.09997558594
2470.49082585251	1361.40002441406
2472.65540069131	1361
2474.81936410824	1371.69995117188
2476.98271638899	1350.40002441406
2479.14545781909	1359.90002441406
2481.30758868392	1367.90002441406
2483.4691092687	1363.80004882813
2485.63001985852	1363.90002441406
2487.79032073829	1354
2489.95001219277	1353.5
2492.10909450659	1350.09997558594
2494.26756796419	1358.19995117188
2496.42543284989	1355.69995117188
2498.58268944783	1359.5
2500.73933804202	1351.19995117188
2502.8953789163	1359.19995117188
2505.05081235436	1355.80004882813
2507.20563863974	1359.19995117188
2509.35985805582	1365.30004882813
2511.51347088583	1372.30004882813
2513.66647741285	1364.69995117188
2515.81887791981	1364.59997558594
2517.97067268946	1358.59997558594
2520.12186200443	1360.40002441406
2522.27244614716	1361.90002441406
2524.42242539999	1352.69995117188
2526.57180004504	1348.5
2528.72057036433	1359.19995117188
2530.8687366397	1353.80004882813
2533.01629915284	1368.59997558594
2535.16325818527	1352.59997558594
2537.30961401839	1356.69995117188
2539.45536693343	1349.5
2541.60051721145	1348.69995117188
2543.74506513338	1351.80004882813
2545.88901097997	1365.80004882813
2548.03235503185	1353.69995117188
2550.17509756946	1349
2552.31723887311	1353.59997558594
2554.45877922293	1342.59997558594
2556.59971889893	1355.40002441406
2558.74005818094	1354.90002441406
2560.87979734864	1344.59997558594
2563.01893668155	1353.19995117188
2565.15747645906	1350.90002441406
2567.29541696037	1352.40002441406
2569.43275846454	1343.19995117188
2571.56950125049	1351.80004882813
2573.70564559696	1343
2575.84119178254	1338.09997558594
2577.97614008569	1341.80004882813
2580.11049078468	1346.80004882813
2582.24424415764	1347.40002441406
2584.37740048255	1355.40002441406
2586.50996003722	1352.90002441406
2588.64192309931	1349.5
2590.77328994634	1356.90002441406
2592.90406085564	1345.40002441406
2595.03423610442	1352.5
2597.16381596971	1343.19995117188
2599.29280072839	1346.59997558594
2601.42119065719	1347.90002441406
2603.54898603267	1361.09997558594
2605.67618713125	1355.90002441406
2607.80279422919	1341.19995117188
2609.92880760257	1355.19995117188
2612.05422752735	1361.30004882813
2614.17905427932	1347.19995117188
2616.30328813408	1351.59997558594
2618.42692936713	1354.90002441406
2620.54997825377	1351.09997558594
2622.67243506915	1352.09997558594
2624.79430008828	1345.69995117188
2626.915573586	1356.80004882813
2629.03625583699	1357.19995117188
2631.15634711579	1357.09997558594
2633.27584769675	1364.09997558594
2635.39475785408	1360.59997558594
2637.51307786185	1350.80004882813
2639.63080799394	1360.80004882813
2641.74794852409	1357.40002441406
2643.86449972589	1361.5
2645.98046187273	1361.90002441406
2648.0958352379	1366.59997558594
2650.21062009449	1366.90002441406
2652.32481671544	1376.30004882813
2654.43842537353	1364.59997558594
2656.5514463414	1364.59997558594
2658.66387989151	1379.69995117188
2660.77572629616	1373.09997558594
2662.88698582751	1375.30004882813
2664.99765875753	1368.09997558594
2667.10774535806	1384.90002441406
2669.21724590076	1365.30004882813
2671.32616065714	1375.80004882813
2673.43448989857	1376.5
2675.5422338962	1365.19995117188
2677.64939292108	1370.80004882813
2679.75596724408	1365.40002441406
2681.86195713589	1354.40002441406
2683.96736286707	1354.69995117188
2686.07218470799	1359.59997558594
2688.17642292889	1353.19995117188
2690.28007779982	1345.90002441406
2692.38314959069	1355.69995117188
2694.48563857123	1350.80004882813
2696.58754501103	1342.90002441406
2698.6888691795	1349.80004882813
2700.78961134588	1356.19995117188
2702.8897717793	1348.59997558594
2704.98935074864	1345.19995117188
2707.08834852271	1349.19995117188
2709.18676537009	1347.80004882813
2711.28460155925	1346.09997558594
2713.38185735843	1360.5
2715.47853303577	1353.69995117188
2717.57462885924	1351.80004882813
2719.67014509659	1353.5
2721.76508201548	1340.90002441406
2723.85943988337	1341.5
2725.95321896754	1339.40002441406
2728.04641953515	1347.59997558594
2730.13904185316	1350.30004882813
2732.23108618837	1347.19995117188
2734.32255280744	1345.80004882813
2736.41344197683	1334.90002441406
2738.50375396288	1347.80004882813
2740.5934890317	1340.09997558594
2742.68264744932	1344.80004882813
2744.77122948153	1336.90002441406
2746.85923539398	1350.69995117188
2748.94666545217	1340.09997558594
2751.03351992142	1332.40002441406
2753.11979906688	1345.40002441406
2755.20550315355	1332.19995117188
2757.29063244624	1344.40002441406
2759.37518720963	1345.30004882813
2761.45916770819	1334.69995117188
2763.54257420625	1335.69995117188
2765.62540696797	1333.80004882813
2767.70766625733	1345.30004882813
2769.78935233816	1342.40002441406
2771.87046547413	1341.80004882813
2773.95100592869	1338.09997558594
2776.03097396519	1340.5
2778.11036984677	1333.19995117188
2780.18919383641	1343
2782.26744619693	1344.69995117188
2784.34512719097	1335.59997558594
2786.42223708102	1336.69995117188
2788.49877612937	1339.80004882813
2790.57474459816	1339.80004882813
2792.65014274937	1332.69995117188
2794.7249708448	1338.69995117188
2796.79922914607	1334.90002441406
2798.87291791465	1342.30004882813
2800.94603741181	1343.59997558594
2803.01858789869	1344.69995117188
2805.09056963623	1331.40002441406
2807.1619828852	1336
2809.23282790621	1338.69995117188
2811.30310495971	1338
2813.37281430593	1337.69995117188
2815.441956205	1338.30004882813
2817.51053091682	1346.40002441406
2819.57853870114	1350.80004882813
2821.64597981753	1340
2823.7128545254	1344.5
2825.77916308399	1341.59997558594
2827.84490575233	1338.59997558594
2829.91008278933	1337.90002441406
2831.97469445369	1356.69995117188
2834.03874100395	1341.09997558594
2836.10222269847	1320.09997558594
2838.16513979544	1346.09997558594
2840.22749255288	1347.09997558594
2842.28928122863	1338.80004882813
2844.35050608034	1344.09997558594
2846.41116736553	1334.69995117188
2848.47126534149	1337.40002441406
2850.53080026537	1349.5
2852.58977239414	1342.09997558594
2854.64818198459	1340.19995117188
2856.70602929332	1337.09997558594
2858.76331457678	1346.19995117188
2860.82003809123	1340.80004882813
2862.87620009274	1349.40002441406
2864.93180083723	1347.40002441406
2866.98684058043	1352.09997558594
2869.04131957789	1348
2871.09523808497	1360.19995117188
2873.14859635689	1356.59997558594
2875.20139464866	1348.90002441406
2877.2536332151	1348.80004882813
2879.30531231091	1353.19995117188
2881.35643219054	1358.80004882813
2883.40699310831	1350.90002441406
2885.45699531834	1358.5
2887.50643907457	1355.59997558594
2889.55532463077	1360.30004882813
2891.60365224053	1359.30004882813
2893.65142215724	1360.30004882813
2895.69863463414	1357.19995117188
2897.74528992426	1362.69995117188
2899.79138828046	1362
2901.83692995544	1363.40002441406
2903.88191520168	1370.30004882813
2905.92634427151	1367.90002441406
2907.97021741706	1363.5
2910.01353489027	1358.09997558594
2912.05629694294	1366.5
2914.09850382663	1364.59997558594
2916.14015579276	1356.40002441406
2918.18125309254	1373.09997558594
2920.22179597702	1374.5
2922.26178469705	1375.09997558594
2924.30121950329	1379.40002441406
2926.34010064624	1379.5
2928.37842837619	1360.80004882813
2930.41620294326	1394.69995117188
2932.45342459737	1373.80004882813
2934.49009358828	1386.09997558594
2936.52621016555	1386.5
2938.56177457854	1390.69995117188
2940.59678707645	1383.80004882813
2942.63124790827	1381.09997558594
2944.66515732282	1383.30004882813
2946.69851556873	1378.09997558594
2948.73132289443	1385.40002441406
2950.76357954817	1388.90002441406
2952.79528577803	1389.30004882813
2954.82644183188	1383.40002441406
2956.85704795741	1378.40002441406
2958.8871044021	1373.19995117188
2960.91661141328	1376.09997558594
2962.94556923807	1383.5
2964.97397812339	1373.40002441406
2967.00183831598	1380.30004882813
2969.0291500624	1371.80004882813
2971.05591360902	1379.80004882813
2973.08212920199	1383.09997558594
2975.1077970873	1379
2977.13291751074	1386.40002441406
2979.1574907179	1384.5
2981.18151695419	1389
2983.20499646482	1379.80004882813
2985.2279294948	1391.30004882813
2987.25031628898	1387.30004882813
2989.27215709199	1375.09997558594
2991.29345214825	1375.09997558594
2993.31420170204	1382.90002441406
2995.33440599738	1379.59997558594
2997.35406527816	1381.40002441406
2999.37317978802	1377.5
3001.39174977045	1386.09997558594
3003.40977546872	1387
3005.42725712591	1382.59997558594
3007.44419498491	1378.90002441406
3009.4605892884	1394.40002441406
3011.47644027889	1379.19995117188
3013.49174819865	1388.30004882813
3015.5065132898	1404.69995117188
3017.52073579424	1396.59997558594
3019.53441595366	1385
3021.54755400959	1399.30004882813
3023.56015020332	1402
3025.57220477598	1403.19995117188
3027.58371796846	1400
3029.5946900215	1417.40002441406
3031.6051211756	1413.09997558594
3033.61501167107	1414.59997558594
3035.62436174803	1413
3037.6331716464	1419.5
3039.64144160588	1409.90002441406
3041.649171866	1402.30004882813
3043.65636266607	1424.40002441406
3045.6630142452	1416.40002441406
3047.66912684229	1420.59997558594
3049.67470069605	1404.09997558594
3051.679736045	1411.5
3053.68423312742	1411.19995117188
3055.68819218143	1414.80004882813
3057.6916134449	1415.69995117188
3059.69449715556	1407.30004882813
3061.69684355086	1431.59997558594
3063.6986528681	1415.59997558594
3065.69992534437	1417.19995117188
3067.70066121653	1434.30004882813
3069.70086072126	1429.09997558594
3071.700524095	1439.69995117188
3073.69965157405	1436.19995117188
3075.69824339442	1431
3077.69629979197	1441.30004882813
3079.69382100235	1435.19995117188
3081.69080726098	1430.90002441406
3083.68725880307	1440.40002441406
3085.68317586366	1446.09997558594
3087.67855867755	1447.19995117188
3089.67340747933	1436.90002441406
3091.6677225034	1448.59997558594
3093.66150398392	1459.19995117188
3095.6547521549	1446.80004882813
3097.64746725006	1464.19995117188
3099.63964950297	1464.30004882813
3101.63129914698	1465.09997558594
3103.6224164152	1471.5
3105.61300154056	1479.40002441406
3107.60305475576	1458.90002441406
3109.59257629331	1463.30004882813
3111.58156638547	1478.5
3113.57002526432	1487.09997558594
3115.55795316172	1485.69995117188
3117.54535030932	1494
3119.53221693853	1496.09997558594
3121.51855328057	1502.09997558594
3123.50435956646	1506.30004882813
3125.48963602698	1495.59997558594
3127.4743828927	1528
3129.45860039397	1511.5
3131.44228876093	1517.19995117188
3133.42544822353	1510.30004882813
3135.40807901145	1513
3137.39018135418	1525.59997558594
3139.37175548102	1529.30004882813
3141.35280162101	1528.09997558594
3143.33332000299	1540.59997558594
3145.31331085559	1540.5
3147.2927744072	1539.40002441406
3149.27171088602	1532.40002441406
3151.25012052	1545.80004882813
3153.22800353689	1536.30004882813
3155.20536016422	1508.09997558594
3157.18219062929	1526.59997558594
3159.15849515918	1522.30004882813
3161.13427398075	1515.69995117188
3163.10952732066	1533.19995117188
3165.08425540532	1522.40002441406
3167.05845846092	1526.59997558594
3169.03213671344	1503.19995117188
3171.00529038863	1523.90002441406
3172.97791971203	1525.5
3174.95002490893	1506.59997558594
3176.92160620443	1511.69995117188
3178.89266382337	1510.40002441406
3180.8631979904	1504.69995117188
3182.83320892991	1506.30004882813
3184.80269686609	1497.19995117188
3186.77166202289	1486.69995117188
3188.74010462406	1498
3190.70802489307	1500.80004882813
3192.67542305323	1494.69995117188
3194.64229932757	1497.80004882813
3196.60865393892	1487.40002441406
3198.57448710987	1487.30004882813
3200.53979906279	1471.90002441406
3202.50459001981	1489
3204.46886020284	1490.69995117188
3206.43260983356	1500.69995117188
3208.39583913341	1489.80004882813
3210.35854832362	1477.90002441406
3212.32073762517	1473.19995117188
3214.28240725881	1469.59997558594
3216.24355744508	1479.40002441406
3218.20418840426	1483.09997558594
3220.16430035642	1478.90002441406
3222.12389352137	1488.5
3224.08296811873	1478.30004882813
3226.04152436784	1466.69995117188
3227.99956248784	1467.59997558594
3229.95708269762	1470.40002441406
3231.91408521584	1485.30004882813
3233.87057026092	1474
3235.82653805105	1484.59997558594
3237.78198880419	1476.59997558594
3239.73692273806	1475.90002441406
3241.69134007013	1468.5
3243.64524101764	1470.30004882813
3245.59862579761	1483.69995117188
3247.55149462681	1483.19995117188
3249.50384772176	1475
3251.45568529877	1466.80004882813
3253.40700757387	1471.40002441406
3255.35781476288	1485.5
3257.3081070814	1485.30004882813
3259.25788474473	1465.09997558594
3261.20714796799	1489.90002441406
3263.15589696602	1497.30004882813
3265.10413195345	1474.80004882813
3267.05185314463	1477.5
3268.9990607537	1467.5
3270.94575499455	1480
3272.89193608081	1468.69995117188
3274.8376042259	1473.30004882813
3276.78275964296	1471.30004882813
3278.72740254492	1481.30004882813
3280.67153314443	1482.69995117188
3282.61515165393	1473.30004882813
3284.55825828559	1468
3286.50085325135	1472
3288.44293676289	1470.90002441406
3290.38450903165	1476.30004882813
3292.32557026883	1472.59997558594
3294.26612068537	1466.40002441406
3296.20616049198	1467.19995117188
3298.14568989911	1468.59997558594
3300.08470911695	1471.69995117188
3302.02321835546	1464.69995117188
3303.96121782435	1463.5
3305.89870773306	1455.40002441406
3307.83568829081	1457.09997558594
3309.77215970655	1468.40002441406
3311.70812218898	1464.19995117188
3313.64357594655	1458.90002441406
3315.57852118747	1465.40002441406
3317.51295811968	1466.5
3319.44688695087	1453.09997558594
3321.38030788849	1448.30004882813
3323.31322113973	1468.19995117188
3325.24562691152	1465.69995117188
3327.17752541055	1467.69995117188
3329.10891684322	1471.69995117188
3331.03980141573	1473.90002441406
3332.97017933399	1470.90002441406
3334.90005080364	1462.80004882813
3336.82941603011	1458.90002441406
3338.75827521852	1474.90002441406
3340.68662857377	1461.69995117188
3342.6144763005	1451.30004882813
3344.54181860308	1458.19995117188
3346.46865568561	1452.90002441406
3348.39498775195	1452.59997558594
3350.32081500571	1465.80004882813
3352.24613765022	1455.80004882813
3354.17095588855	1461.40002441406
3356.09526992352	1463.69995117188
3358.01907995769	1462.90002441406
3359.94238619334	1468.19995117188
3361.86518883251	1468
3363.78748807697	1460.5
3365.70928412823	1469.30004882813
3367.63057718752	1467.5
3369.55136745582	1472.5
3371.47165513386	1455.59997558594
3373.39144042208	1468.40002441406
3375.31072352066	1455.5
3377.22950462953	1450.09997558594
3379.14778394834	1462.59997558594
3381.06556167648	1460.19995117188
3382.98283801308	1459.69995117188
3384.89961315697	1450.69995117188
3386.81588730676	1458.09997558594
3388.73166066076	1462.5
3390.64693341702	1446.69995117188
3392.56170577332	1456.90002441406
3394.47597792716	1452
3396.38975007581	1439.90002441406
3398.30302241623	1443.90002441406
3400.21579514512	1440
3402.1280684589	1452.69995117188
3404.03984255374	1444.59997558594
3405.95111762553	1452.30004882813
3407.86189386987	1441.40002441406
3409.77217148212	1443.40002441406
3411.68195065733	1435.30004882813
3413.5912315903	1445.09997558594
3415.50001447556	1435
3417.40829950735	1433.5
3419.31608687963	1445.30004882813
3421.22337678611	1429.19995117188
3423.1301694202	1433.30004882813
3425.03646497504	1430.69995117188
3426.9422636435	1425.09997558594
3428.84756561816	1422
3430.75237109135	1427.09997558594
3432.65668025508	1429.19995117188
3434.56049330112	1432.40002441406
3436.46381042093	1418.30004882813
3438.36663180571	1424.30004882813
3440.26895764638	1418.59997558594
3442.17078813357	1416.5
3444.07212345762	1413
3445.97296380863	1413.5
3447.87330937636	1418.80004882813
3449.77316035033	1408.59997558594
3451.67251691977	1407.19995117188
3453.57137927361	1408.69995117188
3455.46974760052	1395.59997558594
3457.36762208886	1403.30004882813
3459.26500292671	1404.09997558594
3461.16189030191	1389.40002441406
3463.05828440194	1399.90002441406
3464.95418541406	1404.59997558594
3466.84959352519	1402.30004882813
3468.74450892201	1393.30004882813
3470.63893179088	1384.5
3472.53286231788	1400.19995117188
3474.42630068881	1394.40002441406
3476.31924708918	1386.90002441406
3478.2117017042	1384
3480.1036647188	1385.40002441406
3481.99513631761	1396.80004882813
3483.88611668498	1369.09997558594
3485.77660600498	1383.30004882813
3487.66660446135	1376.80004882813
3489.55611223758	1373.40002441406
3491.44512951683	1371.59997558594
3493.333656482	1369.40002441406
3495.22169331568	1376.59997558594
3497.10924020016	1371.5
3498.99629731746	1361.59997558594
3500.88286484927	1365.69995117188
3502.76894297702	1364.19995117188
3504.65453188182	1355.80004882813
3506.53963174449	1362.69995117188
3508.42424274555	1353.40002441406
3510.30836506524	1339.19995117188
3512.19199888349	1359.19995117188
3514.07514437992	1348.69995117188
3515.95780173387	1353.40002441406
3517.83997112437	1354.09997558594
3519.72165273016	1350.59997558594
3521.60284672967	1352.90002441406
3523.48355330104	1352.19995117188
3525.36377262208	1357
3527.24350487035	1344.30004882813
3529.12275022306	1343.80004882813
3531.00150885715	1336.40002441406
3532.87978094923	1349
3534.75756667562	1347
3536.63486621235	1341.59997558594
3538.51167973512	1344.80004882813
3540.38800741934	1333.80004882813
3542.26384944011	1335.5
3544.13920597223	1348.30004882813
3546.01407719018	1328.19995117188
3547.88846326815	1339.30004882813
3549.76236438002	1335.30004882813
3551.63578069934	1332.40002441406
3553.50871239938	1332.90002441406
3555.38115965309	1329.80004882813
3557.25312263311	1330.19995117188
3559.12460151177	1321.5
3560.99559646109	1331.90002441406
3562.86610765279	1317.80004882813
3564.73613525825	1327.69995117188
3566.60567944857	1317.90002441406
3568.47474039453	1332.30004882813
3570.34331826658	1329.59997558594
3572.21141323487	1324.40002441406
3574.07902546925	1322.19995117188
3575.94615513922	1320.90002441406
3577.81280241401	1315.19995117188
3579.67896746249	1324
3581.54465045325	1316.19995117188
3583.40985155455	1317.5
3585.27457093432	1329.80004882813
3587.1388087602	1324.5
3589.00256519949	1321.90002441406
3590.86584041919	1312.30004882813
3592.72863458597	1325.5
3594.59094786618	1315.69995117188
3596.45278042585	1311.59997558594
3598.31413243069	1317.80004882813
3600.17500404611	1311
3602.03539543717	1326.5
3603.89530676861	1319.30004882813
3605.75473820488	1315.59997558594
3607.61368991007	1310.19995117188
3609.47216204797	1311.5
3611.33015478203	1321.90002441406
3613.18766827539	1302.5
3615.04470269087	1316
3616.90125819094	1310.09997558594
3618.75733493776	1308.09997558594
3620.61293309318	1315.19995117188
3622.46805281869	1307
3624.32269427547	1312.80004882813
3626.17685762439	1310.5
3628.03054302596	1313.59997558594
3629.88375064038	1305.5
3631.73648062751	1304.80004882813
3633.5887331469	1313.30004882813
3635.44050835775	1308
3637.29180641893	1310.40002441406
3639.14262748899	1314
3640.99297172614	1309.30004882813
3642.84283928828	1304.90002441406
3644.69223033294	1301.09997558594
3646.54114501734	1308.59997558594
3648.38958349836	1306.90002441406
3650.23754593256	1307.09997558594
3652.08503247614	1308.59997558594
3653.93204328497	1308.5
3655.77857851462	1303.5
3657.62463832028	1296.40002441406
3659.47022285682	1300.30004882813
3661.31533227877	1296.80004882813
3663.15996674033	1305.09997558594
3665.00412639535	1291.30004882813
3666.84781139736	1291.5
3668.69102189953	1296.80004882813
3670.5337580547	1296.19995117188
3672.37602001537	1303.19995117188
3674.21780793368	1304.80004882813
3676.05912196148	1306.40002441406
3677.89996225021	1303.40002441406
3679.74032895103	1299.5
3681.58022221471	1292.69995117188
3683.41964219171	1286.69995117188
3685.25858903211	1287.09997558594
3687.0970628857	1298.90002441406
3688.93506390186	1297.90002441406
3690.77259222968	1298.5
3692.60964801787	1286.40002441406
3694.44623141481	1289.59997558594
3696.28234256853	1290.30004882813
3698.11798162669	1284.5
3699.95314873665	1284.69995117188
3701.78784404537	1290.69995117188
3703.62206769951	1296.19995117188
3705.45581984533	1296.40002441406
3707.28910062877	1298.90002441406
3709.12191019542	1296.30004882813
3710.95424869052	1295.5
3712.78611625894	1288.69995117188
3714.6175130452	1296.09997558594
3716.44843919349	1290.30004882813
3718.27889484764	1284.09997558594
3720.1088801511	1292.5
3721.93839524699	1294.69995117188
3723.76744027808	1293.90002441406
3725.59601538677	1285.59997558594
3727.4241207151	1280.09997558594
