40.2973356941271	1159.40002441406
43.2236257608418	1172.09997558594
46.1488808466109	1190.09997558594
49.0731017336173	1207.30004882813
51.9962892025666	1230.19995117188
54.9184440327569	1255.90002441406
57.8395670020446	1280.59997558594
60.7596588868509	1329
63.6787204621708	1353.80004882813
66.5967525015794	1403.90002441406
69.5137557772381	1471.69995117188
72.4297310598838	1562.59997558594
75.3446791188512	1664.30004882813
78.2586007220466	1796
81.1714966360015	1967.40002441406
84.0833676258266	2177.39990234375
86.994214455242	2425.10009765625
89.9040378865662	2687.89990234375
92.8128386807427	2917.89990234375
95.7206175973133	3154
98.6273753944444	3339
101.533112828928	3403.89990234375
104.437830656161	3461.69995117188
107.34152963018	3509.39990234375
110.244210503676	3528.19995117188
113.145874027931	3503.80004882813
116.046520952895	3479.60009765625
118.946152027154	3467.80004882813
121.844767997933	3452.39990234375
124.74236961111	3471.60009765625
127.638957611212	3504.39990234375
130.534532741422	3470
133.429095743606	3509.19995117188
136.322647358252	3523.60009765625
139.215188324544	3548.10009765625
142.106719380311	3557.69995117188
144.997241262089	3514.80004882813
147.886754705057	3568.39990234375
150.775260443096	3585
153.662759208748	3592.19995117188
156.549251733282	3620.30004882813
159.434738746612	3621.10009765625
162.319220977376	3596.60009765625
165.20269915289	3608.60009765625
168.085173999178	3628
170.966646240977	3608
173.847116601709	3560.69995117188
176.726585803528	3558.30004882813
179.605054567295	3563.5
182.48252361259	3566.39990234375
185.358993657701	3540.19995117188
188.234465419645	3517.5
191.108939614183	3545.60009765625
193.982416955795	3524
196.854898157687	3548.5
199.726383931801	3537.69995117188
202.596874988835	3543.69995117188
205.466372038225	3544.30004882813
208.334875788145	3531.5
211.202386945534	3584.80004882813
214.068906216069	3575.60009765625
216.934434304194	3588.80004882813
219.798971913111	3575.5
222.662519744776	3594.30004882813
225.525078499925	3610
228.386648878069	3604.19995117188
231.247231577465	3618.60009765625
234.106827295172	3585.30004882813
236.965436727012	3597.10009765625
239.823060567597	3585
242.679699510337	3581.10009765625
245.535354247396	3581.80004882813
248.390025469775	3567.69995117188
251.243713867223	3567.89990234375
254.096420128327	3568.5
256.948144940459	3570.10009765625
259.798888989788	3577.89990234375
262.648652961315	3542.30004882813
265.49743753883	3582.39990234375
268.345243404939	3566
271.192071241073	3580.5
274.037921727485	3598.89990234375
276.882795543246	3595
279.72669336624	3628.5
282.569615873213	3660.19995117188
285.411563739724	3632.19995117188
288.252537640165	3673.89990234375
291.092538247763	3684.30004882813
293.931566234616	3701.69995117188
296.769622271633	3717.30004882813
299.606707028594	3667
302.442821174104	3709.5
305.277965375652	3690.5
308.112140299574	3750.89990234375
310.945346611062	3739.30004882813
313.777584974167	3744.39990234375
316.608856051813	3714.5
319.439160505797	3742.89990234375
322.268498996783	3724.19995117188
325.096872184303	3741.80004882813
327.924280726782	3723.30004882813
330.750725281521	3690.10009765625
333.576206504693	3728
336.400725051388	3742
339.224281575542	3725.80004882813
342.046876730026	3698.10009765625
344.868511166586	3703.5
347.689185535872	3676.80004882813
350.508900487421	3683.30004882813
353.327656669699	3684.89990234375
356.145454730079	3647.69995117188
358.962295314817	3712.60009765625
361.778179069105	3712
364.593106637051	3730.30004882813
367.407078661675	3705.19995117188
370.220095784913	3678.89990234375
373.032158647655	3718.19995117188
375.843267889676	3713.10009765625
378.653424149715	3753.5
381.462628065436	3767.80004882813
384.270880273432	3772.10009765625
387.078181409254	3782.30004882813
389.884532107358	3802.30004882813
392.689933001188	3789.10009765625
395.494384723112	3837.89990234375
398.29788790445	3887.10009765625
401.100443175488	3891
403.902051165437	3884.30004882813
406.702712502518	3835.60009765625
409.502427813866	3840.89990234375
412.301197725607	3906.10009765625
415.099022862823	3878.19995117188
417.89590384957	3864.5
420.691841308876	3853.80004882813
423.486835862752	3844.30004882813
426.280888132173	3858.60009765625
429.073998737112	3892.30004882813
431.866168296507	3863.89990234375
434.657397428298	3901.30004882813
437.447686749412	3849.19995117188
440.237036875762	3895.69995117188
443.025448422257	3884.39990234375
445.812922002813	3890.39990234375
448.599458230326	3923.39990234375
451.38505771672	3918.69995117188
454.169721072909	3863.19995117188
456.953448908819	3914.19995117188
459.736241833384	3890.80004882813
462.518100454555	3909.89990234375
465.2990253793	3911.60009765625
468.079017213605	3914.10009765625
470.858076562476	3961.30004882813
473.636204029939	3936.89990234375
476.41340021906	3942
479.189665731938	3940.60009765625
481.965001169667	3912.30004882813
484.739407132419	3925.19995117188
487.512884219391	3944.89990234375
490.285433028796	3935.69995117188
493.057054157921	3936
495.827748203087	3906.89990234375
498.597515759658	3989.39990234375
501.366357422061	3978.60009765625
504.134273783759	3974.60009765625
506.901265437278	3946.60009765625
509.66733297421	3964.30004882813
512.432476985198	3935.69995117188
515.196698059945	3965.5
517.959996787225	3985.5
520.722373754895	4000.5
523.483829549856	3990.30004882813
526.24436475811	4028.5
529.003979964696	4006.69995117188
531.762675753779	3988.60009765625
534.520452708569	4031.5
537.277311411375	3968.19995117188
540.03325244359	4027.19995117188
542.788276385682	3972.89990234375
545.54238381725	3982.39990234375
548.295575316938	4018.80004882813
551.047851462516	4032.39990234375
553.799212830831	4006.5
556.549659997851	3991.5
559.299193538643	3994
562.047814027381	3974.19995117188
564.795522037318	3987.10009765625
567.542318140861	3979.69995117188
570.288202909507	3990.30004882813
573.033176913873	3989.69995117188
575.7772407237	3961.5
578.520394907829	3994.60009765625
581.26264003424	4026.60009765625
584.003976670046	3984.5
586.744405381469	3988.10009765625
589.483926733869	4023.5
592.222541291746	4028.30004882813
594.96024961872	4017.39990234375
597.697052277563	4051.80004882813
600.432949830166	4050.80004882813
603.167942837587	4083.39990234375
605.902031860012	4054.80004882813
608.635217456783	4093.30004882813
611.367500186378	4063.30004882813
614.098880606429	4064
616.82935927374	4095.39990234375
619.558936744248	4091
622.287613573072	4078.5
625.015390314457	4068.5
627.742267521848	4075.19995117188
630.468245747829	4068.60009765625
633.193325544166	4100
635.917507461792	4073.39990234375
638.640792050804	4066.60009765625
641.36317986048	4092.10009765625
644.084671439281	4072.30004882813
646.805267334845	4072.80004882813
649.524968093967	4081.89990234375
652.24377426266	4055.89990234375
654.961686386106	4075.69995117188
657.678705008678	4121
660.394830673939	4057.60009765625
663.110063924628	4067.60009765625
665.824405302728	4075.60009765625
668.537855349351	4141.7001953125
671.250414604863	4135.60009765625
673.962083608812	4120.5
676.672862899949	4148.60009765625
679.382753016218	4129
682.091754494801	4153.2998046875
684.799867872061	4170.7001953125
687.507093683595	4167.2998046875
690.213432464198	4120.2001953125
692.918884747899	4171.39990234375
695.623451067937	4196.60009765625
698.327131956755	4127.7998046875
701.029927946065	4149.7001953125
703.731839566754	4238.2998046875
706.43286734896	4219.10009765625
709.133011822067	4228.89990234375
711.832273514658	4227.2001953125
714.53065295457	4193.7001953125
717.228150668879	4191.10009765625
719.924767183889	4180.2001953125
722.620503025148	4252.89990234375
725.315358717446	4234.89990234375
728.009334784827	4223.7998046875
730.702431750559	4206.10009765625
733.394650137188	4182.89990234375
736.085990466498	4218.7998046875
738.776453259519	4262.89990234375
741.466039036542	4192.2998046875
744.154748317125	4229.2001953125
746.842581620074	4236.7001953125
749.529539463458	4226.2998046875
752.215622364608	4180.7001953125
754.900830840131	4192.39990234375
757.585165405892	4273.2001953125
760.26862657703	4278
762.951214867957	4293.2998046875
765.632930792356	4251.2001953125
768.313774863181	4234.2998046875
770.993747592673	4271.7998046875
773.672849492359	4275.60009765625
776.351081073017	4281.60009765625
779.028442844757	4302.89990234375
781.704935316928	4256.10009765625
784.380558998208	4243
787.055314396528	4291.2998046875
789.729202019141	4271.7001953125
792.402222372581	4282.10009765625
795.074375962669	4283.2001953125
797.745663294537	4325.89990234375
800.416084872622	4340.7001953125
803.085641200652	4313.7001953125
805.754332781664	4334.39990234375
808.422160117986	4356.7998046875
811.089123711292	4294.10009765625
813.75522406252	4376.7998046875
816.420461671951	4282.39990234375
819.084837039164	4352.89990234375
821.748350663067	4370.89990234375
824.411003041866	4394.39990234375
827.072794673116	4397
829.733726053668	4441
832.39379767971	4425.39990234375
835.05301004674	4483.2001953125
837.711363649601	4484.39990234375
840.368858982457	4470.2998046875
843.025496538805	4528.7001953125
845.681276811467	4526.5
848.336200292618	4584.5
850.99026747375	4573.2998046875
853.643478845713	4577.7998046875
856.29583489868	4574.7998046875
858.947336122176	4569.10009765625
861.59798300506	4589.2001953125
864.247776035556	4594.2001953125
866.896715701222	4657.2998046875
869.544802488959	4648.5
872.192036885046	4667.5
874.838419375087	4660.89990234375
877.483950444054	4648.7001953125
880.128630576285	4673.89990234375
882.772460255461	4655.2998046875
885.415439964628	4647.10009765625
888.057570186211	4604.60009765625
890.698851401966	4621.89990234375
893.339284093045	4607.39990234375
895.978868739961	4542.39990234375
898.617605822596	4595.60009765625
901.255495820196	4632.89990234375
903.892539211396	4565.2998046875
906.528736474184	4582.7998046875
909.164088085949	4641.60009765625
911.798594523442	4616.10009765625
914.432256262804	4556.7998046875
917.065073779549	4590.7001953125
919.697047548589	4588
922.328178044212	4661.2998046875
924.9584657401	4650.60009765625
927.587911109317	4716.7001953125
930.216514624317	4697.7001953125
932.844276756963	4699.5
935.471197978488	4740.7001953125
938.097278759538	4704.7001953125
940.722519570163	4746.60009765625
943.346920879798	4821.7001953125
945.97048315729	4887.60009765625
948.593206870885	4953.5
951.215092488219	5027.5
953.836140476366	5092
956.456351301787	5172.5
959.07572543037	5207.2998046875
961.694263327369	5201.10009765625
964.311965457521	5267.2001953125
966.928832284933	5248
969.544864273135	5250.60009765625
972.160061885076	5223.2998046875
974.774425583129	5154.5
977.387955829099	5120
980.000653084196	5047.39990234375
982.612517809061	5068.10009765625
985.223550463768	5025.89990234375
987.833751507819	5114.39990234375
990.443121400135	5171.39990234375
993.051660599081	5183.60009765625
995.659369562449	5401.2001953125
998.266248747469	5502
1000.87229861081	5824
1003.47751960857	6107.7001953125
1006.0819121963	6373.2998046875
1008.68547682897	6327.60009765625
1011.28821396104	6095.2001953125
1013.89012404635	5820
1016.49120753824	5552.10009765625
1019.09146488947	5434.2998046875
1021.69089655226	5322
1024.28950297827	5268.89990234375
1026.88728461863	5210.7998046875
1029.48424192392	5210.7998046875
1032.08037534416	5115.7998046875
1034.67568532886	5140.39990234375
1037.27017232694	5133.39990234375
1039.86383678682	5100.7001953125
1042.45667915637	5097.2998046875
1045.04869988293	5125.39990234375
1047.6398994133	5136.7998046875
1050.23027819374	5090.60009765625
1052.81983666998	5137.2001953125
1055.40857528724	5113.39990234375
1057.99649449018	5163.39990234375
1060.58359472296	5124.89990234375
1063.1698764292	5149.89990234375
1065.755340052	5141.2998046875
1068.33998603393	5178.2001953125
1070.92381481706	5143.60009765625
1073.50682684291	5174.39990234375
1076.08902255251	5168.7998046875
1078.67040238637	5201.39990234375
1081.25096678445	5164.60009765625
1083.83071618624	5170.2001953125
1086.4096510307	5128.7001953125
1088.98777175629	5178.7001953125
1091.56507880094	5197.5
1094.14157260208	5136.2001953125
1096.71725359664	5223.39990234375
1099.29212222106	5156.10009765625
1101.86617891125	5245.39990234375
1104.43942410262	5227
1107.01185823011	5246.60009765625
1109.58348172812	5249
1112.15429503057	5275.39990234375
1114.7242985709	5310.5
1117.29349278203	5365.60009765625
1119.86187809642	5415.2001953125
1122.42945494599	5492.2001953125
1124.99622376222	5590.39990234375
1127.56218497606	5666.89990234375
1130.12733901801	5752.2998046875
1132.69168631804	5840.5
1135.25522730568	5915.7998046875
1137.81796240995	6038.39990234375
1140.37989205941	6224.60009765625
1142.9410166821	6501.7001953125
1145.50133670561	6904.60009765625
1148.06085255708	7357.60009765625
1150.61956466311	8207.2998046875
1153.17747344987	9081.099609375
1155.73457934305	10001.099609375
1158.29088276786	10361.599609375
1160.84638414903	9930.5
1163.40108391085	9028.7001953125
1165.95498247711	7926.2001953125
1168.50808027116	7075.2998046875
1171.06037771587	6573.7001953125
1173.61187523364	6259
1176.16257324643	6137
1178.71247217573	5991.2998046875
1181.26157244255	6000
1183.80987446746	5987.60009765625
1186.35737867059	6121.7001953125
1188.90408547157	6280.10009765625
1191.44999528961	6392.10009765625
1193.99510854347	6463.7998046875
1196.53942565142	6455.60009765625
1199.08294703133	6328
1201.62567310057	6105.2998046875
1204.16760427611	5954.89990234375
1206.70874097445	5854.89990234375
1209.24908361163	5772.7998046875
1211.78863260327	5696.10009765625
1214.32738836454	5737
1216.86535131017	5645.7998046875
1219.40252185445	5620.7998046875
1221.93890041121	5534.2001953125
1224.47448739389	5524.39990234375
1227.00928321544	5485.2001953125
1229.54328828842	5449.2998046875
1232.07650302491	5478.89990234375
1234.60892783662	5458.10009765625
1237.14056313477	5549.89990234375
1239.67140933017	5494.89990234375
1242.2014668332	5584.2998046875
1244.73073605384	5560.39990234375
1247.25921740159	5634.10009765625
1249.78691128558	5648.7001953125
1252.31381811448	5669.89990234375
1254.83993829655	5763.5
1257.36527223962	5861
1259.88982035112	5954.2001953125
1262.41358303803	5941.7998046875
1264.93656070696	6002.2001953125
1267.45875376405	6116.89990234375
1269.98016261505	6187.39990234375
1272.50078766531	6313.5
1275.02062931974	6321.89990234375
1277.53968798285	6348.60009765625
1280.05796405875	6179.2998046875
1282.57545795112	6041.89990234375
1285.09217006325	6052.89990234375
1287.60810079802	5952.2001953125
1290.12325055788	5903.10009765625
1292.63761974492	5943.2998046875
1295.15120876079	5938.7001953125
1297.66401800676	5929.2998046875
1300.17604788367	5983.10009765625
1302.687298792	5927.60009765625
1305.19777113181	5977.10009765625
1307.70746530274	5938.39990234375
1310.21638170408	5931.39990234375
1312.7245207347	5938.7001953125
1315.23188279307	5891.2998046875
1317.73846827728	5876.7998046875
1320.24427758502	5862.7998046875
1322.74931111359	5834.10009765625
1325.25356925991	5828.2001953125
1327.75705242051	5767.7001953125
1330.25976099151	5682.7998046875
1332.76169536868	5737.60009765625
1335.26285594737	5735.7998046875
1337.76324312256	5722.7998046875
1340.26285728887	5706.39990234375
1342.76169884052	5729.39990234375
1345.25976817132	5696.5
1347.75706567474	5716.7001953125
1350.25359174387	5778.60009765625
1352.74934677141	5757.2998046875
1355.24433114968	5777.60009765625
1357.73854527062	5742.2001953125
1360.23198952583	5768.60009765625
1362.7246643065	5696.60009765625
1365.21657000347	5688.5
1367.7077070072	5746.2998046875
1370.19807570777	5748.60009765625
1372.68767649492	5759
1375.176509758	5722.2998046875
1377.66457588599	5739.60009765625
1380.15187526753	5696.7998046875
1382.63840829087	5781.10009765625
1385.1241753439	5804.5
1387.60917681417	5795.7998046875
1390.09341308884	5858.60009765625
1392.57688455474	5910.10009765625
1395.05959159829	5851
1397.54153460562	5915.10009765625
1400.02271396243	5861.39990234375
1402.50313005414	5854.60009765625
1404.98278326576	5828.60009765625
1407.46167398196	5871.60009765625
1409.93980258707	5841.89990234375
1412.41716946504	5905.60009765625
1414.89377499951	5902.60009765625
1417.36961957373	5923
1419.84470357062	5905.2001953125
1422.31902737275	5960.2001953125
1424.79259136235	6002.2001953125
1427.26539592129	6016
1429.73744143111	6110.89990234375
1432.20872827299	6223
1434.67925682777	6275.7998046875
1437.14902747597	6389.60009765625
1439.61804059773	6508.89990234375
1442.0862965729	6525.7998046875
1444.55379578093	6630.7998046875
1447.02053860099	6605
1449.48652541188	6568.60009765625
1451.95175659206	6529.2001953125
1454.41623251969	6503.10009765625
1456.87995357255	6548
1459.34292012811	6474.2998046875
1461.80513256351	6434.60009765625
1464.26659125557	6379.7001953125
1466.72729658073	6382.39990234375
1469.18724891517	6321.10009765625
1471.64644863469	6453.7998046875
1474.10489611478	6346.60009765625
1476.5625917306	6443.2998046875
1479.01953585699	6389.39990234375
1481.47572886844	6434.10009765625
1483.93117113917	6433.2998046875
1486.38586304302	6535.5
1488.83980495354	6598.7001953125
1491.29299724395	6710.60009765625
1493.74544028715	6791.7998046875
1496.19713445573	7010.10009765625
1498.64808012193	7242.5
1501.09827765772	7645.10009765625
1503.54772743471	8026
1505.99642982421	8653.7998046875
1508.44438519723	9502.7998046875
1510.89159392446	10375.7998046875
1513.33805637625	11365.599609375
1515.78377292266	12137.900390625
1518.22874393346	12500
1520.67296977806	12454.5
1523.11645082559	11781.599609375
1525.55918744488	10958.7998046875
1528.00118000444	10011.5
1530.44242887245	8985.7998046875
1532.88293441684	8154
1535.32269700517	7534.7001953125
1537.76171700475	7037.10009765625
1540.19999478255	6860
1542.63753070526	6614.89990234375
1545.07432513925	6573.7998046875
1547.5103784506	6466.5
1549.94569100509	6401
1552.38026316819	6366.7001953125
1554.8140953051	6359.39990234375
1557.24718778067	6290.2001953125
1559.67954095952	6292.7998046875
1562.11115520592	6293.7998046875
1564.54203088386	6290.39990234375
1566.97216835704	6339.2001953125
1569.40156798888	6358.2001953125
1571.83023014248	6337.60009765625
1574.25815518067	6264.7001953125
1576.68534346597	6332.60009765625
1579.11179536062	6294.10009765625
1581.53751122658	6291.7998046875
1583.9624914255	6269.7001953125
1586.38673631876	6268.89990234375
1588.81024626745	6245.7001953125
1591.23302163235	6251.39990234375
1593.655062774	6277.5
1596.07637005262	6239.7998046875
1598.49694382815	6216.89990234375
1600.91678446025	6196.5
1603.33589230831	6211.60009765625
1605.75426773142	6209.39990234375
1608.1719110884	6187.2998046875
1610.58882273779	6165.89990234375
1613.00500303784	6168.60009765625
1615.42045234654	6183.89990234375
1617.83517102158	6105.10009765625
1620.24915942039	6173.10009765625
1622.66241790012	6169.10009765625
1625.07494681764	6146.39990234375
1627.48674652954	6181.39990234375
1629.89781739216	6226.2001953125
1632.30815976152	6146.10009765625
1634.71777399343	6212.7998046875
1637.12666044338	6247.7998046875
1639.53481946661	6261.60009765625
1641.94225141808	6269.2001953125
1644.34895665248	6405.2001953125
1646.75493552424	6402.7001953125
1649.16018838752	6432.39990234375
1651.56471559621	6587.60009765625
1653.96851750392	6683.7998046875
1656.37159446403	6810.2998046875
1658.7739468296	6801.7001953125
1661.17557495349	6733.5
1663.57647918824	6627.2998046875
1665.97665988617	6493.7998046875
1668.37611739929	6430.60009765625
1670.77485207939	6323.10009765625
1673.17286427799	6266.7001953125
1675.57015434633	6163.60009765625
1677.96672263542	6156.10009765625
1680.36256949598	6160.89990234375
1682.7576952785	6230.7001953125
1685.15210033318	6131.39990234375
1687.54578501	6132.2001953125
1689.93874965866	6111.2998046875
1692.33099462861	6113.60009765625
1694.72252026904	6111.2998046875
1697.11332692889	6090.7998046875
1699.50341495686	6087.10009765625
1701.89278470137	6092.7998046875
1704.28143651061	6072.5
1706.66937073251	6026.5
1709.05658771473	6054.60009765625
1711.44308780473	6098.2001953125
1713.82887134968	6038.10009765625
1716.21393869648	6022.5
1718.59829019185	6010.39990234375
1720.98192618221	6034.10009765625
1723.36484701374	6047.7001953125
1725.74705303238	5991.89990234375
1728.12854458384	6006.2001953125
1730.50932201356	6062
1732.88938566673	6051.89990234375
1735.26873588834	6064.10009765625
1737.64737302307	6029.89990234375
1740.02529741544	6073.10009765625
1742.40250940964	6109.5
1744.77900934969	6053.7998046875
1747.15479757933	6096.2001953125
1749.52987444206	6089.2001953125
1751.90424028116	6027.7998046875
1754.27789543967	6075.60009765625
1756.65084026037	6050.2001953125
1759.02307508582	6011
1761.39460025833	6011.2998046875
1763.76541612	6065.5
1766.13552301265	5969.39990234375
1768.50492127791	6079
1770.87361125714	6060.2998046875
1773.2415932915	6014.7001953125
1775.60886772188	5989.5
1777.97543488896	5995.2001953125
1780.34129513318	6046.39990234375
1782.70644879475	6035.60009765625
1785.07089621365	6009.7001953125
1787.43463772964	6008.7001953125
1789.7976736822	5983.60009765625
1792.16000441066	5986.2001953125
1794.52163025405	5970.10009765625
1796.88255155121	6029.60009765625
1799.24276864074	5977.2998046875
1801.60228186102	6035.2001953125
1803.96109155019	6003.2998046875
1806.31919804618	6030.2001953125
1808.67660168668	6020.7998046875
1811.03330280916	6054.39990234375
1813.38930175088	5988.60009765625
1815.74459884884	6092
1818.09919443984	6101.7001953125
1820.45308886047	6068.7998046875
1822.80628244708	6039
1825.1587755358	5998.89990234375
1827.51056846254	6017.89990234375
1829.86166156297	6048
1832.21205517258	6058.5
1834.56174962661	6052.60009765625
1836.91074526009	6041.2001953125
1839.25904240783	6018.10009765625
1841.60664140443	5980
1843.95354258425	5992.2001953125
1846.29974628146	6009.2998046875
1848.64525282998	5995
1850.99006256356	6005
1853.3341758157	6007.7998046875
1855.67759291968	5930.39990234375
1858.02031420858	6044.7001953125
1860.36234001528	6035.89990234375
1862.70367067241	5989.10009765625
1865.04430651244	5994.7998046875
1867.38424786755	5957.2998046875
1869.72349506978	6004
1872.06204845094	5966.2998046875
1874.39990834258	5963.7001953125
1876.73707507612	5977.89990234375
1879.07354898269	6000.39990234375
1881.40933039328	6018.7998046875
1883.74441963861	6034.2001953125
1886.07881704925	6074
1888.41252295551	5948.5
1890.74553768751	5946.39990234375
1893.07786157519	5902
1895.40949494822	5985.7001953125
1897.74043813615	5905.89990234375
1900.07069146823	5887.5
1902.40025527357	5937.10009765625
1904.72912988106	5947.5
1907.05731561938	5922.5
1909.38481281699	6007.7001953125
1911.71162180217	5885.7998046875
1914.037742903	5909.7001953125
1916.36317644734	6001.60009765625
1918.68792276284	5909
1921.01198217697	5915.39990234375
1923.33535501699	5933.10009765625
1925.65804160996	5962.2998046875
1927.98004228273	5914.60009765625
1930.30135736196	5956.7998046875
1932.6219871741	5925.7998046875
1934.94193204543	5950.2001953125
1937.26119230198	5886.2001953125
1939.57976826962	5970.2998046875
1941.89766027402	5889.89990234375
1944.21486864062	5950.89990234375
1946.53139369472	5914.39990234375
1948.84723576137	5902.39990234375
1951.16239516543	5936.60009765625
1953.47687223159	5929.7001953125
1955.79066728434	5885.10009765625
1958.10378064794	5896.89990234375
1960.4162126465	5878.10009765625
1962.7279636039	5952.7998046875
1965.03903384385	5913.60009765625
1967.34942368987	5928.2998046875
1969.65913346524	5956.10009765625
1971.96816349311	6022.5
1974.2765140964	5966
1976.58418559784	5938
1978.89117831997	5890.39990234375
1981.19749258516	5947.10009765625
1983.50312871555	5963
1985.80808703313	5912.89990234375
1988.11236785967	5887.10009765625
1990.41597151676	5934.2001953125
1992.71889832581	5952.2001953125
1995.02114860801	5988.60009765625
1997.3227226844	5934
1999.62362087581	5936.39990234375
2001.92384350288	5941.7001953125
2004.22339088608	5971.7998046875
2006.52226334567	5878.5
2008.82046120173	5976.5
2011.11798477417	5964.89990234375
2013.41483438269	5914.2001953125
2015.71101034681	5981.2001953125
2018.00651298588	5930.2998046875
2020.30134261905	5961.7001953125
2022.59549956528	5986.10009765625
2024.88898414337	5987.2998046875
2027.1817966719	5950.2998046875
2029.4739374693	5977.10009765625
2031.76540685379	5937.7001953125
2034.05620514342	5945.7001953125
2036.34633265607	5890.2001953125
2038.6357897094	5932.10009765625
2040.92457662092	5859.10009765625
2043.21269370795	5874.60009765625
2045.50014128763	5892.39990234375
2047.78691967691	5899.10009765625
2050.07302919256	5805.5
2052.35847015118	5840.2001953125
2054.64324286919	5832.7998046875
2056.9273476628	5798.10009765625
2059.21078484808	5763.2998046875
2061.4935547409	5793
2063.77565765696	5818.10009765625
2066.05709391176	5749.10009765625
2068.33786382065	5808
2070.61796769879	5802.5
2072.89740586116	5786.2001953125
2075.17617862255	5731.2998046875
2077.45428629759	5744.10009765625
2079.73172920075	5746.89990234375
2082.00850764627	5808.10009765625
2084.28462194827	5720.39990234375
2086.56007242065	5780.39990234375
2088.83485937717	5798.10009765625
2091.10898313139	5808.39990234375
2093.3824439967	5798.5
2095.65524228632	5805.60009765625
2097.92737831328	5853.60009765625
2100.19885239047	5802.5
2102.46966483057	5838.89990234375
2104.7398159461	5908.10009765625
2107.00930604941	5842.2001953125
2109.27813545267	5831.60009765625
2111.54630446787	5897.89990234375
2113.81381340685	5928.7998046875
2116.08066258126	5956.89990234375
2118.34685230257	5909.5
2120.61238288211	6024.2001953125
2122.87725463099	5998.5
2125.1414678602	5996
2127.40502288052	5973.7998046875
2129.66792000257	5961.7001953125
2131.93015953682	5937.39990234375
2134.19174179353	5877.39990234375
2136.45266708282	5922.89990234375
2138.71293571463	5963.10009765625
2140.97254799873	5972.39990234375
2143.23150424473	5917
2145.48980476205	6004.2001953125
2147.74744985996	6002.7001953125
2150.00443984754	5977.7998046875
2152.26077503373	6048.7001953125
2154.51645572728	6046.39990234375
2156.77148223677	6035.2998046875
2159.02585487064	6118.10009765625
2161.27957393713	6095.7998046875
2163.53263974432	6162.39990234375
2165.78505260012	6100.10009765625
2168.0368128123	6101.7998046875
2170.28792068844	6073.7001953125
2172.53837653595	5945.10009765625
2174.78818066207	5948.89990234375
2177.03733337389	5896.7001953125
2179.28583497833	5850.5
2181.53368578214	5846.39990234375
2183.78088609192	5831.89990234375
2186.02743621406	5890.7001953125
2188.27333645484	5811.10009765625
2190.51858712033	5770.2998046875
2192.76318851646	5701.89990234375
2195.00714094901	5759.89990234375
2197.25044472354	5725.7001953125
2199.49310014551	5735.5
2201.73510752018	5796.60009765625
2203.97646715265	5732.39990234375
2206.21717934786	5737.7998046875
2208.45724441058	5649.7998046875
2210.69666264543	5711.39990234375
2212.93543435686	5689.2998046875
2215.17355984914	5700.39990234375
2217.41103942642	5676.2998046875
2219.64787339264	5656.60009765625
2221.8840620516	5610.39990234375
2224.11960570695	5677.7001953125
2226.35450466215	5680
2228.58875922051	5644.7998046875
2230.82236968518	5718.5
2233.05533635916	5620.5
2235.28765954527	5672.10009765625
2237.51933954617	5649.60009765625
2239.75037666437	5660.5
2241.98077120221	5651.10009765625
2244.21052346188	5617.2001953125
2246.4396337454	5630.7001953125
2248.66810235461	5644.7998046875
2250.89592959125	5627.2998046875
2253.12311575681	5621.39990234375
2255.34966115272	5692.60009765625
2257.57556608017	5660.5
2259.80083084023	5690.10009765625
2262.02545573381	5673.39990234375
2264.24944106163	5637.60009765625
2266.47278712429	5622
2268.69549422221	5622.2001953125
2270.91756265564	5663.39990234375
2273.1389927247	5653.2001953125
2275.35978472934	5678.5
2277.57993896933	5705.60009765625
2279.79945574431	5752.2001953125
2282.01833535375	5708.2001953125
2284.23657809696	5759.89990234375
2286.45418427309	5779.7998046875
2288.67115418114	5737.39990234375
2290.88748811995	5796.10009765625
2293.10318638819	5793.89990234375
2295.3182492844	5761.7001953125
2297.53267710693	5879.10009765625
2299.746470154	5891.10009765625
2301.95962872364	5877.2998046875
2304.17215311376	5915
2306.3840436221	5970
2308.59530054621	6030.7998046875
2310.80592418354	6044.2001953125
2313.01591483134	5962.2998046875
2315.22527278673	6001.10009765625
2317.43399834666	5959.7001953125
2319.64209180791	5927.7001953125
2321.84955346713	5856.10009765625
2324.05638362079	5797
2326.26258256524	5836.7001953125
2328.46815059664	5737.10009765625
2330.67308801098	5661.10009765625
2332.87739510415	5708.89990234375
2335.08107217184	5727.2998046875
2337.2841195096	5597.39990234375
2339.48653741281	5707
2341.68832617672	5703.7998046875
2343.8894860964	5673.5
2346.09001746678	5715.60009765625
2348.28992058261	5698.89990234375
2350.48919573852	5678.7001953125
2352.68784322898	5702.39990234375
2354.88586334826	5690.89990234375
2357.08325639055	5604.7001953125
2359.2800226498	5599.10009765625
2361.47616241988	5567.10009765625
2363.67167599445	5580.89990234375
2365.86656366706	5518.39990234375
2368.06082573107	5510.2998046875
2370.2544624797	5555.60009765625
2372.44747420603	5527.60009765625
2374.63986120295	5464.7998046875
2376.83162376322	5481.2001953125
2379.02276217945	5413.7998046875
2381.21327674408	5457.2998046875
2383.4031677494	5434
2385.59243548756	5447.10009765625
2387.78108025053	5408.2998046875
2389.96910233014	5491.7998046875
2392.15650201809	5429.39990234375
2394.34327960587	5417.5
2396.52943538486	5394.7001953125
2398.71496964628	5417
2400.89988268118	5365.2001953125
2403.08417478048	5395.89990234375
2405.26784623491	5396.60009765625
2407.45089733509	5433.7998046875
2409.63332837146	5372.60009765625
2411.81513963429	5401.89990234375
2413.99633141375	5347.7001953125
2416.1769039998	5352.7001953125
2418.35685768227	5407.7001953125
2420.53619275084	5400.10009765625
2422.71490949505	5328
2424.89300820425	5368.2998046875
2427.07048916765	5407.89990234375
2429.24735267433	5402.7001953125
2431.42359901319	5399.2001953125
2433.59922847297	5428.2998046875
2435.7742413423	5381.7998046875
2437.94863790961	5371.5
2440.12241846321	5355.7998046875
2442.29558329121	5369
2444.46813268162	5365.60009765625
2446.64006692228	5326.7001953125
2448.81138630086	5356.7998046875
2450.98209110489	5321.10009765625
2453.15218162174	5337.89990234375
2455.32165813864	5368.89990234375
2457.49052094265	5364.2998046875
2459.65877032069	5347.2998046875
2461.8264065595	5401
2463.99342994572	5416.89990234375
2466.15984076579	5426
2468.325639306	5398.60009765625
2470.49082585251	5435.60009765625
2472.65540069131	5465
2474.81936410824	5446.60009765625
2476.98271638899	5444.2001953125
2479.14545781909	5498.2001953125
2481.30758868392	5432.7001953125
2483.4691092687	5516.60009765625
2485.63001985852	5488
2487.79032073829	5451
2489.95001219277	5359.2001953125
2492.10909450659	5390.60009765625
2494.26756796419	5400.2001953125
2496.42543284989	5374.10009765625
2498.58268944783	5340
2500.73933804202	5337.39990234375
2502.8953789163	5400.2998046875
2505.05081235436	5381.2001953125
2507.20563863974	5442.7998046875
2509.35985805582	5391.39990234375
2511.51347088583	5475.5
2513.66647741285	5460.7001953125
2515.81887791981	5467.7998046875
2517.97067268946	5532.10009765625
2520.12186200443	5530.5
2522.27244614716	5468.7998046875
2524.42242539999	5448
2526.57180004504	5451.7998046875
2528.72057036433	5400.5
2530.8687366397	5323.2001953125
2533.01629915284	5356.60009765625
2535.16325818527	5283.39990234375
2537.30961401839	5278.89990234375
2539.45536693343	5235.2998046875
2541.60051721145	5194.7001953125
2543.74506513338	5209.7998046875
2545.88901097997	5171.60009765625
2548.03235503185	5169.60009765625
2550.17509756946	5111.5
2552.31723887311	5114.5
2554.45877922293	5107.7998046875
2556.59971889893	5053.2001953125
2558.74005818094	5142.7998046875
2560.87979734864	5089.7998046875
2563.01893668155	5118.60009765625
2565.15747645906	5085.89990234375
2567.29541696037	5055
2569.43275846454	5092.89990234375
2571.56950125049	5041.7998046875
2573.70564559696	5139.2998046875
2575.84119178254	5051.10009765625
2577.97614008569	5007.89990234375
2580.11049078468	5053.2998046875
2582.24424415764	5054.7998046875
2584.37740048255	5083.5
2586.50996003722	5084.39990234375
2588.64192309931	5165.2998046875
2590.77328994634	5090.89990234375
2592.90406085564	5114
2595.03423610442	5134.2001953125
2597.16381596971	5102
2599.29280072839	5094.39990234375
2601.42119065719	5117.60009765625
2603.54898603267	5082.2998046875
2605.67618713125	5102.7001953125
2607.80279422919	5133
2609.92880760257	5115.7001953125
2612.05422752735	5145.89990234375
2614.17905427932	5114.2998046875
2616.30328813408	5114.2998046875
2618.42692936713	5179.5
2620.54997825377	5080.60009765625
2622.67243506915	5107.7998046875
2624.79430008828	5154.89990234375
2626.915573586	5130.60009765625
2629.03625583699	5208.2001953125
2631.15634711579	5158.7001953125
2633.27584769675	5217.60009765625
2635.39475785408	5202.2001953125
2637.51307786185	5241.89990234375
2639.63080799394	5274
2641.74794852409	5332.7001953125
2643.86449972589	5373.2001953125
2645.98046187273	5422
2648.0958352379	5424.2001953125
2650.21062009449	5465.7001953125
2652.32481671544	5561.7998046875
2654.43842537353	5516.10009765625
2656.5514463414	5612.7998046875
2658.66387989151	5709.7998046875
2660.77572629616	5698.7998046875
2662.88698582751	5767.2001953125
2664.99765875753	5839.2001953125
2667.10774535806	5845.7001953125
2669.21724590076	5827.7998046875
2671.32616065714	5780.10009765625
2673.43448989857	5791.60009765625
2675.5422338962	5699.89990234375
2677.64939292108	5614.7998046875
2679.75596724408	5529.7001953125
2681.86195713589	5503.39990234375
2683.96736286707	5425.7998046875
2686.07218470799	5334.5
2688.17642292889	5287.10009765625
2690.28007779982	5205.7001953125
2692.38314959069	5114.39990234375
2694.48563857123	5113.2001953125
2696.58754501103	5098.7998046875
2698.6888691795	5122
2700.78961134588	5091.10009765625
2702.8897717793	5101.39990234375
2704.98935074864	5075.89990234375
2707.08834852271	5067.5
2709.18676537009	5064.7998046875
2711.28460155925	5083.5
2713.38185735843	4990.89990234375
2715.47853303577	5054.2001953125
2717.57462885924	4985.10009765625
2719.67014509659	5048.10009765625
2721.76508201548	4975.7001953125
2723.85943988337	4972.89990234375
2725.95321896754	4949.2001953125
2728.04641953515	4946.60009765625
2730.13904185316	4925.60009765625
2732.23108618837	4936.5
2734.32255280744	4844.2001953125
2736.41344197683	4876.2001953125
2738.50375396288	4884.39990234375
2740.5934890317	4848.7001953125
2742.68264744932	4808.5
2744.77122948153	4784.2001953125
2746.85923539398	4786
2748.94666545217	4736.89990234375
2751.03351992142	4771.89990234375
2753.11979906688	4710.2998046875
2755.20550315355	4723.39990234375
2757.29063244624	4730.2001953125
2759.37518720963	4684.7001953125
2761.45916770819	4693.5
2763.54257420625	4753
2765.62540696797	4736.10009765625
2767.70766625733	4697
2769.78935233816	4702.5
2771.87046547413	4718.7001953125
2773.95100592869	4707.2998046875
2776.03097396519	4730.5
2778.11036984677	4704.60009765625
2780.18919383641	4733.60009765625
2782.26744619693	4702.89990234375
2784.34512719097	4708.10009765625
2786.42223708102	4738.7001953125
2788.49877612937	4742.7998046875
2790.57474459816	4718
2792.65014274937	4711.2998046875
2794.7249708448	4713
2796.79922914607	4720
2798.87291791465	4688.7998046875
2800.94603741181	4732.2001953125
2803.01858789869	4664.7001953125
2805.09056963623	4698.7001953125
2807.1619828852	4696.89990234375
2809.23282790621	4650
2811.30310495971	4682
2813.37281430593	4666.60009765625
2815.441956205	4648.2001953125
2817.51053091682	4684.60009765625
2819.57853870114	4750.39990234375
2821.64597981753	4711.10009765625
2823.7128545254	4714.39990234375
2825.77916308399	4740.7001953125
2827.84490575233	4747.7001953125
2829.91008278933	4805.10009765625
2831.97469445369	4779.7001953125
2834.03874100395	4832.2001953125
2836.10222269847	4897.7001953125
2838.16513979544	4908.2001953125
2840.22749255288	5045.10009765625
2842.28928122863	5244.5
2844.35050608034	5410.60009765625
2846.41116736553	5672.10009765625
2848.47126534149	5912
2850.53080026537	6054.89990234375
2852.58977239414	6107.5
2854.64818198459	6068.2001953125
2856.70602929332	6041.89990234375
2858.76331457678	5991.39990234375
2860.82003809123	5882.39990234375
2862.87620009274	5926.7998046875
2864.93180083723	5836.2001953125
2866.98684058043	5840.2001953125
2869.04131957789	5856
2871.09523808497	5951.7998046875
2873.14859635689	5926.2001953125
2875.20139464866	5975.60009765625
2877.2536332151	5955.5
2879.30531231091	5983.7998046875
2881.35643219054	5991.7998046875
2883.40699310831	6029.89990234375
2885.45699531834	6081.2998046875
2887.50643907457	6178.89990234375
2889.55532463077	6086.89990234375
2891.60365224053	6202.7998046875
2893.65142215724	6204.2998046875
2895.69863463414	6199
2897.74528992426	6257.7998046875
2899.79138828046	6189.7998046875
2901.83692995544	6243
2903.88191520168	6214.5
2905.92634427151	6260.89990234375
2907.97021741706	6160.10009765625
2910.01353489027	6213.7998046875
2912.05629694294	6224.89990234375
2914.09850382663	6186.7998046875
2916.14015579276	6258.5
2918.18125309254	6248.60009765625
2920.22179597702	6258.2001953125
2922.26178469705	6301.89990234375
2924.30121950329	6256.89990234375
2926.34010064624	6357.39990234375
2928.37842837619	6327.7001953125
2930.41620294326	6369.10009765625
2932.45342459737	6286.7001953125
2934.49009358828	6345.89990234375
2936.52621016555	6292
2938.56177457854	6241.39990234375
2940.59678707645	6127.2998046875
2942.63124790827	5970.89990234375
2944.66515732282	5884
2946.69851556873	5850.7001953125
2948.73132289443	5675.7998046875
2950.76357954817	5571.7001953125
2952.79528577803	5558.10009765625
2954.82644183188	5494
2956.85704795741	5490.39990234375
2958.8871044021	5487.10009765625
2960.91661141328	5401.39990234375
2962.94556923807	5388.2001953125
2964.97397812339	5313.10009765625
2967.00183831598	5270.7998046875
2969.0291500624	5202.2998046875
2971.05591360902	5178.39990234375
2973.08212920199	5181.2001953125
2975.1077970873	5073.39990234375
2977.13291751074	5074.5
2979.1574907179	5025.2998046875
2981.18151695419	4954.10009765625
2983.20499646482	4917.89990234375
2985.2279294948	4929.7998046875
2987.25031628898	4851.5
2989.27215709199	4849.5
2991.29345214825	4790.2001953125
2993.31420170204	4808.7998046875
2995.33440599738	4749.2001953125
2997.35406527816	4760.60009765625
2999.37317978802	4809.2001953125
3001.39174977045	4885
3003.40977546872	4862.5
3005.42725712591	4869.2998046875
3007.44419498491	4937.89990234375
3009.4605892884	4931.7001953125
3011.47644027889	4985.39990234375
3013.49174819865	4973.2001953125
3015.5065132898	4984
3017.52073579424	4984.2998046875
3019.53441595366	4910.39990234375
3021.54755400959	4909.89990234375
3023.56015020332	4769.2001953125
3025.57220477598	4771.2998046875
3027.58371796846	4723
3029.5946900215	4741.7001953125
3031.6051211756	4650.39990234375
3033.61501167107	4617.2998046875
3035.62436174803	4635.7001953125
3037.6331716464	4597
3039.64144160588	4583.5
3041.649171866	4527.5
3043.65636266607	4502.2998046875
3045.6630142452	4433.5
3047.66912684229	4398.60009765625
3049.67470069605	4416
3051.679736045	4406.2998046875
3053.68423312742	4355.89990234375
3055.68819218143	4398.7998046875
3057.6916134449	4362.60009765625
3059.69449715556	4344.39990234375
3061.69684355086	4352.10009765625
3063.6986528681	4322.10009765625
3065.69992534437	4287.2001953125
3067.70066121653	4288.5
3069.70086072126	4254.10009765625
3071.700524095	4258.7998046875
3073.69965157405	4248
3075.69824339442	4226.7998046875
3077.69629979197	4188.7998046875
3079.69382100235	4233.5
3081.69080726098	4202.10009765625
3083.68725880307	4155.2001953125
3085.68317586366	4154.2998046875
3087.67855867755	4102.60009765625
3089.67340747933	4137.7998046875
3091.6677225034	4148.60009765625
3093.66150398392	4149.39990234375
3095.6547521549	4157.89990234375
3097.64746725006	4133.60009765625
3099.63964950297	4110.5
3101.63129914698	4135.2998046875
3103.6224164152	4134.2998046875
3105.61300154056	4174.60009765625
3107.60305475576	4119.39990234375
3109.59257629331	4156.2001953125
3111.58156638547	4109.10009765625
3113.57002526432	4148.89990234375
3115.55795316172	4143.10009765625
3117.54535030932	4153
3119.53221693853	4117.5
3121.51855328057	4091.19995117188
3123.50435956646	4109.10009765625
3125.48963602698	4134.2998046875
3127.4743828927	4110.60009765625
3129.45860039397	4145.2998046875
3131.44228876093	4137.5
3133.42544822353	4128
3135.40807901145	4130.60009765625
3137.39018135418	4104.2001953125
3139.37175548102	4138.2001953125
3141.35280162101	4111
3143.33332000299	4079.30004882813
3145.31331085559	4107.2998046875
3147.2927744072	4058.10009765625
3149.27171088602	4081.60009765625
3151.25012052	4105.2998046875
3153.22800353689	4093
3155.20536016422	4109.7998046875
3157.18219062929	4122.2998046875
3159.15849515918	4091.80004882813
3161.13427398075	4076.30004882813
3163.10952732066	4102.89990234375
3165.08425540532	4075.5
3167.05845846092	4094.69995117188
3169.03213671344	4109
3171.00529038863	4098.7001953125
3172.97791971203	4092.89990234375
3174.95002490893	4146.5
3176.92160620443	4110.39990234375
3178.89266382337	4129.89990234375
3180.8631979904	4118.2998046875
3182.83320892991	4091.39990234375
3184.80269686609	4061.60009765625
3186.77166202289	4060.19995117188
3188.74010462406	4064.10009765625
3190.70802489307	4104.7001953125
3192.67542305323	4101.7998046875
3194.64229932757	4107.39990234375
3196.60865393892	4076.5
3198.57448710987	4070.39990234375
3200.53979906279	4099.39990234375
3202.50459001981	4092.5
3204.46886020284	4059.10009765625
3206.43260983356	4094.39990234375
3208.39583913341	4085.30004882813
3210.35854832362	4058
3212.32073762517	4099.60009765625
3214.28240725881	4082
3216.24355744508	4096
3218.20418840426	4079.69995117188
3220.16430035642	4077.10009765625
3222.12389352137	4069.60009765625
3224.08296811873	4096.89990234375
3226.04152436784	4092
3227.99956248784	4097.10009765625
3229.95708269762	4093.30004882813
3231.91408521584	4080.89990234375
3233.87057026092	4047.69995117188
3235.82653805105	4071.39990234375
3237.78198880419	4102.39990234375
3239.73692273806	4063.10009765625
3241.69134007013	4080.30004882813
3243.64524101764	4113.39990234375
3245.59862579761	4124.2998046875
3247.55149462681	4069
3249.50384772176	4056.39990234375
3251.45568529877	4104.10009765625
3253.40700757387	4117.89990234375
3255.35781476288	4080.39990234375
3257.3081070814	4093.19995117188
3259.25788474473	4077.19995117188
3261.20714796799	4084.10009765625
3263.15589696602	4113.2001953125
3265.10413195345	4106.7001953125
3267.05185314463	4089.10009765625
3268.9990607537	4102.89990234375
3270.94575499455	4127.89990234375
3272.89193608081	4121.5
3274.8376042259	4071.30004882813
3276.78275964296	4061.5
3278.72740254492	4048.69995117188
3280.67153314443	4119.10009765625
3282.61515165393	4110.2998046875
3284.55825828559	4077.69995117188
3286.50085325135	4055.10009765625
3288.44293676289	4084.80004882813
3290.38450903165	4089.19995117188
3292.32557026883	4059.89990234375
3294.26612068537	4038.69995117188
3296.20616049198	4058.30004882813
3298.14568989911	4014
3300.08470911695	4044.5
3302.02321835546	4022.19995117188
3303.96121782435	4060.89990234375
3305.89870773306	4036.39990234375
3307.83568829081	3982.60009765625
3309.77215970655	4034.10009765625
3311.70812218898	3996.89990234375
3313.64357594655	3986.60009765625
3315.57852118747	3987.80004882813
3317.51295811968	4019.60009765625
3319.44688695087	4004.19995117188
3321.38030788849	3972
3323.31322113973	3969.19995117188
3325.24562691152	3975.30004882813
3327.17752541055	3930
3329.10891684322	3922.5
3331.03980141573	3976.19995117188
3332.97017933399	3942.30004882813
3334.90005080364	3953
3336.82941603011	3946.30004882813
3338.75827521852	3943.89990234375
3340.68662857377	3927.69995117188
3342.6144763005	3914.30004882813
3344.54181860308	3969.5
3346.46865568561	3966.10009765625
3348.39498775195	3963
3350.32081500571	3940.39990234375
3352.24613765022	3957
3354.17095588855	3921.30004882813
3356.09526992352	3951
3358.01907995769	3985.10009765625
3359.94238619334	3938.19995117188
3361.86518883251	3896.30004882813
3363.78748807697	3935.5
3365.70928412823	3970.69995117188
3367.63057718752	3950.19995117188
3369.55136745582	3932.5
3371.47165513386	3908.60009765625
3373.39144042208	3891.30004882813
3375.31072352066	3896.69995117188
3377.22950462953	3915.19995117188
3379.14778394834	3928.10009765625
3381.06556167648	3884
3382.98283801308	3908.80004882813
3384.89961315697	3897.19995117188
3386.81588730676	3893.10009765625
3388.73166066076	3917.89990234375
3390.64693341702	3899.80004882813
3392.56170577332	3875.69995117188
3394.47597792716	3876.30004882813
3396.38975007581	3876.30004882813
3398.30302241623	3867.10009765625
3400.21579514512	3859.60009765625
3402.1280684589	3875.69995117188
3404.03984255374	3885.39990234375
3405.95111762553	3855.80004882813
3407.86189386987	3841.30004882813
3409.77217148212	3849.60009765625
3411.68195065733	3852.60009765625
3413.5912315903	3827.60009765625
3415.50001447556	3810.5
3417.40829950735	3831.89990234375
3419.31608687963	3837.69995117188
3421.22337678611	3818.10009765625
3423.1301694202	3840.80004882813
3425.03646497504	3815.60009765625
3426.9422636435	3796.10009765625
3428.84756561816	3837.60009765625
3430.75237109135	3786.5
3432.65668025508	3815.89990234375
3434.56049330112	3808
3436.46381042093	3809.10009765625
3438.36663180571	3817.60009765625
3440.26895764638	3792
3442.17078813357	3771.10009765625
3444.07212345762	3765.5
3445.97296380863	3766
3447.87330937636	3799.30004882813
3449.77316035033	3771.89990234375
3451.67251691977	3743.89990234375
3453.57137927361	3721.5
3455.46974760052	3722.19995117188
3457.36762208886	3761.30004882813
3459.26500292671	3743.19995117188
3461.16189030191	3726.5
3463.05828440194	3718.30004882813
3464.95418541406	3733.39990234375
3466.84959352519	3708
3468.74450892201	3738.30004882813
3470.63893179088	3717.5
3472.53286231788	3661
3474.42630068881	3669.39990234375
3476.31924708918	3711.69995117188
3478.2117017042	3661.69995117188
3480.1036647188	3669.80004882813
3481.99513631761	3673.19995117188
3483.88611668498	3689.60009765625
3485.77660600498	3670.80004882813
3487.66660446135	3661.89990234375
3489.55611223758	3660
3491.44512951683	3644.69995117188
3493.333656482	3585.80004882813
3495.22169331568	3621.89990234375
3497.10924020016	3532
3498.99629731746	3595.10009765625
3500.88286484927	3577.39990234375
3502.76894297702	3561.30004882813
3504.65453188182	3577.60009765625
3506.53963174449	3581.39990234375
3508.42424274555	3537.89990234375
3510.30836506524	3547.39990234375
3512.19199888349	3506.39990234375
3514.07514437992	3496.60009765625
3515.95780173387	3483
3517.83997112437	3457.19995117188
3519.72165273016	3490.80004882813
3521.60284672967	3471
3523.48355330104	3460.5
3525.36377262208	3471
3527.24350487035	3445.30004882813
3529.12275022306	3411.10009765625
3531.00150885715	3418.19995117188
3532.87978094923	3418.89990234375
3534.75756667562	3383.80004882813
3536.63486621235	3385.69995117188
3538.51167973512	3369
3540.38800741934	3370.80004882813
3542.26384944011	3349.19995117188
3544.13920597223	3327.89990234375
3546.01407719018	3356.5
3547.88846326815	3334.30004882813
3549.76236438002	3312.60009765625
3551.63578069934	3309.30004882813
3553.50871239938	3338.69995117188
3555.38115965309	3306.10009765625
3557.25312263311	3295.30004882813
3559.12460151177	3272.30004882813
3560.99559646109	3257.80004882813
3562.86610765279	3270.30004882813
3564.73613525825	3261
3566.60567944857	3256.80004882813
3568.47474039453	3243.80004882813
3570.34331826658	3247.89990234375
3572.21141323487	3260.10009765625
3574.07902546925	3221.30004882813
3575.94615513922	3227.80004882813
3577.81280241401	3279.10009765625
3579.67896746249	3227.60009765625
3581.54465045325	3233.39990234375
3583.40985155455	3237.19995117188
3585.27457093432	3241.39990234375
3587.1388087602	3198.69995117188
3589.00256519949	3190.10009765625
3590.86584041919	3210.19995117188
3592.72863458597	3207.10009765625
3594.59094786618	3191.39990234375
3596.45278042585	3224.80004882813
3598.31413243069	3187.39990234375
3600.17500404611	3123.69995117188
3602.03539543717	3150.10009765625
3603.89530676861	3125.80004882813
3605.75473820488	3127.89990234375
3607.61368991007	3166.69995117188
3609.47216204797	3138.69995117188
3611.33015478203	3139.10009765625
3613.18766827539	3155.89990234375
3615.04470269087	3114.60009765625
3616.90125819094	3114.30004882813
3618.75733493776	3122.30004882813
3620.61293309318	3135.30004882813
3622.46805281869	3149.30004882813
3624.32269427547	3090.39990234375
3626.17685762439	3120.5
3628.03054302596	3130.89990234375
3629.88375064038	3094.69995117188
3631.73648062751	3089.5
3633.5887331469	3070.69995117188
3635.44050835775	3019.60009765625
3637.29180641893	3056.39990234375
3639.14262748899	3044.89990234375
3640.99297172614	3086.19995117188
3642.84283928828	3017.39990234375
3644.69223033294	3032.5
3646.54114501734	3011
3648.38958349836	3028.89990234375
3650.23754593256	3008.30004882813
3652.08503247614	3011.30004882813
3653.93204328497	2980.19995117188
3655.77857851462	2999.10009765625
3657.62463832028	2988.80004882813
3659.47022285682	2986.69995117188
3661.31533227877	2965.69995117188
3663.15996674033	2962.39990234375
3665.00412639535	2948.39990234375
3666.84781139736	2950.39990234375
3668.69102189953	2920.30004882813
3670.5337580547	2914.80004882813
3672.37602001537	2921.69995117188
3674.21780793368	2930.30004882813
3676.05912196148	2946.80004882813
3677.89996225021	2903
3679.74032895103	2917.5
3681.58022221471	2916.10009765625
3683.41964219171	2895.5
3685.25858903211	2849.89990234375
3687.0970628857	2866.89990234375
3688.93506390186	2881.39990234375
3690.77259222968	2851.89990234375
3692.60964801787	2862.89990234375
3694.44623141481	2823.10009765625
3696.28234256853	2850.89990234375
3698.11798162669	2869.89990234375
3699.95314873665	2804.30004882813
3701.78784404537	2815.19995117188
3703.62206769951	2829.69995117188
3705.45581984533	2821.30004882813
3707.28910062877	2812.39990234375
3709.12191019542	2803.89990234375
3710.95424869052	2789.39990234375
3712.78611625894	2783.39990234375
3714.6175130452	2790.10009765625
3716.44843919349	2783.19995117188
3718.27889484764	2785.39990234375
3720.1088801511	2782.39990234375
3721.93839524699	2781.60009765625
3723.76744027808	2774
3725.59601538677	2767.39990234375
3727.4241207151	2797.5
