40.2973356941271	1162.30004882813
43.2236257608418	1179.30004882813
46.1488808466109	1204.80004882813
49.0731017336173	1222.30004882813
51.9962892025666	1249
54.9184440327569	1271.09997558594
57.8395670020446	1313.09997558594
60.7596588868509	1358.19995117188
63.6787204621708	1406.09997558594
66.5967525015794	1476.59997558594
69.5137557772381	1562.30004882813
72.4297310598838	1682.90002441406
75.3446791188512	1818.90002441406
78.2586007220466	2006
81.1714966360015	2246.39990234375
84.0833676258266	2538.10009765625
86.994214455242	2865.89990234375
89.9040378865662	3200.39990234375
92.8128386807427	3524.89990234375
95.7206175973133	3884.30004882813
98.6273753944444	4083.89990234375
101.533112828928	4271.39990234375
104.437830656161	4368.2001953125
107.34152963018	4420.2001953125
110.244210503676	4415.2001953125
113.145874027931	4458.2001953125
116.046520952895	4458.2998046875
118.946152027154	4466.2001953125
121.844767997933	4493.39990234375
124.74236961111	4537.2001953125
127.638957611212	4563.5
130.534532741422	4617
133.429095743606	4606.89990234375
136.322647358252	4650.39990234375
139.215188324544	4668.7001953125
142.106719380311	4705.10009765625
144.997241262089	4765.7998046875
147.886754705057	4754.2998046875
150.775260443096	4791.60009765625
153.662759208748	4826.39990234375
156.549251733282	4772.10009765625
159.434738746612	4866.7998046875
162.319220977376	4889.39990234375
165.20269915289	4888.2001953125
168.085173999178	4892
170.966646240977	4827.10009765625
173.847116601709	4912
176.726585803528	4849.7001953125
179.605054567295	4875.2001953125
182.48252361259	4839.39990234375
185.358993657701	4827.2001953125
188.234465419645	4795.89990234375
191.108939614183	4873.39990234375
193.982416955795	4857.39990234375
196.854898157687	4800.7998046875
199.726383931801	4863.5
202.596874988835	4860.2001953125
205.466372038225	4872.39990234375
208.334875788145	4897.7001953125
211.202386945534	4905.7001953125
214.068906216069	4971.89990234375
216.934434304194	5003.5
219.798971913111	5011.2001953125
222.662519744776	5021.10009765625
225.525078499925	4973.60009765625
228.386648878069	5045.10009765625
231.247231577465	5075.10009765625
234.106827295172	5004.39990234375
236.965436727012	4974.2998046875
239.823060567597	4995
242.679699510337	5024.5
245.535354247396	4961.5
248.390025469775	4967
251.243713867223	4977
254.096420128327	5006
256.948144940459	4966.5
259.798888989788	5019.2001953125
262.648652961315	4982
265.49743753883	5019.7998046875
268.345243404939	5038.7998046875
271.192071241073	5071.89990234375
274.037921727485	5111.39990234375
276.882795543246	5075
279.72669336624	5142.2001953125
282.569615873213	5142.39990234375
285.411563739724	5117.5
288.252537640165	5191.2998046875
291.092538247763	5239.60009765625
293.931566234616	5263.89990234375
296.769622271633	5259.2001953125
299.606707028594	5251.2001953125
302.442821174104	5272.2998046875
305.277965375652	5287.7001953125
308.112140299574	5303.2001953125
310.945346611062	5355
313.777584974167	5305.10009765625
316.608856051813	5342.60009765625
319.439160505797	5330
322.268498996783	5344.7001953125
325.096872184303	5391
327.924280726782	5361.7998046875
330.750725281521	5374.10009765625
333.576206504693	5309.89990234375
336.400725051388	5320.39990234375
339.224281575542	5320.7998046875
342.046876730026	5311.10009765625
344.868511166586	5292
347.689185535872	5336.2001953125
350.508900487421	5326.2001953125
353.327656669699	5305.2001953125
356.145454730079	5279.89990234375
358.962295314817	5342.7001953125
361.778179069105	5330.7001953125
364.593106637051	5291.2998046875
367.407078661675	5336.2998046875
370.220095784913	5336.60009765625
373.032158647655	5429.10009765625
375.843267889676	5435.2998046875
378.653424149715	5428.39990234375
381.462628065436	5429.39990234375
384.270880273432	5470.10009765625
387.078181409254	5500.89990234375
389.884532107358	5498.2998046875
392.689933001188	5583.60009765625
395.494384723112	5553.2998046875
398.29788790445	5604.89990234375
401.100443175488	5633.89990234375
403.902051165437	5596.5
406.702712502518	5553.5
409.502427813866	5575.2001953125
412.301197725607	5571.60009765625
415.099022862823	5567.39990234375
417.89590384957	5577.89990234375
420.691841308876	5595.5
423.486835862752	5589.39990234375
426.280888132173	5622.39990234375
429.073998737112	5614
431.866168296507	5599
434.657397428298	5582.5
437.447686749412	5620.7001953125
440.237036875762	5650.5
443.025448422257	5656.7001953125
445.812922002813	5659.10009765625
448.599458230326	5687.39990234375
451.38505771672	5611.60009765625
454.169721072909	5669
456.953448908819	5650.2001953125
459.736241833384	5668.60009765625
462.518100454555	5743.39990234375
465.2990253793	5718.2998046875
468.079017213605	5707.7998046875
470.858076562476	5764.7001953125
473.636204029939	5742.2998046875
476.41340021906	5717.10009765625
479.189665731938	5753.60009765625
481.965001169667	5729.7001953125
484.739407132419	5717.89990234375
487.512884219391	5807.89990234375
490.285433028796	5726.2998046875
493.057054157921	5778.60009765625
495.827748203087	5749.10009765625
498.597515759658	5784.2001953125
501.366357422061	5800.10009765625
504.134273783759	5844.2998046875
506.901265437278	5803
509.66733297421	5828.7998046875
512.432476985198	5790.7001953125
515.196698059945	5832.7998046875
517.959996787225	5846.10009765625
520.722373754895	5824.5
523.483829549856	5854.5
526.24436475811	5880.7001953125
529.003979964696	5905.10009765625
531.762675753779	5839.7998046875
534.520452708569	5841.5
537.277311411375	5855.89990234375
540.03325244359	5846.2001953125
542.788276385682	5770.89990234375
545.54238381725	5820.60009765625
548.295575316938	5810.39990234375
551.047851462516	5864.39990234375
553.799212830831	5821.7001953125
556.549659997851	5786
559.299193538643	5796.2998046875
562.047814027381	5811.89990234375
564.795522037318	5842.2998046875
567.542318140861	5839.60009765625
570.288202909507	5806.2001953125
573.033176913873	5804.10009765625
575.7772407237	5828.10009765625
578.520394907829	5829.7001953125
581.26264003424	5878.10009765625
584.003976670046	5874.7001953125
586.744405381469	5857
589.483926733869	5891.2998046875
592.222541291746	5945
594.96024961872	5902.5
597.697052277563	5934.5
600.432949830166	5938.60009765625
603.167942837587	5984.89990234375
605.902031860012	5989.7001953125
608.635217456783	6019
611.367500186378	5974.2998046875
614.098880606429	5991.60009765625
616.82935927374	6060.39990234375
619.558936744248	6049.5
622.287613573072	6097.2001953125
625.015390314457	6043.60009765625
627.742267521848	6025.89990234375
630.468245747829	6051
633.193325544166	6036
635.917507461792	6051.2998046875
638.640792050804	6006.89990234375
641.36317986048	6022.89990234375
644.084671439281	6055
646.805267334845	5991.10009765625
649.524968093967	6041.7001953125
652.24377426266	6038.2001953125
654.961686386106	6067.7001953125
657.678705008678	6086.7998046875
660.394830673939	6059.89990234375
663.110063924628	6094.60009765625
665.824405302728	6236.39990234375
668.537855349351	6539.89990234375
671.250414604863	6144.7001953125
673.962083608812	6107.7001953125
676.672862899949	6074
679.382753016218	6148.2001953125
682.091754494801	6101.89990234375
684.799867872061	6140.60009765625
687.507093683595	6185.5
690.213432464198	6173.2001953125
692.918884747899	6158.60009765625
695.623451067937	6204.60009765625
698.327131956755	6151.2998046875
701.029927946065	6272.2001953125
703.731839566754	6263.10009765625
706.43286734896	6273
709.133011822067	6271.39990234375
711.832273514658	6243.7001953125
714.53065295457	6255.60009765625
717.228150668879	6247.10009765625
719.924767183889	6279
722.620503025148	6299.2001953125
725.315358717446	6265.7001953125
728.009334784827	6288.60009765625
730.702431750559	6220.10009765625
733.394650137188	6244.2998046875
736.085990466498	6243.60009765625
738.776453259519	6242.7998046875
741.466039036542	6283.2998046875
744.154748317125	6229.2001953125
746.842581620074	6268.39990234375
749.529539463458	6274.7998046875
752.215622364608	6228.7001953125
754.900830840131	6269.2001953125
757.585165405892	6328.2998046875
760.26862657703	6316.7998046875
762.951214867957	6262.2001953125
765.632930792356	6318
768.313774863181	6332.5
770.993747592673	6309.7998046875
773.672849492359	6324.7998046875
776.351081073017	6324.2998046875
779.028442844757	6323.10009765625
781.704935316928	6392.89990234375
784.380558998208	6364.5
787.055314396528	6361.39990234375
789.729202019141	6331.60009765625
792.402222372581	6417.2001953125
795.074375962669	6417.39990234375
797.745663294537	6463.39990234375
800.416084872622	6411.7001953125
803.085641200652	6475.60009765625
805.754332781664	6441.2001953125
808.422160117986	6462.2001953125
811.089123711292	6416.7998046875
813.75522406252	6543
816.420461671951	6492.5
819.084837039164	6473.39990234375
821.748350663067	6517
824.411003041866	6520.7998046875
827.072794673116	6598.60009765625
829.733726053668	6594.7001953125
832.39379767971	6593.2001953125
835.05301004674	6622.10009765625
837.711363649601	6614.2998046875
840.368858982457	6651.39990234375
843.025496538805	6744.7998046875
845.681276811467	6694
848.336200292618	6719.7998046875
850.99026747375	6808.10009765625
853.643478845713	6729.7998046875
856.29583489868	6797.7998046875
858.947336122176	6814.60009765625
861.59798300506	6783.5
864.247776035556	6847.7998046875
866.896715701222	6905.2998046875
869.544802488959	6932.2998046875
872.192036885046	6957.89990234375
874.838419375087	6960
877.483950444054	6926.7998046875
880.128630576285	6943.10009765625
882.772460255461	6937
885.415439964628	6926.2998046875
888.057570186211	6964.7998046875
890.698851401966	6946.60009765625
893.339284093045	6971.10009765625
895.978868739961	6906.7998046875
898.617605822596	6845.2998046875
901.255495820196	6839.5
903.892539211396	6891.60009765625
906.528736474184	6871.7998046875
909.164088085949	6897.2998046875
911.798594523442	6888.5
914.432256262804	6859.89990234375
917.065073779549	6844.7001953125
919.697047548589	6899.89990234375
922.328178044212	6925.5
924.9584657401	6994.10009765625
927.587911109317	6977.10009765625
930.216514624317	6998.7998046875
932.844276756963	6977.2998046875
935.471197978488	7088.89990234375
938.097278759538	7025.10009765625
940.722519570163	7109.39990234375
943.346920879798	7264.7001953125
945.97048315729	7345.2998046875
948.593206870885	7442.10009765625
951.215092488219	7565.60009765625
953.836140476366	7675.7001953125
956.456351301787	7798.2998046875
959.07572543037	7820
961.694263327369	7908
964.311965457521	7959
966.928832284933	7947.7001953125
969.544864273135	7881.89990234375
972.160061885076	7858.60009765625
974.774425583129	7738.2001953125
977.387955829099	7717
980.000653084196	7694.60009765625
982.612517809061	7598.5
985.223550463768	7667.7001953125
987.833751507819	7745.5
990.443121400135	7886.7998046875
993.051660599081	7972.2998046875
995.659369562449	8221.2001953125
998.266248747469	8440.7001953125
1000.87229861081	8927.2001953125
1003.47751960857	9598.2001953125
1006.0819121963	9833.099609375
1008.68547682897	9789.599609375
1011.28821396104	9443.900390625
1013.89012404635	8969
1016.49120753824	8569.7998046875
1019.09146488947	8398.5
1021.69089655226	8194.099609375
1024.28950297827	7995.2998046875
1026.88728461863	7956.2001953125
1029.48424192392	7939.2001953125
1032.08037534416	7842.2001953125
1034.67568532886	7770.2998046875
1037.27017232694	7762.7001953125
1039.86383678682	7807.10009765625
1042.45667915637	7674.39990234375
1045.04869988293	7786.60009765625
1047.6398994133	7712.7998046875
1050.23027819374	7732.60009765625
1052.81983666998	7705.2998046875
1055.40857528724	7727
1057.99649449018	7756.7998046875
1060.58359472296	7818.39990234375
1063.1698764292	7676.89990234375
1065.755340052	7759.7001953125
1068.33998603393	7790.7998046875
1070.92381481706	7749.5
1073.50682684291	7862.10009765625
1076.08902255251	7812.2998046875
1078.67040238637	7779
1081.25096678445	7807.10009765625
1083.83071618624	7844.39990234375
1086.4096510307	7790.2998046875
1088.98777175629	7805.7001953125
1091.56507880094	7833.89990234375
1094.14157260208	7904.2001953125
1096.71725359664	7926.7001953125
1099.29212222106	7918.10009765625
1101.86617891125	7977
1104.43942410262	7956.2001953125
1107.01185823011	8000.7001953125
1109.58348172812	8037.60009765625
1112.15429503057	8058.10009765625
1114.7242985709	8074.39990234375
1117.29349278203	8246.400390625
1119.86187809642	8265.099609375
1122.42945494599	8456
1124.99622376222	8659.2998046875
1127.56218497606	8737
1130.12733901801	8886.400390625
1132.69168631804	9044.2998046875
1135.25522730568	9235.7998046875
1137.81796240995	9440.900390625
1140.37989205941	9685.2998046875
1142.9410166821	10072.2998046875
1145.50133670561	10747.5
1148.06085255708	11721.2001953125
1150.61956466311	13065
1153.17747344987	14609.099609375
1155.73457934305	16019.7001953125
1158.29088276786	16735.5
1160.84638414903	15928.2001953125
1163.40108391085	14433.599609375
1165.95498247711	12589.599609375
1168.50808027116	11257.5
1171.06037771587	10248.099609375
1173.61187523364	9835.900390625
1176.16257324643	9544.900390625
1178.71247217573	9411.599609375
1181.26157244255	9272.5
1183.80987446746	9321.2001953125
1186.35737867059	9499.2998046875
1188.90408547157	9817.2001953125
1191.44999528961	9993.2001953125
1193.99510854347	10125.900390625
1196.53942565142	10058.7998046875
1199.08294703133	9812.099609375
1201.62567310057	9510.2001953125
1204.16760427611	9267.900390625
1206.70874097445	9070.7998046875
1209.24908361163	8850.5
1211.78863260327	8795
1214.32738836454	8818.099609375
1216.86535131017	8748.400390625
1219.40252185445	8641.5
1221.93890041121	8574.2998046875
1224.47448739389	8390.900390625
1227.00928321544	8466.599609375
1229.54328828842	8358.2998046875
1232.07650302491	8433.400390625
1234.60892783662	8356.2001953125
1237.14056313477	8500.2998046875
1239.67140933017	8440.7998046875
1242.2014668332	8457.7998046875
1244.73073605384	8451.400390625
1247.25921740159	8652.400390625
1249.78691128558	8601.599609375
1252.31381811448	8644.900390625
1254.83993829655	8821.099609375
1257.36527223962	8893.7001953125
1259.88982035112	9043.900390625
1262.41358303803	9144.7001953125
1264.93656070696	9171.2001953125
1267.45875376405	9349.7001953125
1269.98016261505	9431.2998046875
1272.50078766531	9552
1275.02062931974	9709.599609375
1277.53968798285	9737
1280.05796405875	9557.7998046875
1282.57545795112	9276.2998046875
1285.09217006325	9286
1287.60810079802	9122.099609375
1290.12325055788	9058.2998046875
1292.63761974492	8995.599609375
1295.15120876079	9026
1297.66401800676	9098.099609375
1300.17604788367	9085
1302.687298792	8998.7001953125
1305.19777113181	9095.2998046875
1307.70746530274	9043
1310.21638170408	9099.900390625
1312.7245207347	9155.599609375
1315.23188279307	8938.099609375
1317.73846827728	8907.7998046875
1320.24427758502	8939.7998046875
1322.74931111359	9000.5
1325.25356925991	8878.099609375
1327.75705242051	8853.599609375
1330.25976099151	8855.099609375
1332.76169536868	8806.099609375
1335.26285594737	8855.400390625
1337.76324312256	8753.5
1340.26285728887	8788.099609375
1342.76169884052	8866.7001953125
1345.25976817132	8806.2998046875
1347.75706567474	8825.099609375
1350.25359174387	8885.900390625
1352.74934677141	8865.7998046875
1355.24433114968	8878.2001953125
1357.73854527062	8861
1360.23198952583	8798.2998046875
1362.7246643065	8889.900390625
1365.21657000347	8840.599609375
1367.7077070072	8837.400390625
1370.19807570777	8871.2001953125
1372.68767649492	8899
1375.176509758	8858.2998046875
1377.66457588599	8896.2001953125
1380.15187526753	8907.2001953125
1382.63840829087	9039.2001953125
1385.1241753439	8900.099609375
1387.60917681417	9084.099609375
1390.09341308884	9160.099609375
1392.57688455474	9140.400390625
1395.05959159829	9142
1397.54153460562	9174.5
1400.02271396243	9171.2001953125
1402.50313005414	9046.7998046875
1404.98278326576	9144.400390625
1407.46167398196	9059.900390625
1409.93980258707	9122.5
1412.41716946504	9281.900390625
1414.89377499951	9136.099609375
1417.36961957373	9186.599609375
1419.84470357062	9151.7998046875
1422.31902737275	9308.7998046875
1424.79259136235	9312.400390625
1427.26539592129	9326.400390625
1429.73744143111	9443.2001953125
1432.20872827299	9511.900390625
1434.67925682777	9623.2998046875
1437.14902747597	9749.400390625
1439.61804059773	9866.599609375
1442.0862965729	9970.2001953125
1444.55379578093	10094.099609375
1447.02053860099	10198.7998046875
1449.48652541188	10010.7998046875
1451.95175659206	10017.2998046875
1454.41623251969	10049.099609375
1456.87995357255	10046.7998046875
1459.34292012811	9923.2001953125
1461.80513256351	9896.400390625
1464.26659125557	9904
1466.72729658073	9840.2001953125
1469.18724891517	9817.599609375
1471.64644863469	9924
1474.10489611478	9942
1476.5625917306	10032.400390625
1479.01953585699	10114.7001953125
1481.47572886844	10014.2998046875
1483.93117113917	10230.599609375
1486.38586304302	10255
1488.83980495354	10387.900390625
1491.29299724395	10606.5
1493.74544028715	10741.5
1496.19713445573	11126.5
1498.64808012193	11563.400390625
1501.09827765772	12087.2998046875
1503.54772743471	12906.400390625
1505.99642982421	14000.5
1508.44438519723	15337
1510.89159392446	16851
1513.33805637625	18546.400390625
1515.78377292266	19904.30078125
1518.22874393346	20526.19921875
1520.67296977806	20275.5
1523.11645082559	19325.30078125
1525.55918744488	17894.80078125
1528.00118000444	16273.099609375
1530.44242887245	14522
1532.88293441684	13030.599609375
1535.32269700517	12049.7001953125
1537.76171700475	11219.7001953125
1540.19999478255	10780.5
1542.63753070526	10619.7001953125
1545.07432513925	10334.7001953125
1547.5103784506	10187.7001953125
1549.94569100509	10099.099609375
1552.38026316819	10088.900390625
1554.8140953051	10010.7001953125
1557.24718778067	9941.7998046875
1559.67954095952	9970.2001953125
1562.11115520592	9939.099609375
1564.54203088386	9827.599609375
1566.97216835704	9838.5
1569.40156798888	9978
1571.83023014248	10022.7001953125
1574.25815518067	9924.099609375
1576.68534346597	9959.900390625
1579.11179536062	9937.5
1581.53751122658	9779
1583.9624914255	9896.2001953125
1586.38673631876	9887.400390625
1588.81024626745	9867.599609375
1591.23302163235	9878.2001953125
1593.655062774	9881.7001953125
1596.07637005262	9929.2001953125
1598.49694382815	9819.900390625
1600.91678446025	9719.900390625
1603.33589230831	9757.2001953125
1605.75426773142	9655.2998046875
1608.1719110884	9686.900390625
1610.58882273779	9655.5
1613.00500303784	9738.2001953125
1615.42045234654	9678.2001953125
1617.83517102158	9631.7998046875
1620.24915942039	9694.2998046875
1622.66241790012	9633.7001953125
1625.07494681764	9605.7001953125
1627.48674652954	9609.2998046875
1629.89781739216	9730.400390625
1632.30815976152	9631.7998046875
1634.71777399343	9661
1637.12666044338	9748.7998046875
1639.53481946661	9737.5
1641.94225141808	9766.599609375
1644.34895665248	9836.7001953125
1646.75493552424	9892.400390625
1649.16018838752	9990.7998046875
1651.56471559621	10013.099609375
1653.96851750392	10050.099609375
1656.37159446403	10236.099609375
1658.7739468296	10210.900390625
1661.17557495349	10149.7001953125
1663.57647918824	10064.2001953125
1665.97665988617	10035
1668.37611739929	9911.2998046875
1670.77485207939	9747.099609375
1673.17286427799	9740.2998046875
1675.57015434633	9672.7998046875
1677.96672263542	9623.099609375
1680.36256949598	9647
1682.7576952785	9602.7998046875
1685.15210033318	9618.7001953125
1687.54578501	9597.900390625
1689.93874965866	9584.400390625
1692.33099462861	9613.7001953125
1694.72252026904	9540.7998046875
1697.11332692889	9589.900390625
1699.50341495686	9575.7998046875
1701.89278470137	9594.900390625
1704.28143651061	9570.2001953125
1706.66937073251	9574.2998046875
1709.05658771473	9530.900390625
1711.44308780473	9548.400390625
1713.82887134968	9507.400390625
1716.21393869648	9508.599609375
1718.59829019185	9512.2998046875
1720.98192618221	9486.900390625
1723.36484701374	9487.2001953125
1725.74705303238	9491.5
1728.12854458384	9523.2998046875
1730.50932201356	9584
1732.88938566673	9633.2998046875
1735.26873588834	9530.900390625
1737.64737302307	9504
1740.02529741544	9600.599609375
1742.40250940964	9529.400390625
1744.77900934969	9606.7001953125
1747.15479757933	9497.400390625
1749.52987444206	9483.2001953125
1751.90424028116	9506.599609375
1754.27789543967	9502.2001953125
1756.65084026037	9538
1759.02307508582	9496.7998046875
1761.39460025833	9513.599609375
1763.76541612	9534.400390625
1766.13552301265	9446.2001953125
1768.50492127791	9453.5
1770.87361125714	9547.400390625
1773.2415932915	9496.2998046875
1775.60886772188	9470.7001953125
1777.97543488896	9530.400390625
1780.34129513318	9443.400390625
1782.70644879475	9508.7998046875
1785.07089621365	9531.900390625
1787.43463772964	9396.7001953125
1789.7976736822	9529.7001953125
1792.16000441066	9493.7998046875
1794.52163025405	9377.5
1796.88255155121	9502.2001953125
1799.24276864074	9456.2001953125
1801.60228186102	9483.7998046875
1803.96109155019	9510.5
1806.31919804618	9588
1808.67660168668	9534.2001953125
1811.03330280916	9535.7001953125
1813.38930175088	9540.099609375
1815.74459884884	9533.900390625
1818.09919443984	9636.2998046875
1820.45308886047	9527.900390625
1822.80628244708	9495.5
1825.1587755358	9559.099609375
1827.51056846254	9527.7998046875
1829.86166156297	9496.900390625
1832.21205517258	9507.2001953125
1834.56174962661	9541.2998046875
1836.91074526009	9536
1839.25904240783	9512.7001953125
1841.60664140443	9515.2998046875
1843.95354258425	9569.7001953125
1846.29974628146	9522.599609375
1848.64525282998	9455.7998046875
1850.99006256356	9413
1853.3341758157	9399.599609375
1855.67759291968	9338.5
1858.02031420858	9421.400390625
1860.36234001528	9390.7001953125
1862.70367067241	9387.099609375
1865.04430651244	9418.400390625
1867.38424786755	9403.099609375
1869.72349506978	9466.2001953125
1872.06204845094	9403.099609375
1874.39990834258	9365.7998046875
1876.73707507612	9442.599609375
1879.07354898269	9412.2001953125
1881.40933039328	9448.400390625
1883.74441963861	9458.2998046875
1886.07881704925	9465.099609375
1888.41252295551	9403.599609375
1890.74553768751	9417.599609375
1893.07786157519	9410.599609375
1895.40949494822	9440
1897.74043813615	9331.7998046875
1900.07069146823	9376.2001953125
1902.40025527357	9350
1904.72912988106	9392.599609375
1907.05731561938	9313.7001953125
1909.38481281699	9341.099609375
1911.71162180217	9421.099609375
1914.037742903	9359
1916.36317644734	9352.900390625
1918.68792276284	9347.2001953125
1921.01198217697	9369.599609375
1923.33535501699	9392.7998046875
1925.65804160996	9345.2001953125
1927.98004228273	9251.5
1930.30135736196	9341.2998046875
1932.6219871741	9367.5
1934.94193204543	9327.2001953125
1937.26119230198	9330.900390625
1939.57976826962	9332.2998046875
1941.89766027402	9284.099609375
1944.21486864062	9327.7998046875
1946.53139369472	9305
1948.84723576137	9372.099609375
1951.16239516543	9366.2001953125
1953.47687223159	9311.7998046875
1955.79066728434	9231.5
1958.10378064794	9353.7001953125
1960.4162126465	9380.400390625
1962.7279636039	9313.900390625
1965.03903384385	9354.2998046875
1967.34942368987	9349.2001953125
1969.65913346524	9365.7001953125
1971.96816349311	9433.400390625
1974.2765140964	9355.2001953125
1976.58418559784	9344.400390625
1978.89117831997	9297.2001953125
1981.19749258516	9307.7001953125
1983.50312871555	9340.5
1985.80808703313	9389.599609375
1988.11236785967	9326
1990.41597151676	9362.400390625
1992.71889832581	9302.2998046875
1995.02114860801	9418.900390625
1997.3227226844	9342.099609375
1999.62362087581	9304.099609375
2001.92384350288	9393.2001953125
2004.22339088608	9396.7998046875
2006.52226334567	9329.5
2008.82046120173	9342.400390625
2011.11798477417	9374.2001953125
2013.41483438269	9409
2015.71101034681	9388
2018.00651298588	9405.099609375
2020.30134261905	9320.2998046875
2022.59549956528	9393.400390625
2024.88898414337	9404.7998046875
2027.1817966719	9289.2001953125
2029.4739374693	9320.599609375
2031.76540685379	9359.7001953125
2034.05620514342	9260.599609375
2036.34633265607	9294.099609375
2038.6357897094	9219.400390625
2040.92457662092	9221.099609375
2043.21269370795	9260.2001953125
2045.50014128763	9216.5
2047.78691967691	9278.599609375
2050.07302919256	9180.599609375
2052.35847015118	9091.599609375
2054.64324286919	9100.7998046875
2056.9273476628	9108.2998046875
2059.21078484808	9116.099609375
2061.4935547409	9203.400390625
2063.77565765696	9050.5
2066.05709391176	9136.7998046875
2068.33786382065	9151.7001953125
2070.61796769879	9055.2998046875
2072.89740586116	9103.900390625
2075.17617862255	9020.2001953125
2077.45428629759	9103.5
2079.73172920075	9017
2082.00850764627	9052.7998046875
2084.28462194827	9056.7001953125
2086.56007242065	9032.099609375
2088.83485937717	9181.400390625
2091.10898313139	9080.099609375
2093.3824439967	9100.400390625
2095.65524228632	9093.599609375
2097.92737831328	9185.400390625
2100.19885239047	9176.599609375
2102.46966483057	9152.599609375
2104.7398159461	9217.400390625
2107.00930604941	9195.5
2109.27813545267	9263.7998046875
2111.54630446787	9225.599609375
2113.81381340685	9271.900390625
2116.08066258126	9266.099609375
2118.34685230257	9371.5
2120.61238288211	9340
2122.87725463099	9366.2001953125
2125.1414678602	9353.2998046875
2127.40502288052	9332.7998046875
2129.66792000257	9315.400390625
2131.93015953682	9327.400390625
2134.19174179353	9240.2001953125
2136.45266708282	9259
2138.71293571463	9324.7001953125
2140.97254799873	9373.099609375
2143.23150424473	9372.2001953125
2145.48980476205	9308.400390625
2147.74744985996	9433.099609375
2150.00443984754	9454.900390625
2152.26077503373	9506.7998046875
2154.51645572728	9485.2001953125
2156.77148223677	9504.2001953125
2159.02585487064	9514.5
2161.27957393713	9623.7998046875
2163.53263974432	9643.900390625
2165.78505260012	9575
2168.0368128123	9507
2170.28792068844	9422.400390625
2172.53837653595	9256.2001953125
2174.78818066207	9359.7001953125
2177.03733337389	9250
2179.28583497833	9122.2001953125
2181.53368578214	9124.099609375
2183.78088609192	9077.400390625
2186.02743621406	9063.5
2188.27333645484	9038.5
2190.51858712033	9095.5
2192.76318851646	9012
2195.00714094901	8966.5
2197.25044472354	9002.900390625
2199.49310014551	8948.7001953125
2201.73510752018	9030.5
2203.97646715265	8879.5
2206.21717934786	8936.2001953125
2208.45724441058	8841.400390625
2210.69666264543	8930.7001953125
2212.93543435686	8899
2215.17355984914	8970.900390625
2217.41103942642	8813.7998046875
2219.64787339264	8751.400390625
2221.8840620516	8750.7998046875
2224.11960570695	8795.7001953125
2226.35450466215	8787.7001953125
2228.58875922051	8733.7001953125
2230.82236968518	8889.2998046875
2233.05533635916	8807.7001953125
2235.28765954527	8817.900390625
2237.51933954617	8667.400390625
2239.75037666437	8917.5
2241.98077120221	8772.7998046875
2244.21052346188	8810.7998046875
2246.4396337454	8805.599609375
2248.66810235461	8799.400390625
2250.89592959125	8828.2001953125
2253.12311575681	8814.2998046875
2255.34966115272	8834.5
2257.57556608017	8783
2259.80083084023	8786.2001953125
2262.02545573381	8786.2001953125
2264.24944106163	8690
2266.47278712429	8781.5
2268.69549422221	8843.2998046875
2270.91756265564	8866.900390625
2273.1389927247	8823.099609375
2275.35978472934	8889.099609375
2277.57993896933	8801.7001953125
2279.79945574431	8813.400390625
2282.01833535375	8879.2001953125
2284.23657809696	8952.7001953125
2286.45418427309	8926.099609375
2288.67115418114	9017.7001953125
2290.88748811995	9001.2998046875
2293.10318638819	9078
2295.3182492844	9058.2998046875
2297.53267710693	9088.7998046875
2299.746470154	9053.2998046875
2301.95962872364	9183.2998046875
2304.17215311376	9281.5
2306.3840436221	9331.900390625
2308.59530054621	9361
2310.80592418354	9382.7998046875
2313.01591483134	9421.2998046875
2315.22527278673	9320.2998046875
2317.43399834666	9293
2319.64209180791	9202.5
2321.84955346713	9166.599609375
2324.05638362079	9062.400390625
2326.26258256524	9011.900390625
2328.46815059664	8960.900390625
2330.67308801098	8888.2998046875
2332.87739510415	8877.599609375
2335.08107217184	8906.5
2337.2841195096	8791.400390625
2339.48653741281	8806.400390625
2341.68832617672	8886.7998046875
2343.8894860964	8873.5
2346.09001746678	8858.099609375
2348.28992058261	8831.599609375
2350.48919573852	8844.099609375
2352.68784322898	8766
2354.88586334826	8795.5
2357.08325639055	8723.5
2359.2800226498	8712.599609375
2361.47616241988	8684.900390625
2363.67167599445	8668.5
2365.86656366706	8575.2001953125
2368.06082573107	8564.400390625
2370.2544624797	8583.7998046875
2372.44747420603	8567.599609375
2374.63986120295	8513.900390625
2376.83162376322	8525.599609375
2379.02276217945	8438.2998046875
2381.21327674408	8454.7998046875
2383.4031677494	8475.400390625
2385.59243548756	8422.2001953125
2387.78108025053	8389.2998046875
2389.96910233014	8384.5
2392.15650201809	8429.400390625
2394.34327960587	8430.900390625
2396.52943538486	8372.7001953125
2398.71496964628	8368.7001953125
2400.89988268118	8367.5
2403.08417478048	8393.599609375
2405.26784623491	8313.7001953125
2407.45089733509	8320.7998046875
2409.63332837146	8325.2998046875
2411.81513963429	8376.7998046875
2413.99633141375	8311.2998046875
2416.1769039998	8258.599609375
2418.35685768227	8332.7998046875
2420.53619275084	8322.2001953125
2422.71490949505	8261.599609375
2424.89300820425	8335.2998046875
2427.07048916765	8344.2001953125
2429.24735267433	8392
2431.42359901319	8321.599609375
2433.59922847297	8341.599609375
2435.7742413423	8218.7998046875
2437.94863790961	8205.2001953125
2440.12241846321	8308.5
2442.29558329121	8168.39990234375
2444.46813268162	8255.900390625
2446.64006692228	8314.2001953125
2448.81138630086	8258.099609375
2450.98209110489	8267
2453.15218162174	8249.400390625
2455.32165813864	8265.7001953125
2457.49052094265	8331.7998046875
2459.65877032069	8310.599609375
2461.8264065595	8387.5
2463.99342994572	8359.400390625
2466.15984076579	8446.099609375
2468.325639306	8401.599609375
2470.49082585251	8436.7001953125
2472.65540069131	8459.900390625
2474.81936410824	8366.7001953125
2476.98271638899	8447.400390625
2479.14545781909	8374.900390625
2481.30758868392	8352.7998046875
2483.4691092687	8359.2001953125
2485.63001985852	8353
2487.79032073829	8374.7001953125
2489.95001219277	8294.2998046875
2492.10909450659	8287.400390625
2494.26756796419	8405.2998046875
2496.42543284989	8296
2498.58268944783	8252.599609375
2500.73933804202	8266
2502.8953789163	8242.900390625
2505.05081235436	8336.7998046875
2507.20563863974	8366.2998046875
2509.35985805582	8372.7998046875
2511.51347088583	8386.099609375
2513.66647741285	8457.7001953125
2515.81887791981	8431
2517.97067268946	8532.900390625
2520.12186200443	8549.5
2522.27244614716	8457.7998046875
2524.42242539999	8451.900390625
2526.57180004504	8390.900390625
2528.72057036433	8318.5
2530.8687366397	8161.7001953125
2533.01629915284	8157.39990234375
2535.16325818527	8125.2998046875
2537.30961401839	8148.5
2539.45536693343	8044.2001953125
2541.60051721145	8002.2998046875
2543.74506513338	7925.10009765625
2545.88901097997	7986.7998046875
2548.03235503185	7912.5
2550.17509756946	7907.89990234375
2552.31723887311	7832.7998046875
2554.45877922293	7824.2998046875
2556.59971889893	7803.10009765625
2558.74005818094	7790.60009765625
2560.87979734864	7803.60009765625
2563.01893668155	7784.60009765625
2565.15747645906	7781.7001953125
2567.29541696037	7780.5
2569.43275846454	7745.7998046875
2571.56950125049	7757.5
2573.70564559696	7780.5
2575.84119178254	7688.39990234375
2577.97614008569	7714.89990234375
2580.11049078468	7689.7001953125
2582.24424415764	7809.7001953125
2584.37740048255	7740.7001953125
2586.50996003722	7719.10009765625
2588.64192309931	7768.60009765625
2590.77328994634	7750.7001953125
2592.90406085564	7848.7998046875
2595.03423610442	7745.5
2597.16381596971	7767.7998046875
2599.29280072839	7759.10009765625
2601.42119065719	7770.89990234375
2603.54898603267	7808.89990234375
2605.67618713125	7789.39990234375
2607.80279422919	7841.7001953125
2609.92880760257	7821.2998046875
2612.05422752735	7802.7998046875
2614.17905427932	7873.60009765625
2616.30328813408	7780.60009765625
2618.42692936713	7895.2001953125
2620.54997825377	7790.2001953125
2622.67243506915	7800.2001953125
2624.79430008828	7816.2001953125
2626.915573586	7920.10009765625
2629.03625583699	7857.7001953125
2631.15634711579	7884
2633.27584769675	7946.10009765625
2635.39475785408	8001.2998046875
2637.51307786185	8017.60009765625
2639.63080799394	7989.89990234375
2641.74794852409	8109.39990234375
2643.86449972589	8191
2645.98046187273	8287.7001953125
2648.0958352379	8326.400390625
2650.21062009449	8376.2998046875
2652.32481671544	8503.2001953125
2654.43842537353	8497.7001953125
2656.5514463414	8611.900390625
2658.66387989151	8712.5
2660.77572629616	8764
2662.88698582751	8873.7998046875
2664.99765875753	8942.7998046875
2667.10774535806	8967.7998046875
2669.21724590076	8970.099609375
2671.32616065714	8947.7998046875
2673.43448989857	8907.599609375
2675.5422338962	8680.5
2677.64939292108	8569.400390625
2679.75596724408	8493.099609375
2681.86195713589	8418.400390625
2683.96736286707	8221.2001953125
2686.07218470799	8138.2998046875
2688.17642292889	7995
2690.28007779982	7954.2998046875
2692.38314959069	7776.89990234375
2694.48563857123	7772.7998046875
2696.58754501103	7748.60009765625
2698.6888691795	7725.39990234375
2700.78961134588	7652.5
2702.8897717793	7660
2704.98935074864	7678
2707.08834852271	7677.2001953125
2709.18676537009	7614.7998046875
2711.28460155925	7641.7001953125
2713.38185735843	7637.7001953125
2715.47853303577	7629.39990234375
2717.57462885924	7553.39990234375
2719.67014509659	7553.2998046875
2721.76508201548	7468
2723.85943988337	7501.39990234375
2725.95321896754	7410.7001953125
2728.04641953515	7411.89990234375
2730.13904185316	7425.89990234375
2732.23108618837	7321.60009765625
2734.32255280744	7329.5
2736.41344197683	7281.39990234375
2738.50375396288	7310.89990234375
2740.5934890317	7315.2998046875
2742.68264744932	7171.2001953125
2744.77122948153	7210.7998046875
2746.85923539398	7150.5
2748.94666545217	7094.10009765625
2751.03351992142	7124.89990234375
2753.11979906688	7086.39990234375
2755.20550315355	7135.5
2757.29063244624	7080.39990234375
2759.37518720963	7009.39990234375
2761.45916770819	7026.2001953125
2763.54257420625	7060.7998046875
2765.62540696797	7067.60009765625
2767.70766625733	7030.39990234375
2769.78935233816	7039.39990234375
2771.87046547413	7032.5
2773.95100592869	6980.7001953125
2776.03097396519	7010.7998046875
2778.11036984677	7068.5
2780.18919383641	6975.10009765625
2782.26744619693	6997
2784.34512719097	7028.2998046875
2786.42223708102	7066.2998046875
2788.49877612937	7058.7998046875
2790.57474459816	7056
2792.65014274937	7062.7998046875
2794.7249708448	6976.10009765625
2796.79922914607	7027.60009765625
2798.87291791465	7036.5
2800.94603741181	7046.10009765625
2803.01858789869	7029.39990234375
2805.09056963623	6960.7001953125
2807.1619828852	7020.89990234375
2809.23282790621	6944
2811.30310495971	6928.89990234375
2813.37281430593	6946
2815.441956205	6865.60009765625
2817.51053091682	6933.89990234375
2819.57853870114	6960.5
2821.64597981753	6968.60009765625
2823.7128545254	6943.2001953125
2825.77916308399	6974.10009765625
2827.84490575233	6938.5
2829.91008278933	6950
2831.97469445369	7028
2834.03874100395	6980.10009765625
2836.10222269847	7065.7001953125
2838.16513979544	7076
2840.22749255288	7161.39990234375
2842.28928122863	7308.39990234375
2844.35050608034	7442.89990234375
2846.41116736553	7725.10009765625
2848.47126534149	7811.7998046875
2850.53080026537	7997.7998046875
2852.58977239414	8026.7998046875
2854.64818198459	7998
2856.70602929332	7934.89990234375
2858.76331457678	7921.7998046875
2860.82003809123	7762
2862.87620009274	7830.2998046875
2864.93180083723	7755.89990234375
2866.98684058043	7696.39990234375
2869.04131957789	7752.7998046875
2871.09523808497	7808.7001953125
2873.14859635689	7812.7998046875
2875.20139464866	7812.89990234375
2877.2536332151	7823.2001953125
2879.30531231091	7850.39990234375
2881.35643219054	7826.10009765625
2883.40699310831	7877.5
2885.45699531834	7889.5
2887.50643907457	7910.5
2889.55532463077	7900.7001953125
2891.60365224053	8023.39990234375
2893.65142215724	7941.7998046875
2895.69863463414	7925.10009765625
2897.74528992426	8002
2899.79138828046	8004.7998046875
2901.83692995544	7998.39990234375
2903.88191520168	7958.60009765625
2905.92634427151	7940.5
2907.97021741706	7906.89990234375
2910.01353489027	7936.7001953125
2912.05629694294	7888.2001953125
2914.09850382663	7828.7001953125
2916.14015579276	7959.39990234375
2918.18125309254	7915.2001953125
2920.22179597702	7890.60009765625
2922.26178469705	7960.89990234375
2924.30121950329	7972.10009765625
2926.34010064624	7928.60009765625
2928.37842837619	8004.5
2930.41620294326	7954.60009765625
2932.45342459737	7895.60009765625
2934.49009358828	7925.5
2936.52621016555	7932.39990234375
2938.56177457854	7857.7001953125
2940.59678707645	7742.5
2942.63124790827	7731.5
2944.66515732282	7525.7001953125
2946.69851556873	7529.2998046875
2948.73132289443	7424.5
2950.76357954817	7334.39990234375
2952.79528577803	7253.89990234375
2954.82644183188	7258.7001953125
2956.85704795741	7238
2958.8871044021	7243.10009765625
2960.91661141328	7163.60009765625
2962.94556923807	7196.39990234375
2964.97397812339	7178.39990234375
2967.00183831598	7121.60009765625
2969.0291500624	7021.7001953125
2971.05591360902	6992.89990234375
2973.08212920199	6938.39990234375
2975.1077970873	6865.2998046875
2977.13291751074	6913.89990234375
2979.1574907179	6895.5
2981.18151695419	6906.10009765625
2983.20499646482	6767.2998046875
2985.2279294948	6750.2001953125
2987.25031628898	6768.39990234375
2989.27215709199	6683.89990234375
2991.29345214825	6749.39990234375
2993.31420170204	6707.60009765625
2995.33440599738	6679.2001953125
2997.35406527816	6626.89990234375
2999.37317978802	6639.89990234375
3001.39174977045	6725
3003.40977546872	6754.7998046875
3005.42725712591	6764.7001953125
3007.44419498491	6852.7001953125
3009.4605892884	6847.5
3011.47644027889	6964.10009765625
3013.49174819865	6901.39990234375
3015.5065132898	6964.2001953125
3017.52073579424	6952
3019.53441595366	6916.39990234375
3021.54755400959	6883.39990234375
3023.56015020332	6875.7998046875
3025.57220477598	6779.60009765625
3027.58371796846	6768.2998046875
3029.5946900215	6799.10009765625
3031.6051211756	6775
3033.61501167107	6715.2001953125
3035.62436174803	6671.7998046875
3037.6331716464	6604.60009765625
3039.64144160588	6563.60009765625
3041.649171866	6470.7001953125
3043.65636266607	6485.2001953125
3045.6630142452	6405.89990234375
3047.66912684229	6384.2001953125
3049.67470069605	6264
3051.679736045	6313.2001953125
3053.68423312742	6260.39990234375
3055.68819218143	6234.7001953125
3057.6916134449	6237.2001953125
3059.69449715556	6150.89990234375
3061.69684355086	6183.5
3063.6986528681	6156.5
3065.69992534437	6134.10009765625
3067.70066121653	6072
3069.70086072126	6024.2998046875
3071.700524095	6032.10009765625
3073.69965157405	6041.7998046875
3075.69824339442	6014.7001953125
3077.69629979197	6027.10009765625
3079.69382100235	6037.7998046875
3081.69080726098	5983.39990234375
3083.68725880307	5917.2998046875
3085.68317586366	5886.2998046875
3087.67855867755	5928.89990234375
3089.67340747933	5927.2998046875
3091.6677225034	5845.39990234375
3093.66150398392	5852.2001953125
3095.6547521549	5879.39990234375
3097.64746725006	5924.39990234375
3099.63964950297	5843.2001953125
3101.63129914698	5845.39990234375
3103.6224164152	5866.89990234375
3105.61300154056	5895.5
3107.60305475576	5924.2998046875
3109.59257629331	5868.2998046875
3111.58156638547	5767.2001953125
3113.57002526432	5859.10009765625
3115.55795316172	5782.60009765625
3117.54535030932	5818.60009765625
3119.53221693853	5772.2998046875
3121.51855328057	5860.7001953125
3123.50435956646	5859.5
3125.48963602698	5817.7001953125
3127.4743828927	5760.7998046875
3129.45860039397	5858.39990234375
3131.44228876093	5753
3133.42544822353	5783.2998046875
3135.40807901145	5803.39990234375
3137.39018135418	5812.10009765625
3139.37175548102	5787.39990234375
3141.35280162101	5785.10009765625
3143.33332000299	5693.2998046875
3145.31331085559	5737.89990234375
3147.2927744072	5708.7998046875
3149.27171088602	5687.89990234375
3151.25012052	5681.10009765625
3153.22800353689	5728.60009765625
3155.20536016422	5719.2001953125
3157.18219062929	5725.10009765625
3159.15849515918	5698.10009765625
3161.13427398075	5705
3163.10952732066	5689.39990234375
3165.08425540532	5657.39990234375
3167.05845846092	5659.60009765625
3169.03213671344	5651.7001953125
3171.00529038863	5631
3172.97791971203	5680.7001953125
3174.95002490893	5617.60009765625
3176.92160620443	5637.5
3178.89266382337	5655.7001953125
3180.8631979904	5661.7001953125
3182.83320892991	5627
3184.80269686609	5647.2998046875
3186.77166202289	5600.2998046875
3188.74010462406	5640.39990234375
3190.70802489307	5597.7998046875
3192.67542305323	5558
3194.64229932757	5614.10009765625
3196.60865393892	5613.2001953125
3198.57448710987	5575.60009765625
3200.53979906279	5575.5
3202.50459001981	5569.39990234375
3204.46886020284	5549.7001953125
3206.43260983356	5524.60009765625
3208.39583913341	5509.60009765625
3210.35854832362	5556.5
3212.32073762517	5565.7001953125
3214.28240725881	5520.2998046875
3216.24355744508	5589.7998046875
3218.20418840426	5500.7998046875
3220.16430035642	5534.60009765625
3222.12389352137	5491.7998046875
3224.08296811873	5552.7001953125
3226.04152436784	5520.10009765625
3227.99956248784	5555.60009765625
3229.95708269762	5522.5
3231.91408521584	5522.89990234375
3233.87057026092	5501.5
3235.82653805105	5505.39990234375
3237.78198880419	5517.2998046875
3239.73692273806	5502.2998046875
3241.69134007013	5498.7001953125
3243.64524101764	5519.2001953125
3245.59862579761	5507.7001953125
3247.55149462681	5453.5
3249.50384772176	5484.2001953125
3251.45568529877	5479.39990234375
3253.40700757387	5507.7001953125
3255.35781476288	5548.10009765625
3257.3081070814	5532.2001953125
3259.25788474473	5464.7998046875
3261.20714796799	5478.7998046875
3263.15589696602	5447.2001953125
3265.10413195345	5464.7001953125
3267.05185314463	5445.89990234375
3268.9990607537	5466.5
3270.94575499455	5472.10009765625
3272.89193608081	5487.89990234375
3274.8376042259	5478.89990234375
3276.78275964296	5458.7001953125
3278.72740254492	5435.5
3280.67153314443	5455.89990234375
3282.61515165393	5467.60009765625
3284.55825828559	5415.39990234375
3286.50085325135	5405.60009765625
3288.44293676289	5397.7998046875
3290.38450903165	5442.7998046875
3292.32557026883	5398.7998046875
3294.26612068537	5341.7001953125
3296.20616049198	5381.5
3298.14568989911	5371
3300.08470911695	5313.7001953125
3302.02321835546	5312.39990234375
3303.96121782435	5347
3305.89870773306	5304.2998046875
3307.83568829081	5300.2998046875
3309.77215970655	5400.7001953125
3311.70812218898	5340.7998046875
3313.64357594655	5318.2998046875
3315.57852118747	5262.2998046875
3317.51295811968	5279.7998046875
3319.44688695087	5326.5
3321.38030788849	5292.2001953125
3323.31322113973	5260.7001953125
3325.24562691152	5255.2998046875
3327.17752541055	5252.2001953125
3329.10891684322	5245
3331.03980141573	5243.39990234375
3332.97017933399	5241.2998046875
3334.90005080364	5236.7001953125
3336.82941603011	5169.2998046875
3338.75827521852	5166.2998046875
3340.68662857377	5194
3342.6144763005	5208.5
3344.54181860308	5213.10009765625
3346.46865568561	5146.39990234375
3348.39498775195	5216.2998046875
3350.32081500571	5213.5
3352.24613765022	5199.7001953125
3354.17095588855	5154.2001953125
3356.09526992352	5210.60009765625
3358.01907995769	5178.89990234375
3359.94238619334	5193.2001953125
3361.86518883251	5181.60009765625
3363.78748807697	5129.7001953125
3365.70928412823	5200.7998046875
3367.63057718752	5175.60009765625
3369.55136745582	5140.39990234375
3371.47165513386	5149.89990234375
3373.39144042208	5149.89990234375
3375.31072352066	5141.60009765625
3377.22950462953	5148.2001953125
3379.14778394834	5115.7998046875
3381.06556167648	5117.7998046875
3382.98283801308	5098.7998046875
3384.89961315697	5094.39990234375
3386.81588730676	5121.2001953125
3388.73166066076	5114.2001953125
3390.64693341702	5132.60009765625
3392.56170577332	5048.2001953125
3394.47597792716	5033.2001953125
3396.38975007581	5075.2998046875
3398.30302241623	5049.5
3400.21579514512	5005.89990234375
3402.1280684589	5001.2001953125
3404.03984255374	5019.89990234375
3405.95111762553	5046.2998046875
3407.86189386987	5003.2001953125
3409.77217148212	5047.60009765625
3411.68195065733	5041.89990234375
3413.5912315903	5056.2998046875
3415.50001447556	5014.2998046875
3417.40829950735	4988.5
3419.31608687963	4993.2998046875
3421.22337678611	4933.39990234375
3423.1301694202	4902.60009765625
3425.03646497504	4974.2001953125
3426.9422636435	4943.5
3428.84756561816	4998.10009765625
3430.75237109135	4894
3432.65668025508	4963.89990234375
3434.56049330112	4944.7001953125
3436.46381042093	4939.7998046875
3438.36663180571	4890.89990234375
3440.26895764638	4945.5
3442.17078813357	4931.60009765625
3444.07212345762	4866.10009765625
3445.97296380863	4916
3447.87330937636	4918.60009765625
3449.77316035033	4886
3451.67251691977	4826
3453.57137927361	4876.7998046875
3455.46974760052	4887.60009765625
3457.36762208886	4805.39990234375
3459.26500292671	4903
3461.16189030191	4832.7001953125
3463.05828440194	4890.89990234375
3464.95418541406	4805
3466.84959352519	4819
3468.74450892201	4785.7998046875
3470.63893179088	4795.60009765625
3472.53286231788	4803.60009765625
3474.42630068881	4791.2998046875
3476.31924708918	4810.7001953125
3478.2117017042	4786.10009765625
3480.1036647188	4775.7001953125
3481.99513631761	4753.10009765625
3483.88611668498	4713.89990234375
3485.77660600498	4745.5
3487.66660446135	4728.2998046875
3489.55611223758	4745
3491.44512951683	4769.2998046875
3493.333656482	4744.7001953125
3495.22169331568	4718.89990234375
3497.10924020016	4695.10009765625
3498.99629731746	4699.5
3500.88286484927	4657.10009765625
3502.76894297702	4592.10009765625
3504.65453188182	4689.10009765625
3506.53963174449	4625.2998046875
3508.42424274555	4609.2001953125
3510.30836506524	4622.39990234375
3512.19199888349	4578.10009765625
3514.07514437992	4602.2998046875
3515.95780173387	4537.89990234375
3517.83997112437	4524.60009765625
3519.72165273016	4530.2001953125
3521.60284672967	4540.7998046875
3523.48355330104	4504.7998046875
3525.36377262208	4508.60009765625
3527.24350487035	4518.10009765625
3529.12275022306	4478.2001953125
3531.00150885715	4466.2001953125
3532.87978094923	4468.10009765625
3534.75756667562	4462.2001953125
3536.63486621235	4450.7998046875
3538.51167973512	4448.10009765625
3540.38800741934	4432.10009765625
3542.26384944011	4387.2998046875
3544.13920597223	4358.89990234375
3546.01407719018	4352.10009765625
3547.88846326815	4420.60009765625
3549.76236438002	4371.89990234375
3551.63578069934	4319.5
3553.50871239938	4341.5
3555.38115965309	4308.7998046875
3557.25312263311	4297
3559.12460151177	4352.5
3560.99559646109	4323.60009765625
3562.86610765279	4263.2998046875
3564.73613525825	4269.89990234375
3566.60567944857	4284.2001953125
3568.47474039453	4311.39990234375
3570.34331826658	4269.2001953125
3572.21141323487	4275
3574.07902546925	4294.89990234375
3575.94615513922	4273.2998046875
3577.81280241401	4307.89990234375
3579.67896746249	4220.60009765625
3581.54465045325	4265.7001953125
3583.40985155455	4249.89990234375
3585.27457093432	4282.2998046875
3587.1388087602	4232.5
3589.00256519949	4231
3590.86584041919	4236.5
3592.72863458597	4243.5
3594.59094786618	4227.39990234375
3596.45278042585	4177.7998046875
3598.31413243069	4216.2998046875
3600.17500404611	4156.7001953125
3602.03539543717	4173.2001953125
3603.89530676861	4195.2998046875
3605.75473820488	4140.2001953125
3607.61368991007	4153.7001953125
3609.47216204797	4187.7998046875
3611.33015478203	4158.10009765625
3613.18766827539	4158.7001953125
3615.04470269087	4181.2001953125
3616.90125819094	4175.5
3618.75733493776	4165.60009765625
3620.61293309318	4113.2998046875
3622.46805281869	4143.2998046875
3624.32269427547	4080.39990234375
3626.17685762439	4123
3628.03054302596	4119.5
3629.88375064038	4106
3631.73648062751	4093.80004882813
3633.5887331469	4086.80004882813
3635.44050835775	4030.60009765625
3637.29180641893	4063.69995117188
3639.14262748899	4012
3640.99297172614	4066.60009765625
3642.84283928828	4017.5
3644.69223033294	4064.5
3646.54114501734	4007.19995117188
3648.38958349836	4013.10009765625
3650.23754593256	3976.80004882813
3652.08503247614	4002.10009765625
3653.93204328497	3978.89990234375
3655.77857851462	3973.10009765625
3657.62463832028	3968.39990234375
3659.47022285682	3983.69995117188
3661.31533227877	3958
3663.15996674033	3917.69995117188
3665.00412639535	3936.5
3666.84781139736	3910.10009765625
3668.69102189953	3960.10009765625
3670.5337580547	3928.19995117188
3672.37602001537	3926.10009765625
3674.21780793368	3867.19995117188
3676.05912196148	3892.30004882813
3677.89996225021	3881.10009765625
3679.74032895103	3893.10009765625
3681.58022221471	3825.19995117188
3683.41964219171	3854.30004882813
3685.25858903211	3822.19995117188
3687.0970628857	3842.5
3688.93506390186	3832.60009765625
3690.77259222968	3828.30004882813
3692.60964801787	3815
3694.44623141481	3823.89990234375
3696.28234256853	3784
3698.11798162669	3771
3699.95314873665	3780.69995117188
3701.78784404537	3737.69995117188
3703.62206769951	3760.89990234375
3705.45581984533	3736.19995117188
3707.28910062877	3784.69995117188
3709.12191019542	3752.69995117188
3710.95424869052	3767.39990234375
3712.78611625894	3733
3714.6175130452	3733.10009765625
3716.44843919349	3716.10009765625
3718.27889484764	3737.30004882813
3720.1088801511	3674.69995117188
3721.93839524699	3637
3723.76744027808	3693.19995117188
3725.59601538677	3709.69995117188
3727.4241207151	3684.69995117188
