40.2973356941271	1133.59997558594
43.2236257608418	1133.69995117188
46.1488808466109	1139.40002441406
49.0731017336173	1140.19995117188
51.9962892025666	1143.40002441406
54.9184440327569	1147.5
57.8395670020446	1154.59997558594
60.7596588868509	1153.5
63.6787204621708	1154.09997558594
66.5967525015794	1164.19995117188
69.5137557772381	1167.19995117188
72.4297310598838	1171.30004882813
75.3446791188512	1186.19995117188
78.2586007220466	1199.30004882813
81.1714966360015	1216.30004882813
84.0833676258266	1228
86.994214455242	1245.59997558594
89.9040378865662	1272.69995117188
92.8128386807427	1289
95.7206175973133	1296.90002441406
98.6273753944444	1310.59997558594
101.533112828928	1309.40002441406
104.437830656161	1300
107.34152963018	1296.09997558594
110.244210503676	1289.19995117188
113.145874027931	1282.40002441406
116.046520952895	1264.09997558594
118.946152027154	1263.69995117188
121.844767997933	1265.40002441406
124.74236961111	1261.09997558594
127.638957611212	1256.5
130.534532741422	1262.09997558594
133.429095743606	1249.90002441406
136.322647358252	1239.30004882813
139.215188324544	1244.80004882813
142.106719380311	1252.80004882813
144.997241262089	1240.30004882813
147.886754705057	1241.19995117188
150.775260443096	1239.80004882813
153.662759208748	1243.5
156.549251733282	1238.80004882813
159.434738746612	1233.30004882813
162.319220977376	1232.30004882813
165.20269915289	1231.59997558594
168.085173999178	1236.90002441406
170.966646240977	1236.59997558594
173.847116601709	1237.19995117188
176.726585803528	1233.19995117188
179.605054567295	1231.69995117188
182.48252361259	1230.19995117188
185.358993657701	1220.90002441406
188.234465419645	1225.09997558594
191.108939614183	1231.09997558594
193.982416955795	1224
196.854898157687	1217.90002441406
199.726383931801	1226.5
202.596874988835	1224.90002441406
205.466372038225	1227.59997558594
208.334875788145	1230.69995117188
211.202386945534	1230.40002441406
214.068906216069	1224.69995117188
216.934434304194	1223
219.798971913111	1218.19995117188
222.662519744776	1227.30004882813
225.525078499925	1228.5
228.386648878069	1232.69995117188
231.247231577465	1221.40002441406
234.106827295172	1220.30004882813
236.965436727012	1219.40002441406
239.823060567597	1216.40002441406
242.679699510337	1220.69995117188
245.535354247396	1212.69995117188
248.390025469775	1209.69995117188
251.243713867223	1213.90002441406
254.096420128327	1212.69995117188
256.948144940459	1212.30004882813
259.798888989788	1207.30004882813
262.648652961315	1204.90002441406
265.49743753883	1210.40002441406
268.345243404939	1209.30004882813
271.192071241073	1206.5
274.037921727485	1201.69995117188
276.882795543246	1206
279.72669336624	1203.09997558594
282.569615873213	1201.19995117188
285.411563739724	1199.80004882813
288.252537640165	1196.30004882813
291.092538247763	1196.19995117188
293.931566234616	1199.40002441406
296.769622271633	1196.59997558594
299.606707028594	1197.59997558594
302.442821174104	1195.40002441406
305.277965375652	1197.09997558594
308.112140299574	1191.59997558594
310.945346611062	1189.30004882813
313.777584974167	1195.5
316.608856051813	1197.59997558594
319.439160505797	1194.40002441406
322.268498996783	1195
325.096872184303	1189.69995117188
327.924280726782	1194.59997558594
330.750725281521	1186.80004882813
333.576206504693	1195.90002441406
336.400725051388	1194.90002441406
339.224281575542	1186.90002441406
342.046876730026	1189.59997558594
344.868511166586	1190.19995117188
347.689185535872	1189.40002441406
350.508900487421	1188.80004882813
353.327656669699	1187.5
356.145454730079	1189.19995117188
358.962295314817	1189.09997558594
361.778179069105	1194.40002441406
364.593106637051	1188.59997558594
367.407078661675	1188.5
370.220095784913	1183.09997558594
373.032158647655	1188.90002441406
375.843267889676	1184
378.653424149715	1193.30004882813
381.462628065436	1190.09997558594
384.270880273432	1188.19995117188
387.078181409254	1187.40002441406
389.884532107358	1187.40002441406
392.689933001188	1194
395.494384723112	1194.69995117188
398.29788790445	1188.59997558594
401.100443175488	1188.30004882813
403.902051165437	1189.5
406.702712502518	1190.19995117188
409.502427813866	1189.80004882813
412.301197725607	1195.09997558594
415.099022862823	1191.90002441406
417.89590384957	1192.80004882813
420.691841308876	1195.09997558594
423.486835862752	1188.90002441406
426.280888132173	1187.09997558594
429.073998737112	1190.5
431.866168296507	1185.59997558594
434.657397428298	1183.59997558594
437.447686749412	1185.59997558594
440.237036875762	1183.69995117188
443.025448422257	1184.19995117188
445.812922002813	1191.30004882813
448.599458230326	1193.09997558594
451.38505771672	1194.09997558594
454.169721072909	1191.40002441406
456.953448908819	1188.30004882813
459.736241833384	1191.5
462.518100454555	1189.5
465.2990253793	1185.5
468.079017213605	1184.19995117188
470.858076562476	1188.80004882813
473.636204029939	1188.5
476.41340021906	1190.69995117188
479.189665731938	1197.69995117188
481.965001169667	1191.5
484.739407132419	1187
487.512884219391	1191
490.285433028796	1196.90002441406
493.057054157921	1188.30004882813
495.827748203087	1191.30004882813
498.597515759658	1191.09997558594
501.366357422061	1186.30004882813
504.134273783759	1188.19995117188
506.901265437278	1195.19995117188
509.66733297421	1190.19995117188
512.432476985198	1189.5
515.196698059945	1193.90002441406
517.959996787225	1181.40002441406
520.722373754895	1183.5
523.483829549856	1191.59997558594
526.24436475811	1193.69995117188
529.003979964696	1183.90002441406
531.762675753779	1186.5
534.520452708569	1187.69995117188
537.277311411375	1186.69995117188
540.03325244359	1189.59997558594
542.788276385682	1186.30004882813
545.54238381725	1184.09997558594
548.295575316938	1184.40002441406
551.047851462516	1186.40002441406
553.799212830831	1188.09997558594
556.549659997851	1182.59997558594
559.299193538643	1183.80004882813
562.047814027381	1186.80004882813
564.795522037318	1185.5
567.542318140861	1186.90002441406
570.288202909507	1185.19995117188
573.033176913873	1186.59997558594
575.7772407237	1185
578.520394907829	1191.80004882813
581.26264003424	1184.90002441406
584.003976670046	1191.5
586.744405381469	1194.59997558594
589.483926733869	1189.90002441406
592.222541291746	1190.69995117188
594.96024961872	1189.30004882813
597.697052277563	1197.69995117188
600.432949830166	1193.19995117188
603.167942837587	1180.59997558594
605.902031860012	1192.59997558594
608.635217456783	1188.5
611.367500186378	1189.40002441406
614.098880606429	1191.5
616.82935927374	1191.90002441406
619.558936744248	1185.30004882813
622.287613573072	1181.59997558594
625.015390314457	1189.5
627.742267521848	1186.90002441406
630.468245747829	1189.40002441406
633.193325544166	1185.40002441406
635.917507461792	1185.19995117188
638.640792050804	1186.69995117188
641.36317986048	1187.40002441406
644.084671439281	1185
646.805267334845	1188.69995117188
649.524968093967	1186.5
652.24377426266	1181
654.961686386106	1181.30004882813
657.678705008678	1190.40002441406
660.394830673939	1183.5
663.110063924628	1184.80004882813
665.824405302728	1188.59997558594
668.537855349351	1183.90002441406
671.250414604863	1180.59997558594
673.962083608812	1181.59997558594
676.672862899949	1182.69995117188
679.382753016218	1187.80004882813
682.091754494801	1182.90002441406
684.799867872061	1188.30004882813
687.507093683595	1185
690.213432464198	1189.80004882813
692.918884747899	1187.90002441406
695.623451067937	1185.59997558594
698.327131956755	1188.90002441406
701.029927946065	1190.59997558594
703.731839566754	1189.30004882813
706.43286734896	1191
709.133011822067	1193.30004882813
711.832273514658	1187.19995117188
714.53065295457	1192.5
717.228150668879	1192
719.924767183889	1201.5
722.620503025148	1194.30004882813
725.315358717446	1192
728.009334784827	1198.19995117188
730.702431750559	1205.09997558594
733.394650137188	1192.69995117188
736.085990466498	1190.40002441406
738.776453259519	1199.69995117188
741.466039036542	1192.30004882813
744.154748317125	1194.90002441406
746.842581620074	1199.80004882813
749.529539463458	1192.09997558594
752.215622364608	1193.30004882813
754.900830840131	1189.59997558594
757.585165405892	1195
760.26862657703	1196.59997558594
762.951214867957	1198.90002441406
765.632930792356	1191.59997558594
768.313774863181	1197.5
770.993747592673	1198.40002441406
773.672849492359	1199.30004882813
776.351081073017	1189
779.028442844757	1191.69995117188
781.704935316928	1198.19995117188
784.380558998208	1195.69995117188
787.055314396528	1189.59997558594
789.729202019141	1197.59997558594
792.402222372581	1194.80004882813
795.074375962669	1198.69995117188
797.745663294537	1197.09997558594
800.416084872622	1203
803.085641200652	1204.40002441406
805.754332781664	1199.80004882813
808.422160117986	1210
811.089123711292	1204.59997558594
813.75522406252	1208.69995117188
816.420461671951	1209.19995117188
819.084837039164	1215.59997558594
821.748350663067	1209
824.411003041866	1212.90002441406
827.072794673116	1215.19995117188
829.733726053668	1219.09997558594
832.39379767971	1214.19995117188
835.05301004674	1217.80004882813
837.711363649601	1222.59997558594
840.368858982457	1219.5
843.025496538805	1227.80004882813
845.681276811467	1230.09997558594
848.336200292618	1227.19995117188
850.99026747375	1228.59997558594
853.643478845713	1238.09997558594
856.29583489868	1232.59997558594
858.947336122176	1229.80004882813
861.59798300506	1237.40002441406
864.247776035556	1239
866.896715701222	1239.19995117188
869.544802488959	1249.69995117188
872.192036885046	1242.5
874.838419375087	1233.69995117188
877.483950444054	1237.90002441406
880.128630576285	1230
882.772460255461	1224.19995117188
885.415439964628	1233.09997558594
888.057570186211	1224
890.698851401966	1231.40002441406
893.339284093045	1230.90002441406
895.978868739961	1227
898.617605822596	1227.5
901.255495820196	1220.5
903.892539211396	1218.19995117188
906.528736474184	1226.69995117188
909.164088085949	1224.09997558594
911.798594523442	1225.90002441406
914.432256262804	1218.5
917.065073779549	1230.40002441406
919.697047548589	1228.69995117188
922.328178044212	1227.19995117188
924.9584657401	1227.40002441406
927.587911109317	1222.40002441406
930.216514624317	1228.90002441406
932.844276756963	1223.5
935.471197978488	1229.09997558594
938.097278759538	1231.40002441406
940.722519570163	1223.40002441406
943.346920879798	1226.09997558594
945.97048315729	1220.80004882813
948.593206870885	1222.09997558594
951.215092488219	1226
953.836140476366	1221.69995117188
956.456351301787	1224.09997558594
959.07572543037	1230.40002441406
961.694263327369	1222.09997558594
964.311965457521	1228.90002441406
966.928832284933	1232.40002441406
969.544864273135	1238.09997558594
972.160061885076	1230
974.774425583129	1230.40002441406
977.387955829099	1221.30004882813
980.000653084196	1226
982.612517809061	1227.90002441406
985.223550463768	1216.80004882813
987.833751507819	1220.90002441406
990.443121400135	1216.59997558594
993.051660599081	1214.59997558594
995.659369562449	1220.69995117188
998.266248747469	1210.69995117188
1000.87229861081	1218.69995117188
1003.47751960857	1227.40002441406
1006.0819121963	1219.09997558594
1008.68547682897	1226.30004882813
1011.28821396104	1223.30004882813
1013.89012404635	1228.59997558594
1016.49120753824	1227.40002441406
1019.09146488947	1232.5
1021.69089655226	1236.80004882813
1024.28950297827	1232.19995117188
1026.88728461863	1224.59997558594
1029.48424192392	1231.5
1032.08037534416	1228.69995117188
1034.67568532886	1228
1037.27017232694	1232
1039.86383678682	1223.69995117188
1042.45667915637	1233.19995117188
1045.04869988293	1224.5
1047.6398994133	1231.59997558594
1050.23027819374	1234.90002441406
1052.81983666998	1240.80004882813
1055.40857528724	1240.40002441406
1057.99649449018	1248.59997558594
1060.58359472296	1258.69995117188
1063.1698764292	1258.40002441406
1065.755340052	1262.30004882813
1068.33998603393	1267.80004882813
1070.92381481706	1253.09997558594
1073.50682684291	1261.40002441406
1076.08902255251	1268.69995117188
1078.67040238637	1270.80004882813
1081.25096678445	1270.09997558594
1083.83071618624	1266.19995117188
1086.4096510307	1249.5
1088.98777175629	1259
1091.56507880094	1250.40002441406
1094.14157260208	1261.40002441406
1096.71725359664	1240.09997558594
1099.29212222106	1232.5
1101.86617891125	1228.90002441406
1104.43942410262	1222
1107.01185823011	1226.5
1109.58348172812	1219.19995117188
1112.15429503057	1228.19995117188
1114.7242985709	1226.90002441406
1117.29349278203	1224.59997558594
1119.86187809642	1227.90002441406
1122.42945494599	1240
1124.99622376222	1220.80004882813
1127.56218497606	1220.30004882813
1130.12733901801	1221.40002441406
1132.69168631804	1210.59997558594
1135.25522730568	1214.30004882813
1137.81796240995	1210.69995117188
1140.37989205941	1209.40002441406
1142.9410166821	1206.40002441406
1145.50133670561	1211.5
1148.06085255708	1210
1150.61956466311	1210.19995117188
1153.17747344987	1212.40002441406
1155.73457934305	1211.30004882813
1158.29088276786	1206.90002441406
1160.84638414903	1219.09997558594
1163.40108391085	1213.80004882813
1165.95498247711	1209.5
1168.50808027116	1209.90002441406
1171.06037771587	1212.59997558594
1173.61187523364	1211.40002441406
1176.16257324643	1206.69995117188
1178.71247217573	1212.80004882813
1181.26157244255	1208
1183.80987446746	1210.30004882813
1186.35737867059	1214.69995117188
1188.90408547157	1213.69995117188
1191.44999528961	1210.5
1193.99510854347	1215.19995117188
1196.53942565142	1214.19995117188
1199.08294703133	1215.5
1201.62567310057	1213.19995117188
1204.16760427611	1210.30004882813
1206.70874097445	1213.40002441406
1209.24908361163	1211.5
1211.78863260327	1215.5
1214.32738836454	1213.09997558594
1216.86535131017	1214
1219.40252185445	1207.90002441406
1221.93890041121	1221.09997558594
1224.47448739389	1210.30004882813
1227.00928321544	1221.5
1229.54328828842	1224.40002441406
1232.07650302491	1223.30004882813
1234.60892783662	1221.19995117188
1237.14056313477	1235.5
1239.67140933017	1233.90002441406
1242.2014668332	1244
1244.73073605384	1240.19995117188
1247.25921740159	1254.69995117188
1249.78691128558	1252.80004882813
1252.31381811448	1254.30004882813
1254.83993829655	1268.09997558594
1257.36527223962	1285.30004882813
1259.88982035112	1272.80004882813
1262.41358303803	1291.80004882813
1264.93656070696	1292
1267.45875376405	1302.19995117188
1269.98016261505	1295.30004882813
1272.50078766531	1290.30004882813
1275.02062931974	1279.69995117188
1277.53968798285	1280.19995117188
1280.05796405875	1280.19995117188
1282.57545795112	1273
1285.09217006325	1261
1287.60810079802	1281.59997558594
1290.12325055788	1279.90002441406
1292.63761974492	1297.59997558594
1295.15120876079	1311.30004882813
1297.66401800676	1323
1300.17604788367	1325.69995117188
1302.687298792	1313.5
1305.19777113181	1335.30004882813
1307.70746530274	1301.19995117188
1310.21638170408	1293.90002441406
1312.7245207347	1287.40002441406
1315.23188279307	1272.19995117188
1317.73846827728	1269.59997558594
1320.24427758502	1260.30004882813
1322.74931111359	1245.59997558594
1325.25356925991	1245.90002441406
1327.75705242051	1242.19995117188
1330.25976099151	1234
1332.76169536868	1225
1335.26285594737	1225.30004882813
1337.76324312256	1233.80004882813
1340.26285728887	1222.09997558594
1342.76169884052	1219.59997558594
1345.25976817132	1223
1347.75706567474	1230.5
1350.25359174387	1220.69995117188
1352.74934677141	1222.90002441406
1355.24433114968	1214.40002441406
1357.73854527062	1219.19995117188
1360.23198952583	1218.09997558594
1362.7246643065	1221.59997558594
1365.21657000347	1223.80004882813
1367.7077070072	1224.90002441406
1370.19807570777	1220.09997558594
1372.68767649492	1219.30004882813
1375.176509758	1210.90002441406
1377.66457588599	1212.59997558594
1380.15187526753	1215.59997558594
1382.63840829087	1215.80004882813
1385.1241753439	1215.80004882813
1387.60917681417	1207.59997558594
1390.09341308884	1211.69995117188
1392.57688455474	1209.5
1395.05959159829	1213.80004882813
1397.54153460562	1219.5
1400.02271396243	1211.5
1402.50313005414	1219.69995117188
1404.98278326576	1229.90002441406
1407.46167398196	1221.09997558594
1409.93980258707	1225.80004882813
1412.41716946504	1234.19995117188
1414.89377499951	1238.80004882813
1417.36961957373	1230.30004882813
1419.84470357062	1248
1422.31902737275	1245.90002441406
1424.79259136235	1258
1427.26539592129	1279.09997558594
1429.73744143111	1308.80004882813
1432.20872827299	1339.5
1434.67925682777	1370.5
1437.14902747597	1404.69995117188
1439.61804059773	1398.30004882813
1442.0862965729	1397.69995117188
1444.55379578093	1403.80004882813
1447.02053860099	1390.40002441406
1449.48652541188	1362.30004882813
1451.95175659206	1365.09997558594
1454.41623251969	1360.5
1456.87995357255	1351.5
1459.34292012811	1335.90002441406
1461.80513256351	1315.69995117188
1464.26659125557	1304.09997558594
1466.72729658073	1290.19995117188
1469.18724891517	1262.19995117188
1471.64644863469	1252.40002441406
1474.10489611478	1252.19995117188
1476.5625917306	1235.80004882813
1479.01953585699	1233.40002441406
1481.47572886844	1222.5
1483.93117113917	1218.80004882813
1486.38586304302	1221.30004882813
1488.83980495354	1215.59997558594
1491.29299724395	1220.5
1493.74544028715	1208.30004882813
1496.19713445573	1222.40002441406
1498.64808012193	1219.69995117188
1501.09827765772	1211.59997558594
1503.54772743471	1217.09997558594
1505.99642982421	1214.30004882813
1508.44438519723	1213.5
1510.89159392446	1220.30004882813
1513.33805637625	1211.90002441406
1515.78377292266	1214.30004882813
1518.22874393346	1206.80004882813
1520.67296977806	1209.09997558594
1523.11645082559	1203.59997558594
1525.55918744488	1215.40002441406
1528.00118000444	1206.40002441406
1530.44242887245	1209.69995117188
1532.88293441684	1204.80004882813
1535.32269700517	1200.40002441406
1537.76171700475	1201.19995117188
1540.19999478255	1202.30004882813
1542.63753070526	1200
1545.07432513925	1209.30004882813
1547.5103784506	1201.59997558594
1549.94569100509	1203.80004882813
1552.38026316819	1210
1554.8140953051	1212
1557.24718778067	1203.69995117188
1559.67954095952	1208
1562.11115520592	1201.19995117188
1564.54203088386	1209.19995117188
1566.97216835704	1197.80004882813
1569.40156798888	1215
1571.83023014248	1210.90002441406
1574.25815518067	1208
1576.68534346597	1210.59997558594
1579.11179536062	1211.19995117188
1581.53751122658	1213.69995117188
1583.9624914255	1214.90002441406
1586.38673631876	1208.69995117188
1588.81024626745	1218.19995117188
1591.23302163235	1215
1593.655062774	1225.5
1596.07637005262	1217.19995117188
1598.49694382815	1219
1600.91678446025	1212.30004882813
1603.33589230831	1207.90002441406
1605.75426773142	1209.19995117188
1608.1719110884	1209.5
1610.58882273779	1213.19995117188
1613.00500303784	1207.90002441406
1615.42045234654	1207.5
1617.83517102158	1207.59997558594
1620.24915942039	1209.90002441406
1622.66241790012	1213.5
1625.07494681764	1217.69995117188
1627.48674652954	1211.30004882813
1629.89781739216	1213.59997558594
1632.30815976152	1217
1634.71777399343	1217
1637.12666044338	1232.69995117188
1639.53481946661	1237.30004882813
1641.94225141808	1245.69995117188
1644.34895665248	1278.09997558594
1646.75493552424	1288.19995117188
1649.16018838752	1324
1651.56471559621	1356.90002441406
1653.96851750392	1384.19995117188
1656.37159446403	1405
1658.7739468296	1384.90002441406
1661.17557495349	1360.80004882813
1663.57647918824	1324.19995117188
1665.97665988617	1290.59997558594
1668.37611739929	1258.80004882813
1670.77485207939	1238.59997558594
1673.17286427799	1232
1675.57015434633	1220.59997558594
1677.96672263542	1220.09997558594
1680.36256949598	1218.5
1682.7576952785	1210
1685.15210033318	1212.19995117188
1687.54578501	1211.09997558594
1689.93874965866	1206.30004882813
1692.33099462861	1203.69995117188
1694.72252026904	1210.19995117188
1697.11332692889	1200.19995117188
1699.50341495686	1207.40002441406
1701.89278470137	1206.90002441406
1704.28143651061	1210.69995117188
1706.66937073251	1202.09997558594
1709.05658771473	1204.40002441406
1711.44308780473	1205.30004882813
1713.82887134968	1204.40002441406
1716.21393869648	1204.19995117188
1718.59829019185	1203.5
1720.98192618221	1202.80004882813
1723.36484701374	1205
1725.74705303238	1208.69995117188
1728.12854458384	1208.5
1730.50932201356	1212.30004882813
1732.88938566673	1210.80004882813
1735.26873588834	1214.19995117188
1737.64737302307	1224
1740.02529741544	1227.80004882813
1742.40250940964	1232.59997558594
1744.77900934969	1233.09997558594
1747.15479757933	1237.40002441406
1749.52987444206	1233.69995117188
1751.90424028116	1228.90002441406
1754.27789543967	1225.19995117188
1756.65084026037	1222.80004882813
1759.02307508582	1211.90002441406
1761.39460025833	1203.90002441406
1763.76541612	1209.09997558594
1766.13552301265	1203.40002441406
1768.50492127791	1203.69995117188
1770.87361125714	1201.5
1773.2415932915	1202.80004882813
1775.60886772188	1202.09997558594
1777.97543488896	1203.59997558594
1780.34129513318	1202.19995117188
1782.70644879475	1197.19995117188
1785.07089621365	1202
1787.43463772964	1198.30004882813
1789.7976736822	1203
1792.16000441066	1202.59997558594
1794.52163025405	1198.90002441406
1796.88255155121	1203.30004882813
1799.24276864074	1199
1801.60228186102	1194.90002441406
1803.96109155019	1194.90002441406
1806.31919804618	1206.90002441406
1808.67660168668	1194.90002441406
1811.03330280916	1206.09997558594
1813.38930175088	1202.5
1815.74459884884	1201.30004882813
1818.09919443984	1198.19995117188
1820.45308886047	1199
1822.80628244708	1193.5
1825.1587755358	1197.90002441406
1827.51056846254	1204.5
1829.86166156297	1202.59997558594
1832.21205517258	1195.59997558594
1834.56174962661	1201.5
1836.91074526009	1194.90002441406
1839.25904240783	1198.30004882813
1841.60664140443	1203.69995117188
1843.95354258425	1204.09997558594
1846.29974628146	1203.69995117188
1848.64525282998	1202.59997558594
1850.99006256356	1206
1853.3341758157	1201.69995117188
1855.67759291968	1199.40002441406
1858.02031420858	1200.19995117188
1860.36234001528	1193.59997558594
1862.70367067241	1194.09997558594
1865.04430651244	1200.09997558594
1867.38424786755	1203
1869.72349506978	1199.40002441406
1872.06204845094	1202.90002441406
1874.39990834258	1203
1876.73707507612	1198.40002441406
1879.07354898269	1201.19995117188
1881.40933039328	1204
1883.74441963861	1204.80004882813
1886.07881704925	1196.59997558594
1888.41252295551	1204.09997558594
1890.74553768751	1206.19995117188
1893.07786157519	1198.90002441406
1895.40949494822	1199.80004882813
1897.74043813615	1207.80004882813
1900.07069146823	1200.59997558594
1902.40025527357	1199.40002441406
1904.72912988106	1205.90002441406
1907.05731561938	1197.59997558594
1909.38481281699	1202.40002441406
1911.71162180217	1196.5
1914.037742903	1198.5
1916.36317644734	1196.30004882813
1918.68792276284	1198.30004882813
1921.01198217697	1198.69995117188
1923.33535501699	1202.69995117188
1925.65804160996	1204.40002441406
1927.98004228273	1202.90002441406
1930.30135736196	1202.80004882813
1932.6219871741	1200.90002441406
1934.94193204543	1201.40002441406
1937.26119230198	1200
1939.57976826962	1205
1941.89766027402	1198.40002441406
1944.21486864062	1202.40002441406
1946.53139369472	1201.5
1948.84723576137	1199.80004882813
1951.16239516543	1196.5
1953.47687223159	1203.09997558594
1955.79066728434	1193.80004882813
1958.10378064794	1204.09997558594
1960.4162126465	1195.90002441406
1962.7279636039	1199
1965.03903384385	1204.80004882813
1967.34942368987	1199.40002441406
1969.65913346524	1199.30004882813
1971.96816349311	1202.40002441406
1974.2765140964	1202.19995117188
1976.58418559784	1193.19995117188
1978.89117831997	1197.5
1981.19749258516	1199
1983.50312871555	1197.19995117188
1985.80808703313	1203.09997558594
1988.11236785967	1194.40002441406
1990.41597151676	1199.5
1992.71889832581	1203.80004882813
1995.02114860801	1208.30004882813
1997.3227226844	1202.90002441406
1999.62362087581	1196.90002441406
2001.92384350288	1193.30004882813
2004.22339088608	1201.40002441406
2006.52226334567	1202.09997558594
2008.82046120173	1202.5
2011.11798477417	1197.09997558594
2013.41483438269	1206.90002441406
2015.71101034681	1204.09997558594
2018.00651298588	1197.5
2020.30134261905	1197.09997558594
2022.59549956528	1203.09997558594
2024.88898414337	1200.59997558594
2027.1817966719	1203.40002441406
2029.4739374693	1203.90002441406
2031.76540685379	1206
2034.05620514342	1198.80004882813
2036.34633265607	1202.19995117188
2038.6357897094	1201.40002441406
2040.92457662092	1205.5
2043.21269370795	1195
2045.50014128763	1205.69995117188
2047.78691967691	1206.19995117188
2050.07302919256	1201.19995117188
2052.35847015118	1198.69995117188
2054.64324286919	1201.09997558594
2056.9273476628	1203.19995117188
2059.21078484808	1191.30004882813
2061.4935547409	1197.59997558594
2063.77565765696	1205.80004882813
2066.05709391176	1199
2068.33786382065	1200.5
2070.61796769879	1204.5
2072.89740586116	1209.5
2075.17617862255	1199.80004882813
2077.45428629759	1194.69995117188
2079.73172920075	1194.90002441406
2082.00850764627	1203.90002441406
2084.28462194827	1204.40002441406
2086.56007242065	1198.30004882813
2088.83485937717	1198.69995117188
2091.10898313139	1200.90002441406
2093.3824439967	1208.09997558594
2095.65524228632	1205.59997558594
2097.92737831328	1200
2100.19885239047	1200.40002441406
2102.46966483057	1211
2104.7398159461	1202.5
2107.00930604941	1199
2109.27813545267	1199.09997558594
2111.54630446787	1204.09997558594
2113.81381340685	1202.80004882813
2116.08066258126	1201.30004882813
2118.34685230257	1201.19995117188
2120.61238288211	1206.40002441406
2122.87725463099	1205.90002441406
2125.1414678602	1199.69995117188
2127.40502288052	1202.80004882813
2129.66792000257	1209.69995117188
2131.93015953682	1211.69995117188
2134.19174179353	1198.5
2136.45266708282	1199.30004882813
2138.71293571463	1206.09997558594
2140.97254799873	1203.5
2143.23150424473	1203.09997558594
2145.48980476205	1206.5
2147.74744985996	1202.40002441406
2150.00443984754	1211.5
2152.26077503373	1203.40002441406
2154.51645572728	1204.69995117188
2156.77148223677	1201.40002441406
2159.02585487064	1203.19995117188
2161.27957393713	1206.69995117188
2163.53263974432	1203.09997558594
2165.78505260012	1203.69995117188
2168.0368128123	1212.09997558594
2170.28792068844	1199.59997558594
2172.53837653595	1211.5
2174.78818066207	1207.19995117188
2177.03733337389	1204.90002441406
2179.28583497833	1206.19995117188
2181.53368578214	1204.19995117188
2183.78088609192	1203.40002441406
2186.02743621406	1202.30004882813
2188.27333645484	1200.59997558594
2190.51858712033	1212.59997558594
2192.76318851646	1202.59997558594
2195.00714094901	1212.19995117188
2197.25044472354	1204
2199.49310014551	1207.09997558594
2201.73510752018	1207.69995117188
2203.97646715265	1203.09997558594
2206.21717934786	1200.59997558594
2208.45724441058	1202.40002441406
2210.69666264543	1210.69995117188
2212.93543435686	1204.40002441406
2215.17355984914	1202
2217.41103942642	1200.40002441406
2219.64787339264	1199.40002441406
2221.8840620516	1207.30004882813
2224.11960570695	1203.59997558594
2226.35450466215	1206.69995117188
2228.58875922051	1201.40002441406
2230.82236968518	1200.69995117188
2233.05533635916	1202.30004882813
2235.28765954527	1204
2237.51933954617	1208.19995117188
2239.75037666437	1208.69995117188
2241.98077120221	1199.69995117188
2244.21052346188	1202
2246.4396337454	1207.80004882813
2248.66810235461	1206.80004882813
2250.89592959125	1208
2253.12311575681	1208.80004882813
2255.34966115272	1206.80004882813
2257.57556608017	1207
2259.80083084023	1204.19995117188
2262.02545573381	1203
2264.24944106163	1207.19995117188
2266.47278712429	1198.09997558594
2268.69549422221	1202.30004882813
2270.91756265564	1200.09997558594
2273.1389927247	1205.30004882813
2275.35978472934	1201.19995117188
2277.57993896933	1206.69995117188
2279.79945574431	1204.80004882813
2282.01833535375	1204.09997558594
2284.23657809696	1209.30004882813
2286.45418427309	1202.80004882813
2288.67115418114	1208.09997558594
2290.88748811995	1204.59997558594
2293.10318638819	1201.69995117188
2295.3182492844	1205
2297.53267710693	1205.90002441406
2299.746470154	1198.40002441406
2301.95962872364	1208.40002441406
2304.17215311376	1205.69995117188
2306.3840436221	1204.5
2308.59530054621	1204.90002441406
2310.80592418354	1201.5
2313.01591483134	1206.19995117188
2315.22527278673	1215.5
2317.43399834666	1201.40002441406
2319.64209180791	1206.30004882813
2321.84955346713	1203.40002441406
2324.05638362079	1203.09997558594
2326.26258256524	1202.90002441406
2328.46815059664	1207.69995117188
2330.67308801098	1213
2332.87739510415	1202.59997558594
2335.08107217184	1206.40002441406
2337.2841195096	1206.30004882813
2339.48653741281	1204
2341.68832617672	1209.30004882813
2343.8894860964	1209.90002441406
2346.09001746678	1208.59997558594
2348.28992058261	1205.69995117188
2350.48919573852	1205
2352.68784322898	1209.19995117188
2354.88586334826	1203.69995117188
2357.08325639055	1205.80004882813
2359.2800226498	1207.5
2361.47616241988	1207.59997558594
2363.67167599445	1199.69995117188
2365.86656366706	1204.69995117188
2368.06082573107	1200.5
2370.2544624797	1200.30004882813
2372.44747420603	1211.40002441406
2374.63986120295	1206.69995117188
2376.83162376322	1207.5
2379.02276217945	1202.5
2381.21327674408	1204.09997558594
2383.4031677494	1209.80004882813
2385.59243548756	1205.69995117188
2387.78108025053	1206.80004882813
2389.96910233014	1205.90002441406
2392.15650201809	1207.5
2394.34327960587	1205.59997558594
2396.52943538486	1205.5
2398.71496964628	1210.40002441406
2400.89988268118	1204.59997558594
2403.08417478048	1212.40002441406
2405.26784623491	1208.90002441406
2407.45089733509	1208.80004882813
2409.63332837146	1207.69995117188
2411.81513963429	1205.5
2413.99633141375	1215.5
2416.1769039998	1211.40002441406
2418.35685768227	1207.80004882813
2420.53619275084	1204.40002441406
2422.71490949505	1210.59997558594
2424.89300820425	1202.80004882813
2427.07048916765	1203.59997558594
2429.24735267433	1208.90002441406
2431.42359901319	1211.90002441406
2433.59922847297	1204.09997558594
2435.7742413423	1212.80004882813
2437.94863790961	1209.40002441406
2440.12241846321	1208.19995117188
2442.29558329121	1207
2444.46813268162	1208
2446.64006692228	1208
2448.81138630086	1205.80004882813
2450.98209110489	1205.59997558594
2453.15218162174	1209
2455.32165813864	1208.80004882813
2457.49052094265	1201.59997558594
2459.65877032069	1200.90002441406
2461.8264065595	1202.69995117188
2463.99342994572	1206
2466.15984076579	1212
2468.325639306	1209.40002441406
2470.49082585251	1204.30004882813
2472.65540069131	1214.5
2474.81936410824	1208
2476.98271638899	1210.90002441406
2479.14545781909	1209.40002441406
2481.30758868392	1208.30004882813
2483.4691092687	1209
2485.63001985852	1212.90002441406
2487.79032073829	1201.19995117188
2489.95001219277	1213.09997558594
2492.10909450659	1205.19995117188
2494.26756796419	1219.90002441406
2496.42543284989	1208.30004882813
2498.58268944783	1212.09997558594
2500.73933804202	1212.80004882813
2502.8953789163	1204.69995117188
2505.05081235436	1207.5
2507.20563863974	1205.09997558594
2509.35985805582	1206.09997558594
2511.51347088583	1206.80004882813
2513.66647741285	1210.30004882813
2515.81887791981	1211.19995117188
2517.97067268946	1205.30004882813
2520.12186200443	1204.30004882813
2522.27244614716	1212.19995117188
2524.42242539999	1209.69995117188
2526.57180004504	1208.5
2528.72057036433	1207
2530.8687366397	1213
2533.01629915284	1204.30004882813
2535.16325818527	1216.19995117188
2537.30961401839	1207.09997558594
2539.45536693343	1210
2541.60051721145	1206.59997558594
2543.74506513338	1207.5
2545.88901097997	1216.59997558594
2548.03235503185	1207.90002441406
2550.17509756946	1207.59997558594
2552.31723887311	1207.19995117188
2554.45877922293	1213.30004882813
2556.59971889893	1207.59997558594
2558.74005818094	1208.30004882813
2560.87979734864	1205
2563.01893668155	1213.59997558594
2565.15747645906	1211.30004882813
2567.29541696037	1206.69995117188
2569.43275846454	1219.09997558594
2571.56950125049	1205.30004882813
2573.70564559696	1210.69995117188
2575.84119178254	1209.69995117188
2577.97614008569	1212.19995117188
2580.11049078468	1217.30004882813
2582.24424415764	1207.5
2584.37740048255	1213.59997558594
2586.50996003722	1211.09997558594
2588.64192309931	1217.5
2590.77328994634	1223.80004882813
2592.90406085564	1209.90002441406
2595.03423610442	1217.09997558594
2597.16381596971	1223.30004882813
2599.29280072839	1220.30004882813
2601.42119065719	1211.5
2603.54898603267	1225.19995117188
2605.67618713125	1215.80004882813
2607.80279422919	1224.09997558594
2609.92880760257	1214.19995117188
2612.05422752735	1218.09997558594
2614.17905427932	1222.30004882813
2616.30328813408	1214.90002441406
2618.42692936713	1221.80004882813
2620.54997825377	1222.80004882813
2622.67243506915	1222.69995117188
2624.79430008828	1220.90002441406
2626.915573586	1216.5
2629.03625583699	1226.5
2631.15634711579	1227.40002441406
2633.27584769675	1224.69995117188
2635.39475785408	1221.30004882813
2637.51307786185	1215.30004882813
2639.63080799394	1226.19995117188
2641.74794852409	1222.69995117188
2643.86449972589	1232.59997558594
2645.98046187273	1229.19995117188
2648.0958352379	1221.09997558594
2650.21062009449	1220.80004882813
2652.32481671544	1221.40002441406
2654.43842537353	1227.40002441406
2656.5514463414	1229.30004882813
2658.66387989151	1232.30004882813
2660.77572629616	1228.40002441406
2662.88698582751	1230.30004882813
2664.99765875753	1221.59997558594
2667.10774535806	1236.09997558594
2669.21724590076	1227
2671.32616065714	1239.19995117188
2673.43448989857	1231.59997558594
2675.5422338962	1237.80004882813
2677.64939292108	1234.5
2679.75596724408	1232.40002441406
2681.86195713589	1239.5
2683.96736286707	1239.90002441406
2686.07218470799	1236.90002441406
2688.17642292889	1243.40002441406
2690.28007779982	1232.80004882813
2692.38314959069	1234.30004882813
2694.48563857123	1232.09997558594
2696.58754501103	1237.5
2698.6888691795	1240.09997558594
2700.78961134588	1246.69995117188
2702.8897717793	1246.30004882813
2704.98935074864	1252.80004882813
2707.08834852271	1242.69995117188
2709.18676537009	1254.19995117188
2711.28460155925	1256.40002441406
2713.38185735843	1264.09997558594
2715.47853303577	1258.90002441406
2717.57462885924	1255.5
2719.67014509659	1263.30004882813
2721.76508201548	1271.90002441406
2723.85943988337	1282.09997558594
2725.95321896754	1275.30004882813
2728.04641953515	1280
2730.13904185316	1275.59997558594
2732.23108618837	1269.80004882813
2734.32255280744	1256
2736.41344197683	1258.40002441406
2738.50375396288	1250.80004882813
2740.5934890317	1247.09997558594
2742.68264744932	1253.80004882813
2744.77122948153	1230.80004882813
2746.85923539398	1237.80004882813
2748.94666545217	1236.30004882813
2751.03351992142	1240.80004882813
2753.11979906688	1237.59997558594
2755.20550315355	1234.5
2757.29063244624	1230.59997558594
2759.37518720963	1241.09997558594
2761.45916770819	1223.90002441406
2763.54257420625	1231.5
2765.62540696797	1230.09997558594
2767.70766625733	1227.90002441406
2769.78935233816	1227.40002441406
2771.87046547413	1232
2773.95100592869	1229.5
2776.03097396519	1233.59997558594
2778.11036984677	1233.30004882813
2780.18919383641	1220.30004882813
2782.26744619693	1235.59997558594
2784.34512719097	1235.09997558594
2786.42223708102	1238.09997558594
2788.49877612937	1233.59997558594
2790.57474459816	1241.80004882813
2792.65014274937	1233.40002441406
2794.7249708448	1236.19995117188
2796.79922914607	1245.30004882813
2798.87291791465	1248.80004882813
2800.94603741181	1252
2803.01858789869	1250
2805.09056963623	1251.5
2807.1619828852	1261.19995117188
2809.23282790621	1255.69995117188
2811.30310495971	1258.80004882813
2813.37281430593	1261
2815.441956205	1269.40002441406
2817.51053091682	1270.90002441406
2819.57853870114	1281.40002441406
2821.64597981753	1277.19995117188
2823.7128545254	1291.59997558594
2825.77916308399	1306.19995117188
2827.84490575233	1320.69995117188
2829.91008278933	1350.19995117188
2831.97469445369	1363.30004882813
2834.03874100395	1391.80004882813
2836.10222269847	1430.90002441406
2838.16513979544	1494.90002441406
2840.22749255288	1564.5
2842.28928122863	1657.5
2844.35050608034	1795.09997558594
2846.41116736553	1968.90002441406
2848.47126534149	2107.10009765625
2850.53080026537	2186.89990234375
2852.58977239414	2157.89990234375
2854.64818198459	2154
2856.70602929332	2087.5
2858.76331457678	2051.19995117188
2860.82003809123	1996.09997558594
2862.87620009274	1969.69995117188
2864.93180083723	1921.40002441406
2866.98684058043	1919.59997558594
2869.04131957789	1934.80004882813
2871.09523808497	1950.09997558594
2873.14859635689	1986.69995117188
2875.20139464866	1978.5
2877.2536332151	1987.19995117188
2879.30531231091	2010.19995117188
2881.35643219054	2023.69995117188
2883.40699310831	2050
2885.45699531834	2096.80004882813
2887.50643907457	2119.80004882813
2889.55532463077	2134.89990234375
2891.60365224053	2151.60009765625
2893.65142215724	2161.10009765625
2895.69863463414	2151.69995117188
2897.74528992426	2134.39990234375
2899.79138828046	2150.10009765625
2901.83692995544	2134.60009765625
2903.88191520168	2131.19995117188
2905.92634427151	2127.5
2907.97021741706	2104.19995117188
2910.01353489027	2074
2912.05629694294	2088.5
2914.09850382663	2061
2916.14015579276	2061.30004882813
2918.18125309254	2041.69995117188
2920.22179597702	2040.90002441406
2922.26178469705	2031.40002441406
2924.30121950329	2060.69995117188
2926.34010064624	2053.30004882813
2928.37842837619	2057.39990234375
2930.41620294326	2058
2932.45342459737	2034.19995117188
2934.49009358828	2023
2936.52621016555	1990.09997558594
2938.56177457854	1955.69995117188
2940.59678707645	1891.59997558594
2942.63124790827	1819.5
2944.66515732282	1756.19995117188
2946.69851556873	1739
2948.73132289443	1677.09997558594
2950.76357954817	1657.59997558594
2952.79528577803	1641.5
2954.82644183188	1640.59997558594
2956.85704795741	1601.59997558594
2958.8871044021	1608.09997558594
2960.91661141328	1602.80004882813
2962.94556923807	1573.30004882813
2964.97397812339	1549.09997558594
2967.00183831598	1521.19995117188
2969.0291500624	1492.30004882813
2971.05591360902	1485.40002441406
2973.08212920199	1460.69995117188
2975.1077970873	1436.90002441406
2977.13291751074	1422.09997558594
2979.1574907179	1401.30004882813
2981.18151695419	1382
2983.20499646482	1377.90002441406
2985.2279294948	1364.30004882813
2987.25031628898	1356.59997558594
2989.27215709199	1353.19995117188
2991.29345214825	1348.80004882813
2993.31420170204	1355.90002441406
2995.33440599738	1355.09997558594
2997.35406527816	1365.59997558594
2999.37317978802	1387.09997558594
3001.39174977045	1401.59997558594
3003.40977546872	1416.5
3005.42725712591	1434.80004882813
3007.44419498491	1440.30004882813
3009.4605892884	1438.40002441406
3011.47644027889	1435.69995117188
3013.49174819865	1432.80004882813
3015.5065132898	1409.80004882813
3017.52073579424	1394.5
3019.53441595366	1375.09997558594
3021.54755400959	1355
3023.56015020332	1329
3025.57220477598	1317.30004882813
3027.58371796846	1302.80004882813
3029.5946900215	1281.30004882813
3031.6051211756	1281.69995117188
3033.61501167107	1269.19995117188
3035.62436174803	1264.69995117188
3037.6331716464	1259.19995117188
3039.64144160588	1264.40002441406
3041.649171866	1252.40002441406
3043.65636266607	1252.19995117188
3045.6630142452	1244.19995117188
3047.66912684229	1249.80004882813
3049.67470069605	1240.30004882813
3051.679736045	1246
3053.68423312742	1242.69995117188
3055.68819218143	1249.90002441406
3057.6916134449	1244.19995117188
3059.69449715556	1250.69995117188
3061.69684355086	1250.40002441406
3063.6986528681	1246.09997558594
3065.69992534437	1252.59997558594
3067.70066121653	1246.30004882813
3069.70086072126	1248
3071.700524095	1245.5
3073.69965157405	1244.40002441406
3075.69824339442	1244.80004882813
3077.69629979197	1246.59997558594
3079.69382100235	1233.69995117188
3081.69080726098	1238.90002441406
3083.68725880307	1234.30004882813
3085.68317586366	1242.30004882813
3087.67855867755	1233.69995117188
3089.67340747933	1237.69995117188
3091.6677225034	1233
3093.66150398392	1237.90002441406
3095.6547521549	1237
3097.64746725006	1236
3099.63964950297	1240.30004882813
3101.63129914698	1236.09997558594
3103.6224164152	1238.59997558594
3105.61300154056	1236.80004882813
3107.60305475576	1240.19995117188
3109.59257629331	1233.09997558594
3111.58156638547	1235.40002441406
3113.57002526432	1231.80004882813
3115.55795316172	1237.80004882813
3117.54535030932	1234.19995117188
3119.53221693853	1236.19995117188
3121.51855328057	1236.59997558594
3123.50435956646	1245.59997558594
3125.48963602698	1246
3127.4743828927	1247.40002441406
3129.45860039397	1243.90002441406
3131.44228876093	1244.80004882813
3133.42544822353	1241.5
3135.40807901145	1239.90002441406
3137.39018135418	1241.40002441406
3139.37175548102	1240.40002441406
3141.35280162101	1239.59997558594
3143.33332000299	1242.40002441406
3145.31331085559	1250
3147.2927744072	1244.19995117188
3149.27171088602	1243.09997558594
3151.25012052	1247.80004882813
3153.22800353689	1240.09997558594
3155.20536016422	1247.69995117188
3157.18219062929	1248.09997558594
3159.15849515918	1249.09997558594
3161.13427398075	1247.30004882813
3163.10952732066	1237.30004882813
3165.08425540532	1246.5
3167.05845846092	1250
3169.03213671344	1244.30004882813
3171.00529038863	1245.19995117188
3172.97791971203	1241.80004882813
3174.95002490893	1258.5
3176.92160620443	1254.59997558594
3178.89266382337	1244.59997558594
3180.8631979904	1253
3182.83320892991	1250.09997558594
3184.80269686609	1261.5
3186.77166202289	1260.69995117188
3188.74010462406	1257.40002441406
3190.70802489307	1264.90002441406
3192.67542305323	1263.09997558594
3194.64229932757	1257.59997558594
3196.60865393892	1254.19995117188
3198.57448710987	1255.09997558594
3200.53979906279	1262.19995117188
3202.50459001981	1260.09997558594
3204.46886020284	1262.69995117188
3206.43260983356	1255.30004882813
3208.39583913341	1257.69995117188
3210.35854832362	1263
3212.32073762517	1266.5
3214.28240725881	1254.40002441406
3216.24355744508	1251.90002441406
3218.20418840426	1265.59997558594
3220.16430035642	1266.69995117188
3222.12389352137	1260.40002441406
3224.08296811873	1260.69995117188
3226.04152436784	1258.59997558594
3227.99956248784	1251.69995117188
3229.95708269762	1260.09997558594
3231.91408521584	1256.5
3233.87057026092	1264.30004882813
3235.82653805105	1263.30004882813
3237.78198880419	1261.40002441406
3239.73692273806	1262
3241.69134007013	1262.40002441406
3243.64524101764	1265.80004882813
3245.59862579761	1267.19995117188
3247.55149462681	1257.5
3249.50384772176	1264.19995117188
3251.45568529877	1268.59997558594
3253.40700757387	1268.19995117188
3255.35781476288	1270.59997558594
3257.3081070814	1264.90002441406
3259.25788474473	1269.30004882813
3261.20714796799	1260.69995117188
3263.15589696602	1266.90002441406
3265.10413195345	1265
3267.05185314463	1269.90002441406
3268.9990607537	1261.59997558594
3270.94575499455	1268.90002441406
3272.89193608081	1268.69995117188
3274.8376042259	1273.09997558594
3276.78275964296	1267.59997558594
3278.72740254492	1258.40002441406
3280.67153314443	1273
3282.61515165393	1262.80004882813
3284.55825828559	1274.09997558594
3286.50085325135	1267.5
3288.44293676289	1259.09997558594
3290.38450903165	1268.5
3292.32557026883	1272.09997558594
3294.26612068537	1276.5
3296.20616049198	1267.80004882813
3298.14568989911	1261.80004882813
3300.08470911695	1277.19995117188
3302.02321835546	1275.5
3303.96121782435	1271.30004882813
3305.89870773306	1263.5
3307.83568829081	1266
3309.77215970655	1268.80004882813
3311.70812218898	1266.69995117188
3313.64357594655	1260.59997558594
3315.57852118747	1262.30004882813
3317.51295811968	1262.30004882813
3319.44688695087	1270.80004882813
3321.38030788849	1259.19995117188
3323.31322113973	1265.59997558594
3325.24562691152	1273
3327.17752541055	1264.5
3329.10891684322	1270.30004882813
3331.03980141573	1265
3332.97017933399	1269.09997558594
3334.90005080364	1267.5
3336.82941603011	1269.30004882813
3338.75827521852	1266.30004882813
3340.68662857377	1264.19995117188
3342.6144763005	1268.5
3344.54181860308	1272.40002441406
3346.46865568561	1268.40002441406
3348.39498775195	1266.09997558594
3350.32081500571	1268.59997558594
3352.24613765022	1271.59997558594
3354.17095588855	1266.30004882813
3356.09526992352	1268.40002441406
3358.01907995769	1268.80004882813
3359.94238619334	1285.80004882813
3361.86518883251	1266.09997558594
3363.78748807697	1265.19995117188
3365.70928412823	1273.80004882813
3367.63057718752	1272.59997558594
3369.55136745582	1272.69995117188
3371.47165513386	1267.30004882813
3373.39144042208	1271.30004882813
3375.31072352066	1278.59997558594
3377.22950462953	1274.59997558594
3379.14778394834	1277
3381.06556167648	1271.69995117188
3382.98283801308	1266.30004882813
3384.89961315697	1282.59997558594
3386.81588730676	1276.09997558594
3388.73166066076	1272
3390.64693341702	1271.09997558594
3392.56170577332	1274.80004882813
3394.47597792716	1281.90002441406
3396.38975007581	1270.5
3398.30302241623	1278
3400.21579514512	1280.80004882813
3402.1280684589	1276.80004882813
3404.03984255374	1268.80004882813
3405.95111762553	1271.5
3407.86189386987	1281.19995117188
3409.77217148212	1285.5
3411.68195065733	1272.5
3413.5912315903	1276.59997558594
3415.50001447556	1277.19995117188
3417.40829950735	1273
3419.31608687963	1276.80004882813
3421.22337678611	1269.30004882813
3423.1301694202	1273
3425.03646497504	1275.59997558594
3426.9422636435	1272.19995117188
3428.84756561816	1274.59997558594
3430.75237109135	1270.59997558594
3432.65668025508	1268.5
3434.56049330112	1268.69995117188
3436.46381042093	1270.40002441406
3438.36663180571	1274.09997558594
3440.26895764638	1274.30004882813
3442.17078813357	1276.69995117188
3444.07212345762	1268
3445.97296380863	1277.69995117188
3447.87330937636	1276
3449.77316035033	1274
3451.67251691977	1264.59997558594
3453.57137927361	1267.09997558594
3455.46974760052	1263.30004882813
3457.36762208886	1268.40002441406
3459.26500292671	1264.19995117188
3461.16189030191	1269.59997558594
3463.05828440194	1265.19995117188
3464.95418541406	1277.5
3466.84959352519	1265.90002441406
3468.74450892201	1262.80004882813
3470.63893179088	1268.59997558594
3472.53286231788	1264.09997558594
3474.42630068881	1271.40002441406
3476.31924708918	1266.90002441406
3478.2117017042	1276.40002441406
3480.1036647188	1269.40002441406
3481.99513631761	1265.09997558594
3483.88611668498	1254.59997558594
3485.77660600498	1273.30004882813
3487.66660446135	1265.40002441406
3489.55611223758	1265.30004882813
3491.44512951683	1255.19995117188
3493.333656482	1259
3495.22169331568	1258.90002441406
3497.10924020016	1258.40002441406
3498.99629731746	1250.59997558594
3500.88286484927	1257.80004882813
3502.76894297702	1265.80004882813
3504.65453188182	1258
3506.53963174449	1253.80004882813
3508.42424274555	1257.69995117188
3510.30836506524	1254.30004882813
3512.19199888349	1254.80004882813
3514.07514437992	1251.30004882813
3515.95780173387	1248.80004882813
3517.83997112437	1257.5
3519.72165273016	1245.80004882813
3521.60284672967	1244
3523.48355330104	1247.80004882813
3525.36377262208	1249.09997558594
3527.24350487035	1240.59997558594
3529.12275022306	1236.69995117188
3531.00150885715	1243.90002441406
3532.87978094923	1238.90002441406
3534.75756667562	1246.19995117188
3536.63486621235	1244.59997558594
3538.51167973512	1250
3540.38800741934	1242.5
3542.26384944011	1237.80004882813
3544.13920597223	1239.69995117188
3546.01407719018	1242
3547.88846326815	1239
3549.76236438002	1243.5
3551.63578069934	1240.40002441406
3553.50871239938	1235.80004882813
3555.38115965309	1239.40002441406
3557.25312263311	1227
3559.12460151177	1237.09997558594
3560.99559646109	1235.80004882813
3562.86610765279	1233
3564.73613525825	1229.90002441406
3566.60567944857	1240.90002441406
3568.47474039453	1230.59997558594
3570.34331826658	1228
3572.21141323487	1234.5
3574.07902546925	1230
3575.94615513922	1238.69995117188
3577.81280241401	1240.40002441406
3579.67896746249	1228.40002441406
3581.54465045325	1225.69995117188
3583.40985155455	1229.59997558594
3585.27457093432	1222
3587.1388087602	1237.19995117188
3589.00256519949	1236.19995117188
3590.86584041919	1229.19995117188
3592.72863458597	1227.09997558594
3594.59094786618	1229.59997558594
3596.45278042585	1223.30004882813
3598.31413243069	1228.5
3600.17500404611	1228.90002441406
3602.03539543717	1219.69995117188
3603.89530676861	1219.30004882813
3605.75473820488	1229
3607.61368991007	1220.19995117188
3609.47216204797	1234.30004882813
3611.33015478203	1228.59997558594
3613.18766827539	1234.19995117188
3615.04470269087	1224.09997558594
3616.90125819094	1221.40002441406
3618.75733493776	1224.80004882813
3620.61293309318	1222.80004882813
3622.46805281869	1225.59997558594
3624.32269427547	1228
3626.17685762439	1217.80004882813
3628.03054302596	1218.40002441406
3629.88375064038	1216.19995117188
3631.73648062751	1221.09997558594
3633.5887331469	1222
3635.44050835775	1214.69995117188
3637.29180641893	1225.30004882813
3639.14262748899	1218.30004882813
3640.99297172614	1219.69995117188
3642.84283928828	1218.40002441406
3644.69223033294	1222.80004882813
3646.54114501734	1224.59997558594
3648.38958349836	1217.90002441406
3650.23754593256	1218.90002441406
3652.08503247614	1221.09997558594
3653.93204328497	1216.80004882813
3655.77857851462	1212.90002441406
3657.62463832028	1209.59997558594
3659.47022285682	1215
3661.31533227877	1216.09997558594
3663.15996674033	1216
3665.00412639535	1216.40002441406
3666.84781139736	1207.90002441406
3668.69102189953	1205.59997558594
3670.5337580547	1213.80004882813
3672.37602001537	1205.69995117188
3674.21780793368	1210.90002441406
3676.05912196148	1202.80004882813
3677.89996225021	1211
3679.74032895103	1207.5
3681.58022221471	1210.59997558594
3683.41964219171	1205.90002441406
3685.25858903211	1205.09997558594
3687.0970628857	1203.5
3688.93506390186	1200.40002441406
3690.77259222968	1201
3692.60964801787	1207.80004882813
3694.44623141481	1204.59997558594
3696.28234256853	1200.19995117188
3698.11798162669	1197.90002441406
3699.95314873665	1203.59997558594
3701.78784404537	1199.5
3703.62206769951	1203.19995117188
3705.45581984533	1194.80004882813
3707.28910062877	1205.19995117188
3709.12191019542	1201.69995117188
3710.95424869052	1200
3712.78611625894	1197
3714.6175130452	1199.80004882813
3716.44843919349	1197.09997558594
3718.27889484764	1198.59997558594
3720.1088801511	1201
3721.93839524699	1203.40002441406
3723.76744027808	1198.5
3725.59601538677	1199
3727.4241207151	1196.5
