40.2973356941271	1142.40002441406
43.2236257608418	1149.90002441406
46.1488808466109	1152.69995117188
49.0731017336173	1164
51.9962892025666	1170
54.9184440327569	1184.90002441406
57.8395670020446	1198.19995117188
60.7596588868509	1209.69995117188
63.6787204621708	1229.40002441406
66.5967525015794	1247.09997558594
69.5137557772381	1284
72.4297310598838	1321.09997558594
75.3446791188512	1365.19995117188
78.2586007220466	1415.19995117188
81.1714966360015	1505.90002441406
84.0833676258266	1593
86.994214455242	1723.30004882813
89.9040378865662	1844.69995117188
92.8128386807427	1964.90002441406
95.7206175973133	2082
98.6273753944444	2186.5
101.533112828928	2254.30004882813
104.437830656161	2280.30004882813
107.34152963018	2329.80004882813
110.244210503676	2312.10009765625
113.145874027931	2324.89990234375
116.046520952895	2327.30004882813
118.946152027154	2261
121.844767997933	2285.69995117188
124.74236961111	2298.19995117188
127.638957611212	2307.89990234375
130.534532741422	2302.80004882813
133.429095743606	2305.89990234375
136.322647358252	2317.19995117188
139.215188324544	2338.80004882813
142.106719380311	2340.69995117188
144.997241262089	2338.5
147.886754705057	2342.69995117188
150.775260443096	2336.30004882813
153.662759208748	2388.39990234375
156.549251733282	2380.69995117188
159.434738746612	2363.30004882813
162.319220977376	2361.69995117188
165.20269915289	2376.89990234375
168.085173999178	2388.39990234375
170.966646240977	2378.30004882813
173.847116601709	2352.39990234375
176.726585803528	2362.19995117188
179.605054567295	2365.39990234375
182.48252361259	2339.39990234375
185.358993657701	2313.5
188.234465419645	2327
191.108939614183	2343.19995117188
193.982416955795	2331.89990234375
196.854898157687	2306.10009765625
199.726383931801	2326.10009765625
202.596874988835	2339.80004882813
205.466372038225	2353
208.334875788145	2366.89990234375
211.202386945534	2349.10009765625
214.068906216069	2350
216.934434304194	2357.30004882813
219.798971913111	2379
222.662519744776	2394.39990234375
225.525078499925	2366.19995117188
228.386648878069	2359.69995117188
231.247231577465	2369.80004882813
234.106827295172	2385
236.965436727012	2350.5
239.823060567597	2343.69995117188
242.679699510337	2356.19995117188
245.535354247396	2388.69995117188
248.390025469775	2366.80004882813
251.243713867223	2341.39990234375
254.096420128327	2345
256.948144940459	2359.60009765625
259.798888989788	2390.10009765625
262.648652961315	2335.80004882813
265.49743753883	2355.69995117188
268.345243404939	2378.80004882813
271.192071241073	2363.5
274.037921727485	2383
276.882795543246	2392.39990234375
279.72669336624	2382.19995117188
282.569615873213	2385.30004882813
285.411563739724	2384.10009765625
288.252537640165	2404.69995117188
291.092538247763	2378.60009765625
293.931566234616	2412.19995117188
296.769622271633	2401.10009765625
299.606707028594	2382.5
302.442821174104	2429
305.277965375652	2387.69995117188
308.112140299574	2401
310.945346611062	2441.80004882813
313.777584974167	2439
316.608856051813	2448
319.439160505797	2448.89990234375
322.268498996783	2434.19995117188
325.096872184303	2438.30004882813
327.924280726782	2430.5
330.750725281521	2434.19995117188
333.576206504693	2418.39990234375
336.400725051388	2455.80004882813
339.224281575542	2434
342.046876730026	2402.19995117188
344.868511166586	2435.89990234375
347.689185535872	2402.39990234375
350.508900487421	2417.19995117188
353.327656669699	2428.80004882813
356.145454730079	2411.69995117188
358.962295314817	2453.5
361.778179069105	2420.30004882813
364.593106637051	2413.69995117188
367.407078661675	2443.39990234375
370.220095784913	2424.19995117188
373.032158647655	2431.60009765625
375.843267889676	2435.89990234375
378.653424149715	2447
381.462628065436	2473.19995117188
384.270880273432	2467.39990234375
387.078181409254	2467.69995117188
389.884532107358	2470.5
392.689933001188	2507.10009765625
395.494384723112	2484.5
398.29788790445	2507.10009765625
401.100443175488	2488
403.902051165437	2509.80004882813
406.702712502518	2497.30004882813
409.502427813866	2501.60009765625
412.301197725607	2517.89990234375
415.099022862823	2474.60009765625
417.89590384957	2473.5
420.691841308876	2486.5
423.486835862752	2510.80004882813
426.280888132173	2480.80004882813
429.073998737112	2520
431.866168296507	2466
434.657397428298	2497.39990234375
437.447686749412	2490.19995117188
440.237036875762	2492.80004882813
443.025448422257	2507
445.812922002813	2498.89990234375
448.599458230326	2466.30004882813
451.38505771672	2525.60009765625
454.169721072909	2481.30004882813
456.953448908819	2485.5
459.736241833384	2509.19995117188
462.518100454555	2513.39990234375
465.2990253793	2533.39990234375
468.079017213605	2499.60009765625
470.858076562476	2524.5
473.636204029939	2525.19995117188
476.41340021906	2526.60009765625
479.189665731938	2542
481.965001169667	2514
484.739407132419	2533.80004882813
487.512884219391	2535.39990234375
490.285433028796	2520.5
493.057054157921	2506.5
495.827748203087	2554.19995117188
498.597515759658	2559.19995117188
501.366357422061	2543.80004882813
504.134273783759	2534.80004882813
506.901265437278	2585.30004882813
509.66733297421	2552.39990234375
512.432476985198	2523
515.196698059945	2560.10009765625
517.959996787225	2547.30004882813
520.722373754895	2590.10009765625
523.483829549856	2533.69995117188
526.24436475811	2559.10009765625
529.003979964696	2538.69995117188
531.762675753779	2560.69995117188
534.520452708569	2529.69995117188
537.277311411375	2557.89990234375
540.03325244359	2551.19995117188
542.788276385682	2563.30004882813
545.54238381725	2544.5
548.295575316938	2580.69995117188
551.047851462516	2536.5
553.799212830831	2551.19995117188
556.549659997851	2540.19995117188
559.299193538643	2554.19995117188
562.047814027381	2565.10009765625
564.795522037318	2552.30004882813
567.542318140861	2552.69995117188
570.288202909507	2536.89990234375
573.033176913873	2539.69995117188
575.7772407237	2540.39990234375
578.520394907829	2549.39990234375
581.26264003424	2562.39990234375
584.003976670046	2556.10009765625
586.744405381469	2569.89990234375
589.483926733869	2568.89990234375
592.222541291746	2564.39990234375
594.96024961872	2580.60009765625
597.697052277563	2557.19995117188
600.432949830166	2558.39990234375
603.167942837587	2614.69995117188
605.902031860012	2583.80004882813
608.635217456783	2606.60009765625
611.367500186378	2576.10009765625
614.098880606429	2595.80004882813
616.82935927374	2602.39990234375
619.558936744248	2603.89990234375
622.287613573072	2601
625.015390314457	2579.89990234375
627.742267521848	2629.5
630.468245747829	2604.30004882813
633.193325544166	2553.19995117188
635.917507461792	2600.30004882813
638.640792050804	2611.69995117188
641.36317986048	2613.69995117188
644.084671439281	2612.60009765625
646.805267334845	2618.10009765625
649.524968093967	2607.69995117188
652.24377426266	2584.19995117188
654.961686386106	2604
657.678705008678	2607.10009765625
660.394830673939	2601.19995117188
663.110063924628	2631.10009765625
665.824405302728	2624.19995117188
668.537855349351	2608.39990234375
671.250414604863	2615.19995117188
673.962083608812	2631.89990234375
676.672862899949	2630.30004882813
679.382753016218	2653.60009765625
682.091754494801	2620.30004882813
684.799867872061	2650.39990234375
687.507093683595	2626.30004882813
690.213432464198	2603.30004882813
692.918884747899	2646.69995117188
695.623451067937	2654.5
698.327131956755	2641.19995117188
701.029927946065	2673.80004882813
703.731839566754	2677.30004882813
706.43286734896	2623.10009765625
709.133011822067	2676.5
711.832273514658	2645
714.53065295457	2678.30004882813
717.228150668879	2673.39990234375
719.924767183889	2694.5
722.620503025148	2673.69995117188
725.315358717446	2688
728.009334784827	2665.80004882813
730.702431750559	2662.19995117188
733.394650137188	2691.30004882813
736.085990466498	2678.60009765625
738.776453259519	2639.69995117188
741.466039036542	2632.69995117188
744.154748317125	2661
746.842581620074	2672.30004882813
749.529539463458	2671.5
752.215622364608	2684.69995117188
754.900830840131	2661.89990234375
757.585165405892	2676.80004882813
760.26862657703	2707.69995117188
762.951214867957	2675.10009765625
765.632930792356	2662
768.313774863181	2663.30004882813
770.993747592673	2693.80004882813
773.672849492359	2665.89990234375
776.351081073017	2693.19995117188
779.028442844757	2680.89990234375
781.704935316928	2717.69995117188
784.380558998208	2716.69995117188
787.055314396528	2723
789.729202019141	2681.80004882813
792.402222372581	2703.39990234375
795.074375962669	2694.89990234375
797.745663294537	2697
800.416084872622	2729.19995117188
803.085641200652	2699.39990234375
805.754332781664	2740.69995117188
808.422160117986	2728.5
811.089123711292	2731.19995117188
813.75522406252	2713.69995117188
816.420461671951	2740.30004882813
819.084837039164	2751.10009765625
821.748350663067	2754.80004882813
824.411003041866	2739.39990234375
827.072794673116	2784.5
829.733726053668	2785.89990234375
832.39379767971	2757
835.05301004674	2786.5
837.711363649601	2778.39990234375
840.368858982457	2772.30004882813
843.025496538805	2804
845.681276811467	2819.60009765625
848.336200292618	2818.89990234375
850.99026747375	2815
853.643478845713	2818.60009765625
856.29583489868	2834.30004882813
858.947336122176	2810
861.59798300506	2880.60009765625
864.247776035556	2834
866.896715701222	2866.10009765625
869.544802488959	2861.10009765625
872.192036885046	2901.5
874.838419375087	2872.69995117188
877.483950444054	2860.19995117188
880.128630576285	2873.10009765625
882.772460255461	2858.39990234375
885.415439964628	2851.30004882813
888.057570186211	2872.89990234375
890.698851401966	2858.89990234375
893.339284093045	2852.89990234375
895.978868739961	2874.89990234375
898.617605822596	2849.30004882813
901.255495820196	2876.89990234375
903.892539211396	2886.39990234375
906.528736474184	2840.39990234375
909.164088085949	2848
911.798594523442	2846.10009765625
914.432256262804	2879.80004882813
917.065073779549	2865
919.697047548589	2870.5
922.328178044212	2895.30004882813
924.9584657401	2904.89990234375
927.587911109317	2922.60009765625
930.216514624317	2906.60009765625
932.844276756963	2870.69995117188
935.471197978488	2962.19995117188
938.097278759538	2907.39990234375
940.722519570163	2927.60009765625
943.346920879798	2966.89990234375
945.97048315729	3004.69995117188
948.593206870885	3031.80004882813
951.215092488219	3048.39990234375
953.836140476366	3059.89990234375
956.456351301787	3098.19995117188
959.07572543037	3088.89990234375
961.694263327369	3141
964.311965457521	3156
966.928832284933	3147.39990234375
969.544864273135	3156.89990234375
972.160061885076	3125.30004882813
974.774425583129	3105.39990234375
977.387955829099	3104.89990234375
980.000653084196	3038.39990234375
982.612517809061	3073.10009765625
985.223550463768	3065.69995117188
987.833751507819	3104.10009765625
990.443121400135	3089.89990234375
993.051660599081	3142.80004882813
995.659369562449	3210.5
998.266248747469	3295.80004882813
1000.87229861081	3426.10009765625
1003.47751960857	3580.10009765625
1006.0819121963	3634
1008.68547682897	3662.39990234375
1011.28821396104	3568
1013.89012404635	3445.10009765625
1016.49120753824	3327.10009765625
1019.09146488947	3248.10009765625
1021.69089655226	3200.69995117188
1024.28950297827	3158.30004882813
1026.88728461863	3164.10009765625
1029.48424192392	3168.30004882813
1032.08037534416	3150.39990234375
1034.67568532886	3109.80004882813
1037.27017232694	3114.80004882813
1039.86383678682	3078.60009765625
1042.45667915637	3141.39990234375
1045.04869988293	3075.39990234375
1047.6398994133	3128.69995117188
1050.23027819374	3089.39990234375
1052.81983666998	3071.10009765625
1055.40857528724	3118.89990234375
1057.99649449018	3129.19995117188
1060.58359472296	3100.30004882813
1063.1698764292	3103.89990234375
1065.755340052	3094.30004882813
1068.33998603393	3111.69995117188
1070.92381481706	3140
1073.50682684291	3134.10009765625
1076.08902255251	3129.39990234375
1078.67040238637	3142.60009765625
1081.25096678445	3163.39990234375
1083.83071618624	3158.19995117188
1086.4096510307	3112.80004882813
1088.98777175629	3119.39990234375
1091.56507880094	3144.30004882813
1094.14157260208	3137.10009765625
1096.71725359664	3165
1099.29212222106	3157.30004882813
1101.86617891125	3180.60009765625
1104.43942410262	3184.69995117188
1107.01185823011	3170.5
1109.58348172812	3188.69995117188
1112.15429503057	3225.39990234375
1114.7242985709	3199
1117.29349278203	3240.80004882813
1119.86187809642	3229.60009765625
1122.42945494599	3274.30004882813
1124.99622376222	3342.39990234375
1127.56218497606	3353.80004882813
1130.12733901801	3417
1132.69168631804	3498.39990234375
1135.25522730568	3480
1137.81796240995	3524.5
1140.37989205941	3602.69995117188
1142.9410166821	3744.69995117188
1145.50133670561	3884
1148.06085255708	4119
1150.61956466311	4475.5
1153.17747344987	4890.39990234375
1155.73457934305	5275.10009765625
1158.29088276786	5460.2001953125
1160.84638414903	5284.7998046875
1163.40108391085	4894.2001953125
1165.95498247711	4381.7998046875
1168.50808027116	4027.80004882813
1171.06037771587	3782.80004882813
1173.61187523364	3652.5
1176.16257324643	3568.10009765625
1178.71247217573	3545.19995117188
1181.26157244255	3480.69995117188
1183.80987446746	3538.80004882813
1186.35737867059	3557.69995117188
1188.90408547157	3610.89990234375
1191.44999528961	3730.10009765625
1193.99510854347	3710.60009765625
1196.53942565142	3683.39990234375
1199.08294703133	3643.30004882813
1201.62567310057	3550.80004882813
1204.16760427611	3513.89990234375
1206.70874097445	3473.60009765625
1209.24908361163	3444.19995117188
1211.78863260327	3384.69995117188
1214.32738836454	3380.30004882813
1216.86535131017	3377.5
1219.40252185445	3365.19995117188
1221.93890041121	3301.89990234375
1224.47448739389	3302.5
1227.00928321544	3274
1229.54328828842	3318.19995117188
1232.07650302491	3280.80004882813
1234.60892783662	3277.39990234375
1237.14056313477	3276.39990234375
1239.67140933017	3312.5
1242.2014668332	3348.5
1244.73073605384	3347.89990234375
1247.25921740159	3367.19995117188
1249.78691128558	3400
1252.31381811448	3409.60009765625
1254.83993829655	3445.89990234375
1257.36527223962	3444
1259.88982035112	3494.5
1262.41358303803	3506.89990234375
1264.93656070696	3542.69995117188
1267.45875376405	3586.10009765625
1269.98016261505	3627.39990234375
1272.50078766531	3661
1275.02062931974	3675
1277.53968798285	3689.69995117188
1280.05796405875	3596.10009765625
1282.57545795112	3569.10009765625
1285.09217006325	3599.19995117188
1287.60810079802	3543.5
1290.12325055788	3482.5
1292.63761974492	3499.80004882813
1295.15120876079	3523.60009765625
1297.66401800676	3517.39990234375
1300.17604788367	3540.30004882813
1302.687298792	3517.89990234375
1305.19777113181	3526.5
1307.70746530274	3520.80004882813
1310.21638170408	3521.30004882813
1312.7245207347	3525.60009765625
1315.23188279307	3489.39990234375
1317.73846827728	3503.69995117188
1320.24427758502	3509.10009765625
1322.74931111359	3506
1325.25356925991	3464.5
1327.75705242051	3446.69995117188
1330.25976099151	3438.80004882813
1332.76169536868	3454.60009765625
1335.26285594737	3431.5
1337.76324312256	3451.69995117188
1340.26285728887	3435.89990234375
1342.76169884052	3431.30004882813
1345.25976817132	3425.89990234375
1347.75706567474	3409.30004882813
1350.25359174387	3434.30004882813
1352.74934677141	3437
1355.24433114968	3449.30004882813
1357.73854527062	3460.60009765625
1360.23198952583	3464.5
1362.7246643065	3408.30004882813
1365.21657000347	3397.5
1367.7077070072	3403.5
1370.19807570777	3447.69995117188
1372.68767649492	3426.5
1375.176509758	3450.5
1377.66457588599	3485.30004882813
1380.15187526753	3442.89990234375
1382.63840829087	3472.39990234375
1385.1241753439	3461.19995117188
1387.60917681417	3503.19995117188
1390.09341308884	3506
1392.57688455474	3505.39990234375
1395.05959159829	3510.5
1397.54153460562	3511.19995117188
1400.02271396243	3496.39990234375
1402.50313005414	3501.89990234375
1404.98278326576	3551.10009765625
1407.46167398196	3516.60009765625
1409.93980258707	3501
1412.41716946504	3502.60009765625
1414.89377499951	3506.60009765625
1417.36961957373	3530.60009765625
1419.84470357062	3548.5
1422.31902737275	3565.19995117188
1424.79259136235	3577.60009765625
1427.26539592129	3598.10009765625
1429.73744143111	3615.60009765625
1432.20872827299	3646.39990234375
1434.67925682777	3675.80004882813
1437.14902747597	3789.5
1439.61804059773	3779.60009765625
1442.0862965729	3827.39990234375
1444.55379578093	3837.69995117188
1447.02053860099	3888.60009765625
1449.48652541188	3809.69995117188
1451.95175659206	3814.19995117188
1454.41623251969	3812.69995117188
1456.87995357255	3833.80004882813
1459.34292012811	3805.69995117188
1461.80513256351	3766.39990234375
1464.26659125557	3739.10009765625
1466.72729658073	3721.60009765625
1469.18724891517	3753.80004882813
1471.64644863469	3753.89990234375
1474.10489611478	3741.5
1476.5625917306	3768.60009765625
1479.01953585699	3706.19995117188
1481.47572886844	3719.30004882813
1483.93117113917	3798.19995117188
1486.38586304302	3777.5
1488.83980495354	3869.19995117188
1491.29299724395	3913.5
1493.74544028715	3912.60009765625
1496.19713445573	4024.39990234375
1498.64808012193	4133.39990234375
1501.09827765772	4250.2001953125
1503.54772743471	4438.2001953125
1505.99642982421	4731.5
1508.44438519723	5117.2001953125
1510.89159392446	5550.7001953125
1513.33805637625	5951.39990234375
1515.78377292266	6317
1518.22874393346	6507.60009765625
1520.67296977806	6505.7998046875
1523.11645082559	6189.60009765625
1525.55918744488	5838.39990234375
1528.00118000444	5370.10009765625
1530.44242887245	4928.89990234375
1532.88293441684	4550.10009765625
1535.32269700517	4194.60009765625
1537.76171700475	4054.39990234375
1540.19999478255	3931.89990234375
1542.63753070526	3853.19995117188
1545.07432513925	3822.69995117188
1547.5103784506	3752.60009765625
1549.94569100509	3755.39990234375
1552.38026316819	3726.19995117188
1554.8140953051	3731
1557.24718778067	3732.39990234375
1559.67954095952	3718
1562.11115520592	3689.19995117188
1564.54203088386	3673.10009765625
1566.97216835704	3717.60009765625
1569.40156798888	3717.89990234375
1571.83023014248	3714.5
1574.25815518067	3739.89990234375
1576.68534346597	3712.69995117188
1579.11179536062	3736.60009765625
1581.53751122658	3739.30004882813
1583.9624914255	3738.80004882813
1586.38673631876	3659.89990234375
1588.81024626745	3692.39990234375
1591.23302163235	3690.39990234375
1593.655062774	3694.5
1596.07637005262	3738.89990234375
1598.49694382815	3669.39990234375
1600.91678446025	3669.30004882813
1603.33589230831	3674.89990234375
1605.75426773142	3692.69995117188
1608.1719110884	3679.80004882813
1610.58882273779	3641.80004882813
1613.00500303784	3667.60009765625
1615.42045234654	3660.80004882813
1617.83517102158	3685.69995117188
1620.24915942039	3649.5
1622.66241790012	3686.5
1625.07494681764	3645.10009765625
1627.48674652954	3680
1629.89781739216	3678.39990234375
1632.30815976152	3640.60009765625
1634.71777399343	3669.30004882813
1637.12666044338	3714.19995117188
1639.53481946661	3720.10009765625
1641.94225141808	3709.60009765625
1644.34895665248	3728.60009765625
1646.75493552424	3769.80004882813
1649.16018838752	3801.30004882813
1651.56471559621	3860
1653.96851750392	3909.69995117188
1656.37159446403	3932.39990234375
1658.7739468296	3909
1661.17557495349	3913.5
1663.57647918824	3876.69995117188
1665.97665988617	3848.69995117188
1668.37611739929	3780.80004882813
1670.77485207939	3726.39990234375
1673.17286427799	3696.39990234375
1675.57015434633	3720
1677.96672263542	3654.60009765625
1680.36256949598	3665.10009765625
1682.7576952785	3665.19995117188
1685.15210033318	3663.89990234375
1687.54578501	3633.60009765625
1689.93874965866	3643.39990234375
1692.33099462861	3632.80004882813
1694.72252026904	3628.10009765625
1697.11332692889	3693.39990234375
1699.50341495686	3656.5
1701.89278470137	3667.30004882813
1704.28143651061	3613.60009765625
1706.66937073251	3608.39990234375
1709.05658771473	3603.30004882813
1711.44308780473	3586.10009765625
1713.82887134968	3607.60009765625
1716.21393869648	3579.5
1718.59829019185	3632.10009765625
1720.98192618221	3574.19995117188
1723.36484701374	3609.30004882813
1725.74705303238	3605
1728.12854458384	3627.39990234375
1730.50932201356	3627.10009765625
1732.88938566673	3633.19995117188
1735.26873588834	3655.39990234375
1737.64737302307	3625.60009765625
1740.02529741544	3639.80004882813
1742.40250940964	3643.39990234375
1744.77900934969	3649.5
1747.15479757933	3634.10009765625
1749.52987444206	3623.89990234375
1751.90424028116	3589.30004882813
1754.27789543967	3586.80004882813
1756.65084026037	3638.19995117188
1759.02307508582	3640.39990234375
1761.39460025833	3593.69995117188
1763.76541612	3627.80004882813
1766.13552301265	3615
1768.50492127791	3641
1770.87361125714	3622.69995117188
1773.2415932915	3599
1775.60886772188	3575.39990234375
1777.97543488896	3626.69995117188
1780.34129513318	3579.69995117188
1782.70644879475	3593.30004882813
1785.07089621365	3601.89990234375
1787.43463772964	3606.80004882813
1789.7976736822	3606.89990234375
1792.16000441066	3573.69995117188
1794.52163025405	3551.19995117188
1796.88255155121	3621
1799.24276864074	3554.60009765625
1801.60228186102	3591.39990234375
1803.96109155019	3583.69995117188
1806.31919804618	3612.30004882813
1808.67660168668	3608.60009765625
1811.03330280916	3644
1813.38930175088	3613.39990234375
1815.74459884884	3612.80004882813
1818.09919443984	3617
1820.45308886047	3646.89990234375
1822.80628244708	3591.69995117188
1825.1587755358	3613.10009765625
1827.51056846254	3622.5
1829.86166156297	3601.10009765625
1832.21205517258	3610
1834.56174962661	3609.60009765625
1836.91074526009	3602.60009765625
1839.25904240783	3583.80004882813
1841.60664140443	3606.10009765625
1843.95354258425	3609.30004882813
1846.29974628146	3575.5
1848.64525282998	3610.60009765625
1850.99006256356	3592.19995117188
1853.3341758157	3572.89990234375
1855.67759291968	3597
1858.02031420858	3573.89990234375
1860.36234001528	3593.19995117188
1862.70367067241	3559.30004882813
1865.04430651244	3610.69995117188
1867.38424786755	3581.19995117188
1869.72349506978	3618
1872.06204845094	3588.80004882813
1874.39990834258	3597
1876.73707507612	3597.39990234375
1879.07354898269	3606.19995117188
1881.40933039328	3542.80004882813
1883.74441963861	3593.5
1886.07881704925	3594.89990234375
1888.41252295551	3588.30004882813
1890.74553768751	3588.69995117188
1893.07786157519	3579.69995117188
1895.40949494822	3578.39990234375
1897.74043813615	3591.5
1900.07069146823	3584.60009765625
1902.40025527357	3547
1904.72912988106	3556.60009765625
1907.05731561938	3565.60009765625
1909.38481281699	3561.80004882813
1911.71162180217	3563.19995117188
1914.037742903	3549.30004882813
1916.36317644734	3582.19995117188
1918.68792276284	3564.10009765625
1921.01198217697	3567.69995117188
1923.33535501699	3585.39990234375
1925.65804160996	3597.5
1927.98004228273	3542.5
1930.30135736196	3572.19995117188
1932.6219871741	3577.89990234375
1934.94193204543	3569.89990234375
1937.26119230198	3590
1939.57976826962	3609.60009765625
1941.89766027402	3556.19995117188
1944.21486864062	3559.10009765625
1946.53139369472	3556.10009765625
1948.84723576137	3590.10009765625
1951.16239516543	3610.60009765625
1953.47687223159	3589.80004882813
1955.79066728434	3538.19995117188
1958.10378064794	3585.60009765625
1960.4162126465	3581.89990234375
1962.7279636039	3589.30004882813
1965.03903384385	3533.80004882813
1967.34942368987	3564.89990234375
1969.65913346524	3579.60009765625
1971.96816349311	3550
1974.2765140964	3583.19995117188
1976.58418559784	3560.80004882813
1978.89117831997	3585.60009765625
1981.19749258516	3581
1983.50312871555	3576
1985.80808703313	3548.80004882813
1988.11236785967	3601.30004882813
1990.41597151676	3528.19995117188
1992.71889832581	3585.19995117188
1995.02114860801	3587.89990234375
1997.3227226844	3560.5
1999.62362087581	3569.89990234375
2001.92384350288	3600.39990234375
2004.22339088608	3587.60009765625
2006.52226334567	3566.69995117188
2008.82046120173	3592.30004882813
2011.11798477417	3589.30004882813
2013.41483438269	3581.30004882813
2015.71101034681	3585.60009765625
2018.00651298588	3565.10009765625
2020.30134261905	3604.10009765625
2022.59549956528	3596.89990234375
2024.88898414337	3618.5
2027.1817966719	3605.60009765625
2029.4739374693	3589
2031.76540685379	3556.5
2034.05620514342	3565.5
2036.34633265607	3561.19995117188
2038.6357897094	3569.5
2040.92457662092	3583.19995117188
2043.21269370795	3535.69995117188
2045.50014128763	3546.19995117188
2047.78691967691	3536.10009765625
2050.07302919256	3537.30004882813
2052.35847015118	3523.60009765625
2054.64324286919	3498.80004882813
2056.9273476628	3518.19995117188
2059.21078484808	3513
2061.4935547409	3530.39990234375
2063.77565765696	3501.80004882813
2066.05709391176	3526.5
2068.33786382065	3540.10009765625
2070.61796769879	3495.89990234375
2072.89740586116	3511.89990234375
2075.17617862255	3495
2077.45428629759	3525.10009765625
2079.73172920075	3504.10009765625
2082.00850764627	3543.19995117188
2084.28462194827	3501.89990234375
2086.56007242065	3503.89990234375
2088.83485937717	3549.60009765625
2091.10898313139	3527.30004882813
2093.3824439967	3556.80004882813
2095.65524228632	3519.89990234375
2097.92737831328	3488.10009765625
2100.19885239047	3539.10009765625
2102.46966483057	3547.80004882813
2104.7398159461	3541
2107.00930604941	3528.19995117188
2109.27813545267	3587.89990234375
2111.54630446787	3575.30004882813
2113.81381340685	3603.89990234375
2116.08066258126	3586.80004882813
2118.34685230257	3592.89990234375
2120.61238288211	3619.19995117188
2122.87725463099	3659.39990234375
2125.1414678602	3639
2127.40502288052	3587.80004882813
2129.66792000257	3590.69995117188
2131.93015953682	3597.19995117188
2134.19174179353	3544.80004882813
2136.45266708282	3593.60009765625
2138.71293571463	3573.39990234375
2140.97254799873	3650.39990234375
2143.23150424473	3622.69995117188
2145.48980476205	3602.60009765625
2147.74744985996	3603.10009765625
2150.00443984754	3589.60009765625
2152.26077503373	3646.30004882813
2154.51645572728	3668.60009765625
2156.77148223677	3658.60009765625
2159.02585487064	3691.30004882813
2161.27957393713	3614.10009765625
2163.53263974432	3691.60009765625
2165.78505260012	3651.60009765625
2168.0368128123	3660.60009765625
2170.28792068844	3634.19995117188
2172.53837653595	3590.5
2174.78818066207	3570.80004882813
2177.03733337389	3543.5
2179.28583497833	3557.80004882813
2181.53368578214	3556.39990234375
2183.78088609192	3555.19995117188
2186.02743621406	3547.39990234375
2188.27333645484	3527.69995117188
2190.51858712033	3481.80004882813
2192.76318851646	3498.19995117188
2195.00714094901	3502.39990234375
2197.25044472354	3508.69995117188
2199.49310014551	3473.89990234375
2201.73510752018	3523.69995117188
2203.97646715265	3448.39990234375
2206.21717934786	3522
2208.45724441058	3482.69995117188
2210.69666264543	3493.89990234375
2212.93543435686	3469.5
2215.17355984914	3480
2217.41103942642	3518.10009765625
2219.64787339264	3471.69995117188
2221.8840620516	3436.80004882813
2224.11960570695	3434.80004882813
2226.35450466215	3472.80004882813
2228.58875922051	3470.39990234375
2230.82236968518	3480
2233.05533635916	3490.60009765625
2235.28765954527	3462.80004882813
2237.51933954617	3453.10009765625
2239.75037666437	3476.30004882813
2241.98077120221	3464
2244.21052346188	3456.60009765625
2246.4396337454	3486.39990234375
2248.66810235461	3442.30004882813
2250.89592959125	3456.19995117188
2253.12311575681	3478.39990234375
2255.34966115272	3470.80004882813
2257.57556608017	3475
2259.80083084023	3498.19995117188
2262.02545573381	3490.30004882813
2264.24944106163	3477.30004882813
2266.47278712429	3490.19995117188
2268.69549422221	3475.80004882813
2270.91756265564	3513.39990234375
2273.1389927247	3482.89990234375
2275.35978472934	3519.89990234375
2277.57993896933	3511.30004882813
2279.79945574431	3515.69995117188
2282.01833535375	3507.69995117188
2284.23657809696	3501.60009765625
2286.45418427309	3509.69995117188
2288.67115418114	3521.80004882813
2290.88748811995	3561.19995117188
2293.10318638819	3542.89990234375
2295.3182492844	3552.10009765625
2297.53267710693	3566.10009765625
2299.746470154	3543.69995117188
2301.95962872364	3596.5
2304.17215311376	3592.80004882813
2306.3840436221	3623
2308.59530054621	3661.19995117188
2310.80592418354	3635.80004882813
2313.01591483134	3637.89990234375
2315.22527278673	3640.89990234375
2317.43399834666	3666.89990234375
2319.64209180791	3604.60009765625
2321.84955346713	3567.89990234375
2324.05638362079	3555.5
2326.26258256524	3539.80004882813
2328.46815059664	3530
2330.67308801098	3494.89990234375
2332.87739510415	3459.39990234375
2335.08107217184	3478.80004882813
2337.2841195096	3533.19995117188
2339.48653741281	3516.30004882813
2341.68832617672	3525.10009765625
2343.8894860964	3487.89990234375
2346.09001746678	3492.80004882813
2348.28992058261	3473.60009765625
2350.48919573852	3500.5
2352.68784322898	3503.5
2354.88586334826	3495.19995117188
2357.08325639055	3476.19995117188
2359.2800226498	3487.10009765625
2361.47616241988	3497.5
2363.67167599445	3452.60009765625
2365.86656366706	3463.80004882813
2368.06082573107	3455.60009765625
2370.2544624797	3453.5
2372.44747420603	3443.60009765625
2374.63986120295	3451.69995117188
2376.83162376322	3416.39990234375
2379.02276217945	3379.5
2381.21327674408	3363.69995117188
2383.4031677494	3400.19995117188
2385.59243548756	3415.39990234375
2387.78108025053	3396
2389.96910233014	3410.39990234375
2392.15650201809	3425.80004882813
2394.34327960587	3390.39990234375
2396.52943538486	3412.10009765625
2398.71496964628	3434.80004882813
2400.89988268118	3394.80004882813
2403.08417478048	3388
2405.26784623491	3414.5
2407.45089733509	3391.80004882813
2409.63332837146	3366.89990234375
2411.81513963429	3375.30004882813
2413.99633141375	3402.5
2416.1769039998	3327.30004882813
2418.35685768227	3363.69995117188
2420.53619275084	3369.80004882813
2422.71490949505	3347.5
2424.89300820425	3380.10009765625
2427.07048916765	3377.69995117188
2429.24735267433	3353.30004882813
2431.42359901319	3359.19995117188
2433.59922847297	3370.69995117188
2435.7742413423	3391.80004882813
2437.94863790961	3377.60009765625
2440.12241846321	3350.10009765625
2442.29558329121	3328.89990234375
2444.46813268162	3359.39990234375
2446.64006692228	3402.10009765625
2448.81138630086	3361.39990234375
2450.98209110489	3352.5
2453.15218162174	3334.69995117188
2455.32165813864	3357.39990234375
2457.49052094265	3388.60009765625
2459.65877032069	3367.19995117188
2461.8264065595	3391.19995117188
2463.99342994572	3406.10009765625
2466.15984076579	3413.69995117188
2468.325639306	3397.89990234375
2470.49082585251	3410.5
2472.65540069131	3393
2474.81936410824	3409.10009765625
2476.98271638899	3421
2479.14545781909	3419.80004882813
2481.30758868392	3411.89990234375
2483.4691092687	3394.39990234375
2485.63001985852	3425
2487.79032073829	3423.30004882813
2489.95001219277	3393.69995117188
2492.10909450659	3381.5
2494.26756796419	3403.5
2496.42543284989	3366.30004882813
2498.58268944783	3388.60009765625
2500.73933804202	3412.89990234375
2502.8953789163	3409.10009765625
2505.05081235436	3433.39990234375
2507.20563863974	3425.60009765625
2509.35985805582	3397.80004882813
2511.51347088583	3417.89990234375
2513.66647741285	3426.69995117188
2515.81887791981	3439.80004882813
2517.97067268946	3437.60009765625
2520.12186200443	3458.30004882813
2522.27244614716	3479.80004882813
2524.42242539999	3429.60009765625
2526.57180004504	3412.60009765625
2528.72057036433	3421.89990234375
2530.8687366397	3376.19995117188
2533.01629915284	3356.5
2535.16325818527	3385.89990234375
2537.30961401839	3381.80004882813
2539.45536693343	3348.60009765625
2541.60051721145	3351
2543.74506513338	3319.19995117188
2545.88901097997	3294
2548.03235503185	3295.19995117188
2550.17509756946	3307.39990234375
2552.31723887311	3296
2554.45877922293	3285.10009765625
2556.59971889893	3270.19995117188
2558.74005818094	3297.89990234375
2560.87979734864	3257.60009765625
2563.01893668155	3306.69995117188
2565.15747645906	3262.80004882813
2567.29541696037	3286.69995117188
2569.43275846454	3256
2571.56950125049	3260.30004882813
2573.70564559696	3284.19995117188
2575.84119178254	3271.19995117188
2577.97614008569	3232.5
2580.11049078468	3234.30004882813
2582.24424415764	3275.69995117188
2584.37740048255	3283.60009765625
2586.50996003722	3263.30004882813
2588.64192309931	3243.19995117188
2590.77328994634	3281.19995117188
2592.90406085564	3262.19995117188
2595.03423610442	3250
2597.16381596971	3289.39990234375
2599.29280072839	3245.19995117188
2601.42119065719	3306.30004882813
2603.54898603267	3280.19995117188
2605.67618713125	3255.39990234375
2607.80279422919	3294.60009765625
2609.92880760257	3292
2612.05422752735	3319.80004882813
2614.17905427932	3272.5
2616.30328813408	3306.30004882813
2618.42692936713	3294.10009765625
2620.54997825377	3296.19995117188
2622.67243506915	3281.60009765625
2624.79430008828	3325
2626.915573586	3341.19995117188
2629.03625583699	3308.19995117188
2631.15634711579	3325.89990234375
2633.27584769675	3333.39990234375
2635.39475785408	3329.5
2637.51307786185	3388.60009765625
2639.63080799394	3370.80004882813
2641.74794852409	3387.89990234375
2643.86449972589	3438.39990234375
2645.98046187273	3449.89990234375
2648.0958352379	3419.39990234375
2650.21062009449	3465.89990234375
2652.32481671544	3490
2654.43842537353	3474.60009765625
2656.5514463414	3514.39990234375
2658.66387989151	3574.30004882813
2660.77572629616	3556.19995117188
2662.88698582751	3604.89990234375
2664.99765875753	3633.69995117188
2667.10774535806	3650.39990234375
2669.21724590076	3636.30004882813
2671.32616065714	3605.10009765625
2673.43448989857	3619.30004882813
2675.5422338962	3568.30004882813
2677.64939292108	3526.80004882813
2679.75596724408	3525.5
2681.86195713589	3503.19995117188
2683.96736286707	3416.10009765625
2686.07218470799	3377.19995117188
2688.17642292889	3366
2690.28007779982	3361.89990234375
2692.38314959069	3325.60009765625
2694.48563857123	3341.19995117188
2696.58754501103	3292.69995117188
2698.6888691795	3317.10009765625
2700.78961134588	3330.10009765625
2702.8897717793	3302.80004882813
2704.98935074864	3272.19995117188
2707.08834852271	3290.10009765625
2709.18676537009	3284.10009765625
2711.28460155925	3275.39990234375
2713.38185735843	3260.39990234375
2715.47853303577	3305.19995117188
2717.57462885924	3288.80004882813
2719.67014509659	3280.69995117188
2721.76508201548	3263.80004882813
2723.85943988337	3245.80004882813
2725.95321896754	3224.80004882813
2728.04641953515	3206.39990234375
2730.13904185316	3243.80004882813
2732.23108618837	3210.30004882813
2734.32255280744	3203.10009765625
2736.41344197683	3188.39990234375
2738.50375396288	3200.19995117188
2740.5934890317	3205.19995117188
2742.68264744932	3152.80004882813
2744.77122948153	3169.69995117188
2746.85923539398	3151
2748.94666545217	3141.89990234375
2751.03351992142	3158.60009765625
2753.11979906688	3131.19995117188
2755.20550315355	3153.39990234375
2757.29063244624	3141.19995117188
2759.37518720963	3132.80004882813
2761.45916770819	3139
2763.54257420625	3102.69995117188
2765.62540696797	3166.5
2767.70766625733	3128.10009765625
2769.78935233816	3133.19995117188
2771.87046547413	3105.39990234375
2773.95100592869	3119.89990234375
2776.03097396519	3125.60009765625
2778.11036984677	3126.5
2780.18919383641	3122
2782.26744619693	3142.39990234375
2784.34512719097	3106.69995117188
2786.42223708102	3166.5
2788.49877612937	3135.39990234375
2790.57474459816	3118.30004882813
2792.65014274937	3113.5
2794.7249708448	3117.39990234375
2796.79922914607	3109.80004882813
2798.87291791465	3156.30004882813
2800.94603741181	3140.69995117188
2803.01858789869	3129.89990234375
2805.09056963623	3114.39990234375
2807.1619828852	3142.19995117188
2809.23282790621	3112.10009765625
2811.30310495971	3112.89990234375
2813.37281430593	3105.10009765625
2815.441956205	3120.89990234375
2817.51053091682	3110.39990234375
2819.57853870114	3103.89990234375
2821.64597981753	3119.19995117188
2823.7128545254	3139.39990234375
2825.77916308399	3139.19995117188
2827.84490575233	3151.5
2829.91008278933	3187.69995117188
2831.97469445369	3183.5
2834.03874100395	3180.10009765625
2836.10222269847	3225.89990234375
2838.16513979544	3228.60009765625
2840.22749255288	3297.5
2842.28928122863	3395.60009765625
2844.35050608034	3479.89990234375
2846.41116736553	3653.30004882813
2848.47126534149	3707.69995117188
2850.53080026537	3809.39990234375
2852.58977239414	3820
2854.64818198459	3838.30004882813
2856.70602929332	3768.10009765625
2858.76331457678	3749.5
2860.82003809123	3719.80004882813
2862.87620009274	3745.30004882813
2864.93180083723	3715.89990234375
2866.98684058043	3688.39990234375
2869.04131957789	3723.10009765625
2871.09523808497	3764
2873.14859635689	3768
2875.20139464866	3762.80004882813
2877.2536332151	3780
2879.30531231091	3793.80004882813
2881.35643219054	3808
2883.40699310831	3820.60009765625
2885.45699531834	3825
2887.50643907457	3825
2889.55532463077	3875.39990234375
2891.60365224053	3923.19995117188
2893.65142215724	3850.80004882813
2895.69863463414	3938.19995117188
2897.74528992426	3920.19995117188
2899.79138828046	3965.19995117188
2901.83692995544	3910.80004882813
2903.88191520168	3915.19995117188
2905.92634427151	3907.69995117188
2907.97021741706	3866.69995117188
2910.01353489027	3951.19995117188
2912.05629694294	3894.80004882813
2914.09850382663	3925.5
2916.14015579276	3933.19995117188
2918.18125309254	3952.69995117188
2920.22179597702	3940.39990234375
2922.26178469705	3937.30004882813
2924.30121950329	3956.89990234375
2926.34010064624	4010.80004882813
2928.37842837619	3957
2930.41620294326	3988.30004882813
2932.45342459737	3956.60009765625
2934.49009358828	3978.60009765625
2936.52621016555	3974.80004882813
2938.56177457854	3943.5
2940.59678707645	3861.69995117188
2942.63124790827	3796
2944.66515732282	3752.5
2946.69851556873	3746.89990234375
2948.73132289443	3662.19995117188
2950.76357954817	3597.19995117188
2952.79528577803	3545
2954.82644183188	3553.60009765625
2956.85704795741	3509.5
2958.8871044021	3543.60009765625
2960.91661141328	3519.5
2962.94556923807	3480.60009765625
2964.97397812339	3484.19995117188
2967.00183831598	3460
2969.0291500624	3451.80004882813
2971.05591360902	3448.39990234375
2973.08212920199	3392.69995117188
2975.1077970873	3337
2977.13291751074	3337.60009765625
2979.1574907179	3348
2981.18151695419	3320.10009765625
2983.20499646482	3278.89990234375
2985.2279294948	3267.19995117188
2987.25031628898	3228.5
2989.27215709199	3242.39990234375
2991.29345214825	3216.60009765625
2993.31420170204	3162
2995.33440599738	3206.80004882813
2997.35406527816	3188.69995117188
2999.37317978802	3190.39990234375
3001.39174977045	3203.19995117188
3003.40977546872	3241.30004882813
3005.42725712591	3240.69995117188
3007.44419498491	3277.30004882813
3009.4605892884	3297.19995117188
3011.47644027889	3294.69995117188
3013.49174819865	3275.89990234375
3015.5065132898	3303.30004882813
3017.52073579424	3324.39990234375
3019.53441595366	3253.10009765625
3021.54755400959	3240.10009765625
3023.56015020332	3222.80004882813
3025.57220477598	3196.80004882813
3027.58371796846	3165.80004882813
3029.5946900215	3181.89990234375
3031.6051211756	3129.80004882813
3033.61501167107	3152.19995117188
3035.62436174803	3100.89990234375
3037.6331716464	3095.60009765625
3039.64144160588	3071.5
3041.649171866	3059.19995117188
3043.65636266607	3099.69995117188
3045.6630142452	3049.80004882813
3047.66912684229	3013
3049.67470069605	3007.30004882813
3051.679736045	2971.80004882813
3053.68423312742	2981.5
3055.68819218143	3028.69995117188
3057.6916134449	3019.60009765625
3059.69449715556	3001.69995117188
3061.69684355086	3015.39990234375
3063.6986528681	2968.5
3065.69992534437	2961.5
3067.70066121653	2968.19995117188
3069.70086072126	2930.89990234375
3071.700524095	2932.69995117188
3073.69965157405	2967.80004882813
3075.69824339442	2909.80004882813
3077.69629979197	2958.5
3079.69382100235	2919.5
3081.69080726098	2917.19995117188
3083.68725880307	2887
3085.68317586366	2892.19995117188
3087.67855867755	2868.30004882813
3089.67340747933	2927.69995117188
3091.6677225034	2893.80004882813
3093.66150398392	2902.30004882813
3095.6547521549	2866.30004882813
3097.64746725006	2884.39990234375
3099.63964950297	2907.80004882813
3101.63129914698	2916.89990234375
3103.6224164152	2916.5
3105.61300154056	2862.19995117188
3107.60305475576	2902.69995117188
3109.59257629331	2923.5
3111.58156638547	2872.10009765625
3113.57002526432	2854.89990234375
3115.55795316172	2882.60009765625
3117.54535030932	2867.60009765625
3119.53221693853	2870.39990234375
3121.51855328057	2879
3123.50435956646	2922.80004882813
3125.48963602698	2893.10009765625
3127.4743828927	2877.80004882813
3129.45860039397	2914
3131.44228876093	2888
3133.42544822353	2883.60009765625
3135.40807901145	2879.39990234375
3137.39018135418	2892.69995117188
3139.37175548102	2876.69995117188
3141.35280162101	2865.60009765625
3143.33332000299	2868.60009765625
3145.31331085559	2880.60009765625
3147.2927744072	2863.60009765625
3149.27171088602	2881
3151.25012052	2885.80004882813
3153.22800353689	2857.5
3155.20536016422	2911.60009765625
3157.18219062929	2867.30004882813
3159.15849515918	2836.5
3161.13427398075	2883.39990234375
3163.10952732066	2905.10009765625
3165.08425540532	2876.19995117188
3167.05845846092	2916.39990234375
3169.03213671344	2880.19995117188
3171.00529038863	2882.80004882813
3172.97791971203	2892.39990234375
3174.95002490893	2896.30004882813
3176.92160620443	2868.89990234375
3178.89266382337	2893.80004882813
3180.8631979904	2878.5
3182.83320892991	2857.30004882813
3184.80269686609	2878.69995117188
3186.77166202289	2863.19995117188
3188.74010462406	2845.60009765625
3190.70802489307	2863.19995117188
3192.67542305323	2898.10009765625
3194.64229932757	2881.19995117188
3196.60865393892	2902.10009765625
3198.57448710987	2851.39990234375
3200.53979906279	2873.39990234375
3202.50459001981	2868.60009765625
3204.46886020284	2890.39990234375
3206.43260983356	2867.80004882813
3208.39583913341	2892.80004882813
3210.35854832362	2871.19995117188
3212.32073762517	2870.60009765625
3214.28240725881	2868.39990234375
3216.24355744508	2874.69995117188
3218.20418840426	2882.69995117188
3220.16430035642	2907.5
3222.12389352137	2851.89990234375
3224.08296811873	2856.10009765625
3226.04152436784	2861
3227.99956248784	2890.30004882813
3229.95708269762	2879.60009765625
3231.91408521584	2913.5
3233.87057026092	2858.19995117188
3235.82653805105	2897.80004882813
3237.78198880419	2904.5
3239.73692273806	2887.10009765625
3241.69134007013	2868.10009765625
3243.64524101764	2891.5
3245.59862579761	2874.60009765625
3247.55149462681	2900
3249.50384772176	2884.60009765625
3251.45568529877	2907.39990234375
3253.40700757387	2930.60009765625
3255.35781476288	2914.39990234375
3257.3081070814	2920.80004882813
3259.25788474473	2895.69995117188
3261.20714796799	2929.5
3263.15589696602	2900.69995117188
3265.10413195345	2892.19995117188
3267.05185314463	2892.5
3268.9990607537	2890.60009765625
3270.94575499455	2881.5
3272.89193608081	2884.5
3274.8376042259	2904.39990234375
3276.78275964296	2902.5
3278.72740254492	2902.19995117188
3280.67153314443	2888.80004882813
3282.61515165393	2914.30004882813
3284.55825828559	2862.5
3286.50085325135	2908.39990234375
3288.44293676289	2891.30004882813
3290.38450903165	2895.80004882813
3292.32557026883	2914.89990234375
3294.26612068537	2849.39990234375
3296.20616049198	2843.60009765625
3298.14568989911	2874.30004882813
3300.08470911695	2888.39990234375
3302.02321835546	2845.30004882813
3303.96121782435	2870
3305.89870773306	2842.80004882813
3307.83568829081	2835.69995117188
3309.77215970655	2857.80004882813
3311.70812218898	2851.69995117188
3313.64357594655	2834.80004882813
3315.57852118747	2836
3317.51295811968	2845.10009765625
3319.44688695087	2874.89990234375
3321.38030788849	2869.19995117188
3323.31322113973	2832.80004882813
3325.24562691152	2825.69995117188
3327.17752541055	2849.19995117188
3329.10891684322	2829.60009765625
3331.03980141573	2801.39990234375
3332.97017933399	2850
3334.90005080364	2840.19995117188
3336.82941603011	2820
3338.75827521852	2821.60009765625
3340.68662857377	2814.10009765625
3342.6144763005	2806.69995117188
3344.54181860308	2819.5
3346.46865568561	2819.60009765625
3348.39498775195	2834.19995117188
3350.32081500571	2804.30004882813
3352.24613765022	2834.60009765625
3354.17095588855	2826.60009765625
3356.09526992352	2845.5
3358.01907995769	2859.60009765625
3359.94238619334	2814.10009765625
3361.86518883251	2826.5
3363.78748807697	2834.60009765625
3365.70928412823	2836.80004882813
3367.63057718752	2838.5
3369.55136745582	2833.69995117188
3371.47165513386	2835.39990234375
3373.39144042208	2820.60009765625
3375.31072352066	2805.80004882813
3377.22950462953	2809.89990234375
3379.14778394834	2799.69995117188
3381.06556167648	2816.80004882813
3382.98283801308	2832.89990234375
3384.89961315697	2814
3386.81588730676	2819.39990234375
3388.73166066076	2855
3390.64693341702	2827.5
3392.56170577332	2798.69995117188
3394.47597792716	2816.10009765625
3396.38975007581	2784.80004882813
3398.30302241623	2783.19995117188
3400.21579514512	2821.60009765625
3402.1280684589	2808.10009765625
3404.03984255374	2799.39990234375
3405.95111762553	2769.89990234375
3407.86189386987	2807.19995117188
3409.77217148212	2782.39990234375
3411.68195065733	2790.10009765625
3413.5912315903	2805.5
3415.50001447556	2778
3417.40829950735	2761.39990234375
3419.31608687963	2762.39990234375
3421.22337678611	2790.69995117188
3423.1301694202	2772.80004882813
3425.03646497504	2798.30004882813
3426.9422636435	2769.10009765625
3428.84756561816	2778.30004882813
3430.75237109135	2770
3432.65668025508	2788.19995117188
3434.56049330112	2755.30004882813
3436.46381042093	2777.80004882813
3438.36663180571	2781.69995117188
3440.26895764638	2765.30004882813
3442.17078813357	2761.89990234375
3444.07212345762	2733.10009765625
3445.97296380863	2756.30004882813
3447.87330937636	2743.39990234375
3449.77316035033	2755.39990234375
3451.67251691977	2742
3453.57137927361	2730.60009765625
3455.46974760052	2743.30004882813
3457.36762208886	2745.10009765625
3459.26500292671	2736.19995117188
3461.16189030191	2763.69995117188
3463.05828440194	2719.89990234375
3464.95418541406	2728.89990234375
3466.84959352519	2716.19995117188
3468.74450892201	2728.30004882813
3470.63893179088	2723.30004882813
3472.53286231788	2705.39990234375
3474.42630068881	2707.19995117188
3476.31924708918	2684.10009765625
3478.2117017042	2695.5
3480.1036647188	2685.5
3481.99513631761	2711.39990234375
3483.88611668498	2707.80004882813
3485.77660600498	2727.30004882813
3487.66660446135	2707.60009765625
3489.55611223758	2687.89990234375
3491.44512951683	2700
3493.333656482	2675.5
3495.22169331568	2664.69995117188
3497.10924020016	2653.80004882813
3498.99629731746	2634.60009765625
3500.88286484927	2644
3502.76894297702	2652
3504.65453188182	2663.89990234375
3506.53963174449	2643.5
3508.42424274555	2646
3510.30836506524	2655.5
3512.19199888349	2647.10009765625
3514.07514437992	2627.30004882813
3515.95780173387	2640.80004882813
3517.83997112437	2613.19995117188
3519.72165273016	2629
3521.60284672967	2580.60009765625
3523.48355330104	2587
3525.36377262208	2617.10009765625
3527.24350487035	2586.39990234375
3529.12275022306	2595.60009765625
3531.00150885715	2561.39990234375
3532.87978094923	2585.60009765625
3534.75756667562	2566.60009765625
3536.63486621235	2561.60009765625
3538.51167973512	2585.5
3540.38800741934	2542.19995117188
3542.26384944011	2550.69995117188
3544.13920597223	2530.19995117188
3546.01407719018	2545.89990234375
3547.88846326815	2531.30004882813
3549.76236438002	2534.10009765625
3551.63578069934	2517.39990234375
3553.50871239938	2533.80004882813
3555.38115965309	2530.60009765625
3557.25312263311	2481.39990234375
3559.12460151177	2490.10009765625
3560.99559646109	2517.69995117188
3562.86610765279	2490.80004882813
3564.73613525825	2497.19995117188
3566.60567944857	2490
3568.47474039453	2506
3570.34331826658	2499.19995117188
3572.21141323487	2492.89990234375
3574.07902546925	2497.5
3575.94615513922	2519.19995117188
3577.81280241401	2470.69995117188
3579.67896746249	2493.30004882813
3581.54465045325	2477.80004882813
3583.40985155455	2463.60009765625
3585.27457093432	2475.5
3587.1388087602	2473.30004882813
3589.00256519949	2472.80004882813
3590.86584041919	2468.10009765625
3592.72863458597	2482.39990234375
3594.59094786618	2466.89990234375
3596.45278042585	2463.69995117188
3598.31413243069	2463.69995117188
3600.17500404611	2459.69995117188
3602.03539543717	2453.30004882813
3603.89530676861	2457.39990234375
3605.75473820488	2436.19995117188
3607.61368991007	2451.80004882813
3609.47216204797	2440.39990234375
3611.33015478203	2406.80004882813
3613.18766827539	2428.69995117188
3615.04470269087	2447.5
3616.90125819094	2443.39990234375
3618.75733493776	2437.5
3620.61293309318	2420
3622.46805281869	2407
3624.32269427547	2414.19995117188
3626.17685762439	2439
3628.03054302596	2425.30004882813
3629.88375064038	2418.19995117188
3631.73648062751	2367.5
3633.5887331469	2415.60009765625
3635.44050835775	2386.80004882813
3637.29180641893	2408.60009765625
3639.14262748899	2390
3640.99297172614	2386.89990234375
3642.84283928828	2374.80004882813
3644.69223033294	2379.60009765625
3646.54114501734	2363.60009765625
3648.38958349836	2378.80004882813
3650.23754593256	2345.69995117188
3652.08503247614	2363.89990234375
3653.93204328497	2384.30004882813
3655.77857851462	2345.5
3657.62463832028	2325.89990234375
3659.47022285682	2357.80004882813
3661.31533227877	2362.30004882813
3663.15996674033	2347.30004882813
3665.00412639535	2331.5
3666.84781139736	2334.19995117188
3668.69102189953	2350.89990234375
3670.5337580547	2322
3672.37602001537	2306.89990234375
3674.21780793368	2315.89990234375
3676.05912196148	2338.60009765625
3677.89996225021	2317.19995117188
3679.74032895103	2311.5
3681.58022221471	2289.80004882813
3683.41964219171	2304.80004882813
3685.25858903211	2284.39990234375
3687.0970628857	2288.60009765625
3688.93506390186	2277.5
3690.77259222968	2299.69995117188
3692.60964801787	2302.30004882813
3694.44623141481	2282.89990234375
3696.28234256853	2305.60009765625
3698.11798162669	2274.10009765625
3699.95314873665	2251.5
3701.78784404537	2286.19995117188
3703.62206769951	2295.69995117188
3705.45581984533	2265.80004882813
3707.28910062877	2288.80004882813
3709.12191019542	2255.30004882813
3710.95424869052	2264.89990234375
3712.78611625894	2246.89990234375
3714.6175130452	2249.5
3716.44843919349	2246
3718.27889484764	2263.30004882813
3720.1088801511	2252.89990234375
3721.93839524699	2250
3723.76744027808	2256.5
3725.59601538677	2244.89990234375
3727.4241207151	2248.60009765625
