40.2973356941271	1136.19995117188
43.2236257608418	1138.69995117188
46.1488808466109	1145.90002441406
49.0731017336173	1148.90002441406
51.9962892025666	1157.5
54.9184440327569	1169.59997558594
57.8395670020446	1182.69995117188
60.7596588868509	1187.30004882813
63.6787204621708	1198.80004882813
66.5967525015794	1212.40002441406
69.5137557772381	1239.09997558594
72.4297310598838	1266
75.3446791188512	1307.09997558594
78.2586007220466	1356.59997558594
81.1714966360015	1435.69995117188
84.0833676258266	1513.90002441406
86.994214455242	1625.30004882813
89.9040378865662	1726
92.8128386807427	1821.59997558594
95.7206175973133	1934.19995117188
98.6273753944444	2021
101.533112828928	2108.10009765625
104.437830656161	2119.60009765625
107.34152963018	2151.60009765625
110.244210503676	2150.69995117188
113.145874027931	2139.5
116.046520952895	2133.39990234375
118.946152027154	2116.19995117188
121.844767997933	2102.19995117188
124.74236961111	2148.69995117188
127.638957611212	2130.89990234375
130.534532741422	2128.39990234375
133.429095743606	2139.39990234375
136.322647358252	2130.80004882813
139.215188324544	2142
142.106719380311	2146.69995117188
144.997241262089	2173.89990234375
147.886754705057	2173.60009765625
150.775260443096	2168.10009765625
153.662759208748	2194.39990234375
156.549251733282	2211
159.434738746612	2178.30004882813
162.319220977376	2191.69995117188
165.20269915289	2191.69995117188
168.085173999178	2175.10009765625
170.966646240977	2190.60009765625
173.847116601709	2190
176.726585803528	2181.10009765625
179.605054567295	2167.89990234375
182.48252361259	2162.10009765625
185.358993657701	2178.69995117188
188.234465419645	2147.5
191.108939614183	2165.89990234375
193.982416955795	2167.80004882813
196.854898157687	2153
199.726383931801	2144.30004882813
202.596874988835	2157.80004882813
205.466372038225	2192.89990234375
208.334875788145	2149.80004882813
211.202386945534	2162.69995117188
214.068906216069	2165.80004882813
216.934434304194	2199.69995117188
219.798971913111	2179.10009765625
222.662519744776	2180.39990234375
225.525078499925	2215.10009765625
228.386648878069	2210.39990234375
231.247231577465	2213.30004882813
234.106827295172	2186.10009765625
236.965436727012	2183
239.823060567597	2163.80004882813
242.679699510337	2178.30004882813
245.535354247396	2176.5
248.390025469775	2184.60009765625
251.243713867223	2162.39990234375
254.096420128327	2148.5
256.948144940459	2181
259.798888989788	2184.5
262.648652961315	2177
265.49743753883	2186
268.345243404939	2205.60009765625
271.192071241073	2174.10009765625
274.037921727485	2179.39990234375
276.882795543246	2189.10009765625
279.72669336624	2193
282.569615873213	2212.19995117188
285.411563739724	2184.60009765625
288.252537640165	2209.89990234375
291.092538247763	2232.89990234375
293.931566234616	2202.80004882813
296.769622271633	2226.89990234375
299.606707028594	2226.19995117188
302.442821174104	2217.39990234375
305.277965375652	2228.10009765625
308.112140299574	2240.19995117188
310.945346611062	2242.5
313.777584974167	2225.80004882813
316.608856051813	2249.69995117188
319.439160505797	2237.69995117188
322.268498996783	2272.39990234375
325.096872184303	2240.19995117188
327.924280726782	2247.5
330.750725281521	2252.10009765625
333.576206504693	2230.39990234375
336.400725051388	2228.5
339.224281575542	2224.89990234375
342.046876730026	2209.10009765625
344.868511166586	2210.69995117188
347.689185535872	2235.89990234375
350.508900487421	2209.30004882813
353.327656669699	2209.89990234375
356.145454730079	2225.89990234375
358.962295314817	2229.80004882813
361.778179069105	2224
364.593106637051	2236.60009765625
367.407078661675	2224.39990234375
370.220095784913	2250.19995117188
373.032158647655	2222.69995117188
375.843267889676	2238.60009765625
378.653424149715	2242.89990234375
381.462628065436	2227.60009765625
384.270880273432	2255.19995117188
387.078181409254	2255
389.884532107358	2288.80004882813
392.689933001188	2276.10009765625
395.494384723112	2275.5
398.29788790445	2299.30004882813
401.100443175488	2287.10009765625
403.902051165437	2303.80004882813
406.702712502518	2279.5
409.502427813866	2278.39990234375
412.301197725607	2281.60009765625
415.099022862823	2283.80004882813
417.89590384957	2279.39990234375
420.691841308876	2264.60009765625
423.486835862752	2269.69995117188
426.280888132173	2271.89990234375
429.073998737112	2273
431.866168296507	2251.10009765625
434.657397428298	2260.80004882813
437.447686749412	2282.10009765625
440.237036875762	2300.60009765625
443.025448422257	2271.89990234375
445.812922002813	2293.69995117188
448.599458230326	2294
451.38505771672	2255
454.169721072909	2301.39990234375
456.953448908819	2286.89990234375
459.736241833384	2245.89990234375
462.518100454555	2298.39990234375
465.2990253793	2287
468.079017213605	2290.30004882813
470.858076562476	2310.10009765625
473.636204029939	2307.80004882813
476.41340021906	2285.89990234375
479.189665731938	2300
481.965001169667	2272.80004882813
484.739407132419	2266.89990234375
487.512884219391	2306.10009765625
490.285433028796	2308.19995117188
493.057054157921	2289.30004882813
495.827748203087	2292.89990234375
498.597515759658	2302.69995117188
501.366357422061	2296.89990234375
504.134273783759	2335.80004882813
506.901265437278	2306.19995117188
509.66733297421	2322
512.432476985198	2304.80004882813
515.196698059945	2310.60009765625
517.959996787225	2323.80004882813
520.722373754895	2326.89990234375
523.483829549856	2303.39990234375
526.24436475811	2328
529.003979964696	2284.30004882813
531.762675753779	2325.80004882813
534.520452708569	2334.60009765625
537.277311411375	2313.19995117188
540.03325244359	2319.30004882813
542.788276385682	2305
545.54238381725	2312.5
548.295575316938	2290.60009765625
551.047851462516	2327.39990234375
553.799212830831	2275
556.549659997851	2293.60009765625
559.299193538643	2307.19995117188
562.047814027381	2303.60009765625
564.795522037318	2285
567.542318140861	2297.30004882813
570.288202909507	2311.69995117188
573.033176913873	2309
575.7772407237	2277
578.520394907829	2283.19995117188
581.26264003424	2293
584.003976670046	2291.69995117188
586.744405381469	2286.60009765625
589.483926733869	2306.5
592.222541291746	2317
594.96024961872	2299.69995117188
597.697052277563	2321.5
600.432949830166	2338
603.167942837587	2339.10009765625
605.902031860012	2326.10009765625
608.635217456783	2344.10009765625
611.367500186378	2336.10009765625
614.098880606429	2332.80004882813
616.82935927374	2323.30004882813
619.558936744248	2334.60009765625
622.287613573072	2300.69995117188
625.015390314457	2315.89990234375
627.742267521848	2336.19995117188
630.468245747829	2305.19995117188
633.193325544166	2322.5
635.917507461792	2338.89990234375
638.640792050804	2303.30004882813
641.36317986048	2326.80004882813
644.084671439281	2334.5
646.805267334845	2312.60009765625
649.524968093967	2343.5
652.24377426266	2336.5
654.961686386106	2355
657.678705008678	2316.39990234375
660.394830673939	2309.60009765625
663.110063924628	2330.89990234375
665.824405302728	2304.60009765625
668.537855349351	2336.39990234375
671.250414604863	2321.80004882813
673.962083608812	2363.69995117188
676.672862899949	2345.39990234375
679.382753016218	2348
682.091754494801	2331.89990234375
684.799867872061	2341.89990234375
687.507093683595	2333.10009765625
690.213432464198	2367.39990234375
692.918884747899	2356.10009765625
695.623451067937	2359.60009765625
698.327131956755	2363.5
701.029927946065	2380.60009765625
703.731839566754	2353.5
706.43286734896	2386.30004882813
709.133011822067	2359.39990234375
711.832273514658	2387.10009765625
714.53065295457	2379.19995117188
717.228150668879	2377.89990234375
719.924767183889	2374.19995117188
722.620503025148	2387.60009765625
725.315358717446	2363.80004882813
728.009334784827	2374.10009765625
730.702431750559	2381.39990234375
733.394650137188	2361.30004882813
736.085990466498	2346
738.776453259519	2353.69995117188
741.466039036542	2348.60009765625
744.154748317125	2357.80004882813
746.842581620074	2333.39990234375
749.529539463458	2362.60009765625
752.215622364608	2342.39990234375
754.900830840131	2334.80004882813
757.585165405892	2362.60009765625
760.26862657703	2363.80004882813
762.951214867957	2359.39990234375
765.632930792356	2357
768.313774863181	2356.10009765625
770.993747592673	2368.5
773.672849492359	2393.60009765625
776.351081073017	2357.60009765625
779.028442844757	2377
781.704935316928	2397.30004882813
784.380558998208	2351.10009765625
787.055314396528	2407
789.729202019141	2368
792.402222372581	2384.89990234375
795.074375962669	2382.5
797.745663294537	2393.10009765625
800.416084872622	2379.60009765625
803.085641200652	2396.39990234375
805.754332781664	2396.69995117188
808.422160117986	2406.19995117188
811.089123711292	2381.19995117188
813.75522406252	2409.80004882813
816.420461671951	2424.5
819.084837039164	2400.89990234375
821.748350663067	2440.5
824.411003041866	2400.19995117188
827.072794673116	2447.80004882813
829.733726053668	2431.5
832.39379767971	2461.80004882813
835.05301004674	2426.60009765625
837.711363649601	2466.19995117188
840.368858982457	2470.5
843.025496538805	2464.30004882813
845.681276811467	2468.30004882813
848.336200292618	2468.10009765625
850.99026747375	2472.80004882813
853.643478845713	2488.5
856.29583489868	2486.80004882813
858.947336122176	2479
861.59798300506	2474.60009765625
864.247776035556	2499.60009765625
866.896715701222	2521.39990234375
869.544802488959	2520.69995117188
872.192036885046	2528.69995117188
874.838419375087	2512.60009765625
877.483950444054	2510.69995117188
880.128630576285	2487.60009765625
882.772460255461	2497.60009765625
885.415439964628	2503.80004882813
888.057570186211	2522.19995117188
890.698851401966	2515.89990234375
893.339284093045	2515
895.978868739961	2492.5
898.617605822596	2480.60009765625
901.255495820196	2483.80004882813
903.892539211396	2495.69995117188
906.528736474184	2495.5
909.164088085949	2503.5
911.798594523442	2490.89990234375
914.432256262804	2498.19995117188
917.065073779549	2516.30004882813
919.697047548589	2539.89990234375
922.328178044212	2492.19995117188
924.9584657401	2518.89990234375
927.587911109317	2529.69995117188
930.216514624317	2538.60009765625
932.844276756963	2523.10009765625
935.471197978488	2497.39990234375
938.097278759538	2551.69995117188
940.722519570163	2564.89990234375
943.346920879798	2566.80004882813
945.97048315729	2573.5
948.593206870885	2610.30004882813
951.215092488219	2639.39990234375
953.836140476366	2667.80004882813
956.456351301787	2694.5
959.07572543037	2658.80004882813
961.694263327369	2695.89990234375
964.311965457521	2737.89990234375
966.928832284933	2718.60009765625
969.544864273135	2709
972.160061885076	2712.69995117188
974.774425583129	2682.60009765625
977.387955829099	2693.89990234375
980.000653084196	2638.60009765625
982.612517809061	2664.80004882813
985.223550463768	2663.10009765625
987.833751507819	2688.39990234375
990.443121400135	2685.10009765625
993.051660599081	2720.69995117188
995.659369562449	2771.19995117188
998.266248747469	2832.69995117188
1000.87229861081	2933.10009765625
1003.47751960857	3097.10009765625
1006.0819121963	3153.80004882813
1008.68547682897	3161
1011.28821396104	3050.39990234375
1013.89012404635	2935.10009765625
1016.49120753824	2853.60009765625
1019.09146488947	2818.30004882813
1021.69089655226	2778.80004882813
1024.28950297827	2742.5
1026.88728461863	2719.39990234375
1029.48424192392	2700.60009765625
1032.08037534416	2685.10009765625
1034.67568532886	2674.30004882813
1037.27017232694	2677.69995117188
1039.86383678682	2674.30004882813
1042.45667915637	2673.39990234375
1045.04869988293	2669
1047.6398994133	2704
1050.23027819374	2669
1052.81983666998	2657.60009765625
1055.40857528724	2645.89990234375
1057.99649449018	2638.30004882813
1060.58359472296	2662.19995117188
1063.1698764292	2683.39990234375
1065.755340052	2704.80004882813
1068.33998603393	2693.80004882813
1070.92381481706	2681.5
1073.50682684291	2695.39990234375
1076.08902255251	2682.19995117188
1078.67040238637	2684
1081.25096678445	2699.39990234375
1083.83071618624	2688.60009765625
1086.4096510307	2685.30004882813
1088.98777175629	2673.5
1091.56507880094	2716.30004882813
1094.14157260208	2716.30004882813
1096.71725359664	2706.30004882813
1099.29212222106	2696.30004882813
1101.86617891125	2727.69995117188
1104.43942410262	2698.30004882813
1107.01185823011	2708.69995117188
1109.58348172812	2756.5
1112.15429503057	2735.39990234375
1114.7242985709	2743.80004882813
1117.29349278203	2778.60009765625
1119.86187809642	2746
1122.42945494599	2824.60009765625
1124.99622376222	2854.80004882813
1127.56218497606	2895.30004882813
1130.12733901801	2894.80004882813
1132.69168631804	2957
1135.25522730568	2989.39990234375
1137.81796240995	3037.60009765625
1140.37989205941	3072.39990234375
1142.9410166821	3176.30004882813
1145.50133670561	3315.10009765625
1148.06085255708	3516.19995117188
1150.61956466311	3781
1153.17747344987	4168.89990234375
1155.73457934305	4524.10009765625
1158.29088276786	4638.60009765625
1160.84638414903	4494.7001953125
1163.40108391085	4145.10009765625
1165.95498247711	3771.5
1168.50808027116	3448
1171.06037771587	3247.69995117188
1173.61187523364	3110.19995117188
1176.16257324643	3056.89990234375
1178.71247217573	3031
1181.26157244255	3027.10009765625
1183.80987446746	2993.5
1186.35737867059	3062.19995117188
1188.90408547157	3085.89990234375
1191.44999528961	3133.60009765625
1193.99510854347	3195.10009765625
1196.53942565142	3152.19995117188
1199.08294703133	3095.39990234375
1201.62567310057	3032.89990234375
1204.16760427611	2982.69995117188
1206.70874097445	2947.19995117188
1209.24908361163	2939.5
1211.78863260327	2894.30004882813
1214.32738836454	2925.5
1216.86535131017	2878.30004882813
1219.40252185445	2850.89990234375
1221.93890041121	2847.19995117188
1224.47448739389	2782.89990234375
1227.00928321544	2815.69995117188
1229.54328828842	2800.69995117188
1232.07650302491	2784.89990234375
1234.60892783662	2823.69995117188
1237.14056313477	2819.89990234375
1239.67140933017	2834.30004882813
1242.2014668332	2845.89990234375
1244.73073605384	2831
1247.25921740159	2864.69995117188
1249.78691128558	2866.10009765625
1252.31381811448	2872.60009765625
1254.83993829655	2922.80004882813
1257.36527223962	2924.69995117188
1259.88982035112	2976.30004882813
1262.41358303803	2959.89990234375
1264.93656070696	2994.69995117188
1267.45875376405	3020.89990234375
1269.98016261505	3019.69995117188
1272.50078766531	3080.19995117188
1275.02062931974	3109
1277.53968798285	3135.60009765625
1280.05796405875	3059.10009765625
1282.57545795112	3006.69995117188
1285.09217006325	3016.89990234375
1287.60810079802	2976
1290.12325055788	2955.5
1292.63761974492	2965.80004882813
1295.15120876079	2993.60009765625
1297.66401800676	2976
1300.17604788367	2969.5
1302.687298792	2978.10009765625
1305.19777113181	3002.5
1307.70746530274	2974.39990234375
1310.21638170408	2961.80004882813
1312.7245207347	2950.19995117188
1315.23188279307	2948.60009765625
1317.73846827728	2956.19995117188
1320.24427758502	2939.10009765625
1322.74931111359	2945.5
1325.25356925991	2932.5
1327.75705242051	2917.39990234375
1330.25976099151	2915.30004882813
1332.76169536868	2917.60009765625
1335.26285594737	2906.5
1337.76324312256	2879.10009765625
1340.26285728887	2874.69995117188
1342.76169884052	2904
1345.25976817132	2891.69995117188
1347.75706567474	2883.39990234375
1350.25359174387	2880.30004882813
1352.74934677141	2915.60009765625
1355.24433114968	2893.10009765625
1357.73854527062	2910.80004882813
1360.23198952583	2905.19995117188
1362.7246643065	2911.39990234375
1365.21657000347	2900.30004882813
1367.7077070072	2894.39990234375
1370.19807570777	2903.19995117188
1372.68767649492	2920.10009765625
1375.176509758	2889.69995117188
1377.66457588599	2885
1380.15187526753	2895.39990234375
1382.63840829087	2899.5
1385.1241753439	2919.60009765625
1387.60917681417	2951.5
1390.09341308884	2955.10009765625
1392.57688455474	2960.10009765625
1395.05959159829	2932
1397.54153460562	2942.5
1400.02271396243	2949.5
1402.50313005414	2926
1404.98278326576	2968.30004882813
1407.46167398196	2934.30004882813
1409.93980258707	2934
1412.41716946504	2967.30004882813
1414.89377499951	2939.5
1417.36961957373	2945.5
1419.84470357062	2969.89990234375
1422.31902737275	2959.39990234375
1424.79259136235	2983.69995117188
1427.26539592129	3000.10009765625
1429.73744143111	2999.10009765625
1432.20872827299	3045.80004882813
1434.67925682777	3091.80004882813
1437.14902747597	3168.69995117188
1439.61804059773	3154.10009765625
1442.0862965729	3199.30004882813
1444.55379578093	3228.30004882813
1447.02053860099	3217.39990234375
1449.48652541188	3177.39990234375
1451.95175659206	3203.39990234375
1454.41623251969	3150.5
1456.87995357255	3145.19995117188
1459.34292012811	3171.19995117188
1461.80513256351	3124.19995117188
1464.26659125557	3141.19995117188
1466.72729658073	3095.39990234375
1469.18724891517	3121.39990234375
1471.64644863469	3119.60009765625
1474.10489611478	3149.80004882813
1476.5625917306	3152.30004882813
1479.01953585699	3147.89990234375
1481.47572886844	3127.60009765625
1483.93117113917	3178.39990234375
1486.38586304302	3174.89990234375
1488.83980495354	3205.60009765625
1491.29299724395	3296
1493.74544028715	3290.69995117188
1496.19713445573	3425.80004882813
1498.64808012193	3425.10009765625
1501.09827765772	3573.60009765625
1503.54772743471	3753.80004882813
1505.99642982421	3964
1508.44438519723	4272.5
1510.89159392446	4603.60009765625
1513.33805637625	4962.2998046875
1515.78377292266	5260.2998046875
1518.22874393346	5419.10009765625
1520.67296977806	5403.5
1523.11645082559	5182.89990234375
1525.55918744488	4861.10009765625
1528.00118000444	4489.7001953125
1530.44242887245	4152.7001953125
1532.88293441684	3761.60009765625
1535.32269700517	3573.19995117188
1537.76171700475	3419.39990234375
1540.19999478255	3330.10009765625
1542.63753070526	3219.69995117188
1545.07432513925	3212.19995117188
1547.5103784506	3154
1549.94569100509	3130.89990234375
1552.38026316819	3126.39990234375
1554.8140953051	3115.19995117188
1557.24718778067	3139.30004882813
1559.67954095952	3143.19995117188
1562.11115520592	3098.39990234375
1564.54203088386	3069.60009765625
1566.97216835704	3078.80004882813
1569.40156798888	3092.19995117188
1571.83023014248	3103
1574.25815518067	3105.19995117188
1576.68534346597	3089.89990234375
1579.11179536062	3121.30004882813
1581.53751122658	3126.69995117188
1583.9624914255	3084.30004882813
1586.38673631876	3087.19995117188
1588.81024626745	3102.69995117188
1591.23302163235	3108.5
1593.655062774	3075.10009765625
1596.07637005262	3087.10009765625
1598.49694382815	3099
1600.91678446025	3063.5
1603.33589230831	3084.69995117188
1605.75426773142	3047
1608.1719110884	3019.10009765625
1610.58882273779	3012.39990234375
1613.00500303784	3029.69995117188
1615.42045234654	3031.69995117188
1617.83517102158	3049
1620.24915942039	3073.30004882813
1622.66241790012	3050
1625.07494681764	3038.10009765625
1627.48674652954	3079.30004882813
1629.89781739216	3069.80004882813
1632.30815976152	3063.80004882813
1634.71777399343	3089.69995117188
1637.12666044338	3082
1639.53481946661	3078
1641.94225141808	3097
1644.34895665248	3085.10009765625
1646.75493552424	3111.39990234375
1649.16018838752	3150.19995117188
1651.56471559621	3190.19995117188
1653.96851750392	3221
1656.37159446403	3238
1658.7739468296	3217.89990234375
1661.17557495349	3238.5
1663.57647918824	3210.60009765625
1665.97665988617	3169.5
1668.37611739929	3116.60009765625
1670.77485207939	3083.30004882813
1673.17286427799	3059.19995117188
1675.57015434633	3068.89990234375
1677.96672263542	3022.5
1680.36256949598	3042.5
1682.7576952785	3038.69995117188
1685.15210033318	3029.80004882813
1687.54578501	3031.39990234375
1689.93874965866	3017.69995117188
1692.33099462861	3047.10009765625
1694.72252026904	3070.60009765625
1697.11332692889	3016.60009765625
1699.50341495686	3030.5
1701.89278470137	3019.5
1704.28143651061	3049.30004882813
1706.66937073251	3034.30004882813
1709.05658771473	2973.39990234375
1711.44308780473	3012.80004882813
1713.82887134968	2985.19995117188
1716.21393869648	3006.60009765625
1718.59829019185	2985.19995117188
1720.98192618221	3009.69995117188
1723.36484701374	2998.80004882813
1725.74705303238	2974.30004882813
1728.12854458384	3035.69995117188
1730.50932201356	3030.89990234375
1732.88938566673	3018.19995117188
1735.26873588834	3007.69995117188
1737.64737302307	3025.5
1740.02529741544	3019.39990234375
1742.40250940964	2993.69995117188
1744.77900934969	3040.69995117188
1747.15479757933	3022.80004882813
1749.52987444206	3042.5
1751.90424028116	3006.69995117188
1754.27789543967	3010.89990234375
1756.65084026037	3008.80004882813
1759.02307508582	3038.5
1761.39460025833	3016.10009765625
1763.76541612	3001.30004882813
1766.13552301265	3027.30004882813
1768.50492127791	2999.5
1770.87361125714	3014.80004882813
1773.2415932915	2999.30004882813
1775.60886772188	2994.30004882813
1777.97543488896	2984.30004882813
1780.34129513318	2986.89990234375
1782.70644879475	3022.39990234375
1785.07089621365	2992.30004882813
1787.43463772964	2989.60009765625
1789.7976736822	3001.60009765625
1792.16000441066	2999
1794.52163025405	3008.69995117188
1796.88255155121	3000.5
1799.24276864074	3015.60009765625
1801.60228186102	3015.10009765625
1803.96109155019	2993.89990234375
1806.31919804618	3015.69995117188
1808.67660168668	2998.30004882813
1811.03330280916	3009.19995117188
1813.38930175088	3033.10009765625
1815.74459884884	3033
1818.09919443984	3045.10009765625
1820.45308886047	2987.5
1822.80628244708	2998
1825.1587755358	3001.10009765625
1827.51056846254	3020.10009765625
1829.86166156297	2989.10009765625
1832.21205517258	3004.89990234375
1834.56174962661	2996.60009765625
1836.91074526009	3014.69995117188
1839.25904240783	2986
1841.60664140443	3033.89990234375
1843.95354258425	2994.39990234375
1846.29974628146	3003.5
1848.64525282998	2996
1850.99006256356	2986.80004882813
1853.3341758157	2994.89990234375
1855.67759291968	2945.69995117188
1858.02031420858	2998.39990234375
1860.36234001528	2983.60009765625
1862.70367067241	3017.10009765625
1865.04430651244	2980.19995117188
1867.38424786755	3020.19995117188
1869.72349506978	2996.69995117188
1872.06204845094	2971
1874.39990834258	2959.69995117188
1876.73707507612	2991.89990234375
1879.07354898269	3003.39990234375
1881.40933039328	2995.89990234375
1883.74441963861	3005.60009765625
1886.07881704925	2994.60009765625
1888.41252295551	3006.69995117188
1890.74553768751	2940.89990234375
1893.07786157519	2971
1895.40949494822	2980.80004882813
1897.74043813615	2957.60009765625
1900.07069146823	2990.19995117188
1902.40025527357	2994.30004882813
1904.72912988106	2973.60009765625
1907.05731561938	2984.30004882813
1909.38481281699	2986.80004882813
1911.71162180217	2994.89990234375
1914.037742903	2945.30004882813
1916.36317644734	2969.5
1918.68792276284	2919.89990234375
1921.01198217697	2983.19995117188
1923.33535501699	2950.80004882813
1925.65804160996	2966.60009765625
1927.98004228273	2961
1930.30135736196	2945
1932.6219871741	2986.80004882813
1934.94193204543	2980.80004882813
1937.26119230198	2965.69995117188
1939.57976826962	2980.60009765625
1941.89766027402	2956.60009765625
1944.21486864062	2963
1946.53139369472	3015.5
1948.84723576137	2957.60009765625
1951.16239516543	2970.10009765625
1953.47687223159	2977.69995117188
1955.79066728434	2962
1958.10378064794	2985.30004882813
1960.4162126465	2983.10009765625
1962.7279636039	2985.60009765625
1965.03903384385	2964.69995117188
1967.34942368987	2965.30004882813
1969.65913346524	2979.89990234375
1971.96816349311	3006.39990234375
1974.2765140964	2973.5
1976.58418559784	2955.39990234375
1978.89117831997	2928.10009765625
1981.19749258516	2978.60009765625
1983.50312871555	2980.60009765625
1985.80808703313	2952.69995117188
1988.11236785967	2945.19995117188
1990.41597151676	3004.60009765625
1992.71889832581	2929
1995.02114860801	3026.69995117188
1997.3227226844	2985.5
1999.62362087581	2951
2001.92384350288	2980.30004882813
2004.22339088608	3001.19995117188
2006.52226334567	2986.39990234375
2008.82046120173	2955.69995117188
2011.11798477417	2961.19995117188
2013.41483438269	2983.19995117188
2015.71101034681	2985.30004882813
2018.00651298588	2958.80004882813
2020.30134261905	2989.89990234375
2022.59549956528	2980.30004882813
2024.88898414337	3006.60009765625
2027.1817966719	2960.39990234375
2029.4739374693	2958.60009765625
2031.76540685379	3006.10009765625
2034.05620514342	2956.60009765625
2036.34633265607	2970.60009765625
2038.6357897094	2978.30004882813
2040.92457662092	2952.5
2043.21269370795	2933.89990234375
2045.50014128763	2968.10009765625
2047.78691967691	2946
2050.07302919256	2958.80004882813
2052.35847015118	2958.89990234375
2054.64324286919	2940.10009765625
2056.9273476628	2925.69995117188
2059.21078484808	2923.30004882813
2061.4935547409	2898.89990234375
2063.77565765696	2949.19995117188
2066.05709391176	2925
2068.33786382065	2929.69995117188
2070.61796769879	2921
2072.89740586116	2909.60009765625
2075.17617862255	2929.60009765625
2077.45428629759	2901.60009765625
2079.73172920075	2912.89990234375
2082.00850764627	2965.19995117188
2084.28462194827	2923.60009765625
2086.56007242065	2916.80004882813
2088.83485937717	2909.80004882813
2091.10898313139	2952.19995117188
2093.3824439967	2932.5
2095.65524228632	2931.5
2097.92737831328	2937.69995117188
2100.19885239047	2947.39990234375
2102.46966483057	2957.60009765625
2104.7398159461	2937.19995117188
2107.00930604941	2945.10009765625
2109.27813545267	2983.19995117188
2111.54630446787	2985.80004882813
2113.81381340685	2984.30004882813
2116.08066258126	2969.5
2118.34685230257	2971.80004882813
2120.61238288211	2974.69995117188
2122.87725463099	3001.30004882813
2125.1414678602	2978
2127.40502288052	2997.60009765625
2129.66792000257	3001
2131.93015953682	2988.30004882813
2134.19174179353	2946.5
2136.45266708282	2973.69995117188
2138.71293571463	3000.89990234375
2140.97254799873	3012.89990234375
2143.23150424473	3000.10009765625
2145.48980476205	3014.60009765625
2147.74744985996	3019.30004882813
2150.00443984754	3003.30004882813
2152.26077503373	3014.80004882813
2154.51645572728	3029.69995117188
2156.77148223677	3037.19995117188
2159.02585487064	3047.69995117188
2161.27957393713	3055.10009765625
2163.53263974432	3067.10009765625
2165.78505260012	3039.39990234375
2168.0368128123	3027.39990234375
2170.28792068844	3012.60009765625
2172.53837653595	2966.10009765625
2174.78818066207	3014.60009765625
2177.03733337389	2982.19995117188
2179.28583497833	2964
2181.53368578214	2963
2183.78088609192	2951.69995117188
2186.02743621406	2919.80004882813
2188.27333645484	2910.69995117188
2190.51858712033	2927.69995117188
2192.76318851646	2930
2195.00714094901	2926.60009765625
2197.25044472354	2907.60009765625
2199.49310014551	2937
2201.73510752018	2920.89990234375
2203.97646715265	2903.89990234375
2206.21717934786	2919.10009765625
2208.45724441058	2942.39990234375
2210.69666264543	2895.19995117188
2212.93543435686	2905.60009765625
2215.17355984914	2894.80004882813
2217.41103942642	2884.19995117188
2219.64787339264	2895.69995117188
2221.8840620516	2869.89990234375
2224.11960570695	2882.30004882813
2226.35450466215	2887.69995117188
2228.58875922051	2880.80004882813
2230.82236968518	2888.80004882813
2233.05533635916	2866.89990234375
2235.28765954527	2878.10009765625
2237.51933954617	2861.5
2239.75037666437	2890.39990234375
2241.98077120221	2855
2244.21052346188	2881.10009765625
2246.4396337454	2879.39990234375
2248.66810235461	2874.39990234375
2250.89592959125	2874.39990234375
2253.12311575681	2871.19995117188
2255.34966115272	2903.89990234375
2257.57556608017	2902.80004882813
2259.80083084023	2894.39990234375
2262.02545573381	2882.69995117188
2264.24944106163	2894.30004882813
2266.47278712429	2882.60009765625
2268.69549422221	2907
2270.91756265564	2925.5
2273.1389927247	2906.30004882813
2275.35978472934	2907.80004882813
2277.57993896933	2930.69995117188
2279.79945574431	2899.60009765625
2282.01833535375	2918.30004882813
2284.23657809696	2943.60009765625
2286.45418427309	2883.19995117188
2288.67115418114	2926.39990234375
2290.88748811995	2918.60009765625
2293.10318638819	2958.10009765625
2295.3182492844	2962.5
2297.53267710693	2935.69995117188
2299.746470154	2941.69995117188
2301.95962872364	3002.19995117188
2304.17215311376	2988.10009765625
2306.3840436221	3026.10009765625
2308.59530054621	3018.69995117188
2310.80592418354	3024.80004882813
2313.01591483134	3003.89990234375
2315.22527278673	3028.39990234375
2317.43399834666	3015.5
2319.64209180791	3014.30004882813
2321.84955346713	2994.5
2324.05638362079	2938.80004882813
2326.26258256524	2957.60009765625
2328.46815059664	2964.30004882813
2330.67308801098	2924.89990234375
2332.87739510415	2912.39990234375
2335.08107217184	2930
2337.2841195096	2901.10009765625
2339.48653741281	2911.89990234375
2341.68832617672	2935.10009765625
2343.8894860964	2921.89990234375
2346.09001746678	2898.30004882813
2348.28992058261	2916.19995117188
2350.48919573852	2930
2352.68784322898	2949.89990234375
2354.88586334826	2889.39990234375
2357.08325639055	2914.19995117188
2359.2800226498	2901.39990234375
2361.47616241988	2879.69995117188
2363.67167599445	2878.19995117188
2365.86656366706	2888.10009765625
2368.06082573107	2873.10009765625
2370.2544624797	2856.5
2372.44747420603	2834.89990234375
2374.63986120295	2844.39990234375
2376.83162376322	2850.69995117188
2379.02276217945	2857
2381.21327674408	2866.39990234375
2383.4031677494	2804.80004882813
2385.59243548756	2832.60009765625
2387.78108025053	2844.89990234375
2389.96910233014	2804.89990234375
2392.15650201809	2856.10009765625
2394.34327960587	2843.89990234375
2396.52943538486	2803
2398.71496964628	2793.30004882813
2400.89988268118	2805.69995117188
2403.08417478048	2820.19995117188
2405.26784623491	2817.80004882813
2407.45089733509	2878.5
2409.63332837146	2821
2411.81513963429	2850.39990234375
2413.99633141375	2832.80004882813
2416.1769039998	2800.80004882813
2418.35685768227	2781.60009765625
2420.53619275084	2809.19995117188
2422.71490949505	2825
2424.89300820425	2840.89990234375
2427.07048916765	2823.19995117188
2429.24735267433	2809.19995117188
2431.42359901319	2824.19995117188
2433.59922847297	2819.60009765625
2435.7742413423	2817.69995117188
2437.94863790961	2776.19995117188
2440.12241846321	2848.80004882813
2442.29558329121	2771
2444.46813268162	2825.89990234375
2446.64006692228	2787.89990234375
2448.81138630086	2798.30004882813
2450.98209110489	2821.5
2453.15218162174	2801.39990234375
2455.32165813864	2789.80004882813
2457.49052094265	2798.30004882813
2459.65877032069	2816
2461.8264065595	2845.80004882813
2463.99342994572	2815.19995117188
2466.15984076579	2875.30004882813
2468.325639306	2828.60009765625
2470.49082585251	2858.5
2472.65540069131	2879.89990234375
2474.81936410824	2860.60009765625
2476.98271638899	2869.19995117188
2479.14545781909	2840.19995117188
2481.30758868392	2827.10009765625
2483.4691092687	2877.30004882813
2485.63001985852	2832.10009765625
2487.79032073829	2850.60009765625
2489.95001219277	2821.5
2492.10909450659	2833.30004882813
2494.26756796419	2832.10009765625
2496.42543284989	2835.5
2498.58268944783	2826.19995117188
2500.73933804202	2834.30004882813
2502.8953789163	2825.60009765625
2505.05081235436	2884
2507.20563863974	2848.30004882813
2509.35985805582	2845.80004882813
2511.51347088583	2848.80004882813
2513.66647741285	2840
2515.81887791981	2880.39990234375
2517.97067268946	2877.89990234375
2520.12186200443	2875.69995117188
2522.27244614716	2903.80004882813
2524.42242539999	2876.19995117188
2526.57180004504	2840
2528.72057036433	2833.5
2530.8687366397	2846.80004882813
2533.01629915284	2815.80004882813
2535.16325818527	2807
2537.30961401839	2779.89990234375
2539.45536693343	2778.10009765625
2541.60051721145	2795.69995117188
2543.74506513338	2773.89990234375
2545.88901097997	2745.10009765625
2548.03235503185	2736
2550.17509756946	2765.30004882813
2552.31723887311	2759.69995117188
2554.45877922293	2747.69995117188
2556.59971889893	2731.39990234375
2558.74005818094	2718.39990234375
2560.87979734864	2737.10009765625
2563.01893668155	2742.80004882813
2565.15747645906	2728.89990234375
2567.29541696037	2723.19995117188
2569.43275846454	2740.89990234375
2571.56950125049	2713.19995117188
2573.70564559696	2717.19995117188
2575.84119178254	2716.5
2577.97614008569	2737.39990234375
2580.11049078468	2744.80004882813
2582.24424415764	2746.80004882813
2584.37740048255	2743.80004882813
2586.50996003722	2737.30004882813
2588.64192309931	2775.5
2590.77328994634	2751.89990234375
2592.90406085564	2743.5
2595.03423610442	2762.80004882813
2597.16381596971	2752.60009765625
2599.29280072839	2732.60009765625
2601.42119065719	2739.5
2603.54898603267	2753
2605.67618713125	2738.80004882813
2607.80279422919	2755.60009765625
2609.92880760257	2748.60009765625
2612.05422752735	2770.19995117188
2614.17905427932	2782.80004882813
2616.30328813408	2764.5
2618.42692936713	2755.80004882813
2620.54997825377	2750.30004882813
2622.67243506915	2770.89990234375
2624.79430008828	2762.69995117188
2626.915573586	2771.69995117188
2629.03625583699	2749.30004882813
2631.15634711579	2769.5
2633.27584769675	2798.19995117188
2635.39475785408	2802.39990234375
2637.51307786185	2818
2639.63080799394	2782
2641.74794852409	2818.60009765625
2643.86449972589	2879.39990234375
2645.98046187273	2858.5
2648.0958352379	2877.39990234375
2650.21062009449	2897.5
2652.32481671544	2911.39990234375
2654.43842537353	2916.69995117188
2656.5514463414	2953.80004882813
2658.66387989151	2965.39990234375
2660.77572629616	2961.5
2662.88698582751	3018.39990234375
2664.99765875753	3028.89990234375
2667.10774535806	3053.80004882813
2669.21724590076	3030.10009765625
2671.32616065714	3001.5
2673.43448989857	3018
2675.5422338962	2985.80004882813
2677.64939292108	2955
2679.75596724408	2899.60009765625
2681.86195713589	2928.69995117188
2683.96736286707	2878.5
2686.07218470799	2845.80004882813
2688.17642292889	2812.39990234375
2690.28007779982	2845.89990234375
2692.38314959069	2792.39990234375
2694.48563857123	2802.60009765625
2696.58754501103	2765.60009765625
2698.6888691795	2782.80004882813
2700.78961134588	2748.69995117188
2702.8897717793	2755.10009765625
2704.98935074864	2769
2707.08834852271	2732.69995117188
2709.18676537009	2752.10009765625
2711.28460155925	2750.5
2713.38185735843	2739.19995117188
2715.47853303577	2740.5
2717.57462885924	2730.69995117188
2719.67014509659	2745.69995117188
2721.76508201548	2719.89990234375
2723.85943988337	2735
2725.95321896754	2706
2728.04641953515	2688.5
2730.13904185316	2694.30004882813
2732.23108618837	2685.89990234375
2734.32255280744	2689.89990234375
2736.41344197683	2681.69995117188
2738.50375396288	2697.60009765625
2740.5934890317	2661.89990234375
2742.68264744932	2639.69995117188
2744.77122948153	2702.10009765625
2746.85923539398	2662.5
2748.94666545217	2629.10009765625
2751.03351992142	2631.60009765625
2753.11979906688	2640.89990234375
2755.20550315355	2656.39990234375
2757.29063244624	2632.89990234375
2759.37518720963	2617.10009765625
2761.45916770819	2592.89990234375
2763.54257420625	2616.89990234375
2765.62540696797	2605.39990234375
2767.70766625733	2621.10009765625
2769.78935233816	2597.10009765625
2771.87046547413	2625.60009765625
2773.95100592869	2608.69995117188
2776.03097396519	2627.80004882813
2778.11036984677	2612.39990234375
2780.18919383641	2633.30004882813
2782.26744619693	2627.5
2784.34512719097	2618
2786.42223708102	2666.19995117188
2788.49877612937	2630.30004882813
2790.57474459816	2623.80004882813
2792.65014274937	2615.60009765625
2794.7249708448	2607.69995117188
2796.79922914607	2632.39990234375
2798.87291791465	2614.10009765625
2800.94603741181	2636.69995117188
2803.01858789869	2626.89990234375
2805.09056963623	2603.69995117188
2807.1619828852	2607.30004882813
2809.23282790621	2617.19995117188
2811.30310495971	2618.19995117188
2813.37281430593	2601.80004882813
2815.441956205	2634
2817.51053091682	2604.60009765625
2819.57853870114	2634.80004882813
2821.64597981753	2627.60009765625
2823.7128545254	2659.89990234375
2825.77916308399	2638.80004882813
2827.84490575233	2639.69995117188
2829.91008278933	2641.5
2831.97469445369	2671.60009765625
2834.03874100395	2689.60009765625
2836.10222269847	2705.39990234375
2838.16513979544	2714.19995117188
2840.22749255288	2758.80004882813
2842.28928122863	2830.89990234375
2844.35050608034	2895.30004882813
2846.41116736553	2974.60009765625
2848.47126534149	3089.89990234375
2850.53080026537	3138.80004882813
2852.58977239414	3172.60009765625
2854.64818198459	3171.80004882813
2856.70602929332	3159
2858.76331457678	3099.39990234375
2860.82003809123	3083
2862.87620009274	3093.60009765625
2864.93180083723	3040.30004882813
2866.98684058043	3068.10009765625
2869.04131957789	3034.60009765625
2871.09523808497	3055.10009765625
2873.14859635689	3053.10009765625
2875.20139464866	3101.30004882813
2877.2536332151	3066.19995117188
2879.30531231091	3112.19995117188
2881.35643219054	3107.5
2883.40699310831	3106.10009765625
2885.45699531834	3149.30004882813
2887.50643907457	3137.80004882813
2889.55532463077	3145.10009765625
2891.60365224053	3171.5
2893.65142215724	3161.19995117188
2895.69863463414	3195.89990234375
2897.74528992426	3194.39990234375
2899.79138828046	3175.89990234375
2901.83692995544	3164.60009765625
2903.88191520168	3171.30004882813
2905.92634427151	3200.30004882813
2907.97021741706	3144.5
2910.01353489027	3176.60009765625
2912.05629694294	3171.89990234375
2914.09850382663	3132.30004882813
2916.14015579276	3185.10009765625
2918.18125309254	3134.60009765625
2920.22179597702	3115.30004882813
2922.26178469705	3177.69995117188
2924.30121950329	3159.39990234375
2926.34010064624	3184.5
2928.37842837619	3192.10009765625
2930.41620294326	3184
2932.45342459737	3189.60009765625
2934.49009358828	3185.19995117188
2936.52621016555	3151.80004882813
2938.56177457854	3136.69995117188
2940.59678707645	3054.5
2942.63124790827	3062
2944.66515732282	2988.19995117188
2946.69851556873	3000.69995117188
2948.73132289443	2943
2950.76357954817	2923.5
2952.79528577803	2870.60009765625
2954.82644183188	2869.39990234375
2956.85704795741	2873.5
2958.8871044021	2874.19995117188
2960.91661141328	2847.80004882813
2962.94556923807	2865.30004882813
2964.97397812339	2829.5
2967.00183831598	2835.30004882813
2969.0291500624	2792.60009765625
2971.05591360902	2791.69995117188
2973.08212920199	2779.60009765625
2975.1077970873	2743.69995117188
2977.13291751074	2747.5
2979.1574907179	2709.80004882813
2981.18151695419	2687.89990234375
2983.20499646482	2694.60009765625
2985.2279294948	2668.69995117188
2987.25031628898	2667.69995117188
2989.27215709199	2683.19995117188
2991.29345214825	2677.60009765625
2993.31420170204	2641.30004882813
2995.33440599738	2678.10009765625
2997.35406527816	2652.30004882813
2999.37317978802	2681.30004882813
3001.39174977045	2683.60009765625
3003.40977546872	2702.19995117188
3005.42725712591	2704.69995117188
3007.44419498491	2732.89990234375
3009.4605892884	2756.19995117188
3011.47644027889	2740.10009765625
3013.49174819865	2747
3015.5065132898	2766.60009765625
3017.52073579424	2773.69995117188
3019.53441595366	2724.19995117188
3021.54755400959	2734.5
3023.56015020332	2689.80004882813
3025.57220477598	2682.39990234375
3027.58371796846	2701.5
3029.5946900215	2681.39990234375
3031.6051211756	2642.69995117188
3033.61501167107	2615.69995117188
3035.62436174803	2650.30004882813
3037.6331716464	2591.10009765625
3039.64144160588	2580.80004882813
3041.649171866	2554.30004882813
3043.65636266607	2581.80004882813
3045.6630142452	2566.80004882813
3047.66912684229	2574.89990234375
3049.67470069605	2534
3051.679736045	2507.89990234375
3053.68423312742	2504.80004882813
3055.68819218143	2535.5
3057.6916134449	2497.80004882813
3059.69449715556	2502.30004882813
3061.69684355086	2483.30004882813
3063.6986528681	2487.10009765625
3065.69992534437	2480.89990234375
3067.70066121653	2502.19995117188
3069.70086072126	2479.80004882813
3071.700524095	2465.80004882813
3073.69965157405	2468.39990234375
3075.69824339442	2453.89990234375
3077.69629979197	2490.5
3079.69382100235	2451.60009765625
3081.69080726098	2443.89990234375
3083.68725880307	2442
3085.68317586366	2437.5
3087.67855867755	2438
3089.67340747933	2422.89990234375
3091.6677225034	2422.89990234375
3093.66150398392	2430.60009765625
3095.6547521549	2424.19995117188
3097.64746725006	2424.60009765625
3099.63964950297	2411.89990234375
3101.63129914698	2418.10009765625
3103.6224164152	2398
3105.61300154056	2395.60009765625
3107.60305475576	2417.19995117188
3109.59257629331	2436.5
3111.58156638547	2412.39990234375
3113.57002526432	2408.89990234375
3115.55795316172	2446.30004882813
3117.54535030932	2405.80004882813
3119.53221693853	2431.10009765625
3121.51855328057	2409.5
3123.50435956646	2435.5
3125.48963602698	2410.89990234375
3127.4743828927	2419.60009765625
3129.45860039397	2410.69995117188
3131.44228876093	2400.10009765625
3133.42544822353	2380.60009765625
3135.40807901145	2458.10009765625
3137.39018135418	2419.80004882813
3139.37175548102	2410.89990234375
3141.35280162101	2382.10009765625
3143.33332000299	2389.80004882813
3145.31331085559	2382.30004882813
3147.2927744072	2393.89990234375
3149.27171088602	2422.80004882813
3151.25012052	2396.19995117188
3153.22800353689	2403.5
3155.20536016422	2393
3157.18219062929	2406
3159.15849515918	2388.80004882813
3161.13427398075	2393.39990234375
3163.10952732066	2403.69995117188
3165.08425540532	2436.10009765625
3167.05845846092	2425.19995117188
3169.03213671344	2370.10009765625
3171.00529038863	2390.10009765625
3172.97791971203	2384
3174.95002490893	2419.5
3176.92160620443	2400.19995117188
3178.89266382337	2396.80004882813
3180.8631979904	2376.69995117188
3182.83320892991	2378.89990234375
3184.80269686609	2409.39990234375
3186.77166202289	2345.30004882813
3188.74010462406	2383.39990234375
3190.70802489307	2381.30004882813
3192.67542305323	2396.30004882813
3194.64229932757	2391.69995117188
3196.60865393892	2384.69995117188
3198.57448710987	2363.80004882813
3200.53979906279	2375.5
3202.50459001981	2356.39990234375
3204.46886020284	2368.80004882813
3206.43260983356	2386.80004882813
3208.39583913341	2356.39990234375
3210.35854832362	2370.19995117188
3212.32073762517	2384.39990234375
3214.28240725881	2363.39990234375
3216.24355744508	2405.39990234375
3218.20418840426	2383.39990234375
3220.16430035642	2370.60009765625
3222.12389352137	2366.30004882813
3224.08296811873	2373.39990234375
3226.04152436784	2355.10009765625
3227.99956248784	2374
3229.95708269762	2371.5
3231.91408521584	2385.19995117188
3233.87057026092	2376.19995117188
3235.82653805105	2399.39990234375
3237.78198880419	2380.89990234375
3239.73692273806	2376.80004882813
3241.69134007013	2368.30004882813
3243.64524101764	2378.10009765625
3245.59862579761	2376.60009765625
3247.55149462681	2373.5
3249.50384772176	2373.60009765625
3251.45568529877	2399.30004882813
3253.40700757387	2396.30004882813
3255.35781476288	2387.19995117188
3257.3081070814	2352.19995117188
3259.25788474473	2391.80004882813
3261.20714796799	2397.80004882813
3263.15589696602	2393.80004882813
3265.10413195345	2376.19995117188
3267.05185314463	2381.39990234375
3268.9990607537	2368.10009765625
3270.94575499455	2362.60009765625
3272.89193608081	2368.69995117188
3274.8376042259	2388.80004882813
3276.78275964296	2359.5
3278.72740254492	2374.69995117188
3280.67153314443	2364.80004882813
3282.61515165393	2371.69995117188
3284.55825828559	2376.5
3286.50085325135	2362.5
3288.44293676289	2374
3290.38450903165	2349.19995117188
3292.32557026883	2361.89990234375
3294.26612068537	2338.80004882813
3296.20616049198	2351.19995117188
3298.14568989911	2335
3300.08470911695	2345.80004882813
3302.02321835546	2351.80004882813
3303.96121782435	2322
3305.89870773306	2337.69995117188
3307.83568829081	2336.39990234375
3309.77215970655	2346.69995117188
3311.70812218898	2362.30004882813
3313.64357594655	2361.80004882813
3315.57852118747	2345.10009765625
3317.51295811968	2348
3319.44688695087	2370.30004882813
3321.38030788849	2361.60009765625
3323.31322113973	2345.80004882813
3325.24562691152	2315.69995117188
3327.17752541055	2330.39990234375
3329.10891684322	2322.80004882813
3331.03980141573	2327.39990234375
3332.97017933399	2355.69995117188
3334.90005080364	2320.39990234375
3336.82941603011	2313.60009765625
3338.75827521852	2306.10009765625
3340.68662857377	2315.39990234375
3342.6144763005	2304.69995117188
3344.54181860308	2311.10009765625
3346.46865568561	2299.89990234375
3348.39498775195	2318.60009765625
3350.32081500571	2319.69995117188
3352.24613765022	2311.5
3354.17095588855	2310.69995117188
3356.09526992352	2347.5
3358.01907995769	2299.30004882813
3359.94238619334	2322
3361.86518883251	2331.19995117188
3363.78748807697	2321.60009765625
3365.70928412823	2311
3367.63057718752	2306.60009765625
3369.55136745582	2340.39990234375
3371.47165513386	2312.5
3373.39144042208	2317.5
3375.31072352066	2284.5
3377.22950462953	2306.80004882813
3379.14778394834	2320.5
3381.06556167648	2316
3382.98283801308	2288.10009765625
3384.89961315697	2329
3386.81588730676	2308.39990234375
3388.73166066076	2328.39990234375
3390.64693341702	2326.19995117188
3392.56170577332	2302.39990234375
3394.47597792716	2289.19995117188
3396.38975007581	2276.19995117188
3398.30302241623	2288.39990234375
3400.21579514512	2314.30004882813
3402.1280684589	2289.10009765625
3404.03984255374	2288
3405.95111762553	2277.5
3407.86189386987	2289.19995117188
3409.77217148212	2267.10009765625
3411.68195065733	2273.30004882813
3413.5912315903	2284.39990234375
3415.50001447556	2269.10009765625
3417.40829950735	2288
3419.31608687963	2284.30004882813
3421.22337678611	2294.19995117188
3423.1301694202	2281.19995117188
3425.03646497504	2289.80004882813
3426.9422636435	2275.30004882813
3428.84756561816	2271.10009765625
3430.75237109135	2285
3432.65668025508	2267
3434.56049330112	2280.69995117188
3436.46381042093	2291.19995117188
3438.36663180571	2277.60009765625
3440.26895764638	2296.60009765625
3442.17078813357	2236.80004882813
3444.07212345762	2255.10009765625
3445.97296380863	2269.39990234375
3447.87330937636	2308
3449.77316035033	2293
3451.67251691977	2260.69995117188
3453.57137927361	2248.80004882813
3455.46974760052	2270
3457.36762208886	2261.10009765625
3459.26500292671	2250.60009765625
3461.16189030191	2255.5
3463.05828440194	2258.60009765625
3464.95418541406	2263.89990234375
3466.84959352519	2267.5
3468.74450892201	2250.5
3470.63893179088	2227.19995117188
3472.53286231788	2231.89990234375
3474.42630068881	2249.80004882813
3476.31924708918	2252.69995117188
3478.2117017042	2237.10009765625
3480.1036647188	2261.19995117188
3481.99513631761	2230.10009765625
3483.88611668498	2225.5
3485.77660600498	2259
3487.66660446135	2247.60009765625
3489.55611223758	2233.5
3491.44512951683	2239.19995117188
3493.333656482	2227.39990234375
3495.22169331568	2230.69995117188
3497.10924020016	2201
3498.99629731746	2234
3500.88286484927	2204.30004882813
3502.76894297702	2243.60009765625
3504.65453188182	2203.30004882813
3506.53963174449	2225.30004882813
3508.42424274555	2221.80004882813
3510.30836506524	2222.69995117188
3512.19199888349	2207.60009765625
3514.07514437992	2193.5
3515.95780173387	2178.10009765625
3517.83997112437	2202.69995117188
3519.72165273016	2196.5
3521.60284672967	2191.80004882813
3523.48355330104	2173.80004882813
3525.36377262208	2190.89990234375
3527.24350487035	2170.39990234375
3529.12275022306	2161.5
3531.00150885715	2174.30004882813
3532.87978094923	2161.10009765625
3534.75756667562	2154.19995117188
3536.63486621235	2163.39990234375
3538.51167973512	2164
3540.38800741934	2160.80004882813
3542.26384944011	2169.19995117188
3544.13920597223	2151.39990234375
3546.01407719018	2156.19995117188
3547.88846326815	2158.19995117188
3549.76236438002	2144.30004882813
3551.63578069934	2152.60009765625
3553.50871239938	2121.80004882813
3555.38115965309	2128.30004882813
3557.25312263311	2112
3559.12460151177	2126.19995117188
3560.99559646109	2097.30004882813
3562.86610765279	2125.10009765625
3564.73613525825	2132.10009765625
3566.60567944857	2122
3568.47474039453	2116.69995117188
3570.34331826658	2133
3572.21141323487	2126.60009765625
3574.07902546925	2126.19995117188
3575.94615513922	2122.5
3577.81280241401	2121.10009765625
3579.67896746249	2128
3581.54465045325	2120
3583.40985155455	2096.10009765625
3585.27457093432	2131.69995117188
3587.1388087602	2126.80004882813
3589.00256519949	2113.80004882813
3590.86584041919	2135.5
3592.72863458597	2137.30004882813
3594.59094786618	2122.69995117188
3596.45278042585	2118.80004882813
3598.31413243069	2136.19995117188
3600.17500404611	2144.60009765625
3602.03539543717	2100.89990234375
3603.89530676861	2124.5
3605.75473820488	2120
3607.61368991007	2105.69995117188
3609.47216204797	2102.39990234375
3611.33015478203	2101.30004882813
3613.18766827539	2108
3615.04470269087	2119.5
3616.90125819094	2113.60009765625
3618.75733493776	2091.10009765625
3620.61293309318	2105.80004882813
3622.46805281869	2076.19995117188
3624.32269427547	2124.5
3626.17685762439	2090.60009765625
3628.03054302596	2088.60009765625
3629.88375064038	2101.69995117188
3631.73648062751	2086
3633.5887331469	2058.39990234375
3635.44050835775	2075.69995117188
3637.29180641893	2089.89990234375
3639.14262748899	2081.30004882813
3640.99297172614	2080.5
3642.84283928828	2068.69995117188
3644.69223033294	2075
3646.54114501734	2052.30004882813
3648.38958349836	2075.10009765625
3650.23754593256	2075.60009765625
3652.08503247614	2074.80004882813
3653.93204328497	2063
3655.77857851462	2057.60009765625
3657.62463832028	2052.10009765625
3659.47022285682	2054.19995117188
3661.31533227877	2058.10009765625
3663.15996674033	2063.80004882813
3665.00412639535	2046.30004882813
3666.84781139736	2038.59997558594
3668.69102189953	2066.89990234375
3670.5337580547	2065.19995117188
3672.37602001537	2046.59997558594
3674.21780793368	2052.69995117188
3676.05912196148	2050
3677.89996225021	2044.40002441406
3679.74032895103	2038.30004882813
3681.58022221471	2024.80004882813
3683.41964219171	2042.59997558594
3685.25858903211	2031.30004882813
3687.0970628857	2019.40002441406
3688.93506390186	2027.09997558594
3690.77259222968	2033.5
3692.60964801787	2038.59997558594
3694.44623141481	2034.30004882813
3696.28234256853	2023.59997558594
3698.11798162669	2050.89990234375
3699.95314873665	2005.69995117188
3701.78784404537	2017.90002441406
3703.62206769951	2025.59997558594
3705.45581984533	2002.40002441406
3707.28910062877	2023.09997558594
3709.12191019542	2024.19995117188
3710.95424869052	2018.59997558594
3712.78611625894	1997.80004882813
3714.6175130452	1990.19995117188
3716.44843919349	1998.30004882813
3718.27889484764	1987.30004882813
3720.1088801511	2010.09997558594
3721.93839524699	1999.5
3723.76744027808	2022.59997558594
3725.59601538677	2014.5
3727.4241207151	2012.69995117188
