40.2973356941271	1145.69995117188
43.2236257608418	1153.40002441406
46.1488808466109	1165.80004882813
49.0731017336173	1180.69995117188
51.9962892025666	1195.09997558594
54.9184440327569	1211.80004882813
57.8395670020446	1219.80004882813
60.7596588868509	1241.09997558594
63.6787204621708	1275.80004882813
66.5967525015794	1297
69.5137557772381	1338.80004882813
72.4297310598838	1385
75.3446791188512	1453.09997558594
78.2586007220466	1536.59997558594
81.1714966360015	1641.69995117188
84.0833676258266	1780.5
86.994214455242	1946.30004882813
89.9040378865662	2113
92.8128386807427	2265.10009765625
95.7206175973133	2432.89990234375
98.6273753944444	2567.80004882813
101.533112828928	2676.30004882813
104.437830656161	2744.10009765625
107.34152963018	2764.5
110.244210503676	2773.89990234375
113.145874027931	2801
116.046520952895	2826.60009765625
118.946152027154	2784.89990234375
121.844767997933	2785.5
124.74236961111	2806.5
127.638957611212	2813.39990234375
130.534532741422	2822.19995117188
133.429095743606	2820.30004882813
136.322647358252	2861.19995117188
139.215188324544	2875.19995117188
142.106719380311	2880.80004882813
144.997241262089	2896.80004882813
147.886754705057	2907.80004882813
150.775260443096	2905
153.662759208748	2920.69995117188
156.549251733282	2893.80004882813
159.434738746612	2983.80004882813
162.319220977376	2974.5
165.20269915289	2948.80004882813
168.085173999178	2965.60009765625
170.966646240977	2965.80004882813
173.847116601709	2942
176.726585803528	2922.30004882813
179.605054567295	2941.5
182.48252361259	2931
185.358993657701	2933.69995117188
188.234465419645	2943.10009765625
191.108939614183	2923.5
193.982416955795	2931.89990234375
196.854898157687	2914.89990234375
199.726383931801	2900
202.596874988835	2921.69995117188
205.466372038225	2957.19995117188
208.334875788145	2955.39990234375
211.202386945534	2958.39990234375
214.068906216069	2957.80004882813
216.934434304194	2991.80004882813
219.798971913111	2984.19995117188
222.662519744776	3016.10009765625
225.525078499925	3015.89990234375
228.386648878069	3007.19995117188
231.247231577465	2988.60009765625
234.106827295172	2987.80004882813
236.965436727012	2984.19995117188
239.823060567597	2969.10009765625
242.679699510337	3006.89990234375
245.535354247396	2997.60009765625
248.390025469775	2998.19995117188
251.243713867223	2988.5
254.096420128327	2976.39990234375
256.948144940459	2979.89990234375
259.798888989788	2974.39990234375
262.648652961315	2958.39990234375
265.49743753883	3008.89990234375
268.345243404939	2979
271.192071241073	3033.60009765625
274.037921727485	3027.69995117188
276.882795543246	3009.39990234375
279.72669336624	3008.19995117188
282.569615873213	3050.10009765625
285.411563739724	3062.89990234375
288.252537640165	3045.30004882813
291.092538247763	3081
293.931566234616	3065.39990234375
296.769622271633	3087.10009765625
299.606707028594	3083.69995117188
302.442821174104	3091.60009765625
305.277965375652	3126.69995117188
308.112140299574	3124
310.945346611062	3111.60009765625
313.777584974167	3149.69995117188
316.608856051813	3147.10009765625
319.439160505797	3105
322.268498996783	3120.39990234375
325.096872184303	3110.89990234375
327.924280726782	3113.60009765625
330.750725281521	3122.5
333.576206504693	3108.69995117188
336.400725051388	3110.19995117188
339.224281575542	3095.80004882813
342.046876730026	3101.5
344.868511166586	3076.69995117188
347.689185535872	3126.39990234375
350.508900487421	3076
353.327656669699	3087
356.145454730079	3078.5
358.962295314817	3093.69995117188
361.778179069105	3115.19995117188
364.593106637051	3108.80004882813
367.407078661675	3128.5
370.220095784913	3099.10009765625
373.032158647655	3134.10009765625
375.843267889676	3129.30004882813
378.653424149715	3123.89990234375
381.462628065436	3153.30004882813
384.270880273432	3134.30004882813
387.078181409254	3168.10009765625
389.884532107358	3202.80004882813
392.689933001188	3205.80004882813
395.494384723112	3180.30004882813
398.29788790445	3239.39990234375
401.100443175488	3209.60009765625
403.902051165437	3222.60009765625
406.702712502518	3175.69995117188
409.502427813866	3175.80004882813
412.301197725607	3238.5
415.099022862823	3164.80004882813
417.89590384957	3228.69995117188
420.691841308876	3194.89990234375
423.486835862752	3202.69995117188
426.280888132173	3219.5
429.073998737112	3259.89990234375
431.866168296507	3208.69995117188
434.657397428298	3213.89990234375
437.447686749412	3220.10009765625
440.237036875762	3236.10009765625
443.025448422257	3231.39990234375
445.812922002813	3261.10009765625
448.599458230326	3249.80004882813
451.38505771672	3251.10009765625
454.169721072909	3228.30004882813
456.953448908819	3248
459.736241833384	3239.89990234375
462.518100454555	3245.30004882813
465.2990253793	3261.60009765625
468.079017213605	3260.10009765625
470.858076562476	3289.19995117188
473.636204029939	3280.89990234375
476.41340021906	3293.19995117188
479.189665731938	3268.69995117188
481.965001169667	3222.60009765625
484.739407132419	3286.10009765625
487.512884219391	3287.69995117188
490.285433028796	3253.30004882813
493.057054157921	3277
495.827748203087	3294.5
498.597515759658	3312.5
501.366357422061	3302.69995117188
504.134273783759	3303.5
506.901265437278	3263.10009765625
509.66733297421	3311.5
512.432476985198	3311.5
515.196698059945	3330.60009765625
517.959996787225	3289.60009765625
520.722373754895	3319
523.483829549856	3330.10009765625
526.24436475811	3308
529.003979964696	3318.30004882813
531.762675753779	3295.5
534.520452708569	3301.30004882813
537.277311411375	3293
540.03325244359	3306.5
542.788276385682	3276.80004882813
545.54238381725	3304.39990234375
548.295575316938	3358.10009765625
551.047851462516	3312
553.799212830831	3286.19995117188
556.549659997851	3281.89990234375
559.299193538643	3300.30004882813
562.047814027381	3304.60009765625
564.795522037318	3273.89990234375
567.542318140861	3319
570.288202909507	3286.30004882813
573.033176913873	3291
575.7772407237	3276
578.520394907829	3287.60009765625
581.26264003424	3315.10009765625
584.003976670046	3307.89990234375
586.744405381469	3285.10009765625
589.483926733869	3339.60009765625
592.222541291746	3329.60009765625
594.96024961872	3362.89990234375
597.697052277563	3373.39990234375
600.432949830166	3373.10009765625
603.167942837587	3363.19995117188
605.902031860012	3381.80004882813
608.635217456783	3364.19995117188
611.367500186378	3399
614.098880606429	3404.19995117188
616.82935927374	3366.39990234375
619.558936744248	3408.69995117188
622.287613573072	3390.39990234375
625.015390314457	3398.69995117188
627.742267521848	3400.19995117188
630.468245747829	3393.69995117188
633.193325544166	3372.30004882813
635.917507461792	3395.89990234375
638.640792050804	3362.30004882813
641.36317986048	3365.30004882813
644.084671439281	3394
646.805267334845	3400.30004882813
649.524968093967	3366.89990234375
652.24377426266	3359.80004882813
654.961686386106	3376.30004882813
657.678705008678	3379.10009765625
660.394830673939	3394.80004882813
663.110063924628	3384.69995117188
665.824405302728	3404
668.537855349351	3403.30004882813
671.250414604863	3400.80004882813
673.962083608812	3439.30004882813
676.672862899949	3444.69995117188
679.382753016218	3458.19995117188
682.091754494801	3413.69995117188
684.799867872061	3430
687.507093683595	3470.69995117188
690.213432464198	3493
692.918884747899	3431.69995117188
695.623451067937	3484.39990234375
698.327131956755	3455.19995117188
701.029927946065	3498.89990234375
703.731839566754	3463.80004882813
706.43286734896	3466.19995117188
709.133011822067	3494.80004882813
711.832273514658	3456.10009765625
714.53065295457	3466.30004882813
717.228150668879	3482
719.924767183889	3517.10009765625
722.620503025148	3498.10009765625
725.315358717446	3500.30004882813
728.009334784827	3505.39990234375
730.702431750559	3504.69995117188
733.394650137188	3485.5
736.085990466498	3478.10009765625
738.776453259519	3484.69995117188
741.466039036542	3464.10009765625
744.154748317125	3473.69995117188
746.842581620074	3479
749.529539463458	3480
752.215622364608	3462.5
754.900830840131	3466.80004882813
757.585165405892	3464.5
760.26862657703	3484
762.951214867957	3501.69995117188
765.632930792356	3523.80004882813
768.313774863181	3511.89990234375
770.993747592673	3508.69995117188
773.672849492359	3496.80004882813
776.351081073017	3534
779.028442844757	3499.69995117188
781.704935316928	3546.19995117188
784.380558998208	3517.19995117188
787.055314396528	3521.30004882813
789.729202019141	3524.69995117188
792.402222372581	3550.89990234375
795.074375962669	3567.39990234375
797.745663294537	3546.80004882813
800.416084872622	3569.89990234375
803.085641200652	3564.39990234375
805.754332781664	3608.80004882813
808.422160117986	3578.30004882813
811.089123711292	3541.80004882813
813.75522406252	3603.39990234375
816.420461671951	3587.69995117188
819.084837039164	3613.60009765625
821.748350663067	3621.60009765625
824.411003041866	3621.19995117188
827.072794673116	3617.30004882813
829.733726053668	3646.30004882813
832.39379767971	3631.89990234375
835.05301004674	3665.10009765625
837.711363649601	3675.5
840.368858982457	3707.39990234375
843.025496538805	3707.30004882813
845.681276811467	3664.39990234375
848.336200292618	3717.19995117188
850.99026747375	3728.89990234375
853.643478845713	3748.5
856.29583489868	3721.69995117188
858.947336122176	3727
861.59798300506	3709.10009765625
864.247776035556	3781
866.896715701222	3804.5
869.544802488959	3797.30004882813
872.192036885046	3784.80004882813
874.838419375087	3817.19995117188
877.483950444054	3819.69995117188
880.128630576285	3790.10009765625
882.772460255461	3794
885.415439964628	3794.39990234375
888.057570186211	3809.69995117188
890.698851401966	3809
893.339284093045	3799
895.978868739961	3773.69995117188
898.617605822596	3780.19995117188
901.255495820196	3772.30004882813
903.892539211396	3715.69995117188
906.528736474184	3772.30004882813
909.164088085949	3759.19995117188
911.798594523442	3758.10009765625
914.432256262804	3739.5
917.065073779549	3761.39990234375
919.697047548589	3774.80004882813
922.328178044212	3806.69995117188
924.9584657401	3787.89990234375
927.587911109317	3843.5
930.216514624317	3821.39990234375
932.844276756963	3831.69995117188
935.471197978488	3865.80004882813
938.097278759538	3845.60009765625
940.722519570163	3903.30004882813
943.346920879798	3961.60009765625
945.97048315729	3949.30004882813
948.593206870885	4064.19995117188
951.215092488219	4078
953.836140476366	4124.5
956.456351301787	4151.39990234375
959.07572543037	4212.2001953125
961.694263327369	4226.10009765625
964.311965457521	4280.89990234375
966.928832284933	4249.60009765625
969.544864273135	4232
972.160061885076	4225.5
974.774425583129	4144.5
977.387955829099	4142.89990234375
980.000653084196	4080.89990234375
982.612517809061	4084
985.223550463768	4118.89990234375
987.833751507819	4139.89990234375
990.443121400135	4186.2001953125
993.051660599081	4234.39990234375
995.659369562449	4301
998.266248747469	4470.39990234375
1000.87229861081	4639.7998046875
1003.47751960857	4896.5
1006.0819121963	5014.7998046875
1008.68547682897	5022.89990234375
1011.28821396104	4840.89990234375
1013.89012404635	4716.60009765625
1016.49120753824	4540.7001953125
1019.09146488947	4468.89990234375
1021.69089655226	4304.7998046875
1024.28950297827	4285.7001953125
1026.88728461863	4220.5
1029.48424192392	4253.10009765625
1032.08037534416	4206
1034.67568532886	4161.89990234375
1037.27017232694	4188.2001953125
1039.86383678682	4136.7998046875
1042.45667915637	4145.10009765625
1045.04869988293	4205.10009765625
1047.6398994133	4186.60009765625
1050.23027819374	4201.5
1052.81983666998	4152.2998046875
1055.40857528724	4165.89990234375
1057.99649449018	4155.89990234375
1060.58359472296	4178.10009765625
1063.1698764292	4165.5
1065.755340052	4212.2998046875
1068.33998603393	4225.7998046875
1070.92381481706	4226.7001953125
1073.50682684291	4244.7001953125
1076.08902255251	4223.10009765625
1078.67040238637	4211.2001953125
1081.25096678445	4263.39990234375
1083.83071618624	4201.2001953125
1086.4096510307	4203.2998046875
1088.98777175629	4203.7998046875
1091.56507880094	4266.7001953125
1094.14157260208	4250.89990234375
1096.71725359664	4254.10009765625
1099.29212222106	4247
1101.86617891125	4264.7998046875
1104.43942410262	4251.10009765625
1107.01185823011	4244.2998046875
1109.58348172812	4330.89990234375
1112.15429503057	4316.5
1114.7242985709	4329.7998046875
1117.29349278203	4368.7001953125
1119.86187809642	4351.5
1122.42945494599	4407.60009765625
1124.99622376222	4498
1127.56218497606	4583
1130.12733901801	4645.2001953125
1132.69168631804	4716.89990234375
1135.25522730568	4766.7001953125
1137.81796240995	4897.7001953125
1140.37989205941	4972.39990234375
1142.9410166821	5178.2001953125
1145.50133670561	5402.5
1148.06085255708	5752.5
1150.61956466311	6405.60009765625
1153.17747344987	7093.89990234375
1155.73457934305	7669.89990234375
1158.29088276786	7990
1160.84638414903	7715.5
1163.40108391085	6989.7998046875
1165.95498247711	6266.7001953125
1168.50808027116	5693.7998046875
1171.06037771587	5219.5
1173.61187523364	5027
1176.16257324643	4946
1178.71247217573	4899.2998046875
1181.26157244255	4831.5
1183.80987446746	4808.7001953125
1186.35737867059	4858.39990234375
1188.90408547157	5066.7998046875
1191.44999528961	5125.2998046875
1193.99510854347	5168.10009765625
1196.53942565142	5127.60009765625
1199.08294703133	5056.60009765625
1201.62567310057	4930.60009765625
1204.16760427611	4843.39990234375
1206.70874097445	4713
1209.24908361163	4635.60009765625
1211.78863260327	4668
1214.32738836454	4631.7001953125
1216.86535131017	4604.39990234375
1219.40252185445	4553.5
1221.93890041121	4525.39990234375
1224.47448739389	4449.2998046875
1227.00928321544	4485.10009765625
1229.54328828842	4466.60009765625
1232.07650302491	4443.89990234375
1234.60892783662	4463.7001953125
1237.14056313477	4490.7998046875
1239.67140933017	4520.7998046875
1242.2014668332	4549.89990234375
1244.73073605384	4541.10009765625
1247.25921740159	4580.39990234375
1249.78691128558	4602.5
1252.31381811448	4621.39990234375
1254.83993829655	4704.2998046875
1257.36527223962	4717
1259.88982035112	4792.39990234375
1262.41358303803	4843.10009765625
1264.93656070696	4843.89990234375
1267.45875376405	4952.7998046875
1269.98016261505	4941
1272.50078766531	5008.7998046875
1275.02062931974	5125.7998046875
1277.53968798285	5042.2001953125
1280.05796405875	4962.2001953125
1282.57545795112	4870.7001953125
1285.09217006325	4889.89990234375
1287.60810079802	4793.60009765625
1290.12325055788	4835.2001953125
1292.63761974492	4820.7998046875
1295.15120876079	4800.10009765625
1297.66401800676	4853.2001953125
1300.17604788367	4782.89990234375
1302.687298792	4818.2998046875
1305.19777113181	4866.60009765625
1307.70746530274	4832.7001953125
1310.21638170408	4817.39990234375
1312.7245207347	4846.2998046875
1315.23188279307	4751.60009765625
1317.73846827728	4780.89990234375
1320.24427758502	4727.7001953125
1322.74931111359	4767.7998046875
1325.25356925991	4760.2998046875
1327.75705242051	4660.2001953125
1330.25976099151	4700
1332.76169536868	4722.2001953125
1335.26285594737	4704.39990234375
1337.76324312256	4666.89990234375
1340.26285728887	4642.5
1342.76169884052	4675.60009765625
1345.25976817132	4646.2001953125
1347.75706567474	4633.10009765625
1350.25359174387	4679.10009765625
1352.74934677141	4690.10009765625
1355.24433114968	4692.39990234375
1357.73854527062	4704.89990234375
1360.23198952583	4670.2001953125
1362.7246643065	4663.7998046875
1365.21657000347	4663.60009765625
1367.7077070072	4638.7998046875
1370.19807570777	4710.7998046875
1372.68767649492	4696.7998046875
1375.176509758	4720.7998046875
1377.66457588599	4720.2998046875
1380.15187526753	4664.5
1382.63840829087	4706.89990234375
1385.1241753439	4770.7001953125
1387.60917681417	4772.2998046875
1390.09341308884	4746
1392.57688455474	4817.7001953125
1395.05959159829	4794.7001953125
1397.54153460562	4785.89990234375
1400.02271396243	4823.39990234375
1402.50313005414	4788.7998046875
1404.98278326576	4848.89990234375
1407.46167398196	4786.2001953125
1409.93980258707	4747.5
1412.41716946504	4852.7998046875
1414.89377499951	4839
1417.36961957373	4827.7998046875
1419.84470357062	4837.7001953125
1422.31902737275	4901.10009765625
1424.79259136235	4877.39990234375
1427.26539592129	4911
1429.73744143111	5007.60009765625
1432.20872827299	5028.7998046875
1434.67925682777	5118.7001953125
1437.14902747597	5215.60009765625
1439.61804059773	5264.10009765625
1442.0862965729	5281.7998046875
1444.55379578093	5333.89990234375
1447.02053860099	5344.89990234375
1449.48652541188	5308
1451.95175659206	5269.5
1454.41623251969	5323
1456.87995357255	5302.39990234375
1459.34292012811	5258.2998046875
1461.80513256351	5234
1464.26659125557	5162.2998046875
1466.72729658073	5162.7998046875
1469.18724891517	5115.2001953125
1471.64644863469	5219.60009765625
1474.10489611478	5190
1476.5625917306	5207.89990234375
1479.01953585699	5201.10009765625
1481.47572886844	5192.2998046875
1483.93117113917	5217.10009765625
1486.38586304302	5277.7998046875
1488.83980495354	5342.7998046875
1491.29299724395	5436.7998046875
1493.74544028715	5485.2998046875
1496.19713445573	5645
1498.64808012193	5850.2001953125
1501.09827765772	6019.60009765625
1503.54772743471	6369.7001953125
1505.99642982421	6817.7001953125
1508.44438519723	7422.7001953125
1510.89159392446	8013.2001953125
1513.33805637625	8794.7001953125
1515.78377292266	9323.7998046875
1518.22874393346	9667.2001953125
1520.67296977806	9731.099609375
1523.11645082559	9214.599609375
1525.55918744488	8595.7998046875
1528.00118000444	7865.2998046875
1530.44242887245	7116.7001953125
1532.88293441684	6471
1535.32269700517	6042.5
1537.76171700475	5734.7001953125
1540.19999478255	5515.60009765625
1542.63753070526	5405.39990234375
1545.07432513925	5304.7001953125
1547.5103784506	5257
1549.94569100509	5191.89990234375
1552.38026316819	5187.89990234375
1554.8140953051	5155.2001953125
1557.24718778067	5141.5
1559.67954095952	5119.7001953125
1562.11115520592	5083.2998046875
1564.54203088386	5121.2998046875
1566.97216835704	5099.2998046875
1569.40156798888	5134.5
1571.83023014248	5147.7998046875
1574.25815518067	5125
1576.68534346597	5142.7998046875
1579.11179536062	5123.60009765625
1581.53751122658	5082.2001953125
1583.9624914255	5117.10009765625
1586.38673631876	5073.7998046875
1588.81024626745	5139.10009765625
1591.23302163235	5077.7998046875
1593.655062774	5152
1596.07637005262	5153.7998046875
1598.49694382815	5078.5
1600.91678446025	5104.60009765625
1603.33589230831	5063.10009765625
1605.75426773142	5055.89990234375
1608.1719110884	5040.2001953125
1610.58882273779	4992.60009765625
1613.00500303784	5026.10009765625
1615.42045234654	5061.89990234375
1617.83517102158	5023.10009765625
1620.24915942039	5045.7998046875
1622.66241790012	5073.5
1625.07494681764	5026
1627.48674652954	5080.2001953125
1629.89781739216	5111.10009765625
1632.30815976152	5041
1634.71777399343	5059.10009765625
1637.12666044338	5067.2001953125
1639.53481946661	5041.7998046875
1641.94225141808	5121.10009765625
1644.34895665248	5121.39990234375
1646.75493552424	5191.60009765625
1649.16018838752	5228.39990234375
1651.56471559621	5299.10009765625
1653.96851750392	5382.5
1656.37159446403	5439.7998046875
1658.7739468296	5423.60009765625
1661.17557495349	5444.89990234375
1663.57647918824	5364.89990234375
1665.97665988617	5298.39990234375
1668.37611739929	5197.2001953125
1670.77485207939	5147.7001953125
1673.17286427799	5119
1675.57015434633	5086.39990234375
1677.96672263542	5046.10009765625
1680.36256949598	5021.2998046875
1682.7576952785	5032.7998046875
1685.15210033318	5007.60009765625
1687.54578501	5048.60009765625
1689.93874965866	5015.2998046875
1692.33099462861	4975.5
1694.72252026904	5000.2998046875
1697.11332692889	5010.10009765625
1699.50341495686	5002
1701.89278470137	5040.2001953125
1704.28143651061	4979.39990234375
1706.66937073251	5004
1709.05658771473	4974.2998046875
1711.44308780473	4964.10009765625
1713.82887134968	4974.7998046875
1716.21393869648	4967
1718.59829019185	4988.2001953125
1720.98192618221	4964
1723.36484701374	4955
1725.74705303238	4942.89990234375
1728.12854458384	4971
1730.50932201356	4959.60009765625
1732.88938566673	5008.7001953125
1735.26873588834	4966.5
1737.64737302307	4951.60009765625
1740.02529741544	5024.10009765625
1742.40250940964	4999.2001953125
1744.77900934969	5005
1747.15479757933	5014.89990234375
1749.52987444206	5030.2998046875
1751.90424028116	5012.10009765625
1754.27789543967	4922.7998046875
1756.65084026037	5008.5
1759.02307508582	4964.10009765625
1761.39460025833	4980.5
1763.76541612	4972.60009765625
1766.13552301265	4944.2998046875
1768.50492127791	4977.10009765625
1770.87361125714	4998.60009765625
1773.2415932915	4958.2998046875
1775.60886772188	4941.2998046875
1777.97543488896	4990.60009765625
1780.34129513318	4949.7998046875
1782.70644879475	4968.10009765625
1785.07089621365	4956.5
1787.43463772964	4947.7001953125
1789.7976736822	4942.7001953125
1792.16000441066	4962
1794.52163025405	4925.39990234375
1796.88255155121	4926.89990234375
1799.24276864074	4969.39990234375
1801.60228186102	4955.2001953125
1803.96109155019	4939.7001953125
1806.31919804618	4980.89990234375
1808.67660168668	4945.7001953125
1811.03330280916	5006
1813.38930175088	4965.10009765625
1815.74459884884	5005.7001953125
1818.09919443984	5001.60009765625
1820.45308886047	4921.60009765625
1822.80628244708	4946.7998046875
1825.1587755358	4958
1827.51056846254	4980.89990234375
1829.86166156297	4938.60009765625
1832.21205517258	4958.2998046875
1834.56174962661	5001.39990234375
1836.91074526009	4944.39990234375
1839.25904240783	4938.89990234375
1841.60664140443	4966.39990234375
1843.95354258425	4968.60009765625
1846.29974628146	4951.2001953125
1848.64525282998	4929.89990234375
1850.99006256356	4887.5
1853.3341758157	4882.7001953125
1855.67759291968	4890.60009765625
1858.02031420858	4972.2998046875
1860.36234001528	4944.2001953125
1862.70367067241	4924.7998046875
1865.04430651244	4945.2998046875
1867.38424786755	4920.2001953125
1869.72349506978	4962.7001953125
1872.06204845094	4938.5
1874.39990834258	4884.39990234375
1876.73707507612	4941.5
1879.07354898269	4911.60009765625
1881.40933039328	4996.10009765625
1883.74441963861	4954.7001953125
1886.07881704925	4961.7998046875
1888.41252295551	4908
1890.74553768751	4948.5
1893.07786157519	4918.89990234375
1895.40949494822	4951.60009765625
1897.74043813615	4866.7001953125
1900.07069146823	4888.2001953125
1902.40025527357	4876
1904.72912988106	4937.2001953125
1907.05731561938	4860.39990234375
1909.38481281699	4866.7001953125
1911.71162180217	4914.5
1914.037742903	4909.60009765625
1916.36317644734	4915.89990234375
1918.68792276284	4869.2998046875
1921.01198217697	4846.89990234375
1923.33535501699	4918
1925.65804160996	4872.2001953125
1927.98004228273	4867.2998046875
1930.30135736196	4844.5
1932.6219871741	4899.10009765625
1934.94193204543	4880.7001953125
1937.26119230198	4932.39990234375
1939.57976826962	4860.5
1941.89766027402	4823.2001953125
1944.21486864062	4932.5
1946.53139369472	4868
1948.84723576137	4891.2998046875
1951.16239516543	4925.5
1953.47687223159	4874.5
1955.79066728434	4874.2001953125
1958.10378064794	4915.7998046875
1960.4162126465	4877.7001953125
1962.7279636039	4908.89990234375
1965.03903384385	4845.89990234375
1967.34942368987	4880.60009765625
1969.65913346524	4874.7998046875
1971.96816349311	4869.2998046875
1974.2765140964	4841.10009765625
1976.58418559784	4903
1978.89117831997	4889.5
1981.19749258516	4849.89990234375
1983.50312871555	4857.60009765625
1985.80808703313	4921
1988.11236785967	4897.7998046875
1990.41597151676	4885
1992.71889832581	4830.5
1995.02114860801	4947.2001953125
1997.3227226844	4911
1999.62362087581	4897.39990234375
2001.92384350288	4924.60009765625
2004.22339088608	4939.2998046875
2006.52226334567	4930.89990234375
2008.82046120173	4913.2001953125
2011.11798477417	4921.2001953125
2013.41483438269	4980.7001953125
2015.71101034681	4891.39990234375
2018.00651298588	4917
2020.30134261905	4896.2998046875
2022.59549956528	4924.60009765625
2024.88898414337	4911.7998046875
2027.1817966719	4889.5
2029.4739374693	4904.89990234375
2031.76540685379	4856
2034.05620514342	4883.7001953125
2036.34633265607	4884.10009765625
2038.6357897094	4858.2998046875
2040.92457662092	4842.7998046875
2043.21269370795	4824.39990234375
2045.50014128763	4823
2047.78691967691	4870.39990234375
2050.07302919256	4803.5
2052.35847015118	4827
2054.64324286919	4839.7998046875
2056.9273476628	4793.89990234375
2059.21078484808	4801.60009765625
2061.4935547409	4778
2063.77565765696	4774.7001953125
2066.05709391176	4793.5
2068.33786382065	4758.2998046875
2070.61796769879	4782.10009765625
2072.89740586116	4797.39990234375
2075.17617862255	4770.60009765625
2077.45428629759	4788.7001953125
2079.73172920075	4742.10009765625
2082.00850764627	4814.10009765625
2084.28462194827	4798.10009765625
2086.56007242065	4771.60009765625
2088.83485937717	4777.5
2091.10898313139	4796.60009765625
2093.3824439967	4792.89990234375
2095.65524228632	4818.10009765625
2097.92737831328	4828.2998046875
2100.19885239047	4799.7001953125
2102.46966483057	4812.7001953125
2104.7398159461	4821.7001953125
2107.00930604941	4860.89990234375
2109.27813545267	4852.2998046875
2111.54630446787	4902
2113.81381340685	4852.10009765625
2116.08066258126	4892.60009765625
2118.34685230257	4919.7001953125
2120.61238288211	4960
2122.87725463099	4934.2001953125
2125.1414678602	4939.89990234375
2127.40502288052	4921.60009765625
2129.66792000257	4933.10009765625
2131.93015953682	4887.2998046875
2134.19174179353	4891.89990234375
2136.45266708282	4911.89990234375
2138.71293571463	4911.10009765625
2140.97254799873	4901.60009765625
2143.23150424473	4918.39990234375
2145.48980476205	4931.10009765625
2147.74744985996	4938.89990234375
2150.00443984754	4930.7998046875
2152.26077503373	4959.5
2154.51645572728	4972.2001953125
2156.77148223677	4978.2001953125
2159.02585487064	5028.2001953125
2161.27957393713	4998.89990234375
2163.53263974432	5047.7998046875
2165.78505260012	4996.39990234375
2168.0368128123	4974.60009765625
2170.28792068844	4961.89990234375
2172.53837653595	4927.60009765625
2174.78818066207	4901.7001953125
2177.03733337389	4892.39990234375
2179.28583497833	4877.7001953125
2181.53368578214	4808.10009765625
2183.78088609192	4849.10009765625
2186.02743621406	4860.7001953125
2188.27333645484	4798.5
2190.51858712033	4780.5
2192.76318851646	4753.10009765625
2195.00714094901	4770.2998046875
2197.25044472354	4764.89990234375
2199.49310014551	4740.5
2201.73510752018	4786.5
2203.97646715265	4730.7001953125
2206.21717934786	4742.39990234375
2208.45724441058	4758.7001953125
2210.69666264543	4750.89990234375
2212.93543435686	4741.89990234375
2215.17355984914	4729
2217.41103942642	4731.2001953125
2219.64787339264	4647.7001953125
2221.8840620516	4685.2998046875
2224.11960570695	4675.7998046875
2226.35450466215	4680.2001953125
2228.58875922051	4675.89990234375
2230.82236968518	4765.60009765625
2233.05533635916	4672.39990234375
2235.28765954527	4675.2998046875
2237.51933954617	4711.2001953125
2239.75037666437	4690.89990234375
2241.98077120221	4673.89990234375
2244.21052346188	4681.10009765625
2246.4396337454	4698.7998046875
2248.66810235461	4715.10009765625
2250.89592959125	4725
2253.12311575681	4708.5
2255.34966115272	4706
2257.57556608017	4687.7001953125
2259.80083084023	4695.60009765625
2262.02545573381	4752.7001953125
2264.24944106163	4641.7998046875
2266.47278712429	4642.39990234375
2268.69549422221	4707
2270.91756265564	4692.89990234375
2273.1389927247	4738
2275.35978472934	4722.5
2277.57993896933	4681.60009765625
2279.79945574431	4753.5
2282.01833535375	4740.5
2284.23657809696	4763.7001953125
2286.45418427309	4763.39990234375
2288.67115418114	4741.10009765625
2290.88748811995	4770.7998046875
2293.10318638819	4848.5
2295.3182492844	4794.89990234375
2297.53267710693	4848.7001953125
2299.746470154	4842.89990234375
2301.95962872364	4890.2001953125
2304.17215311376	4888.39990234375
2306.3840436221	4945.10009765625
2308.59530054621	4941.39990234375
2310.80592418354	4953.5
2313.01591483134	4940.60009765625
2315.22527278673	4936.2001953125
2317.43399834666	4918.2998046875
2319.64209180791	4892.60009765625
2321.84955346713	4856.2001953125
2324.05638362079	4802
2326.26258256524	4821.5
2328.46815059664	4761.60009765625
2330.67308801098	4671.60009765625
2332.87739510415	4759
2335.08107217184	4769.7998046875
2337.2841195096	4661.10009765625
2339.48653741281	4740.39990234375
2341.68832617672	4768.89990234375
2343.8894860964	4730.5
2346.09001746678	4774.7001953125
2348.28992058261	4743.10009765625
2350.48919573852	4679.60009765625
2352.68784322898	4712.7998046875
2354.88586334826	4704
2357.08325639055	4659.60009765625
2359.2800226498	4683.7998046875
2361.47616241988	4686.60009765625
2363.67167599445	4632.7998046875
2365.86656366706	4634.39990234375
2368.06082573107	4612.10009765625
2370.2544624797	4598.2998046875
2372.44747420603	4630.7998046875
2374.63986120295	4580
2376.83162376322	4629.39990234375
2379.02276217945	4579.60009765625
2381.21327674408	4609.60009765625
2383.4031677494	4542.2998046875
2385.59243548756	4582.89990234375
2387.78108025053	4539.89990234375
2389.96910233014	4551
2392.15650201809	4551.5
2394.34327960587	4525.60009765625
2396.52943538486	4525.2998046875
2398.71496964628	4558.10009765625
2400.89988268118	4533.5
2403.08417478048	4530.2998046875
2405.26784623491	4570.10009765625
2407.45089733509	4549.7998046875
2409.63332837146	4535.2998046875
2411.81513963429	4515.2001953125
2413.99633141375	4529.60009765625
2416.1769039998	4496.2998046875
2418.35685768227	4516.7998046875
2420.53619275084	4549.5
2422.71490949505	4498.5
2424.89300820425	4530.10009765625
2427.07048916765	4504
2429.24735267433	4524.10009765625
2431.42359901319	4510.60009765625
2433.59922847297	4491.10009765625
2435.7742413423	4523.2998046875
2437.94863790961	4516.7998046875
2440.12241846321	4516.60009765625
2442.29558329121	4501.39990234375
2444.46813268162	4511.7998046875
2446.64006692228	4524.7001953125
2448.81138630086	4491.2998046875
2450.98209110489	4489.60009765625
2453.15218162174	4496
2455.32165813864	4445.39990234375
2457.49052094265	4515.10009765625
2459.65877032069	4530.89990234375
2461.8264065595	4537.39990234375
2463.99342994572	4552.10009765625
2466.15984076579	4529
2468.325639306	4533.2998046875
2470.49082585251	4569.60009765625
2472.65540069131	4607
2474.81936410824	4591.2998046875
2476.98271638899	4583.7001953125
2479.14545781909	4592.60009765625
2481.30758868392	4565.10009765625
2483.4691092687	4595
2485.63001985852	4583.2001953125
2487.79032073829	4536.7001953125
2489.95001219277	4524.7998046875
2492.10909450659	4554.10009765625
2494.26756796419	4614.60009765625
2496.42543284989	4512.2998046875
2498.58268944783	4544
2500.73933804202	4556.60009765625
2502.8953789163	4543.7998046875
2505.05081235436	4571.89990234375
2507.20563863974	4560.2998046875
2509.35985805582	4568.60009765625
2511.51347088583	4579.5
2513.66647741285	4600.7998046875
2515.81887791981	4617.60009765625
2517.97067268946	4658
2520.12186200443	4637.10009765625
2522.27244614716	4624.7001953125
2524.42242539999	4578.7001953125
2526.57180004504	4578
2528.72057036433	4536
2530.8687366397	4525.2998046875
2533.01629915284	4485.2001953125
2535.16325818527	4485.5
2537.30961401839	4482.7998046875
2539.45536693343	4433.60009765625
2541.60051721145	4440
2543.74506513338	4386.5
2545.88901097997	4387.60009765625
2548.03235503185	4359.5
2550.17509756946	4364.10009765625
2552.31723887311	4354.2998046875
2554.45877922293	4331.10009765625
2556.59971889893	4345.7998046875
2558.74005818094	4367.7998046875
2560.87979734864	4320.5
2563.01893668155	4342.2001953125
2565.15747645906	4298.2001953125
2567.29541696037	4349.2001953125
2569.43275846454	4326.7998046875
2571.56950125049	4301.60009765625
2573.70564559696	4279.2001953125
2575.84119178254	4271.60009765625
2577.97614008569	4306.2998046875
2580.11049078468	4286.7001953125
2582.24424415764	4303.5
2584.37740048255	4327.2998046875
2586.50996003722	4337.2998046875
2588.64192309931	4305.10009765625
2590.77328994634	4317.7001953125
2592.90406085564	4323.10009765625
2595.03423610442	4338.10009765625
2597.16381596971	4357.2001953125
2599.29280072839	4307.60009765625
2601.42119065719	4366.5
2603.54898603267	4359.5
2605.67618713125	4370.60009765625
2607.80279422919	4388.7998046875
2609.92880760257	4371.10009765625
2612.05422752735	4357.10009765625
2614.17905427932	4333.89990234375
2616.30328813408	4330.7001953125
2618.42692936713	4357.89990234375
2620.54997825377	4362.2998046875
2622.67243506915	4401.89990234375
2624.79430008828	4400.10009765625
2626.915573586	4373.89990234375
2629.03625583699	4381.39990234375
2631.15634711579	4368.7001953125
2633.27584769675	4408.60009765625
2635.39475785408	4399.2998046875
2637.51307786185	4465.7001953125
2639.63080799394	4434.60009765625
2641.74794852409	4477.89990234375
2643.86449972589	4553.89990234375
2645.98046187273	4522.89990234375
2648.0958352379	4570.2998046875
2650.21062009449	4626.2998046875
2652.32481671544	4688.39990234375
2654.43842537353	4642.60009765625
2656.5514463414	4739.7001953125
2658.66387989151	4756.7998046875
2660.77572629616	4837.7998046875
2662.88698582751	4831.5
2664.99765875753	4864.89990234375
2667.10774535806	4886.7998046875
2669.21724590076	4904.89990234375
2671.32616065714	4847.60009765625
2673.43448989857	4846.7998046875
2675.5422338962	4813.10009765625
2677.64939292108	4787
2679.75596724408	4713.5
2681.86195713589	4664.10009765625
2683.96736286707	4576.89990234375
2686.07218470799	4541
2688.17642292889	4443.89990234375
2690.28007779982	4419.60009765625
2692.38314959069	4375.5
2694.48563857123	4346.5
2696.58754501103	4340.2001953125
2698.6888691795	4374.10009765625
2700.78961134588	4313.89990234375
2702.8897717793	4342.2001953125
2704.98935074864	4310.2001953125
2707.08834852271	4378.10009765625
2709.18676537009	4327
2711.28460155925	4307.39990234375
2713.38185735843	4285.2998046875
2715.47853303577	4308.89990234375
2717.57462885924	4319.2001953125
2719.67014509659	4310.7001953125
2721.76508201548	4253.10009765625
2723.85943988337	4247.7001953125
2725.95321896754	4245.5
2728.04641953515	4263.60009765625
2730.13904185316	4296.5
2732.23108618837	4189.2001953125
2734.32255280744	4223.2001953125
2736.41344197683	4196.10009765625
2738.50375396288	4155.39990234375
2740.5934890317	4143.60009765625
2742.68264744932	4094.19995117188
2744.77122948153	4158.89990234375
2746.85923539398	4107.7001953125
2748.94666545217	4083.10009765625
2751.03351992142	4071.10009765625
2753.11979906688	4123.10009765625
2755.20550315355	4061.69995117188
2757.29063244624	4137.7998046875
2759.37518720963	4072.80004882813
2761.45916770819	4072.30004882813
2763.54257420625	4061
2765.62540696797	4042.30004882813
2767.70766625733	4092.30004882813
2769.78935233816	4052.30004882813
2771.87046547413	4054.30004882813
2773.95100592869	4036.19995117188
2776.03097396519	4083.60009765625
2778.11036984677	4080.5
2780.18919383641	4090.69995117188
2782.26744619693	4025.80004882813
2784.34512719097	4055.30004882813
2786.42223708102	4079.19995117188
2788.49877612937	4089.69995117188
2790.57474459816	4090.80004882813
2792.65014274937	4089.19995117188
2794.7249708448	4053.89990234375
2796.79922914607	4065.30004882813
2798.87291791465	4067.69995117188
2800.94603741181	4072
2803.01858789869	4075.39990234375
2805.09056963623	4045.10009765625
2807.1619828852	4061.69995117188
2809.23282790621	4024.69995117188
2811.30310495971	4049.69995117188
2813.37281430593	4039.39990234375
2815.441956205	4009.5
2817.51053091682	4040.5
2819.57853870114	4097.7998046875
2821.64597981753	4068.60009765625
2823.7128545254	4053.5
2825.77916308399	4076.10009765625
2827.84490575233	4093.30004882813
2829.91008278933	4143.2001953125
2831.97469445369	4157.7998046875
2834.03874100395	4206.2001953125
2836.10222269847	4183.5
2838.16513979544	4259.7998046875
2840.22749255288	4382.5
2842.28928122863	4455.89990234375
2844.35050608034	4641.39990234375
2846.41116736553	4821.10009765625
2848.47126534149	5026.7001953125
2850.53080026537	5123.2998046875
2852.58977239414	5136.7001953125
2854.64818198459	5176.39990234375
2856.70602929332	5085
2858.76331457678	4988.60009765625
2860.82003809123	4962.2001953125
2862.87620009274	4928.7998046875
2864.93180083723	4917.60009765625
2866.98684058043	4925.7998046875
2869.04131957789	4934.7998046875
2871.09523808497	4918.10009765625
2873.14859635689	4932.5
2875.20139464866	4964.2001953125
2877.2536332151	4963
2879.30531231091	4985.2998046875
2881.35643219054	4989.5
2883.40699310831	5012.39990234375
2885.45699531834	5054.7998046875
2887.50643907457	5093.2998046875
2889.55532463077	5116.7001953125
2891.60365224053	5157
2893.65142215724	5172.7998046875
2895.69863463414	5166.39990234375
2897.74528992426	5174.2998046875
2899.79138828046	5174.2998046875
2901.83692995544	5153.2998046875
2903.88191520168	5213.60009765625
2905.92634427151	5154.7998046875
2907.97021741706	5153.2998046875
2910.01353489027	5100.7998046875
2912.05629694294	5105
2914.09850382663	5082
2916.14015579276	5145.7001953125
2918.18125309254	5098.89990234375
2920.22179597702	5118.2998046875
2922.26178469705	5149.2001953125
2924.30121950329	5122.2001953125
2926.34010064624	5131.7001953125
2928.37842837619	5155.60009765625
2930.41620294326	5117.7001953125
2932.45342459737	5099.89990234375
2934.49009358828	5083
2936.52621016555	5083.60009765625
2938.56177457854	5060.89990234375
2940.59678707645	4940.60009765625
2942.63124790827	4882.10009765625
2944.66515732282	4777.39990234375
2946.69851556873	4707.39990234375
2948.73132289443	4642.7001953125
2950.76357954817	4604.2001953125
2952.79528577803	4553
2954.82644183188	4487.5
2956.85704795741	4550
2958.8871044021	4488.2001953125
2960.91661141328	4450.5
2962.94556923807	4466.10009765625
2964.97397812339	4403.7001953125
2967.00183831598	4353.5
2969.0291500624	4312.7001953125
2971.05591360902	4312
2973.08212920199	4273.2998046875
2975.1077970873	4173.89990234375
2977.13291751074	4181.7001953125
2979.1574907179	4205.89990234375
2981.18151695419	4148.39990234375
2983.20499646482	4134.2998046875
2985.2279294948	4080.60009765625
2987.25031628898	4035
2989.27215709199	4072.60009765625
2991.29345214825	4092.10009765625
2993.31420170204	4043.69995117188
2995.33440599738	4063.30004882813
2997.35406527816	4075.30004882813
2999.37317978802	4076.60009765625
3001.39174977045	4102.7998046875
3003.40977546872	4105.7001953125
3005.42725712591	4153.60009765625
3007.44419498491	4209.5
3009.4605892884	4219.60009765625
3011.47644027889	4242
3013.49174819865	4291.7998046875
3015.5065132898	4271.60009765625
3017.52073579424	4207.89990234375
3019.53441595366	4214.2001953125
3021.54755400959	4185.2001953125
3023.56015020332	4084
3025.57220477598	4121.39990234375
3027.58371796846	4046.19995117188
3029.5946900215	4091.5
3031.6051211756	4002
3033.61501167107	4004.5
3035.62436174803	3965.80004882813
3037.6331716464	3915.60009765625
3039.64144160588	3896.30004882813
3041.649171866	3864.39990234375
3043.65636266607	3916.10009765625
3045.6630142452	3861.60009765625
3047.66912684229	3858.60009765625
3049.67470069605	3778.69995117188
3051.679736045	3801.5
3053.68423312742	3766.60009765625
3055.68819218143	3807.30004882813
3057.6916134449	3791
3059.69449715556	3728.30004882813
3061.69684355086	3712.69995117188
3063.6986528681	3714.89990234375
3065.69992534437	3671.60009765625
3067.70066121653	3700.10009765625
3069.70086072126	3656.60009765625
3071.700524095	3643.89990234375
3073.69965157405	3663.10009765625
3075.69824339442	3637.60009765625
3077.69629979197	3664.60009765625
3079.69382100235	3690.80004882813
3081.69080726098	3628.19995117188
3083.68725880307	3622.60009765625
3085.68317586366	3578
3087.67855867755	3585
3089.67340747933	3640
3091.6677225034	3607.60009765625
3093.66150398392	3570.89990234375
3095.6547521549	3601
3097.64746725006	3605.69995117188
3099.63964950297	3603.39990234375
3101.63129914698	3602.19995117188
3103.6224164152	3598.69995117188
3105.61300154056	3597.10009765625
3107.60305475576	3591.60009765625
3109.59257629331	3588.39990234375
3111.58156638547	3600.80004882813
3113.57002526432	3564.89990234375
3115.55795316172	3583.69995117188
3117.54535030932	3586
3119.53221693853	3564.10009765625
3121.51855328057	3618.19995117188
3123.50435956646	3568.5
3125.48963602698	3589.89990234375
3127.4743828927	3569.5
3129.45860039397	3589.10009765625
3131.44228876093	3588.19995117188
3133.42544822353	3584
3135.40807901145	3560.19995117188
3137.39018135418	3527.10009765625
3139.37175548102	3539
3141.35280162101	3583.10009765625
3143.33332000299	3521.39990234375
3145.31331085559	3524.39990234375
3147.2927744072	3561.19995117188
3149.27171088602	3520.10009765625
3151.25012052	3561.39990234375
3153.22800353689	3500.10009765625
3155.20536016422	3538.89990234375
3157.18219062929	3538.19995117188
3159.15849515918	3518.39990234375
3161.13427398075	3469.39990234375
3163.10952732066	3497.80004882813
3165.08425540532	3487.30004882813
3167.05845846092	3545.39990234375
3169.03213671344	3486.80004882813
3171.00529038863	3523.80004882813
3172.97791971203	3515.69995117188
3174.95002490893	3522.10009765625
3176.92160620443	3500.5
3178.89266382337	3486.39990234375
3180.8631979904	3507.60009765625
3182.83320892991	3496.19995117188
3184.80269686609	3492
3186.77166202289	3502
3188.74010462406	3478.5
3190.70802489307	3497.80004882813
3192.67542305323	3508.80004882813
3194.64229932757	3517
3196.60865393892	3472.5
3198.57448710987	3491.19995117188
3200.53979906279	3498.60009765625
3202.50459001981	3461
3204.46886020284	3478.89990234375
3206.43260983356	3458.60009765625
3208.39583913341	3477.89990234375
3210.35854832362	3468.89990234375
3212.32073762517	3448.5
3214.28240725881	3493.60009765625
3216.24355744508	3502.30004882813
3218.20418840426	3478.69995117188
3220.16430035642	3501.10009765625
3222.12389352137	3443.89990234375
3224.08296811873	3440.5
3226.04152436784	3480.69995117188
3227.99956248784	3467.19995117188
3229.95708269762	3449.5
3231.91408521584	3459.39990234375
3233.87057026092	3494.89990234375
3235.82653805105	3461.19995117188
3237.78198880419	3450.10009765625
3239.73692273806	3445.19995117188
3241.69134007013	3480.69995117188
3243.64524101764	3464.30004882813
3245.59862579761	3477.89990234375
3247.55149462681	3476.10009765625
3249.50384772176	3442.19995117188
3251.45568529877	3471
3253.40700757387	3449
3255.35781476288	3485.30004882813
3257.3081070814	3464.69995117188
3259.25788474473	3453.39990234375
3261.20714796799	3439.39990234375
3263.15589696602	3439.10009765625
3265.10413195345	3423
3267.05185314463	3455.19995117188
3268.9990607537	3441.89990234375
3270.94575499455	3435.80004882813
3272.89193608081	3443.39990234375
3274.8376042259	3461.80004882813
3276.78275964296	3424.5
3278.72740254492	3435.30004882813
3280.67153314443	3419.89990234375
3282.61515165393	3448.10009765625
3284.55825828559	3439.39990234375
3286.50085325135	3427
3288.44293676289	3434.10009765625
3290.38450903165	3443.39990234375
3292.32557026883	3419.39990234375
3294.26612068537	3408.60009765625
3296.20616049198	3381.69995117188
3298.14568989911	3371.19995117188
3300.08470911695	3389.80004882813
3302.02321835546	3363.69995117188
3303.96121782435	3409.10009765625
3305.89870773306	3412.89990234375
3307.83568829081	3368.69995117188
3309.77215970655	3417.80004882813
3311.70812218898	3402.5
3313.64357594655	3409.39990234375
3315.57852118747	3384.39990234375
3317.51295811968	3385.10009765625
3319.44688695087	3388.80004882813
3321.38030788849	3357.5
3323.31322113973	3388.5
3325.24562691152	3368.60009765625
3327.17752541055	3364
3329.10891684322	3337.60009765625
3331.03980141573	3380.89990234375
3332.97017933399	3354.39990234375
3334.90005080364	3348.19995117188
3336.82941603011	3320.89990234375
3338.75827521852	3337.60009765625
3340.68662857377	3308.60009765625
3342.6144763005	3307.89990234375
3344.54181860308	3309.5
3346.46865568561	3322.5
3348.39498775195	3299.69995117188
3350.32081500571	3330
3352.24613765022	3361.69995117188
3354.17095588855	3298.30004882813
3356.09526992352	3318.10009765625
3358.01907995769	3312.5
3359.94238619334	3349.60009765625
3361.86518883251	3317.30004882813
3363.78748807697	3318.10009765625
3365.70928412823	3343.19995117188
3367.63057718752	3323
3369.55136745582	3355.39990234375
3371.47165513386	3312.89990234375
3373.39144042208	3283.89990234375
3375.31072352066	3325.5
3377.22950462953	3306.39990234375
3379.14778394834	3287.30004882813
3381.06556167648	3288.80004882813
3382.98283801308	3270.39990234375
3384.89961315697	3304.80004882813
3386.81588730676	3301.30004882813
3388.73166066076	3281.69995117188
3390.64693341702	3271.19995117188
3392.56170577332	3288.19995117188
3394.47597792716	3291.60009765625
3396.38975007581	3264.80004882813
3398.30302241623	3233.10009765625
3400.21579514512	3258.89990234375
3402.1280684589	3226.39990234375
3404.03984255374	3252.30004882813
3405.95111762553	3231.60009765625
3407.86189386987	3259.39990234375
3409.77217148212	3252.30004882813
3411.68195065733	3255.80004882813
3413.5912315903	3287.39990234375
3415.50001447556	3245.30004882813
3417.40829950735	3268.39990234375
3419.31608687963	3241.69995117188
3421.22337678611	3233.69995117188
3423.1301694202	3236.39990234375
3425.03646497504	3264.19995117188
3426.9422636435	3262.5
3428.84756561816	3257.69995117188
3430.75237109135	3201
3432.65668025508	3195.30004882813
3434.56049330112	3224.30004882813
3436.46381042093	3241.19995117188
3438.36663180571	3210.80004882813
3440.26895764638	3225.30004882813
3442.17078813357	3197
3444.07212345762	3198.30004882813
3445.97296380863	3203.5
3447.87330937636	3198
3449.77316035033	3216.69995117188
3451.67251691977	3206.10009765625
3453.57137927361	3218.89990234375
3455.46974760052	3185.80004882813
3457.36762208886	3183.5
3459.26500292671	3160.60009765625
3461.16189030191	3176.69995117188
3463.05828440194	3186.39990234375
3464.95418541406	3199.89990234375
3466.84959352519	3200.10009765625
3468.74450892201	3174.39990234375
3470.63893179088	3160.69995117188
3472.53286231788	3173.19995117188
3474.42630068881	3152.80004882813
3476.31924708918	3159
3478.2117017042	3141.5
3480.1036647188	3144.89990234375
3481.99513631761	3155.60009765625
3483.88611668498	3132.19995117188
3485.77660600498	3158.80004882813
3487.66660446135	3131
3489.55611223758	3156.80004882813
3491.44512951683	3115
3493.333656482	3140.69995117188
3495.22169331568	3151.5
3497.10924020016	3087.19995117188
3498.99629731746	3106.69995117188
3500.88286484927	3064.39990234375
3502.76894297702	3121.69995117188
3504.65453188182	3068.69995117188
3506.53963174449	3078.30004882813
3508.42424274555	3082.30004882813
3510.30836506524	3061.69995117188
3512.19199888349	3068.60009765625
3514.07514437992	3055.5
3515.95780173387	3049.60009765625
3517.83997112437	3021.80004882813
3519.72165273016	3003.60009765625
3521.60284672967	3022.30004882813
3523.48355330104	3030.39990234375
3525.36377262208	3016.30004882813
3527.24350487035	3005
3529.12275022306	2980.39990234375
3531.00150885715	2973.5
3532.87978094923	3002.19995117188
3534.75756667562	3005.60009765625
3536.63486621235	2987.60009765625
3538.51167973512	2974.19995117188
3540.38800741934	2958.19995117188
3542.26384944011	2973.60009765625
3544.13920597223	2962.60009765625
3546.01407719018	2949.10009765625
3547.88846326815	2970.80004882813
3549.76236438002	2971
3551.63578069934	2940.30004882813
3553.50871239938	2916.69995117188
3555.38115965309	2928.10009765625
3557.25312263311	2900.19995117188
3559.12460151177	2931.60009765625
3560.99559646109	2904.80004882813
3562.86610765279	2899.10009765625
3564.73613525825	2916.89990234375
3566.60567944857	2882.89990234375
3568.47474039453	2920
3570.34331826658	2896.69995117188
3572.21141323487	2922.69995117188
3574.07902546925	2939.89990234375
3575.94615513922	2905.80004882813
3577.81280241401	2897.19995117188
3579.67896746249	2903.39990234375
3581.54465045325	2881.19995117188
3583.40985155455	2894.30004882813
3585.27457093432	2875.39990234375
3587.1388087602	2858.19995117188
3589.00256519949	2875.19995117188
3590.86584041919	2891.19995117188
3592.72863458597	2873.30004882813
3594.59094786618	2885.69995117188
3596.45278042585	2863.60009765625
3598.31413243069	2877
3600.17500404611	2868.19995117188
3602.03539543717	2875.89990234375
3603.89530676861	2834
3605.75473820488	2866.89990234375
3607.61368991007	2831.19995117188
3609.47216204797	2889.10009765625
3611.33015478203	2849.19995117188
3613.18766827539	2820.89990234375
3615.04470269087	2863.30004882813
3616.90125819094	2836.39990234375
3618.75733493776	2860.60009765625
3620.61293309318	2832.5
3622.46805281869	2816.60009765625
3624.32269427547	2836.80004882813
3626.17685762439	2829.60009765625
3628.03054302596	2807.89990234375
3629.88375064038	2854
3631.73648062751	2840.80004882813
3633.5887331469	2813.60009765625
3635.44050835775	2809.10009765625
3637.29180641893	2789.5
3639.14262748899	2801
3640.99297172614	2799.69995117188
3642.84283928828	2796.69995117188
3644.69223033294	2787.80004882813
3646.54114501734	2775.39990234375
3648.38958349836	2778.60009765625
3650.23754593256	2775.89990234375
3652.08503247614	2780.10009765625
3653.93204328497	2803.69995117188
3655.77857851462	2761.5
3657.62463832028	2759.39990234375
3659.47022285682	2768.19995117188
3661.31533227877	2752
3663.15996674033	2732.69995117188
3665.00412639535	2713.60009765625
3666.84781139736	2754.39990234375
3668.69102189953	2759.30004882813
3670.5337580547	2733.19995117188
3672.37602001537	2731.10009765625
3674.21780793368	2717.89990234375
3676.05912196148	2743.19995117188
3677.89996225021	2724.89990234375
3679.74032895103	2711.10009765625
3681.58022221471	2710.39990234375
3683.41964219171	2721.60009765625
3685.25858903211	2723.30004882813
3687.0970628857	2695.80004882813
3688.93506390186	2694.60009765625
3690.77259222968	2695.10009765625
3692.60964801787	2689.30004882813
3694.44623141481	2680.10009765625
3696.28234256853	2636.80004882813
3698.11798162669	2670.80004882813
3699.95314873665	2642.69995117188
3701.78784404537	2636.5
3703.62206769951	2663.89990234375
3705.45581984533	2642.19995117188
3707.28910062877	2652.60009765625
3709.12191019542	2655.60009765625
3710.95424869052	2638.19995117188
3712.78611625894	2656.30004882813
3714.6175130452	2639.69995117188
3716.44843919349	2619.89990234375
3718.27889484764	2634
3720.1088801511	2619.19995117188
3721.93839524699	2599.19995117188
3723.76744027808	2621.5
3725.59601538677	2610.60009765625
3727.4241207151	2616.80004882813
