40.2973356941271	1135.80004882813
43.2236257608418	1138.5
46.1488808466109	1147
49.0731017336173	1149.40002441406
51.9962892025666	1159.90002441406
54.9184440327569	1173.30004882813
57.8395670020446	1186
60.7596588868509	1188
63.6787204621708	1199
66.5967525015794	1216.90002441406
69.5137557772381	1244.80004882813
72.4297310598838	1270.30004882813
75.3446791188512	1320.19995117188
78.2586007220466	1366.40002441406
81.1714966360015	1438.40002441406
84.0833676258266	1528.59997558594
86.994214455242	1642.5
89.9040378865662	1751.80004882813
92.8128386807427	1847.59997558594
95.7206175973133	1962.09997558594
98.6273753944444	2055.19995117188
101.533112828928	2151.10009765625
104.437830656161	2166.69995117188
107.34152963018	2196
110.244210503676	2187.80004882813
113.145874027931	2182.69995117188
116.046520952895	2167.19995117188
118.946152027154	2161.30004882813
121.844767997933	2140.10009765625
124.74236961111	2190.19995117188
127.638957611212	2174.30004882813
130.534532741422	2181.80004882813
133.429095743606	2180.80004882813
136.322647358252	2184
139.215188324544	2180.19995117188
142.106719380311	2192.60009765625
144.997241262089	2205.80004882813
147.886754705057	2211.89990234375
150.775260443096	2210.30004882813
153.662759208748	2229.89990234375
156.549251733282	2240.80004882813
159.434738746612	2214.5
162.319220977376	2226.5
165.20269915289	2242.39990234375
168.085173999178	2223.30004882813
170.966646240977	2227.5
173.847116601709	2228
176.726585803528	2226.30004882813
179.605054567295	2218.80004882813
182.48252361259	2206.30004882813
185.358993657701	2219
188.234465419645	2195.69995117188
191.108939614183	2216.39990234375
193.982416955795	2205.19995117188
196.854898157687	2201.30004882813
199.726383931801	2192.19995117188
202.596874988835	2198.10009765625
205.466372038225	2223.89990234375
208.334875788145	2194.5
211.202386945534	2207.80004882813
214.068906216069	2211.69995117188
216.934434304194	2243.80004882813
219.798971913111	2227.69995117188
222.662519744776	2228.89990234375
225.525078499925	2258.10009765625
228.386648878069	2255.30004882813
231.247231577465	2244
234.106827295172	2231.39990234375
236.965436727012	2235.69995117188
239.823060567597	2210.60009765625
242.679699510337	2221.5
245.535354247396	2218.30004882813
248.390025469775	2225.60009765625
251.243713867223	2209.19995117188
254.096420128327	2199.89990234375
256.948144940459	2227.19995117188
259.798888989788	2218.69995117188
262.648652961315	2219.89990234375
265.49743753883	2237.39990234375
268.345243404939	2246.19995117188
271.192071241073	2212.69995117188
274.037921727485	2221.89990234375
276.882795543246	2247.39990234375
279.72669336624	2240.80004882813
282.569615873213	2261.5
285.411563739724	2225.80004882813
288.252537640165	2265.5
291.092538247763	2276.19995117188
293.931566234616	2257.5
296.769622271633	2270.60009765625
299.606707028594	2270
302.442821174104	2268.10009765625
305.277965375652	2263.89990234375
308.112140299574	2287.60009765625
310.945346611062	2280.5
313.777584974167	2283.69995117188
316.608856051813	2297.39990234375
319.439160505797	2284.19995117188
322.268498996783	2327.60009765625
325.096872184303	2296.39990234375
327.924280726782	2294.69995117188
330.750725281521	2300.69995117188
333.576206504693	2294.80004882813
336.400725051388	2286.89990234375
339.224281575542	2277.69995117188
342.046876730026	2247.60009765625
344.868511166586	2259.60009765625
347.689185535872	2277.69995117188
350.508900487421	2258.19995117188
353.327656669699	2264.89990234375
356.145454730079	2280.19995117188
358.962295314817	2276.19995117188
361.778179069105	2269.30004882813
364.593106637051	2277.10009765625
367.407078661675	2273.89990234375
370.220095784913	2295.60009765625
373.032158647655	2268.39990234375
375.843267889676	2288
378.653424149715	2291.5
381.462628065436	2286.19995117188
384.270880273432	2282.10009765625
387.078181409254	2303.30004882813
389.884532107358	2331.5
392.689933001188	2325.39990234375
395.494384723112	2308.69995117188
398.29788790445	2346.89990234375
401.100443175488	2342
403.902051165437	2345.10009765625
406.702712502518	2324.30004882813
409.502427813866	2340.89990234375
412.301197725607	2328.10009765625
415.099022862823	2333.69995117188
417.89590384957	2323.89990234375
420.691841308876	2313.30004882813
423.486835862752	2331.39990234375
426.280888132173	2321.39990234375
429.073998737112	2326.89990234375
431.866168296507	2305.69995117188
434.657397428298	2315.30004882813
437.447686749412	2322.89990234375
440.237036875762	2360.39990234375
443.025448422257	2307.39990234375
445.812922002813	2332.80004882813
448.599458230326	2325.89990234375
451.38505771672	2312.30004882813
454.169721072909	2361.5
456.953448908819	2348.30004882813
459.736241833384	2297
462.518100454555	2357.5
465.2990253793	2325.69995117188
468.079017213605	2339.10009765625
470.858076562476	2379.5
473.636204029939	2359.39990234375
476.41340021906	2340.30004882813
479.189665731938	2353.80004882813
481.965001169667	2324.19995117188
484.739407132419	2324.69995117188
487.512884219391	2358.5
490.285433028796	2364.60009765625
493.057054157921	2333.39990234375
495.827748203087	2353.30004882813
498.597515759658	2358.60009765625
501.366357422061	2345.80004882813
504.134273783759	2389.10009765625
506.901265437278	2381.19995117188
509.66733297421	2365.39990234375
512.432476985198	2350.10009765625
515.196698059945	2356.5
517.959996787225	2384.10009765625
520.722373754895	2391.80004882813
523.483829549856	2358.5
526.24436475811	2380.19995117188
529.003979964696	2335.69995117188
531.762675753779	2375.30004882813
534.520452708569	2387
537.277311411375	2373
540.03325244359	2379
542.788276385682	2362.89990234375
545.54238381725	2361.10009765625
548.295575316938	2345.19995117188
551.047851462516	2382.89990234375
553.799212830831	2344.19995117188
556.549659997851	2357.5
559.299193538643	2373.30004882813
562.047814027381	2347.39990234375
564.795522037318	2339.69995117188
567.542318140861	2357
570.288202909507	2361.19995117188
573.033176913873	2354.10009765625
575.7772407237	2332.30004882813
578.520394907829	2341.89990234375
581.26264003424	2352.30004882813
584.003976670046	2363.19995117188
586.744405381469	2333.80004882813
589.483926733869	2358.39990234375
592.222541291746	2371.69995117188
594.96024961872	2355.5
597.697052277563	2389
600.432949830166	2386.60009765625
603.167942837587	2403.30004882813
605.902031860012	2389.10009765625
608.635217456783	2405.80004882813
611.367500186378	2382.19995117188
614.098880606429	2378
616.82935927374	2369.69995117188
619.558936744248	2385.89990234375
622.287613573072	2359.80004882813
625.015390314457	2373.60009765625
627.742267521848	2397.5
630.468245747829	2361.39990234375
633.193325544166	2375.19995117188
635.917507461792	2388.60009765625
638.640792050804	2349.89990234375
641.36317986048	2381.10009765625
644.084671439281	2400.30004882813
646.805267334845	2352.80004882813
649.524968093967	2402.39990234375
652.24377426266	2376.89990234375
654.961686386106	2418.89990234375
657.678705008678	2375.19995117188
660.394830673939	2377.80004882813
663.110063924628	2399.60009765625
665.824405302728	2364.89990234375
668.537855349351	2398.60009765625
671.250414604863	2380.80004882813
673.962083608812	2419.80004882813
676.672862899949	2402.39990234375
679.382753016218	2400.39990234375
682.091754494801	2392.80004882813
684.799867872061	2422.80004882813
687.507093683595	2402.19995117188
690.213432464198	2431.19995117188
692.918884747899	2412.80004882813
695.623451067937	2426.19995117188
698.327131956755	2420.60009765625
701.029927946065	2447.69995117188
703.731839566754	2407.69995117188
706.43286734896	2459
709.133011822067	2412.5
711.832273514658	2443.19995117188
714.53065295457	2435.5
717.228150668879	2448.89990234375
719.924767183889	2437.89990234375
722.620503025148	2454.5
725.315358717446	2410.5
728.009334784827	2428.5
730.702431750559	2441.19995117188
733.394650137188	2419.30004882813
736.085990466498	2404.60009765625
738.776453259519	2407.80004882813
741.466039036542	2405.80004882813
744.154748317125	2412.10009765625
746.842581620074	2386.30004882813
749.529539463458	2416.80004882813
752.215622364608	2411.60009765625
754.900830840131	2398
757.585165405892	2428.69995117188
760.26862657703	2417.5
762.951214867957	2424.5
765.632930792356	2415.80004882813
768.313774863181	2407.19995117188
770.993747592673	2425
773.672849492359	2450
776.351081073017	2413.10009765625
779.028442844757	2433.30004882813
781.704935316928	2448.60009765625
784.380558998208	2395.69995117188
787.055314396528	2466.69995117188
789.729202019141	2439.69995117188
792.402222372581	2441.10009765625
795.074375962669	2445.30004882813
797.745663294537	2464.69995117188
800.416084872622	2438.60009765625
803.085641200652	2458.10009765625
805.754332781664	2462.80004882813
808.422160117986	2473.80004882813
811.089123711292	2440.69995117188
813.75522406252	2449.60009765625
816.420461671951	2495.39990234375
819.084837039164	2468.10009765625
821.748350663067	2501
824.411003041866	2462.69995117188
827.072794673116	2511.89990234375
829.733726053668	2482.80004882813
832.39379767971	2529.19995117188
835.05301004674	2502.19995117188
837.711363649601	2519.69995117188
840.368858982457	2543.30004882813
843.025496538805	2522.39990234375
845.681276811467	2527.39990234375
848.336200292618	2522.5
850.99026747375	2539.30004882813
853.643478845713	2550.19995117188
856.29583489868	2557.10009765625
858.947336122176	2545.10009765625
861.59798300506	2544.69995117188
864.247776035556	2562.89990234375
866.896715701222	2587
869.544802488959	2598.60009765625
872.192036885046	2602.19995117188
874.838419375087	2573.89990234375
877.483950444054	2569
880.128630576285	2548.10009765625
882.772460255461	2570.19995117188
885.415439964628	2551.5
888.057570186211	2594.80004882813
890.698851401966	2583.60009765625
893.339284093045	2562.39990234375
895.978868739961	2552.39990234375
898.617605822596	2558.60009765625
901.255495820196	2552.30004882813
903.892539211396	2567.39990234375
906.528736474184	2566.10009765625
909.164088085949	2562.89990234375
911.798594523442	2537.69995117188
914.432256262804	2550.80004882813
917.065073779549	2573.30004882813
919.697047548589	2610.60009765625
922.328178044212	2570.10009765625
924.9584657401	2581
927.587911109317	2584
930.216514624317	2607.19995117188
932.844276756963	2591.69995117188
935.471197978488	2565.5
938.097278759538	2608.10009765625
940.722519570163	2636.80004882813
943.346920879798	2647
945.97048315729	2643.30004882813
948.593206870885	2662.30004882813
951.215092488219	2714.30004882813
953.836140476366	2746.5
956.456351301787	2768.10009765625
959.07572543037	2730
961.694263327369	2766.39990234375
964.311965457521	2814.19995117188
966.928832284933	2784.5
969.544864273135	2785.60009765625
972.160061885076	2787.89990234375
974.774425583129	2762.5
977.387955829099	2754.39990234375
980.000653084196	2703.19995117188
982.612517809061	2739.89990234375
985.223550463768	2736.80004882813
987.833751507819	2755.5
990.443121400135	2773.60009765625
993.051660599081	2798.5
995.659369562449	2848.89990234375
998.266248747469	2914.10009765625
1000.87229861081	3034.19995117188
1003.47751960857	3197.80004882813
1006.0819121963	3258.69995117188
1008.68547682897	3253.69995117188
1011.28821396104	3144.80004882813
1013.89012404635	3039.60009765625
1016.49120753824	2940.69995117188
1019.09146488947	2900.30004882813
1021.69089655226	2856.5
1024.28950297827	2824.39990234375
1026.88728461863	2806.60009765625
1029.48424192392	2783.60009765625
1032.08037534416	2781
1034.67568532886	2747.39990234375
1037.27017232694	2759.39990234375
1039.86383678682	2748.5
1042.45667915637	2748.5
1045.04869988293	2753.10009765625
1047.6398994133	2767.19995117188
1050.23027819374	2731.30004882813
1052.81983666998	2714.10009765625
1055.40857528724	2717.69995117188
1057.99649449018	2714.19995117188
1060.58359472296	2730.39990234375
1063.1698764292	2765
1065.755340052	2770.30004882813
1068.33998603393	2764.89990234375
1070.92381481706	2759.19995117188
1073.50682684291	2762.69995117188
1076.08902255251	2764.89990234375
1078.67040238637	2756
1081.25096678445	2772.39990234375
1083.83071618624	2767.39990234375
1086.4096510307	2770.30004882813
1088.98777175629	2751.19995117188
1091.56507880094	2789.60009765625
1094.14157260208	2782.10009765625
1096.71725359664	2783.10009765625
1099.29212222106	2764.80004882813
1101.86617891125	2796.5
1104.43942410262	2791.10009765625
1107.01185823011	2785.80004882813
1109.58348172812	2843.19995117188
1112.15429503057	2819.69995117188
1114.7242985709	2815.89990234375
1117.29349278203	2869
1119.86187809642	2825.60009765625
1122.42945494599	2904.89990234375
1124.99622376222	2946.5
1127.56218497606	2968
1130.12733901801	2996.5
1132.69168631804	3042.69995117188
1135.25522730568	3081.30004882813
1137.81796240995	3113
1140.37989205941	3167.80004882813
1142.9410166821	3286.80004882813
1145.50133670561	3430.89990234375
1148.06085255708	3632.69995117188
1150.61956466311	3917.39990234375
1153.17747344987	4314.60009765625
1155.73457934305	4663.5
1158.29088276786	4816.2998046875
1160.84638414903	4634.60009765625
1163.40108391085	4274.39990234375
1165.95498247711	3902.39990234375
1168.50808027116	3562.30004882813
1171.06037771587	3341.80004882813
1173.61187523364	3194.69995117188
1176.16257324643	3151.39990234375
1178.71247217573	3115.39990234375
1181.26157244255	3113.69995117188
1183.80987446746	3093.69995117188
1186.35737867059	3156.19995117188
1188.90408547157	3165.80004882813
1191.44999528961	3213.10009765625
1193.99510854347	3295.30004882813
1196.53942565142	3257.69995117188
1199.08294703133	3174.80004882813
1201.62567310057	3119.60009765625
1204.16760427611	3051.39990234375
1206.70874097445	3042.80004882813
1209.24908361163	3034.80004882813
1211.78863260327	2970.10009765625
1214.32738836454	2986.30004882813
1216.86535131017	2947.30004882813
1219.40252185445	2957.39990234375
1221.93890041121	2928.5
1224.47448739389	2854.39990234375
1227.00928321544	2920.89990234375
1229.54328828842	2884.30004882813
1232.07650302491	2872.89990234375
1234.60892783662	2891.30004882813
1237.14056313477	2911.60009765625
1239.67140933017	2913.5
1242.2014668332	2916.69995117188
1244.73073605384	2928.19995117188
1247.25921740159	2965.69995117188
1249.78691128558	2941.60009765625
1252.31381811448	2956.19995117188
1254.83993829655	3013.60009765625
1257.36527223962	3002
1259.88982035112	3071.5
1262.41358303803	3036.80004882813
1264.93656070696	3085.80004882813
1267.45875376405	3104.39990234375
1269.98016261505	3119.89990234375
1272.50078766531	3160.60009765625
1275.02062931974	3206.80004882813
1277.53968798285	3226.39990234375
1280.05796405875	3138.69995117188
1282.57545795112	3119.69995117188
1285.09217006325	3103.30004882813
1287.60810079802	3071.39990234375
1290.12325055788	3030
1292.63761974492	3061.80004882813
1295.15120876079	3082.5
1297.66401800676	3067.80004882813
1300.17604788367	3059.19995117188
1302.687298792	3071
1305.19777113181	3078.69995117188
1307.70746530274	3049.80004882813
1310.21638170408	3051.60009765625
1312.7245207347	3033.10009765625
1315.23188279307	3021.30004882813
1317.73846827728	3028.69995117188
1320.24427758502	3030.69995117188
1322.74931111359	3042
1325.25356925991	3011.60009765625
1327.75705242051	3016
1330.25976099151	3005.10009765625
1332.76169536868	2998.39990234375
1335.26285594737	2988.5
1337.76324312256	2962.30004882813
1340.26285728887	2964.10009765625
1342.76169884052	2991.5
1345.25976817132	2986
1347.75706567474	2957.5
1350.25359174387	2963
1352.74934677141	3002.60009765625
1355.24433114968	2976.80004882813
1357.73854527062	2976.60009765625
1360.23198952583	2978.10009765625
1362.7246643065	3001.60009765625
1365.21657000347	2973.39990234375
1367.7077070072	2977.30004882813
1370.19807570777	2987.30004882813
1372.68767649492	2987.19995117188
1375.176509758	2973.89990234375
1377.66457588599	2979.39990234375
1380.15187526753	2974.19995117188
1382.63840829087	2993.80004882813
1385.1241753439	3015.30004882813
1387.60917681417	3031.19995117188
1390.09341308884	3053.60009765625
1392.57688455474	3054.39990234375
1395.05959159829	3030.30004882813
1397.54153460562	3044.39990234375
1400.02271396243	3027.69995117188
1402.50313005414	3014.80004882813
1404.98278326576	3040.10009765625
1407.46167398196	3038.89990234375
1409.93980258707	3033.80004882813
1412.41716946504	3053
1414.89377499951	3038
1417.36961957373	3038.10009765625
1419.84470357062	3049.89990234375
1422.31902737275	3064.10009765625
1424.79259136235	3063.10009765625
1427.26539592129	3097.89990234375
1429.73744143111	3095.10009765625
1432.20872827299	3140
1434.67925682777	3175.80004882813
1437.14902747597	3275.5
1439.61804059773	3253.5
1442.0862965729	3314.80004882813
1444.55379578093	3322.60009765625
1447.02053860099	3305.30004882813
1449.48652541188	3272.69995117188
1451.95175659206	3291.80004882813
1454.41623251969	3266.69995117188
1456.87995357255	3251.89990234375
1459.34292012811	3265.39990234375
1461.80513256351	3219.39990234375
1464.26659125557	3231.60009765625
1466.72729658073	3191.60009765625
1469.18724891517	3221.80004882813
1471.64644863469	3211.60009765625
1474.10489611478	3236.19995117188
1476.5625917306	3251.5
1479.01953585699	3268.5
1481.47572886844	3234.19995117188
1483.93117113917	3291.19995117188
1486.38586304302	3269.60009765625
1488.83980495354	3315.80004882813
1491.29299724395	3400.69995117188
1493.74544028715	3401
1496.19713445573	3516.30004882813
1498.64808012193	3522.10009765625
1501.09827765772	3682.69995117188
1503.54772743471	3870.60009765625
1505.99642982421	4118.2001953125
1508.44438519723	4412.60009765625
1510.89159392446	4759.10009765625
1513.33805637625	5135.10009765625
1515.78377292266	5439
1518.22874393346	5600.60009765625
1520.67296977806	5570.39990234375
1523.11645082559	5358.2001953125
1525.55918744488	5007.39990234375
1528.00118000444	4645.60009765625
1530.44242887245	4263.10009765625
1532.88293441684	3902.80004882813
1535.32269700517	3681.5
1537.76171700475	3520.19995117188
1540.19999478255	3420.69995117188
1542.63753070526	3320
1545.07432513925	3303.39990234375
1547.5103784506	3255.30004882813
1549.94569100509	3226.80004882813
1552.38026316819	3224.60009765625
1554.8140953051	3236.80004882813
1557.24718778067	3225.39990234375
1559.67954095952	3252.10009765625
1562.11115520592	3194.89990234375
1564.54203088386	3164.10009765625
1566.97216835704	3167.69995117188
1569.40156798888	3207.10009765625
1571.83023014248	3186.69995117188
1574.25815518067	3217.19995117188
1576.68534346597	3201.30004882813
1579.11179536062	3221.39990234375
1581.53751122658	3207.10009765625
1583.9624914255	3177.39990234375
1586.38673631876	3170.5
1588.81024626745	3201
1591.23302163235	3196.10009765625
1593.655062774	3164.19995117188
1596.07637005262	3167.89990234375
1598.49694382815	3189.80004882813
1600.91678446025	3166.5
1603.33589230831	3160.80004882813
1605.75426773142	3143.19995117188
1608.1719110884	3116.80004882813
1610.58882273779	3104.89990234375
1613.00500303784	3147.60009765625
1615.42045234654	3148.10009765625
1617.83517102158	3143.30004882813
1620.24915942039	3159.39990234375
1622.66241790012	3131.69995117188
1625.07494681764	3143.30004882813
1627.48674652954	3174.89990234375
1629.89781739216	3152.69995117188
1632.30815976152	3157.89990234375
1634.71777399343	3198.5
1637.12666044338	3174.60009765625
1639.53481946661	3173
1641.94225141808	3198.39990234375
1644.34895665248	3188.39990234375
1646.75493552424	3209
1649.16018838752	3247.39990234375
1651.56471559621	3282.19995117188
1653.96851750392	3298.30004882813
1656.37159446403	3339.89990234375
1658.7739468296	3326.69995117188
1661.17557495349	3350.80004882813
1663.57647918824	3300.89990234375
1665.97665988617	3262.5
1668.37611739929	3199.5
1670.77485207939	3182.39990234375
1673.17286427799	3160.10009765625
1675.57015434633	3143.5
1677.96672263542	3113.69995117188
1680.36256949598	3146.60009765625
1682.7576952785	3140.80004882813
1685.15210033318	3116.39990234375
1687.54578501	3122
1689.93874965866	3105.19995117188
1692.33099462861	3123.69995117188
1694.72252026904	3151.30004882813
1697.11332692889	3108.89990234375
1699.50341495686	3118.30004882813
1701.89278470137	3108.19995117188
1704.28143651061	3176.5
1706.66937073251	3141.39990234375
1709.05658771473	3075.89990234375
1711.44308780473	3100.10009765625
1713.82887134968	3073.80004882813
1716.21393869648	3105.39990234375
1718.59829019185	3096
1720.98192618221	3100.60009765625
1723.36484701374	3100.19995117188
1725.74705303238	3058.39990234375
1728.12854458384	3132.5
1730.50932201356	3133.60009765625
1732.88938566673	3119.69995117188
1735.26873588834	3081.80004882813
1737.64737302307	3109.39990234375
1740.02529741544	3116.89990234375
1742.40250940964	3095.39990234375
1744.77900934969	3130
1747.15479757933	3118.5
1749.52987444206	3145.69995117188
1751.90424028116	3107.10009765625
1754.27789543967	3095.80004882813
1756.65084026037	3112.5
1759.02307508582	3122.10009765625
1761.39460025833	3106.60009765625
1763.76541612	3094
1766.13552301265	3104.89990234375
1768.50492127791	3081.60009765625
1770.87361125714	3111.30004882813
1773.2415932915	3082.89990234375
1775.60886772188	3074.89990234375
1777.97543488896	3062.19995117188
1780.34129513318	3082.5
1782.70644879475	3105.5
1785.07089621365	3086.19995117188
1787.43463772964	3092.10009765625
1789.7976736822	3100.60009765625
1792.16000441066	3094.19995117188
1794.52163025405	3104.60009765625
1796.88255155121	3088.19995117188
1799.24276864074	3121.60009765625
1801.60228186102	3105.10009765625
1803.96109155019	3084.39990234375
1806.31919804618	3110.19995117188
1808.67660168668	3107.60009765625
1811.03330280916	3098.5
1813.38930175088	3100.19995117188
1815.74459884884	3115.69995117188
1818.09919443984	3147
1820.45308886047	3076.89990234375
1822.80628244708	3092.60009765625
1825.1587755358	3114
1827.51056846254	3136.89990234375
1829.86166156297	3091.19995117188
1832.21205517258	3082.80004882813
1834.56174962661	3084.39990234375
1836.91074526009	3114.10009765625
1839.25904240783	3094.19995117188
1841.60664140443	3133.10009765625
1843.95354258425	3094.39990234375
1846.29974628146	3099.5
1848.64525282998	3101.69995117188
1850.99006256356	3087.19995117188
1853.3341758157	3091.30004882813
1855.67759291968	3028
1858.02031420858	3064.69995117188
1860.36234001528	3062.69995117188
1862.70367067241	3092.39990234375
1865.04430651244	3055.30004882813
1867.38424786755	3118
1869.72349506978	3095.10009765625
1872.06204845094	3065.89990234375
1874.39990834258	3029.89990234375
1876.73707507612	3084.5
1879.07354898269	3093.89990234375
1881.40933039328	3102.60009765625
1883.74441963861	3110.30004882813
1886.07881704925	3075.80004882813
1888.41252295551	3094.10009765625
1890.74553768751	3035.10009765625
1893.07786157519	3050.69995117188
1895.40949494822	3089
1897.74043813615	3039.60009765625
1900.07069146823	3111.19995117188
1902.40025527357	3076.30004882813
1904.72912988106	3066.5
1907.05731561938	3066.89990234375
1909.38481281699	3067.39990234375
1911.71162180217	3087.39990234375
1914.037742903	3046.69995117188
1916.36317644734	3068.10009765625
1918.68792276284	3007.80004882813
1921.01198217697	3074
1923.33535501699	3032.19995117188
1925.65804160996	3057.10009765625
1927.98004228273	3074.19995117188
1930.30135736196	3045.39990234375
1932.6219871741	3085.19995117188
1934.94193204543	3069.30004882813
1937.26119230198	3050.89990234375
1939.57976826962	3050.89990234375
1941.89766027402	3048.19995117188
1944.21486864062	3061.60009765625
1946.53139369472	3103.19995117188
1948.84723576137	3056.60009765625
1951.16239516543	3069.89990234375
1953.47687223159	3088.5
1955.79066728434	3045.69995117188
1958.10378064794	3091.60009765625
1960.4162126465	3053.80004882813
1962.7279636039	3095.69995117188
1965.03903384385	3056.69995117188
1967.34942368987	3058.10009765625
1969.65913346524	3074.60009765625
1971.96816349311	3098.39990234375
1974.2765140964	3072.89990234375
1976.58418559784	3061.69995117188
1978.89117831997	3022.69995117188
1981.19749258516	3070
1983.50312871555	3073.89990234375
1985.80808703313	3043.69995117188
1988.11236785967	3038.30004882813
1990.41597151676	3086.80004882813
1992.71889832581	3023.39990234375
1995.02114860801	3112.89990234375
1997.3227226844	3078.60009765625
1999.62362087581	3053.19995117188
2001.92384350288	3085.69995117188
2004.22339088608	3092.80004882813
2006.52226334567	3094.80004882813
2008.82046120173	3070
2011.11798477417	3058.10009765625
2013.41483438269	3085.60009765625
2015.71101034681	3072.5
2018.00651298588	3053.5
2020.30134261905	3087.80004882813
2022.59549956528	3094.60009765625
2024.88898414337	3111.80004882813
2027.1817966719	3060.69995117188
2029.4739374693	3066.60009765625
2031.76540685379	3094.30004882813
2034.05620514342	3055.19995117188
2036.34633265607	3052.80004882813
2038.6357897094	3084.89990234375
2040.92457662092	3038.89990234375
2043.21269370795	3038.39990234375
2045.50014128763	3061.5
2047.78691967691	3043.89990234375
2050.07302919256	3038.69995117188
2052.35847015118	3045.19995117188
2054.64324286919	3029.89990234375
2056.9273476628	3023.19995117188
2059.21078484808	3013.10009765625
2061.4935547409	3008.39990234375
2063.77565765696	3046.60009765625
2066.05709391176	3018.39990234375
2068.33786382065	3021
2070.61796769879	3021.80004882813
2072.89740586116	3012.80004882813
2075.17617862255	3025.10009765625
2077.45428629759	2973.69995117188
2079.73172920075	3004.30004882813
2082.00850764627	3034.39990234375
2084.28462194827	3017.69995117188
2086.56007242065	3017.69995117188
2088.83485937717	3012.5
2091.10898313139	3025.80004882813
2093.3824439967	3006.5
2095.65524228632	3031
2097.92737831328	3037.69995117188
2100.19885239047	3027.5
2102.46966483057	3044.80004882813
2104.7398159461	3038.30004882813
2107.00930604941	3048
2109.27813545267	3087
2111.54630446787	3071.89990234375
2113.81381340685	3073.89990234375
2116.08066258126	3062.19995117188
2118.34685230257	3067.5
2120.61238288211	3077.30004882813
2122.87725463099	3112.39990234375
2125.1414678602	3078.80004882813
2127.40502288052	3087.19995117188
2129.66792000257	3099.30004882813
2131.93015953682	3077
2134.19174179353	3048.39990234375
2136.45266708282	3078
2138.71293571463	3109.10009765625
2140.97254799873	3081.69995117188
2143.23150424473	3099.10009765625
2145.48980476205	3105.39990234375
2147.74744985996	3116.80004882813
2150.00443984754	3100.39990234375
2152.26077503373	3111.5
2154.51645572728	3116.30004882813
2156.77148223677	3136.5
2159.02585487064	3147.80004882813
2161.27957393713	3172.60009765625
2163.53263974432	3145.80004882813
2165.78505260012	3156.39990234375
2168.0368128123	3121.69995117188
2170.28792068844	3115.30004882813
2172.53837653595	3053
2174.78818066207	3081.89990234375
2177.03733337389	3075.69995117188
2179.28583497833	3057.39990234375
2181.53368578214	3071.10009765625
2183.78088609192	3052.10009765625
2186.02743621406	3023
2188.27333645484	3008.69995117188
2190.51858712033	3023.39990234375
2192.76318851646	3024.5
2195.00714094901	3010.19995117188
2197.25044472354	2992.5
2199.49310014551	3012.30004882813
2201.73510752018	3009
2203.97646715265	2999.30004882813
2206.21717934786	3005.5
2208.45724441058	3027.30004882813
2210.69666264543	2980.60009765625
2212.93543435686	2995.60009765625
2215.17355984914	2986.30004882813
2217.41103942642	2973.69995117188
2219.64787339264	2983.80004882813
2221.8840620516	2957.89990234375
2224.11960570695	2973.30004882813
2226.35450466215	2977.10009765625
2228.58875922051	2968.10009765625
2230.82236968518	2963.5
2233.05533635916	2961.89990234375
2235.28765954527	2980.89990234375
2237.51933954617	2946
2239.75037666437	2980.60009765625
2241.98077120221	2925.5
2244.21052346188	2970.19995117188
2246.4396337454	2955.30004882813
2248.66810235461	2967.60009765625
2250.89592959125	2962
2253.12311575681	2966.60009765625
2255.34966115272	3000.10009765625
2257.57556608017	3000.19995117188
2259.80083084023	2967.69995117188
2262.02545573381	2990
2264.24944106163	2972.5
2266.47278712429	2992.10009765625
2268.69549422221	3000.10009765625
2270.91756265564	3022.89990234375
2273.1389927247	2999.5
2275.35978472934	3007
2277.57993896933	3021.80004882813
2279.79945574431	2991.10009765625
2282.01833535375	3022.80004882813
2284.23657809696	3032.19995117188
2286.45418427309	2976.39990234375
2288.67115418114	3016.19995117188
2290.88748811995	3010.80004882813
2293.10318638819	3036.10009765625
2295.3182492844	3050.30004882813
2297.53267710693	3024.10009765625
2299.746470154	3061.30004882813
2301.95962872364	3072.19995117188
2304.17215311376	3080.69995117188
2306.3840436221	3136.19995117188
2308.59530054621	3110.5
2310.80592418354	3121.39990234375
2313.01591483134	3097.80004882813
2315.22527278673	3119.30004882813
2317.43399834666	3115.60009765625
2319.64209180791	3102
2321.84955346713	3069.80004882813
2324.05638362079	3029.19995117188
2326.26258256524	3052.89990234375
2328.46815059664	3053.10009765625
2330.67308801098	3020.19995117188
2332.87739510415	3018.89990234375
2335.08107217184	3018
2337.2841195096	3000.19995117188
2339.48653741281	3004.69995117188
2341.68832617672	3034.19995117188
2343.8894860964	3019.30004882813
2346.09001746678	3007.10009765625
2348.28992058261	3005.89990234375
2350.48919573852	3016.39990234375
2352.68784322898	3025.80004882813
2354.88586334826	2992.89990234375
2357.08325639055	3017
2359.2800226498	2998
2361.47616241988	2974.5
2363.67167599445	2964.89990234375
2365.86656366706	2970
2368.06082573107	2964.5
2370.2544624797	2958.30004882813
2372.44747420603	2918.80004882813
2374.63986120295	2940
2376.83162376322	2943.39990234375
2379.02276217945	2939.60009765625
2381.21327674408	2950
2383.4031677494	2894.89990234375
2385.59243548756	2905.10009765625
2387.78108025053	2937.30004882813
2389.96910233014	2900.5
2392.15650201809	2923.39990234375
2394.34327960587	2926.5
2396.52943538486	2891.39990234375
2398.71496964628	2891.39990234375
2400.89988268118	2904.5
2403.08417478048	2920.30004882813
2405.26784623491	2898.19995117188
2407.45089733509	2958.10009765625
2409.63332837146	2925.80004882813
2411.81513963429	2931.39990234375
2413.99633141375	2936.5
2416.1769039998	2897.39990234375
2418.35685768227	2868.39990234375
2420.53619275084	2905.89990234375
2422.71490949505	2917.19995117188
2424.89300820425	2938.80004882813
2427.07048916765	2902.19995117188
2429.24735267433	2894
2431.42359901319	2914.30004882813
2433.59922847297	2899.10009765625
2435.7742413423	2914
2437.94863790961	2879.30004882813
2440.12241846321	2924.89990234375
2442.29558329121	2867
2444.46813268162	2917.60009765625
2446.64006692228	2867.60009765625
2448.81138630086	2888.5
2450.98209110489	2905.89990234375
2453.15218162174	2879.10009765625
2455.32165813864	2888.10009765625
2457.49052094265	2897.60009765625
2459.65877032069	2911.69995117188
2461.8264065595	2939.5
2463.99342994572	2908.39990234375
2466.15984076579	2971.39990234375
2468.325639306	2925.60009765625
2470.49082585251	2953.39990234375
2472.65540069131	2976
2474.81936410824	2940.19995117188
2476.98271638899	2943.60009765625
2479.14545781909	2932.19995117188
2481.30758868392	2918.5
2483.4691092687	2948.39990234375
2485.63001985852	2922
2487.79032073829	2914.80004882813
2489.95001219277	2907.5
2492.10909450659	2914.89990234375
2494.26756796419	2930.30004882813
2496.42543284989	2939.19995117188
2498.58268944783	2926.5
2500.73933804202	2918.5
2502.8953789163	2899.80004882813
2505.05081235436	2978.39990234375
2507.20563863974	2929.69995117188
2509.35985805582	2932.80004882813
2511.51347088583	2937.89990234375
2513.66647741285	2932.10009765625
2515.81887791981	2967.60009765625
2517.97067268946	2972.19995117188
2520.12186200443	2957.30004882813
2522.27244614716	2986.19995117188
2524.42242539999	2972.69995117188
2526.57180004504	2930.30004882813
2528.72057036433	2925.30004882813
2530.8687366397	2919.60009765625
2533.01629915284	2924.10009765625
2535.16325818527	2902.19995117188
2537.30961401839	2872.80004882813
2539.45536693343	2850.80004882813
2541.60051721145	2871.19995117188
2543.74506513338	2851.80004882813
2545.88901097997	2822.19995117188
2548.03235503185	2833.5
2550.17509756946	2833
2552.31723887311	2833.69995117188
2554.45877922293	2835.5
2556.59971889893	2816.39990234375
2558.74005818094	2817.30004882813
2560.87979734864	2827.39990234375
2563.01893668155	2836.60009765625
2565.15747645906	2795.19995117188
2567.29541696037	2807.60009765625
2569.43275846454	2822.39990234375
2571.56950125049	2795.80004882813
2573.70564559696	2797.60009765625
2575.84119178254	2801.80004882813
2577.97614008569	2818.69995117188
2580.11049078468	2826.10009765625
2582.24424415764	2821.60009765625
2584.37740048255	2826.60009765625
2586.50996003722	2818.89990234375
2588.64192309931	2857.30004882813
2590.77328994634	2829.39990234375
2592.90406085564	2837
2595.03423610442	2838.39990234375
2597.16381596971	2828.39990234375
2599.29280072839	2819.19995117188
2601.42119065719	2832.19995117188
2603.54898603267	2860.30004882813
2605.67618713125	2810.69995117188
2607.80279422919	2828.30004882813
2609.92880760257	2830.89990234375
2612.05422752735	2859.39990234375
2614.17905427932	2861.69995117188
2616.30328813408	2841.5
2618.42692936713	2845.30004882813
2620.54997825377	2837
2622.67243506915	2841.10009765625
2624.79430008828	2854.30004882813
2626.915573586	2872.89990234375
2629.03625583699	2838.10009765625
2631.15634711579	2866.80004882813
2633.27584769675	2892.80004882813
2635.39475785408	2895.39990234375
2637.51307786185	2898.80004882813
2639.63080799394	2893
2641.74794852409	2905.10009765625
2643.86449972589	2960.10009765625
2645.98046187273	2949.19995117188
2648.0958352379	2950.30004882813
2650.21062009449	2986.30004882813
2652.32481671544	3005
2654.43842537353	3009
2656.5514463414	3078.80004882813
2658.66387989151	3061.80004882813
2660.77572629616	3064
2662.88698582751	3102.19995117188
2664.99765875753	3126.80004882813
2667.10774535806	3153.39990234375
2669.21724590076	3128.19995117188
2671.32616065714	3127.60009765625
2673.43448989857	3112.60009765625
2675.5422338962	3060.5
2677.64939292108	3051.19995117188
2679.75596724408	2995.19995117188
2681.86195713589	3023.19995117188
2683.96736286707	2972.5
2686.07218470799	2948.60009765625
2688.17642292889	2899.10009765625
2690.28007779982	2931.60009765625
2692.38314959069	2860
2694.48563857123	2879.5
2696.58754501103	2856.39990234375
2698.6888691795	2873.80004882813
2700.78961134588	2825.89990234375
2702.8897717793	2849.60009765625
2704.98935074864	2861.69995117188
2707.08834852271	2829.10009765625
2709.18676537009	2827.60009765625
2711.28460155925	2828.69995117188
2713.38185735843	2822.5
2715.47853303577	2814.10009765625
2717.57462885924	2818.10009765625
2719.67014509659	2833.19995117188
2721.76508201548	2803.80004882813
2723.85943988337	2798.10009765625
2725.95321896754	2809.30004882813
2728.04641953515	2758.60009765625
2730.13904185316	2773.30004882813
2732.23108618837	2775.69995117188
2734.32255280744	2770.60009765625
2736.41344197683	2762.89990234375
2738.50375396288	2773.19995117188
2740.5934890317	2746.69995117188
2742.68264744932	2721.10009765625
2744.77122948153	2766.19995117188
2746.85923539398	2740.89990234375
2748.94666545217	2717.80004882813
2751.03351992142	2725.80004882813
2753.11979906688	2727.30004882813
2755.20550315355	2738.60009765625
2757.29063244624	2701.69995117188
2759.37518720963	2707
2761.45916770819	2672.5
2763.54257420625	2674.60009765625
2765.62540696797	2679.10009765625
2767.70766625733	2693.5
2769.78935233816	2678.10009765625
2771.87046547413	2697
2773.95100592869	2676.5
2776.03097396519	2709.60009765625
2778.11036984677	2695.39990234375
2780.18919383641	2707.80004882813
2782.26744619693	2715.5
2784.34512719097	2689.30004882813
2786.42223708102	2746
2788.49877612937	2705.69995117188
2790.57474459816	2703.60009765625
2792.65014274937	2686.80004882813
2794.7249708448	2691.30004882813
2796.79922914607	2699.60009765625
2798.87291791465	2684.5
2800.94603741181	2729.10009765625
2803.01858789869	2714.10009765625
2805.09056963623	2679.89990234375
2807.1619828852	2690.80004882813
2809.23282790621	2687.80004882813
2811.30310495971	2700.30004882813
2813.37281430593	2690.30004882813
2815.441956205	2714.80004882813
2817.51053091682	2681
2819.57853870114	2727.69995117188
2821.64597981753	2715.5
2823.7128545254	2736
2825.77916308399	2715.10009765625
2827.84490575233	2712.30004882813
2829.91008278933	2731
2831.97469445369	2752.5
2834.03874100395	2767.19995117188
2836.10222269847	2786.30004882813
2838.16513979544	2794
2840.22749255288	2842.60009765625
2842.28928122863	2916.60009765625
2844.35050608034	2975
2846.41116736553	3066.80004882813
2848.47126534149	3183.5
2850.53080026537	3240
2852.58977239414	3255.5
2854.64818198459	3264.69995117188
2856.70602929332	3259.19995117188
2858.76331457678	3198.5
2860.82003809123	3180.39990234375
2862.87620009274	3178.19995117188
2864.93180083723	3126.19995117188
2866.98684058043	3156
2869.04131957789	3128.19995117188
2871.09523808497	3151.69995117188
2873.14859635689	3152.39990234375
2875.20139464866	3185.30004882813
2877.2536332151	3169.39990234375
2879.30531231091	3205.19995117188
2881.35643219054	3197.80004882813
2883.40699310831	3209.5
2885.45699531834	3234.89990234375
2887.50643907457	3236.10009765625
2889.55532463077	3242.89990234375
2891.60365224053	3266.39990234375
2893.65142215724	3245
2895.69863463414	3287.39990234375
2897.74528992426	3298.89990234375
2899.79138828046	3282.5
2901.83692995544	3256.80004882813
2903.88191520168	3277.69995117188
2905.92634427151	3292.19995117188
2907.97021741706	3245
2910.01353489027	3276.19995117188
2912.05629694294	3248.89990234375
2914.09850382663	3234.80004882813
2916.14015579276	3273
2918.18125309254	3225.19995117188
2920.22179597702	3200.10009765625
2922.26178469705	3271.89990234375
2924.30121950329	3260.60009765625
2926.34010064624	3278.5
2928.37842837619	3296.89990234375
2930.41620294326	3282.39990234375
2932.45342459737	3271.69995117188
2934.49009358828	3293.39990234375
2936.52621016555	3255.69995117188
2938.56177457854	3228.10009765625
2940.59678707645	3171.69995117188
2942.63124790827	3146.39990234375
2944.66515732282	3080.80004882813
2946.69851556873	3086.60009765625
2948.73132289443	3053.89990234375
2950.76357954817	3002.5
2952.79528577803	2954.89990234375
2954.82644183188	2967.5
2956.85704795741	2966
2958.8871044021	2960
2960.91661141328	2935.60009765625
2962.94556923807	2935.39990234375
2964.97397812339	2899.39990234375
2967.00183831598	2908.30004882813
2969.0291500624	2865.19995117188
2971.05591360902	2871.89990234375
2973.08212920199	2843.5
2975.1077970873	2809.10009765625
2977.13291751074	2829.69995117188
2979.1574907179	2792
2981.18151695419	2773.5
2983.20499646482	2776.69995117188
2985.2279294948	2726.80004882813
2987.25031628898	2747
2989.27215709199	2759.19995117188
2991.29345214825	2748.5
2993.31420170204	2717.39990234375
2995.33440599738	2750.30004882813
2997.35406527816	2720.39990234375
2999.37317978802	2752.69995117188
3001.39174977045	2761.19995117188
3003.40977546872	2768.39990234375
3005.42725712591	2797.80004882813
3007.44419498491	2810.30004882813
3009.4605892884	2834.5
3011.47644027889	2828.39990234375
3013.49174819865	2830.30004882813
3015.5065132898	2833.10009765625
3017.52073579424	2856.19995117188
3019.53441595366	2792.60009765625
3021.54755400959	2806.10009765625
3023.56015020332	2768.80004882813
3025.57220477598	2756.19995117188
3027.58371796846	2775.19995117188
3029.5946900215	2764.60009765625
3031.6051211756	2723.89990234375
3033.61501167107	2693.30004882813
3035.62436174803	2715.10009765625
3037.6331716464	2682.5
3039.64144160588	2665.39990234375
3041.649171866	2630.80004882813
3043.65636266607	2655.30004882813
3045.6630142452	2628
3047.66912684229	2649.60009765625
3049.67470069605	2601.10009765625
3051.679736045	2581.39990234375
3053.68423312742	2571.60009765625
3055.68819218143	2600.19995117188
3057.6916134449	2565
3059.69449715556	2563.5
3061.69684355086	2561.80004882813
3063.6986528681	2565.60009765625
3065.69992534437	2545.10009765625
3067.70066121653	2568.89990234375
3069.70086072126	2540.60009765625
3071.700524095	2536.30004882813
3073.69965157405	2544.89990234375
3075.69824339442	2526.10009765625
3077.69629979197	2553.5
3079.69382100235	2520.80004882813
3081.69080726098	2512.10009765625
3083.68725880307	2508.19995117188
3085.68317586366	2505.89990234375
3087.67855867755	2516.5
3089.67340747933	2492
3091.6677225034	2493.5
3093.66150398392	2495
3095.6547521549	2494.69995117188
3097.64746725006	2490.80004882813
3099.63964950297	2467.10009765625
3101.63129914698	2511.19995117188
3103.6224164152	2464.30004882813
3105.61300154056	2468.69995117188
3107.60305475576	2478.10009765625
3109.59257629331	2506.89990234375
3111.58156638547	2468.60009765625
3113.57002526432	2481.19995117188
3115.55795316172	2513.60009765625
3117.54535030932	2461.80004882813
3119.53221693853	2492.19995117188
3121.51855328057	2477.80004882813
3123.50435956646	2496.19995117188
3125.48963602698	2478.10009765625
3127.4743828927	2485.39990234375
3129.45860039397	2481.10009765625
3131.44228876093	2448.69995117188
3133.42544822353	2441.5
3135.40807901145	2514.39990234375
3137.39018135418	2497.80004882813
3139.37175548102	2466.19995117188
3141.35280162101	2444.5
3143.33332000299	2466.80004882813
3145.31331085559	2459.39990234375
3147.2927744072	2478.10009765625
3149.27171088602	2504.39990234375
3151.25012052	2470.80004882813
3153.22800353689	2471.89990234375
3155.20536016422	2452.5
3157.18219062929	2479.69995117188
3159.15849515918	2458.5
3161.13427398075	2463.80004882813
3163.10952732066	2474.89990234375
3165.08425540532	2483
3167.05845846092	2495.89990234375
3169.03213671344	2432.30004882813
3171.00529038863	2439.30004882813
3172.97791971203	2448
3174.95002490893	2479.89990234375
3176.92160620443	2452.30004882813
3178.89266382337	2471.30004882813
3180.8631979904	2432.60009765625
3182.83320892991	2452.10009765625
3184.80269686609	2454.5
3186.77166202289	2429.89990234375
3188.74010462406	2439.39990234375
3190.70802489307	2443.89990234375
3192.67542305323	2467.89990234375
3194.64229932757	2449.10009765625
3196.60865393892	2446.89990234375
3198.57448710987	2432.10009765625
3200.53979906279	2431.30004882813
3202.50459001981	2421.10009765625
3204.46886020284	2434.10009765625
3206.43260983356	2438.30004882813
3208.39583913341	2437
3210.35854832362	2427.5
3212.32073762517	2445.60009765625
3214.28240725881	2420.39990234375
3216.24355744508	2456.5
3218.20418840426	2448
3220.16430035642	2429.89990234375
3222.12389352137	2429.30004882813
3224.08296811873	2446.39990234375
3226.04152436784	2423.89990234375
3227.99956248784	2435
3229.95708269762	2447.19995117188
3231.91408521584	2436.80004882813
3233.87057026092	2433.69995117188
3235.82653805105	2456.5
3237.78198880419	2441
3239.73692273806	2437.5
3241.69134007013	2440.60009765625
3243.64524101764	2443.30004882813
3245.59862579761	2451.89990234375
3247.55149462681	2435.19995117188
3249.50384772176	2422.5
3251.45568529877	2470
3253.40700757387	2452.5
3255.35781476288	2442.89990234375
3257.3081070814	2425.30004882813
3259.25788474473	2454.10009765625
3261.20714796799	2467.5
3263.15589696602	2457.89990234375
3265.10413195345	2442.10009765625
3267.05185314463	2437.10009765625
3268.9990607537	2420.80004882813
3270.94575499455	2436.89990234375
3272.89193608081	2427.60009765625
3274.8376042259	2436.89990234375
3276.78275964296	2429.39990234375
3278.72740254492	2438.80004882813
3280.67153314443	2426.10009765625
3282.61515165393	2426.80004882813
3284.55825828559	2423.60009765625
3286.50085325135	2418.89990234375
3288.44293676289	2435.10009765625
3290.38450903165	2402.69995117188
3292.32557026883	2425.80004882813
3294.26612068537	2391.80004882813
3296.20616049198	2419.39990234375
3298.14568989911	2395
3300.08470911695	2414.60009765625
3302.02321835546	2411.10009765625
3303.96121782435	2376.80004882813
3305.89870773306	2411.39990234375
3307.83568829081	2408.89990234375
3309.77215970655	2428.30004882813
3311.70812218898	2422.10009765625
3313.64357594655	2423.89990234375
3315.57852118747	2400.69995117188
3317.51295811968	2416.60009765625
3319.44688695087	2418
3321.38030788849	2413.89990234375
3323.31322113973	2403.30004882813
3325.24562691152	2385.5
3327.17752541055	2391.10009765625
3329.10891684322	2378.80004882813
3331.03980141573	2395.10009765625
3332.97017933399	2402.5
3334.90005080364	2383
3336.82941603011	2374.60009765625
3338.75827521852	2373.30004882813
3340.68662857377	2383.39990234375
3342.6144763005	2369.5
3344.54181860308	2376.39990234375
3346.46865568561	2359.10009765625
3348.39498775195	2378.69995117188
3350.32081500571	2378.10009765625
3352.24613765022	2381.10009765625
3354.17095588855	2371.69995117188
3356.09526992352	2411.5
3358.01907995769	2363.69995117188
3359.94238619334	2375.69995117188
3361.86518883251	2394
3363.78748807697	2366.39990234375
3365.70928412823	2384.60009765625
3367.63057718752	2370.30004882813
3369.55136745582	2400.5
3371.47165513386	2375.30004882813
3373.39144042208	2367.39990234375
3375.31072352066	2345.5
3377.22950462953	2369.19995117188
3379.14778394834	2384
3381.06556167648	2380.89990234375
3382.98283801308	2352.10009765625
3384.89961315697	2388.5
3386.81588730676	2375
3388.73166066076	2372.39990234375
3390.64693341702	2388.69995117188
3392.56170577332	2358
3394.47597792716	2344.89990234375
3396.38975007581	2339.30004882813
3398.30302241623	2350.89990234375
3400.21579514512	2365.30004882813
3402.1280684589	2339.89990234375
3404.03984255374	2350.10009765625
3405.95111762553	2338.80004882813
3407.86189386987	2343.39990234375
3409.77217148212	2344.19995117188
3411.68195065733	2338.60009765625
3413.5912315903	2351
3415.50001447556	2322.60009765625
3417.40829950735	2337.39990234375
3419.31608687963	2338.19995117188
3421.22337678611	2357.30004882813
3423.1301694202	2337
3425.03646497504	2331.10009765625
3426.9422636435	2324.39990234375
3428.84756561816	2332.80004882813
3430.75237109135	2347.5
3432.65668025508	2316
3434.56049330112	2333.10009765625
3436.46381042093	2357.19995117188
3438.36663180571	2338
3440.26895764638	2348.80004882813
3442.17078813357	2305.80004882813
3444.07212345762	2307.10009765625
3445.97296380863	2328.10009765625
3447.87330937636	2347.80004882813
3449.77316035033	2350.39990234375
3451.67251691977	2335.60009765625
3453.57137927361	2295.39990234375
3455.46974760052	2321.80004882813
3457.36762208886	2319.5
3459.26500292671	2301.19995117188
3461.16189030191	2321.5
3463.05828440194	2311.60009765625
3464.95418541406	2319
3466.84959352519	2317.39990234375
3468.74450892201	2310.5
3470.63893179088	2275.19995117188
3472.53286231788	2287.89990234375
3474.42630068881	2302.10009765625
3476.31924708918	2308.5
3478.2117017042	2302
3480.1036647188	2317.10009765625
3481.99513631761	2280.39990234375
3483.88611668498	2285.80004882813
3485.77660600498	2311.80004882813
3487.66660446135	2298.60009765625
3489.55611223758	2294.69995117188
3491.44512951683	2300.69995117188
3493.333656482	2278.10009765625
3495.22169331568	2280.39990234375
3497.10924020016	2254.69995117188
3498.99629731746	2282.10009765625
3500.88286484927	2251.89990234375
3502.76894297702	2295.69995117188
3504.65453188182	2263.5
3506.53963174449	2266.19995117188
3508.42424274555	2267.30004882813
3510.30836506524	2275.5
3512.19199888349	2277
3514.07514437992	2248.89990234375
3515.95780173387	2235.5
3517.83997112437	2253.60009765625
3519.72165273016	2258.30004882813
3521.60284672967	2235.69995117188
3523.48355330104	2230
3525.36377262208	2252.19995117188
3527.24350487035	2199.19995117188
3529.12275022306	2217
3531.00150885715	2242
3532.87978094923	2215.60009765625
3534.75756667562	2215.10009765625
3536.63486621235	2223.5
3538.51167973512	2219
3540.38800741934	2206.69995117188
3542.26384944011	2225.69995117188
3544.13920597223	2219.19995117188
3546.01407719018	2202.10009765625
3547.88846326815	2218.60009765625
3549.76236438002	2207.69995117188
3551.63578069934	2201.10009765625
3553.50871239938	2181.80004882813
3555.38115965309	2188.80004882813
3557.25312263311	2165.5
3559.12460151177	2185.89990234375
3560.99559646109	2167.10009765625
3562.86610765279	2181.10009765625
3564.73613525825	2187.5
3566.60567944857	2184.30004882813
3568.47474039453	2166.10009765625
3570.34331826658	2181.80004882813
3572.21141323487	2181.5
3574.07902546925	2179.89990234375
3575.94615513922	2181.80004882813
3577.81280241401	2175.19995117188
3579.67896746249	2178.89990234375
3581.54465045325	2175.80004882813
3583.40985155455	2161.19995117188
3585.27457093432	2190.10009765625
3587.1388087602	2183
3589.00256519949	2174.89990234375
3590.86584041919	2186.60009765625
3592.72863458597	2187.69995117188
3594.59094786618	2164.19995117188
3596.45278042585	2178.30004882813
3598.31413243069	2188.69995117188
3600.17500404611	2187.69995117188
3602.03539543717	2145.60009765625
3603.89530676861	2180.19995117188
3605.75473820488	2170.89990234375
3607.61368991007	2155.69995117188
3609.47216204797	2161.89990234375
3611.33015478203	2146.30004882813
3613.18766827539	2149.69995117188
3615.04470269087	2168.89990234375
3616.90125819094	2164.60009765625
3618.75733493776	2136.5
3620.61293309318	2146.39990234375
3622.46805281869	2130.80004882813
3624.32269427547	2170.10009765625
3626.17685762439	2154.5
3628.03054302596	2150.69995117188
3629.88375064038	2159.19995117188
3631.73648062751	2155.30004882813
3633.5887331469	2102.89990234375
3635.44050835775	2128.5
3637.29180641893	2144.80004882813
3639.14262748899	2133
3640.99297172614	2125.10009765625
3642.84283928828	2122.5
3644.69223033294	2137.5
3646.54114501734	2101.69995117188
3648.38958349836	2130.69995117188
3650.23754593256	2129.5
3652.08503247614	2125.39990234375
3653.93204328497	2119.39990234375
3655.77857851462	2115.19995117188
3657.62463832028	2109.89990234375
3659.47022285682	2123.39990234375
3661.31533227877	2112.5
3663.15996674033	2117.10009765625
3665.00412639535	2092.30004882813
3666.84781139736	2111.60009765625
3668.69102189953	2117.19995117188
3670.5337580547	2120.39990234375
3672.37602001537	2105.39990234375
3674.21780793368	2097.80004882813
3676.05912196148	2097.69995117188
3677.89996225021	2087.39990234375
3679.74032895103	2096.5
3681.58022221471	2091.10009765625
3683.41964219171	2083.60009765625
3685.25858903211	2074.5
3687.0970628857	2068.10009765625
3688.93506390186	2084.69995117188
3690.77259222968	2095.89990234375
3692.60964801787	2088.80004882813
3694.44623141481	2072.89990234375
3696.28234256853	2067.80004882813
3698.11798162669	2099.69995117188
3699.95314873665	2044.30004882813
3701.78784404537	2059.39990234375
3703.62206769951	2080.30004882813
3705.45581984533	2059.89990234375
3707.28910062877	2074.89990234375
3709.12191019542	2066.80004882813
3710.95424869052	2062.89990234375
3712.78611625894	2042.90002441406
3714.6175130452	2046
3716.44843919349	2051.10009765625
3718.27889484764	2035.09997558594
3720.1088801511	2051.39990234375
3721.93839524699	2052.5
3723.76744027808	2073.10009765625
3725.59601538677	2073.39990234375
3727.4241207151	2060.39990234375
