40.2973356941271	1134.80004882813
43.2236257608418	1139.90002441406
46.1488808466109	1144.5
49.0731017336173	1149.80004882813
51.9962892025666	1162.09997558594
54.9184440327569	1176.5
57.8395670020446	1185.19995117188
60.7596588868509	1187.90002441406
63.6787204621708	1201.19995117188
66.5967525015794	1221
69.5137557772381	1244.5
72.4297310598838	1274.80004882813
75.3446791188512	1324.09997558594
78.2586007220466	1373.40002441406
81.1714966360015	1446.30004882813
84.0833676258266	1541.80004882813
86.994214455242	1662.19995117188
89.9040378865662	1759
92.8128386807427	1864.90002441406
95.7206175973133	1991.40002441406
98.6273753944444	2079.30004882813
101.533112828928	2162.5
104.437830656161	2181.89990234375
107.34152963018	2207.39990234375
110.244210503676	2214.39990234375
113.145874027931	2203.80004882813
116.046520952895	2174.30004882813
118.946152027154	2172.69995117188
121.844767997933	2161.30004882813
124.74236961111	2196.80004882813
127.638957611212	2184.10009765625
130.534532741422	2188.60009765625
133.429095743606	2183.39990234375
136.322647358252	2207.60009765625
139.215188324544	2205.60009765625
142.106719380311	2201.10009765625
144.997241262089	2221
147.886754705057	2227.19995117188
150.775260443096	2222
153.662759208748	2264.10009765625
156.549251733282	2265.30004882813
159.434738746612	2230.89990234375
162.319220977376	2247.5
165.20269915289	2260.10009765625
168.085173999178	2238.69995117188
170.966646240977	2237.19995117188
173.847116601709	2242.89990234375
176.726585803528	2249.60009765625
179.605054567295	2234.69995117188
182.48252361259	2228.19995117188
185.358993657701	2227.10009765625
188.234465419645	2202.89990234375
191.108939614183	2246.30004882813
193.982416955795	2214.5
196.854898157687	2205.69995117188
199.726383931801	2212.30004882813
202.596874988835	2206.60009765625
205.466372038225	2233.19995117188
208.334875788145	2217.80004882813
211.202386945534	2224.19995117188
214.068906216069	2233
216.934434304194	2254.60009765625
219.798971913111	2253
222.662519744776	2252.89990234375
225.525078499925	2264.10009765625
228.386648878069	2276.10009765625
231.247231577465	2261.30004882813
234.106827295172	2245.69995117188
236.965436727012	2254.60009765625
239.823060567597	2242.19995117188
242.679699510337	2224
245.535354247396	2231.89990234375
248.390025469775	2238.30004882813
251.243713867223	2249.89990234375
254.096420128327	2223.5
256.948144940459	2245.10009765625
259.798888989788	2242
262.648652961315	2205.69995117188
265.49743753883	2261.5
268.345243404939	2266.10009765625
271.192071241073	2229.60009765625
274.037921727485	2242.60009765625
276.882795543246	2273.89990234375
279.72669336624	2270.10009765625
282.569615873213	2261.89990234375
285.411563739724	2252.60009765625
288.252537640165	2271.69995117188
291.092538247763	2292.80004882813
293.931566234616	2273.10009765625
296.769622271633	2283.80004882813
299.606707028594	2288.19995117188
302.442821174104	2288.5
305.277965375652	2283
308.112140299574	2305.5
310.945346611062	2292.39990234375
313.777584974167	2305.19995117188
316.608856051813	2311
319.439160505797	2303.60009765625
322.268498996783	2332.60009765625
325.096872184303	2310.19995117188
327.924280726782	2303
330.750725281521	2311.30004882813
333.576206504693	2299.5
336.400725051388	2303.5
339.224281575542	2305.80004882813
342.046876730026	2263.10009765625
344.868511166586	2271.69995117188
347.689185535872	2292.89990234375
350.508900487421	2287.30004882813
353.327656669699	2269
356.145454730079	2293
358.962295314817	2291.80004882813
361.778179069105	2300.39990234375
364.593106637051	2276.69995117188
367.407078661675	2288.39990234375
370.220095784913	2308.69995117188
373.032158647655	2285.60009765625
375.843267889676	2300.5
378.653424149715	2303.19995117188
381.462628065436	2302.69995117188
384.270880273432	2296.69995117188
387.078181409254	2323.30004882813
389.884532107358	2341.5
392.689933001188	2330.5
395.494384723112	2316.60009765625
398.29788790445	2349.30004882813
401.100443175488	2348.30004882813
403.902051165437	2366.60009765625
406.702712502518	2346.19995117188
409.502427813866	2358.5
412.301197725607	2345.39990234375
415.099022862823	2345.19995117188
417.89590384957	2343.30004882813
420.691841308876	2339.80004882813
423.486835862752	2348
426.280888132173	2341.60009765625
429.073998737112	2350.5
431.866168296507	2326.5
434.657397428298	2328.69995117188
437.447686749412	2340.80004882813
440.237036875762	2368.80004882813
443.025448422257	2316.30004882813
445.812922002813	2366.10009765625
448.599458230326	2342.30004882813
451.38505771672	2340.60009765625
454.169721072909	2367.19995117188
456.953448908819	2372.60009765625
459.736241833384	2313.19995117188
462.518100454555	2357.80004882813
465.2990253793	2344.80004882813
468.079017213605	2348.39990234375
470.858076562476	2394.39990234375
473.636204029939	2377.10009765625
476.41340021906	2368.10009765625
479.189665731938	2367.80004882813
481.965001169667	2351.10009765625
484.739407132419	2357.5
487.512884219391	2372.39990234375
490.285433028796	2375.89990234375
493.057054157921	2363
495.827748203087	2372.30004882813
498.597515759658	2380.19995117188
501.366357422061	2360.10009765625
504.134273783759	2403.60009765625
506.901265437278	2409.30004882813
509.66733297421	2375.19995117188
512.432476985198	2379.89990234375
515.196698059945	2374.10009765625
517.959996787225	2395.19995117188
520.722373754895	2391.39990234375
523.483829549856	2388.60009765625
526.24436475811	2393.19995117188
529.003979964696	2367.19995117188
531.762675753779	2382.60009765625
534.520452708569	2395.89990234375
537.277311411375	2391.19995117188
540.03325244359	2395.10009765625
542.788276385682	2366.60009765625
545.54238381725	2369
548.295575316938	2365.89990234375
551.047851462516	2392.80004882813
553.799212830831	2363.39990234375
556.549659997851	2363.80004882813
559.299193538643	2386.69995117188
562.047814027381	2357.80004882813
564.795522037318	2362.30004882813
567.542318140861	2362.69995117188
570.288202909507	2373
573.033176913873	2381.89990234375
575.7772407237	2350.10009765625
578.520394907829	2356.80004882813
581.26264003424	2377.30004882813
584.003976670046	2386.69995117188
586.744405381469	2353.69995117188
589.483926733869	2387.19995117188
592.222541291746	2393.69995117188
594.96024961872	2381.60009765625
597.697052277563	2389.80004882813
600.432949830166	2394.30004882813
603.167942837587	2420.19995117188
605.902031860012	2393.19995117188
608.635217456783	2411.80004882813
611.367500186378	2408.69995117188
614.098880606429	2396.80004882813
616.82935927374	2386.69995117188
619.558936744248	2399.10009765625
622.287613573072	2380.80004882813
625.015390314457	2373.5
627.742267521848	2407.10009765625
630.468245747829	2381.60009765625
633.193325544166	2381
635.917507461792	2400.19995117188
638.640792050804	2370.5
641.36317986048	2399.10009765625
644.084671439281	2416.80004882813
646.805267334845	2368.80004882813
649.524968093967	2421.19995117188
652.24377426266	2394
654.961686386106	2441.69995117188
657.678705008678	2404
660.394830673939	2402.39990234375
663.110063924628	2422.60009765625
665.824405302728	2389.89990234375
668.537855349351	2411.5
671.250414604863	2398.80004882813
673.962083608812	2425.39990234375
676.672862899949	2420.30004882813
679.382753016218	2421.69995117188
682.091754494801	2400.5
684.799867872061	2440.19995117188
687.507093683595	2417
690.213432464198	2436.10009765625
692.918884747899	2433.10009765625
695.623451067937	2446.39990234375
698.327131956755	2438.39990234375
701.029927946065	2467.60009765625
703.731839566754	2429.89990234375
706.43286734896	2462.60009765625
709.133011822067	2428
711.832273514658	2463.39990234375
714.53065295457	2458
717.228150668879	2460.39990234375
719.924767183889	2458.5
722.620503025148	2468.80004882813
725.315358717446	2443.80004882813
728.009334784827	2446
730.702431750559	2450.5
733.394650137188	2434.10009765625
736.085990466498	2414.80004882813
738.776453259519	2414.89990234375
741.466039036542	2432
744.154748317125	2434.39990234375
746.842581620074	2398
749.529539463458	2436.10009765625
752.215622364608	2434
754.900830840131	2428.10009765625
757.585165405892	2445.89990234375
760.26862657703	2439.5
762.951214867957	2438.60009765625
765.632930792356	2431.80004882813
768.313774863181	2432
770.993747592673	2444.19995117188
773.672849492359	2461.89990234375
776.351081073017	2427.80004882813
779.028442844757	2457
781.704935316928	2465.39990234375
784.380558998208	2415
787.055314396528	2478.89990234375
789.729202019141	2451.5
792.402222372581	2454.80004882813
795.074375962669	2467.10009765625
797.745663294537	2478.10009765625
800.416084872622	2450.69995117188
803.085641200652	2473.39990234375
805.754332781664	2483.30004882813
808.422160117986	2501.19995117188
811.089123711292	2458.69995117188
813.75522406252	2474.39990234375
816.420461671951	2489
819.084837039164	2471.30004882813
821.748350663067	2504.89990234375
824.411003041866	2488.80004882813
827.072794673116	2539.39990234375
829.733726053668	2511.5
832.39379767971	2540.80004882813
835.05301004674	2525.10009765625
837.711363649601	2533.89990234375
840.368858982457	2544
843.025496538805	2536.80004882813
845.681276811467	2547.39990234375
848.336200292618	2541
850.99026747375	2576.5
853.643478845713	2572.10009765625
856.29583489868	2571.10009765625
858.947336122176	2576.69995117188
861.59798300506	2563
864.247776035556	2584.89990234375
866.896715701222	2599.69995117188
869.544802488959	2623.30004882813
872.192036885046	2621.39990234375
874.838419375087	2612
877.483950444054	2597.69995117188
880.128630576285	2571.69995117188
882.772460255461	2592.80004882813
885.415439964628	2581.69995117188
888.057570186211	2625.39990234375
890.698851401966	2602
893.339284093045	2574.89990234375
895.978868739961	2582
898.617605822596	2580.80004882813
901.255495820196	2599.30004882813
903.892539211396	2593.69995117188
906.528736474184	2584.39990234375
909.164088085949	2587.10009765625
911.798594523442	2571.69995117188
914.432256262804	2584.69995117188
917.065073779549	2584.69995117188
919.697047548589	2616.60009765625
922.328178044212	2596.10009765625
924.9584657401	2608.5
927.587911109317	2603.10009765625
930.216514624317	2632.10009765625
932.844276756963	2615.69995117188
935.471197978488	2606.10009765625
938.097278759538	2657.39990234375
940.722519570163	2646.10009765625
943.346920879798	2676.80004882813
945.97048315729	2674.60009765625
948.593206870885	2683.80004882813
951.215092488219	2740.69995117188
953.836140476366	2759.80004882813
956.456351301787	2797.69995117188
959.07572543037	2762
961.694263327369	2780.69995117188
964.311965457521	2849.69995117188
966.928832284933	2813.19995117188
969.544864273135	2809.5
972.160061885076	2810.19995117188
974.774425583129	2786.19995117188
977.387955829099	2780
980.000653084196	2718.19995117188
982.612517809061	2752.30004882813
985.223550463768	2756.60009765625
987.833751507819	2765.5
990.443121400135	2793.69995117188
993.051660599081	2810.10009765625
995.659369562449	2879.30004882813
998.266248747469	2937.5
1000.87229861081	3076.60009765625
1003.47751960857	3240.60009765625
1006.0819121963	3277.69995117188
1008.68547682897	3275.19995117188
1011.28821396104	3172.39990234375
1013.89012404635	3085.30004882813
1016.49120753824	2973.10009765625
1019.09146488947	2932
1021.69089655226	2867.39990234375
1024.28950297827	2846
1026.88728461863	2836.60009765625
1029.48424192392	2807.39990234375
1032.08037534416	2812
1034.67568532886	2764.69995117188
1037.27017232694	2772.5
1039.86383678682	2765.69995117188
1042.45667915637	2765.30004882813
1045.04869988293	2775.39990234375
1047.6398994133	2774.30004882813
1050.23027819374	2756.39990234375
1052.81983666998	2754.89990234375
1055.40857528724	2730.60009765625
1057.99649449018	2756
1060.58359472296	2759.30004882813
1063.1698764292	2793
1065.755340052	2795.39990234375
1068.33998603393	2792.69995117188
1070.92381481706	2791.5
1073.50682684291	2780.60009765625
1076.08902255251	2801.39990234375
1078.67040238637	2793.10009765625
1081.25096678445	2796.5
1083.83071618624	2813.89990234375
1086.4096510307	2796.10009765625
1088.98777175629	2783.19995117188
1091.56507880094	2798.30004882813
1094.14157260208	2798.60009765625
1096.71725359664	2814.19995117188
1099.29212222106	2789.39990234375
1101.86617891125	2833.89990234375
1104.43942410262	2820.30004882813
1107.01185823011	2814.69995117188
1109.58348172812	2864.80004882813
1112.15429503057	2858.39990234375
1114.7242985709	2847
1117.29349278203	2897.19995117188
1119.86187809642	2863.10009765625
1122.42945494599	2935.5
1124.99622376222	2956.80004882813
1127.56218497606	2986.5
1130.12733901801	3004.60009765625
1132.69168631804	3068.60009765625
1135.25522730568	3115.80004882813
1137.81796240995	3170.30004882813
1140.37989205941	3211.89990234375
1142.9410166821	3310
1145.50133670561	3458.19995117188
1148.06085255708	3663.69995117188
1150.61956466311	3961.5
1153.17747344987	4363
1155.73457934305	4720.39990234375
1158.29088276786	4893.2001953125
1160.84638414903	4697
1163.40108391085	4337.60009765625
1165.95498247711	3954
1168.50808027116	3592.19995117188
1171.06037771587	3380
1173.61187523364	3232.69995117188
1176.16257324643	3179.89990234375
1178.71247217573	3144.60009765625
1181.26157244255	3115
1183.80987446746	3125.10009765625
1186.35737867059	3178.5
1188.90408547157	3188.69995117188
1191.44999528961	3251.69995117188
1193.99510854347	3327.60009765625
1196.53942565142	3267.19995117188
1199.08294703133	3195.60009765625
1201.62567310057	3150.39990234375
1204.16760427611	3070.60009765625
1206.70874097445	3081.80004882813
1209.24908361163	3065.60009765625
1211.78863260327	2992.89990234375
1214.32738836454	3001
1216.86535131017	2974.19995117188
1219.40252185445	2975.19995117188
1221.93890041121	2955.5
1224.47448739389	2852
1227.00928321544	2949.10009765625
1229.54328828842	2927.5
1232.07650302491	2917.60009765625
1234.60892783662	2916.80004882813
1237.14056313477	2941.60009765625
1239.67140933017	2932.30004882813
1242.2014668332	2949.60009765625
1244.73073605384	2967.10009765625
1247.25921740159	2993.10009765625
1249.78691128558	2969.80004882813
1252.31381811448	2966.30004882813
1254.83993829655	3050.39990234375
1257.36527223962	3044.5
1259.88982035112	3101.5
1262.41358303803	3057.69995117188
1264.93656070696	3096
1267.45875376405	3158.10009765625
1269.98016261505	3166.39990234375
1272.50078766531	3202.39990234375
1275.02062931974	3237.80004882813
1277.53968798285	3244.39990234375
1280.05796405875	3180.60009765625
1282.57545795112	3149.5
1285.09217006325	3133.10009765625
1287.60810079802	3091.80004882813
1290.12325055788	3049.10009765625
1292.63761974492	3067.5
1295.15120876079	3100.60009765625
1297.66401800676	3107.10009765625
1300.17604788367	3084.89990234375
1302.687298792	3085.39990234375
1305.19777113181	3111.80004882813
1307.70746530274	3071.30004882813
1310.21638170408	3092.39990234375
1312.7245207347	3075
1315.23188279307	3051.10009765625
1317.73846827728	3049.10009765625
1320.24427758502	3040.89990234375
1322.74931111359	3055
1325.25356925991	3036.30004882813
1327.75705242051	3027.60009765625
1330.25976099151	3021.60009765625
1332.76169536868	3029.10009765625
1335.26285594737	3021.89990234375
1337.76324312256	2989
1340.26285728887	2985.89990234375
1342.76169884052	3031.69995117188
1345.25976817132	3008.39990234375
1347.75706567474	2988.10009765625
1350.25359174387	2994.5
1352.74934677141	3027.89990234375
1355.24433114968	2991.60009765625
1357.73854527062	3003.10009765625
1360.23198952583	3000
1362.7246643065	3021.19995117188
1365.21657000347	2999.60009765625
1367.7077070072	2986.39990234375
1370.19807570777	3022.39990234375
1372.68767649492	3009.80004882813
1375.176509758	2989.10009765625
1377.66457588599	3010.89990234375
1380.15187526753	3011.10009765625
1382.63840829087	3038.10009765625
1385.1241753439	3036
1387.60917681417	3047.19995117188
1390.09341308884	3081.30004882813
1392.57688455474	3084
1395.05959159829	3061.89990234375
1397.54153460562	3067.10009765625
1400.02271396243	3060.39990234375
1402.50313005414	3029.30004882813
1404.98278326576	3059.69995117188
1407.46167398196	3059.39990234375
1409.93980258707	3061.89990234375
1412.41716946504	3076.10009765625
1414.89377499951	3046.5
1417.36961957373	3065.89990234375
1419.84470357062	3088.5
1422.31902737275	3095.69995117188
1424.79259136235	3087.80004882813
1427.26539592129	3139.60009765625
1429.73744143111	3130.5
1432.20872827299	3165
1434.67925682777	3200.39990234375
1437.14902747597	3282.80004882813
1439.61804059773	3287.19995117188
1442.0862965729	3351.60009765625
1444.55379578093	3345.80004882813
1447.02053860099	3344.10009765625
1449.48652541188	3291.10009765625
1451.95175659206	3309.5
1454.41623251969	3297
1456.87995357255	3283.30004882813
1459.34292012811	3287.69995117188
1461.80513256351	3240.80004882813
1464.26659125557	3279.5
1466.72729658073	3228.89990234375
1469.18724891517	3269.60009765625
1471.64644863469	3248.60009765625
1474.10489611478	3252.19995117188
1476.5625917306	3279.5
1479.01953585699	3290.39990234375
1481.47572886844	3268.80004882813
1483.93117113917	3307.69995117188
1486.38586304302	3295.10009765625
1488.83980495354	3344.60009765625
1491.29299724395	3418.80004882813
1493.74544028715	3439
1496.19713445573	3530.80004882813
1498.64808012193	3563.80004882813
1501.09827765772	3720.10009765625
1503.54772743471	3887.39990234375
1505.99642982421	4158.2998046875
1508.44438519723	4457.39990234375
1510.89159392446	4784
1513.33805637625	5178.2001953125
1515.78377292266	5497.39990234375
1518.22874393346	5667.89990234375
1520.67296977806	5651.60009765625
1523.11645082559	5408.7001953125
1525.55918744488	5057.2001953125
1528.00118000444	4696.7001953125
1530.44242887245	4297.89990234375
1532.88293441684	3931.30004882813
1535.32269700517	3717
1537.76171700475	3544.30004882813
1540.19999478255	3447.89990234375
1542.63753070526	3358.30004882813
1545.07432513925	3327.19995117188
1547.5103784506	3285.69995117188
1549.94569100509	3255.30004882813
1552.38026316819	3251.39990234375
1554.8140953051	3264.60009765625
1557.24718778067	3255.39990234375
1559.67954095952	3273.10009765625
1562.11115520592	3215.60009765625
1564.54203088386	3215.80004882813
1566.97216835704	3195.80004882813
1569.40156798888	3256
1571.83023014248	3216
1574.25815518067	3235
1576.68534346597	3211.10009765625
1579.11179536062	3243.10009765625
1581.53751122658	3236.69995117188
1583.9624914255	3202.30004882813
1586.38673631876	3188.89990234375
1588.81024626745	3231.10009765625
1591.23302163235	3213.89990234375
1593.655062774	3199.19995117188
1596.07637005262	3189.80004882813
1598.49694382815	3214.89990234375
1600.91678446025	3199.10009765625
1603.33589230831	3185.69995117188
1605.75426773142	3171.80004882813
1608.1719110884	3155.39990234375
1610.58882273779	3148.30004882813
1613.00500303784	3186.80004882813
1615.42045234654	3184.69995117188
1617.83517102158	3162.39990234375
1620.24915942039	3166.60009765625
1622.66241790012	3152.30004882813
1625.07494681764	3167.39990234375
1627.48674652954	3171.69995117188
1629.89781739216	3175.69995117188
1632.30815976152	3182.89990234375
1634.71777399343	3204.69995117188
1637.12666044338	3207.30004882813
1639.53481946661	3196.19995117188
1641.94225141808	3214.89990234375
1644.34895665248	3223
1646.75493552424	3239.10009765625
1649.16018838752	3275.19995117188
1651.56471559621	3317.39990234375
1653.96851750392	3313.60009765625
1656.37159446403	3375.30004882813
1658.7739468296	3384.30004882813
1661.17557495349	3370.69995117188
1663.57647918824	3327.69995117188
1665.97665988617	3306.39990234375
1668.37611739929	3221.10009765625
1670.77485207939	3207.19995117188
1673.17286427799	3196.39990234375
1675.57015434633	3185.10009765625
1677.96672263542	3145.30004882813
1680.36256949598	3171.69995117188
1682.7576952785	3161.39990234375
1685.15210033318	3131
1687.54578501	3158.10009765625
1689.93874965866	3133.39990234375
1692.33099462861	3135.19995117188
1694.72252026904	3184.39990234375
1697.11332692889	3126
1699.50341495686	3157.60009765625
1701.89278470137	3137.19995117188
1704.28143651061	3189.19995117188
1706.66937073251	3162
1709.05658771473	3094.19995117188
1711.44308780473	3120.5
1713.82887134968	3094.5
1716.21393869648	3118.30004882813
1718.59829019185	3124
1720.98192618221	3128.60009765625
1723.36484701374	3124.60009765625
1725.74705303238	3095.5
1728.12854458384	3153.80004882813
1730.50932201356	3141.69995117188
1732.88938566673	3156.69995117188
1735.26873588834	3095.5
1737.64737302307	3128.5
1740.02529741544	3149.80004882813
1742.40250940964	3132.19995117188
1744.77900934969	3148.5
1747.15479757933	3117.30004882813
1749.52987444206	3159.39990234375
1751.90424028116	3134.19995117188
1754.27789543967	3131.19995117188
1756.65084026037	3133.39990234375
1759.02307508582	3151.10009765625
1761.39460025833	3117.60009765625
1763.76541612	3131
1766.13552301265	3125.39990234375
1768.50492127791	3090.89990234375
1770.87361125714	3139.30004882813
1773.2415932915	3096.10009765625
1775.60886772188	3120.60009765625
1777.97543488896	3079.5
1780.34129513318	3100
1782.70644879475	3107
1785.07089621365	3123.60009765625
1787.43463772964	3090.80004882813
1789.7976736822	3140.19995117188
1792.16000441066	3119
1794.52163025405	3125.19995117188
1796.88255155121	3116.5
1799.24276864074	3138.10009765625
1801.60228186102	3133.39990234375
1803.96109155019	3116.60009765625
1806.31919804618	3142.89990234375
1808.67660168668	3134.69995117188
1811.03330280916	3128.19995117188
1813.38930175088	3131
1815.74459884884	3153.5
1818.09919443984	3164.60009765625
1820.45308886047	3108.10009765625
1822.80628244708	3118.39990234375
1825.1587755358	3143.60009765625
1827.51056846254	3144.80004882813
1829.86166156297	3147.30004882813
1832.21205517258	3107.80004882813
1834.56174962661	3128.39990234375
1836.91074526009	3145.69995117188
1839.25904240783	3114.89990234375
1841.60664140443	3137.30004882813
1843.95354258425	3125.89990234375
1846.29974628146	3127.60009765625
1848.64525282998	3133.60009765625
1850.99006256356	3111.39990234375
1853.3341758157	3113.69995117188
1855.67759291968	3049.30004882813
1858.02031420858	3086.80004882813
1860.36234001528	3101.19995117188
1862.70367067241	3118.69995117188
1865.04430651244	3078.5
1867.38424786755	3124.60009765625
1869.72349506978	3110.39990234375
1872.06204845094	3108.10009765625
1874.39990834258	3072.19995117188
1876.73707507612	3109.69995117188
1879.07354898269	3112.60009765625
1881.40933039328	3119.60009765625
1883.74441963861	3139.30004882813
1886.07881704925	3093.39990234375
1888.41252295551	3129.80004882813
1890.74553768751	3064.60009765625
1893.07786157519	3071.10009765625
1895.40949494822	3118.89990234375
1897.74043813615	3066.60009765625
1900.07069146823	3127.69995117188
1902.40025527357	3106.5
1904.72912988106	3086.60009765625
1907.05731561938	3076
1909.38481281699	3091.39990234375
1911.71162180217	3100.5
1914.037742903	3057.80004882813
1916.36317644734	3097.69995117188
1918.68792276284	3069.60009765625
1921.01198217697	3096.69995117188
1923.33535501699	3051.60009765625
1925.65804160996	3071.39990234375
1927.98004228273	3103.80004882813
1930.30135736196	3054.69995117188
1932.6219871741	3117
1934.94193204543	3094.30004882813
1937.26119230198	3068.10009765625
1939.57976826962	3078.60009765625
1941.89766027402	3051.80004882813
1944.21486864062	3077.80004882813
1946.53139369472	3114.80004882813
1948.84723576137	3091.5
1951.16239516543	3091
1953.47687223159	3122.5
1955.79066728434	3064.69995117188
1958.10378064794	3097.19995117188
1960.4162126465	3079.30004882813
1962.7279636039	3107.89990234375
1965.03903384385	3069.19995117188
1967.34942368987	3064.69995117188
1969.65913346524	3097.60009765625
1971.96816349311	3126.19995117188
1974.2765140964	3102.19995117188
1976.58418559784	3081.19995117188
1978.89117831997	3054
1981.19749258516	3093
1983.50312871555	3097
1985.80808703313	3078.80004882813
1988.11236785967	3077.5
1990.41597151676	3090.80004882813
1992.71889832581	3050.69995117188
1995.02114860801	3130.10009765625
1997.3227226844	3099.39990234375
1999.62362087581	3075.39990234375
2001.92384350288	3095.89990234375
2004.22339088608	3118.89990234375
2006.52226334567	3119.60009765625
2008.82046120173	3080.5
2011.11798477417	3092.30004882813
2013.41483438269	3120.5
2015.71101034681	3095.69995117188
2018.00651298588	3097.39990234375
2020.30134261905	3110.80004882813
2022.59549956528	3115.69995117188
2024.88898414337	3131.30004882813
2027.1817966719	3089.89990234375
2029.4739374693	3093
2031.76540685379	3115.69995117188
2034.05620514342	3077.89990234375
2036.34633265607	3071.80004882813
2038.6357897094	3105.19995117188
2040.92457662092	3062.89990234375
2043.21269370795	3076.10009765625
2045.50014128763	3081.10009765625
2047.78691967691	3071.30004882813
2050.07302919256	3054.19995117188
2052.35847015118	3081.39990234375
2054.64324286919	3048.80004882813
2056.9273476628	3047.30004882813
2059.21078484808	3037
2061.4935547409	3034.80004882813
2063.77565765696	3053.39990234375
2066.05709391176	3047.80004882813
2068.33786382065	3055.10009765625
2070.61796769879	3054.30004882813
2072.89740586116	3032.5
2075.17617862255	3045.80004882813
2077.45428629759	2982.30004882813
2079.73172920075	3008.10009765625
2082.00850764627	3053.5
2084.28462194827	3036.39990234375
2086.56007242065	3028.89990234375
2088.83485937717	3051.60009765625
2091.10898313139	3040.69995117188
2093.3824439967	3038.5
2095.65524228632	3060.10009765625
2097.92737831328	3053.19995117188
2100.19885239047	3035.69995117188
2102.46966483057	3048.60009765625
2104.7398159461	3067.60009765625
2107.00930604941	3082.30004882813
2109.27813545267	3104.30004882813
2111.54630446787	3101
2113.81381340685	3090.10009765625
2116.08066258126	3081.89990234375
2118.34685230257	3100.30004882813
2120.61238288211	3109.30004882813
2122.87725463099	3137.89990234375
2125.1414678602	3109
2127.40502288052	3105.60009765625
2129.66792000257	3120.60009765625
2131.93015953682	3115.60009765625
2134.19174179353	3067.69995117188
2136.45266708282	3102.39990234375
2138.71293571463	3132.39990234375
2140.97254799873	3098.5
2143.23150424473	3133
2145.48980476205	3128.69995117188
2147.74744985996	3130.60009765625
2150.00443984754	3116.60009765625
2152.26077503373	3125.5
2154.51645572728	3129.5
2156.77148223677	3152.89990234375
2159.02585487064	3164.5
2161.27957393713	3187.69995117188
2163.53263974432	3158.89990234375
2165.78505260012	3183.80004882813
2168.0368128123	3138.10009765625
2170.28792068844	3132.30004882813
2172.53837653595	3073.80004882813
2174.78818066207	3099.30004882813
2177.03733337389	3100.39990234375
2179.28583497833	3073.80004882813
2181.53368578214	3092.10009765625
2183.78088609192	3058.5
2186.02743621406	3037.69995117188
2188.27333645484	3026.30004882813
2190.51858712033	3023.80004882813
2192.76318851646	3037.39990234375
2195.00714094901	3029.69995117188
2197.25044472354	3018.80004882813
2199.49310014551	3022.5
2201.73510752018	3035.89990234375
2203.97646715265	3023.10009765625
2206.21717934786	3052.89990234375
2208.45724441058	3053.30004882813
2210.69666264543	2990.30004882813
2212.93543435686	3004.80004882813
2215.17355984914	3012.89990234375
2217.41103942642	2988.89990234375
2219.64787339264	3000.39990234375
2221.8840620516	2971.69995117188
2224.11960570695	2982.80004882813
2226.35450466215	2997.60009765625
2228.58875922051	2996.39990234375
2230.82236968518	3002.60009765625
2233.05533635916	2971.39990234375
2235.28765954527	2997.60009765625
2237.51933954617	2973
2239.75037666437	3012
2241.98077120221	2950.30004882813
2244.21052346188	3006
2246.4396337454	2983.60009765625
2248.66810235461	2977.69995117188
2250.89592959125	2971.5
2253.12311575681	2975
2255.34966115272	3026.19995117188
2257.57556608017	3023.69995117188
2259.80083084023	2984.80004882813
2262.02545573381	3007.30004882813
2264.24944106163	2983.19995117188
2266.47278712429	3023.5
2268.69549422221	2993.60009765625
2270.91756265564	3034
2273.1389927247	3014
2275.35978472934	3016
2277.57993896933	3029.89990234375
2279.79945574431	3003.89990234375
2282.01833535375	3062.10009765625
2284.23657809696	3044
2286.45418427309	3011.89990234375
2288.67115418114	3039.60009765625
2290.88748811995	3020.69995117188
2293.10318638819	3052.39990234375
2295.3182492844	3079.39990234375
2297.53267710693	3037.60009765625
2299.746470154	3077.5
2301.95962872364	3075.89990234375
2304.17215311376	3094.30004882813
2306.3840436221	3158.60009765625
2308.59530054621	3137.39990234375
2310.80592418354	3143
2313.01591483134	3110.30004882813
2315.22527278673	3132.5
2317.43399834666	3130
2319.64209180791	3108.30004882813
2321.84955346713	3081.89990234375
2324.05638362079	3060.5
2326.26258256524	3064.10009765625
2328.46815059664	3057.80004882813
2330.67308801098	3046.30004882813
2332.87739510415	3049.5
2335.08107217184	3032.10009765625
2337.2841195096	3006
2339.48653741281	3017.89990234375
2341.68832617672	3058.89990234375
2343.8894860964	3041.89990234375
2346.09001746678	3021.69995117188
2348.28992058261	3029.39990234375
2350.48919573852	3032
2352.68784322898	3028.60009765625
2354.88586334826	3004.69995117188
2357.08325639055	3038.10009765625
2359.2800226498	3008.30004882813
2361.47616241988	2974.89990234375
2363.67167599445	2973.80004882813
2365.86656366706	2984
2368.06082573107	2969.19995117188
2370.2544624797	2987.39990234375
2372.44747420603	2925.69995117188
2374.63986120295	2949.10009765625
2376.83162376322	2961.80004882813
2379.02276217945	2950.5
2381.21327674408	2964.5
2383.4031677494	2924.89990234375
2385.59243548756	2923.30004882813
2387.78108025053	2964.60009765625
2389.96910233014	2933.30004882813
2392.15650201809	2952.60009765625
2394.34327960587	2948.69995117188
2396.52943538486	2908.10009765625
2398.71496964628	2912.39990234375
2400.89988268118	2926.69995117188
2403.08417478048	2942.69995117188
2405.26784623491	2921.5
2407.45089733509	2972.69995117188
2409.63332837146	2964.39990234375
2411.81513963429	2936.69995117188
2413.99633141375	2951
2416.1769039998	2911.30004882813
2418.35685768227	2892.5
2420.53619275084	2923.69995117188
2422.71490949505	2935.69995117188
2424.89300820425	2954.89990234375
2427.07048916765	2916.39990234375
2429.24735267433	2905.19995117188
2431.42359901319	2935.5
2433.59922847297	2912.30004882813
2435.7742413423	2909.5
2437.94863790961	2900.69995117188
2440.12241846321	2941.60009765625
2442.29558329121	2888.60009765625
2444.46813268162	2942.39990234375
2446.64006692228	2885.30004882813
2448.81138630086	2901.89990234375
2450.98209110489	2918.89990234375
2453.15218162174	2885.5
2455.32165813864	2911.30004882813
2457.49052094265	2921
2459.65877032069	2944.10009765625
2461.8264065595	2964.80004882813
2463.99342994572	2921
2466.15984076579	2985.30004882813
2468.325639306	2960.60009765625
2470.49082585251	2976
2472.65540069131	2997.39990234375
2474.81936410824	2963.89990234375
2476.98271638899	2961
2479.14545781909	2958.5
2481.30758868392	2938.80004882813
2483.4691092687	2964.69995117188
2485.63001985852	2937.19995117188
2487.79032073829	2940.30004882813
2489.95001219277	2926.10009765625
2492.10909450659	2920.89990234375
2494.26756796419	2955.60009765625
2496.42543284989	2961.5
2498.58268944783	2929.10009765625
2500.73933804202	2925.30004882813
2502.8953789163	2936.5
2505.05081235436	2979.30004882813
2507.20563863974	2934.19995117188
2509.35985805582	2958.30004882813
2511.51347088583	2940.5
2513.66647741285	2942
2515.81887791981	2994.69995117188
2517.97067268946	3002.19995117188
2520.12186200443	2972.69995117188
2522.27244614716	2992.80004882813
2524.42242539999	2976.30004882813
2526.57180004504	2955.89990234375
2528.72057036433	2933.10009765625
2530.8687366397	2928.89990234375
2533.01629915284	2940.10009765625
2535.16325818527	2926.80004882813
2537.30961401839	2894
2539.45536693343	2877.80004882813
2541.60051721145	2886.89990234375
2543.74506513338	2848.80004882813
2545.88901097997	2847.19995117188
2548.03235503185	2861
2550.17509756946	2856.5
2552.31723887311	2840.30004882813
2554.45877922293	2861.69995117188
2556.59971889893	2836.19995117188
2558.74005818094	2835
2560.87979734864	2847.89990234375
2563.01893668155	2854.5
2565.15747645906	2807
2567.29541696037	2822.19995117188
2569.43275846454	2845.69995117188
2571.56950125049	2808.10009765625
2573.70564559696	2819.30004882813
2575.84119178254	2801.19995117188
2577.97614008569	2836.69995117188
2580.11049078468	2835.69995117188
2582.24424415764	2846.5
2584.37740048255	2843
2586.50996003722	2831.5
2588.64192309931	2888.10009765625
2590.77328994634	2845.39990234375
2592.90406085564	2847.60009765625
2595.03423610442	2851.69995117188
2597.16381596971	2847.80004882813
2599.29280072839	2835.89990234375
2601.42119065719	2855.89990234375
2603.54898603267	2877.39990234375
2605.67618713125	2837.30004882813
2607.80279422919	2844.19995117188
2609.92880760257	2847.69995117188
2612.05422752735	2860.39990234375
2614.17905427932	2863.69995117188
2616.30328813408	2853
2618.42692936713	2857.10009765625
2620.54997825377	2836.30004882813
2622.67243506915	2862.5
2624.79430008828	2867.39990234375
2626.915573586	2891.19995117188
2629.03625583699	2858
2631.15634711579	2879.10009765625
2633.27584769675	2879.69995117188
2635.39475785408	2925.89990234375
2637.51307786185	2926.5
2639.63080799394	2908.80004882813
2641.74794852409	2895.89990234375
2643.86449972589	2966.30004882813
2645.98046187273	2954.5
2648.0958352379	2983.19995117188
2650.21062009449	2982.19995117188
2652.32481671544	3027.80004882813
2654.43842537353	3024.80004882813
2656.5514463414	3104.60009765625
2658.66387989151	3076.5
2660.77572629616	3082.19995117188
2662.88698582751	3121.80004882813
2664.99765875753	3147.5
2667.10774535806	3161
2669.21724590076	3146.89990234375
2671.32616065714	3148.30004882813
2673.43448989857	3130.30004882813
2675.5422338962	3084.30004882813
2677.64939292108	3076.39990234375
2679.75596724408	3002
2681.86195713589	3040.69995117188
2683.96736286707	2986
2686.07218470799	2941.60009765625
2688.17642292889	2898
2690.28007779982	2950.5
2692.38314959069	2866.80004882813
2694.48563857123	2886.10009765625
2696.58754501103	2856
2698.6888691795	2892.39990234375
2700.78961134588	2835.5
2702.8897717793	2849.69995117188
2704.98935074864	2869.39990234375
2707.08834852271	2846.19995117188
2709.18676537009	2831.10009765625
2711.28460155925	2835.60009765625
2713.38185735843	2848.10009765625
2715.47853303577	2826.89990234375
2717.57462885924	2836.10009765625
2719.67014509659	2838.60009765625
2721.76508201548	2816.39990234375
2723.85943988337	2810.80004882813
2725.95321896754	2826.10009765625
2728.04641953515	2767.69995117188
2730.13904185316	2796.89990234375
2732.23108618837	2795.39990234375
2734.32255280744	2781.10009765625
2736.41344197683	2786.69995117188
2738.50375396288	2771.89990234375
2740.5934890317	2753.5
2742.68264744932	2735.19995117188
2744.77122948153	2765.19995117188
2746.85923539398	2756.19995117188
2748.94666545217	2719.80004882813
2751.03351992142	2741.80004882813
2753.11979906688	2741.10009765625
2755.20550315355	2746.39990234375
2757.29063244624	2708.5
2759.37518720963	2704.80004882813
2761.45916770819	2674.89990234375
2763.54257420625	2684.89990234375
2765.62540696797	2704.60009765625
2767.70766625733	2709.30004882813
2769.78935233816	2687.10009765625
2771.87046547413	2709.10009765625
2773.95100592869	2691.30004882813
2776.03097396519	2715.5
2778.11036984677	2687.89990234375
2780.18919383641	2723.80004882813
2782.26744619693	2731.89990234375
2784.34512719097	2702
2786.42223708102	2763.39990234375
2788.49877612937	2714.69995117188
2790.57474459816	2716.30004882813
2792.65014274937	2707.60009765625
2794.7249708448	2708.10009765625
2796.79922914607	2720.89990234375
2798.87291791465	2697.30004882813
2800.94603741181	2726.39990234375
2803.01858789869	2725.89990234375
2805.09056963623	2714.10009765625
2807.1619828852	2713.80004882813
2809.23282790621	2689.5
2811.30310495971	2713.19995117188
2813.37281430593	2724.5
2815.441956205	2738.89990234375
2817.51053091682	2690.89990234375
2819.57853870114	2740.80004882813
2821.64597981753	2730.80004882813
2823.7128545254	2749.30004882813
2825.77916308399	2731
2827.84490575233	2725.80004882813
2829.91008278933	2743
2831.97469445369	2756.19995117188
2834.03874100395	2787.69995117188
2836.10222269847	2807.5
2838.16513979544	2822.69995117188
2840.22749255288	2867
2842.28928122863	2936.60009765625
2844.35050608034	2997.39990234375
2846.41116736553	3088.30004882813
2848.47126534149	3185.10009765625
2850.53080026537	3259.69995117188
2852.58977239414	3284.60009765625
2854.64818198459	3298.5
2856.70602929332	3290.5
2858.76331457678	3227.80004882813
2860.82003809123	3205.39990234375
2862.87620009274	3203.39990234375
2864.93180083723	3149.39990234375
2866.98684058043	3179.69995117188
2869.04131957789	3141.39990234375
2871.09523808497	3175.10009765625
2873.14859635689	3157.10009765625
2875.20139464866	3198
2877.2536332151	3200.5
2879.30531231091	3239
2881.35643219054	3215.60009765625
2883.40699310831	3227.19995117188
2885.45699531834	3252.30004882813
2887.50643907457	3260.69995117188
2889.55532463077	3270.39990234375
2891.60365224053	3279.30004882813
2893.65142215724	3269.10009765625
2895.69863463414	3309.10009765625
2897.74528992426	3311.69995117188
2899.79138828046	3302.39990234375
2901.83692995544	3295.60009765625
2903.88191520168	3292.5
2905.92634427151	3311
2907.97021741706	3278.69995117188
2910.01353489027	3312.89990234375
2912.05629694294	3265.30004882813
2914.09850382663	3264.19995117188
2916.14015579276	3282.80004882813
2918.18125309254	3252.30004882813
2920.22179597702	3247.39990234375
2922.26178469705	3289.39990234375
2924.30121950329	3302.10009765625
2926.34010064624	3294.19995117188
2928.37842837619	3334.89990234375
2930.41620294326	3320.30004882813
2932.45342459737	3290.89990234375
2934.49009358828	3305.89990234375
2936.52621016555	3279.89990234375
2938.56177457854	3262.89990234375
2940.59678707645	3194.19995117188
2942.63124790827	3179.30004882813
2944.66515732282	3104.80004882813
2946.69851556873	3113.10009765625
2948.73132289443	3086
2950.76357954817	3011.80004882813
2952.79528577803	2981.19995117188
2954.82644183188	2978.30004882813
2956.85704795741	2978.5
2958.8871044021	2969.60009765625
2960.91661141328	2947.5
2962.94556923807	2958
2964.97397812339	2922.30004882813
2967.00183831598	2912.89990234375
2969.0291500624	2881.30004882813
2971.05591360902	2897.80004882813
2973.08212920199	2848.30004882813
2975.1077970873	2826.60009765625
2977.13291751074	2860
2979.1574907179	2813.89990234375
2981.18151695419	2774.80004882813
2983.20499646482	2780.19995117188
2985.2279294948	2750.39990234375
2987.25031628898	2763.89990234375
2989.27215709199	2769.30004882813
2991.29345214825	2772.10009765625
2993.31420170204	2721.39990234375
2995.33440599738	2749.69995117188
2997.35406527816	2724.39990234375
2999.37317978802	2757.69995117188
3001.39174977045	2782.19995117188
3003.40977546872	2779.19995117188
3005.42725712591	2823.19995117188
3007.44419498491	2828.69995117188
3009.4605892884	2846.19995117188
3011.47644027889	2838.19995117188
3013.49174819865	2837.30004882813
3015.5065132898	2851.10009765625
3017.52073579424	2869.10009765625
3019.53441595366	2800.60009765625
3021.54755400959	2822.19995117188
3023.56015020332	2783.69995117188
3025.57220477598	2779.80004882813
3027.58371796846	2774.19995117188
3029.5946900215	2775.19995117188
3031.6051211756	2745.80004882813
3033.61501167107	2714.5
3035.62436174803	2731.19995117188
3037.6331716464	2688.80004882813
3039.64144160588	2671.19995117188
3041.649171866	2667.60009765625
3043.65636266607	2649.60009765625
3045.6630142452	2636.30004882813
3047.66912684229	2647
3049.67470069605	2607
3051.679736045	2592.60009765625
3053.68423312742	2570.69995117188
3055.68819218143	2601.69995117188
3057.6916134449	2559.80004882813
3059.69449715556	2553.60009765625
3061.69684355086	2583.19995117188
3063.6986528681	2569.39990234375
3065.69992534437	2552.69995117188
3067.70066121653	2587.80004882813
3069.70086072126	2543.10009765625
3071.700524095	2534.10009765625
3073.69965157405	2537.69995117188
3075.69824339442	2542.39990234375
3077.69629979197	2549.60009765625
3079.69382100235	2529.30004882813
3081.69080726098	2530.5
3083.68725880307	2516.69995117188
3085.68317586366	2514.60009765625
3087.67855867755	2520.89990234375
3089.67340747933	2500.80004882813
3091.6677225034	2507.60009765625
3093.66150398392	2502.10009765625
3095.6547521549	2505.30004882813
3097.64746725006	2496.60009765625
3099.63964950297	2475.39990234375
3101.63129914698	2524.30004882813
3103.6224164152	2474.5
3105.61300154056	2485.89990234375
3107.60305475576	2491.80004882813
3109.59257629331	2509.19995117188
3111.58156638547	2487.19995117188
3113.57002526432	2487.80004882813
3115.55795316172	2515.30004882813
3117.54535030932	2464.60009765625
3119.53221693853	2495.30004882813
3121.51855328057	2479.5
3123.50435956646	2502.30004882813
3125.48963602698	2484.30004882813
3127.4743828927	2486.5
3129.45860039397	2492.39990234375
3131.44228876093	2471.69995117188
3133.42544822353	2461.39990234375
3135.40807901145	2521.19995117188
3137.39018135418	2499.5
3139.37175548102	2475.19995117188
3141.35280162101	2449.89990234375
3143.33332000299	2489.10009765625
3145.31331085559	2475.80004882813
3147.2927744072	2484.30004882813
3149.27171088602	2519.60009765625
3151.25012052	2473.60009765625
3153.22800353689	2466.89990234375
3155.20536016422	2463.80004882813
3157.18219062929	2477
3159.15849515918	2474.69995117188
3161.13427398075	2470.19995117188
3163.10952732066	2485.19995117188
3165.08425540532	2484.30004882813
3167.05845846092	2491.19995117188
3169.03213671344	2428.19995117188
3171.00529038863	2454.10009765625
3172.97791971203	2456.80004882813
3174.95002490893	2482.19995117188
3176.92160620443	2460.80004882813
3178.89266382337	2466.30004882813
3180.8631979904	2443.10009765625
3182.83320892991	2458.30004882813
3184.80269686609	2477.39990234375
3186.77166202289	2431.69995117188
3188.74010462406	2430.80004882813
3190.70802489307	2446.80004882813
3192.67542305323	2481.19995117188
3194.64229932757	2464.60009765625
3196.60865393892	2444
3198.57448710987	2439.10009765625
3200.53979906279	2426.39990234375
3202.50459001981	2432.10009765625
3204.46886020284	2438.30004882813
3206.43260983356	2442.10009765625
3208.39583913341	2439.10009765625
3210.35854832362	2444.80004882813
3212.32073762517	2434.80004882813
3214.28240725881	2418.69995117188
3216.24355744508	2446
3218.20418840426	2438.10009765625
3220.16430035642	2443.80004882813
3222.12389352137	2433.80004882813
3224.08296811873	2456.89990234375
3226.04152436784	2438.69995117188
3227.99956248784	2443
3229.95708269762	2441.80004882813
3231.91408521584	2452.19995117188
3233.87057026092	2436
3235.82653805105	2464.30004882813
3237.78198880419	2436.60009765625
3239.73692273806	2445.19995117188
3241.69134007013	2437.80004882813
3243.64524101764	2450.89990234375
3245.59862579761	2452.39990234375
3247.55149462681	2440.80004882813
3249.50384772176	2423.10009765625
3251.45568529877	2464.60009765625
3253.40700757387	2465.19995117188
3255.35781476288	2455.80004882813
3257.3081070814	2427
3259.25788474473	2449.69995117188
3261.20714796799	2462.69995117188
3263.15589696602	2461.69995117188
3265.10413195345	2440
3267.05185314463	2433.10009765625
3268.9990607537	2425.69995117188
3270.94575499455	2452.60009765625
3272.89193608081	2440.39990234375
3274.8376042259	2438.10009765625
3276.78275964296	2441.5
3278.72740254492	2444.30004882813
3280.67153314443	2424.5
3282.61515165393	2435.30004882813
3284.55825828559	2425.30004882813
3286.50085325135	2424.89990234375
3288.44293676289	2451
3290.38450903165	2403.89990234375
3292.32557026883	2419.19995117188
3294.26612068537	2385
3296.20616049198	2422.10009765625
3298.14568989911	2411.89990234375
3300.08470911695	2433.5
3302.02321835546	2422.5
3303.96121782435	2388.30004882813
3305.89870773306	2421.5
3307.83568829081	2420.60009765625
3309.77215970655	2434.60009765625
3311.70812218898	2422.5
3313.64357594655	2429.39990234375
3315.57852118747	2394.30004882813
3317.51295811968	2419.30004882813
3319.44688695087	2419
3321.38030788849	2414.60009765625
3323.31322113973	2402.30004882813
3325.24562691152	2390.69995117188
3327.17752541055	2393
3329.10891684322	2373
3331.03980141573	2405.80004882813
3332.97017933399	2420
3334.90005080364	2387.39990234375
3336.82941603011	2381.89990234375
3338.75827521852	2378.5
3340.68662857377	2392.30004882813
3342.6144763005	2387.10009765625
3344.54181860308	2388.5
3346.46865568561	2372.5
3348.39498775195	2383.10009765625
3350.32081500571	2372.19995117188
3352.24613765022	2391.5
3354.17095588855	2392.19995117188
3356.09526992352	2417.10009765625
3358.01907995769	2365.30004882813
3359.94238619334	2377.80004882813
3361.86518883251	2387.10009765625
3363.78748807697	2364.60009765625
3365.70928412823	2397.60009765625
3367.63057718752	2372.30004882813
3369.55136745582	2399.89990234375
3371.47165513386	2374.10009765625
3373.39144042208	2367.69995117188
3375.31072352066	2352.69995117188
3377.22950462953	2364.19995117188
3379.14778394834	2387.60009765625
3381.06556167648	2395.10009765625
3382.98283801308	2360.80004882813
3384.89961315697	2373.60009765625
3386.81588730676	2373.69995117188
3388.73166066076	2381.19995117188
3390.64693341702	2390.30004882813
3392.56170577332	2359.39990234375
3394.47597792716	2342.30004882813
3396.38975007581	2346.69995117188
3398.30302241623	2347.39990234375
3400.21579514512	2370.80004882813
3402.1280684589	2347.60009765625
3404.03984255374	2356.10009765625
3405.95111762553	2343.10009765625
3407.86189386987	2356.89990234375
3409.77217148212	2347.10009765625
3411.68195065733	2346.10009765625
3413.5912315903	2360.80004882813
3415.50001447556	2340.30004882813
3417.40829950735	2346.19995117188
3419.31608687963	2332.80004882813
3421.22337678611	2352
3423.1301694202	2343.19995117188
3425.03646497504	2334
3426.9422636435	2324.80004882813
3428.84756561816	2338.89990234375
3430.75237109135	2341.80004882813
3432.65668025508	2320.30004882813
3434.56049330112	2343
3436.46381042093	2366.19995117188
3438.36663180571	2351
3440.26895764638	2367.89990234375
3442.17078813357	2316.39990234375
3444.07212345762	2312.10009765625
3445.97296380863	2323.69995117188
3447.87330937636	2349.19995117188
3449.77316035033	2352
3451.67251691977	2333.10009765625
3453.57137927361	2288.39990234375
3455.46974760052	2331.60009765625
3457.36762208886	2329.60009765625
3459.26500292671	2306.80004882813
3461.16189030191	2322.19995117188
3463.05828440194	2311.19995117188
3464.95418541406	2318.39990234375
3466.84959352519	2315.60009765625
3468.74450892201	2312.89990234375
3470.63893179088	2282.80004882813
3472.53286231788	2291.80004882813
3474.42630068881	2299.30004882813
3476.31924708918	2305.89990234375
3478.2117017042	2306.5
3480.1036647188	2311.10009765625
3481.99513631761	2276.80004882813
3483.88611668498	2285.19995117188
3485.77660600498	2311.39990234375
3487.66660446135	2297.5
3489.55611223758	2304.39990234375
3491.44512951683	2310.39990234375
3493.333656482	2289.19995117188
3495.22169331568	2263.89990234375
3497.10924020016	2257
3498.99629731746	2281.10009765625
3500.88286484927	2263.89990234375
3502.76894297702	2285.5
3504.65453188182	2276.39990234375
3506.53963174449	2266.60009765625
3508.42424274555	2268.60009765625
3510.30836506524	2271.5
3512.19199888349	2281.80004882813
3514.07514437992	2249.69995117188
3515.95780173387	2249.39990234375
3517.83997112437	2263.60009765625
3519.72165273016	2257
3521.60284672967	2237.30004882813
3523.48355330104	2230
3525.36377262208	2255.60009765625
3527.24350487035	2206.69995117188
3529.12275022306	2228.5
3531.00150885715	2235.60009765625
3532.87978094923	2214
3534.75756667562	2219
3536.63486621235	2234.10009765625
3538.51167973512	2222.69995117188
3540.38800741934	2203
3542.26384944011	2225.10009765625
3544.13920597223	2214.10009765625
3546.01407719018	2204.10009765625
3547.88846326815	2221.69995117188
3549.76236438002	2208
3551.63578069934	2201.39990234375
3553.50871239938	2178
3555.38115965309	2192.89990234375
3557.25312263311	2176.89990234375
3559.12460151177	2189.5
3560.99559646109	2173.69995117188
3562.86610765279	2198.19995117188
3564.73613525825	2194.30004882813
3566.60567944857	2202.39990234375
3568.47474039453	2168
3570.34331826658	2183.69995117188
3572.21141323487	2190
3574.07902546925	2170.19995117188
3575.94615513922	2191.80004882813
3577.81280241401	2175.60009765625
3579.67896746249	2177.89990234375
3581.54465045325	2184.69995117188
3583.40985155455	2178.60009765625
3585.27457093432	2194.19995117188
3587.1388087602	2191.69995117188
3589.00256519949	2176.60009765625
3590.86584041919	2184.69995117188
3592.72863458597	2189
3594.59094786618	2155.5
3596.45278042585	2175.89990234375
3598.31413243069	2178.39990234375
3600.17500404611	2167
3602.03539543717	2138.19995117188
3603.89530676861	2170.80004882813
3605.75473820488	2171.80004882813
3607.61368991007	2155
3609.47216204797	2176.89990234375
3611.33015478203	2152
3613.18766827539	2157
3615.04470269087	2169.19995117188
3616.90125819094	2159.19995117188
3618.75733493776	2142.5
3620.61293309318	2148.89990234375
3622.46805281869	2127.60009765625
3624.32269427547	2162.5
3626.17685762439	2145
3628.03054302596	2154.19995117188
3629.88375064038	2159
3631.73648062751	2163.60009765625
3633.5887331469	2106.39990234375
3635.44050835775	2134.5
3637.29180641893	2134
3639.14262748899	2119.5
3640.99297172614	2125
3642.84283928828	2119.89990234375
3644.69223033294	2134.5
3646.54114501734	2111.19995117188
3648.38958349836	2137
3650.23754593256	2126.60009765625
3652.08503247614	2126.80004882813
3653.93204328497	2116.89990234375
3655.77857851462	2130.39990234375
3657.62463832028	2113.39990234375
3659.47022285682	2127.30004882813
3661.31533227877	2118.80004882813
3663.15996674033	2118.5
3665.00412639535	2108.60009765625
3666.84781139736	2115.69995117188
3668.69102189953	2123.10009765625
3670.5337580547	2096.39990234375
3672.37602001537	2111.60009765625
3674.21780793368	2099
3676.05912196148	2106.69995117188
3677.89996225021	2077.19995117188
3679.74032895103	2111.69995117188
3681.58022221471	2090.39990234375
3683.41964219171	2074.60009765625
3685.25858903211	2069.19995117188
3687.0970628857	2066.80004882813
3688.93506390186	2083
3690.77259222968	2099.30004882813
3692.60964801787	2078
3694.44623141481	2061.30004882813
3696.28234256853	2060.39990234375
3698.11798162669	2081.69995117188
3699.95314873665	2033
3701.78784404537	2059.19995117188
3703.62206769951	2082.30004882813
3705.45581984533	2055.39990234375
3707.28910062877	2070.89990234375
3709.12191019542	2063.30004882813
3710.95424869052	2048.19995117188
3712.78611625894	2053.89990234375
3714.6175130452	2051
3716.44843919349	2048.69995117188
3718.27889484764	2034.80004882813
3720.1088801511	2045
3721.93839524699	2039.69995117188
3723.76744027808	2068.19995117188
3725.59601538677	2068.80004882813
3727.4241207151	2062.60009765625
