40.2973356941271	1144.09997558594
43.2236257608418	1154.69995117188
46.1488808466109	1165.80004882813
49.0731017336173	1171.09997558594
51.9962892025666	1184.09997558594
54.9184440327569	1200.19995117188
57.8395670020446	1203.90002441406
60.7596588868509	1227.19995117188
63.6787204621708	1245.90002441406
66.5967525015794	1262.90002441406
69.5137557772381	1304.40002441406
72.4297310598838	1342.09997558594
75.3446791188512	1400.90002441406
78.2586007220466	1481.59997558594
81.1714966360015	1569.90002441406
84.0833676258266	1659.69995117188
86.994214455242	1814.69995117188
89.9040378865662	1959.80004882813
92.8128386807427	2096.30004882813
95.7206175973133	2201.19995117188
98.6273753944444	2359.89990234375
101.533112828928	2426.80004882813
104.437830656161	2488.89990234375
107.34152963018	2509.80004882813
110.244210503676	2532.60009765625
113.145874027931	2545.89990234375
116.046520952895	2535.80004882813
118.946152027154	2504.80004882813
121.844767997933	2496.60009765625
124.74236961111	2532.80004882813
127.638957611212	2536.19995117188
130.534532741422	2573.89990234375
133.429095743606	2536.69995117188
136.322647358252	2592.10009765625
139.215188324544	2593.69995117188
142.106719380311	2593.39990234375
144.997241262089	2612.19995117188
147.886754705057	2625
150.775260443096	2610.39990234375
153.662759208748	2660.89990234375
156.549251733282	2615.60009765625
159.434738746612	2655.5
162.319220977376	2647.30004882813
165.20269915289	2650.30004882813
168.085173999178	2671.39990234375
170.966646240977	2661
173.847116601709	2658.60009765625
176.726585803528	2637.19995117188
179.605054567295	2641.19995117188
182.48252361259	2658.19995117188
185.358993657701	2601.10009765625
188.234465419645	2630
191.108939614183	2632.10009765625
193.982416955795	2609.10009765625
196.854898157687	2597.89990234375
199.726383931801	2622.30004882813
202.596874988835	2631.80004882813
205.466372038225	2651.19995117188
208.334875788145	2641.39990234375
211.202386945534	2655.5
214.068906216069	2664.60009765625
216.934434304194	2675
219.798971913111	2651.39990234375
222.662519744776	2713.39990234375
225.525078499925	2695.5
228.386648878069	2688.80004882813
231.247231577465	2700.80004882813
234.106827295172	2679.39990234375
236.965436727012	2659.89990234375
239.823060567597	2662.60009765625
242.679699510337	2704.89990234375
245.535354247396	2700.30004882813
248.390025469775	2683
251.243713867223	2647.89990234375
254.096420128327	2653
256.948144940459	2666.80004882813
259.798888989788	2675.80004882813
262.648652961315	2649.5
265.49743753883	2683.30004882813
268.345243404939	2687
271.192071241073	2692.39990234375
274.037921727485	2700.89990234375
276.882795543246	2716.19995117188
279.72669336624	2697.30004882813
282.569615873213	2721.89990234375
285.411563739724	2719.10009765625
288.252537640165	2735.10009765625
291.092538247763	2730.80004882813
293.931566234616	2733.80004882813
296.769622271633	2732.39990234375
299.606707028594	2736.5
302.442821174104	2746
305.277965375652	2766.5
308.112140299574	2770.30004882813
310.945346611062	2791.60009765625
313.777584974167	2791.19995117188
316.608856051813	2793.5
319.439160505797	2764.39990234375
322.268498996783	2798.69995117188
325.096872184303	2789.39990234375
327.924280726782	2775.60009765625
330.750725281521	2782.80004882813
333.576206504693	2778.60009765625
336.400725051388	2767.69995117188
339.224281575542	2772.80004882813
342.046876730026	2773.19995117188
344.868511166586	2750.60009765625
347.689185535872	2763.5
350.508900487421	2757.5
353.327656669699	2761
356.145454730079	2746.10009765625
358.962295314817	2767.89990234375
361.778179069105	2762.89990234375
364.593106637051	2752.89990234375
367.407078661675	2780.19995117188
370.220095784913	2758.5
373.032158647655	2787
375.843267889676	2788.39990234375
378.653424149715	2782.89990234375
381.462628065436	2800.19995117188
384.270880273432	2798.39990234375
387.078181409254	2797.60009765625
389.884532107358	2863
392.689933001188	2857.60009765625
395.494384723112	2836.5
398.29788790445	2886.89990234375
401.100443175488	2826.80004882813
403.902051165437	2878.69995117188
406.702712502518	2827.69995117188
409.502427813866	2833.30004882813
412.301197725607	2866.89990234375
415.099022862823	2810.69995117188
417.89590384957	2858.10009765625
420.691841308876	2831.39990234375
423.486835862752	2838.69995117188
426.280888132173	2866.19995117188
429.073998737112	2880.10009765625
431.866168296507	2846.39990234375
434.657397428298	2867
437.447686749412	2850.10009765625
440.237036875762	2852
443.025448422257	2842.80004882813
445.812922002813	2878.5
448.599458230326	2892.80004882813
451.38505771672	2882.60009765625
454.169721072909	2862.5
456.953448908819	2883.80004882813
459.736241833384	2878.69995117188
462.518100454555	2861.60009765625
465.2990253793	2908.69995117188
468.079017213605	2869.60009765625
470.858076562476	2901.80004882813
473.636204029939	2902.80004882813
476.41340021906	2896.39990234375
479.189665731938	2886.10009765625
481.965001169667	2872
484.739407132419	2915.5
487.512884219391	2905.10009765625
490.285433028796	2886.5
493.057054157921	2901.30004882813
495.827748203087	2881.69995117188
498.597515759658	2917
501.366357422061	2908
504.134273783759	2909.60009765625
506.901265437278	2911.19995117188
509.66733297421	2923.5
512.432476985198	2930.39990234375
515.196698059945	2948.89990234375
517.959996787225	2931.60009765625
520.722373754895	2939.89990234375
523.483829549856	2954.5
526.24436475811	2942.30004882813
529.003979964696	2951.30004882813
531.762675753779	2906.39990234375
534.520452708569	2941
537.277311411375	2938.19995117188
540.03325244359	2931.5
542.788276385682	2905.5
545.54238381725	2929
548.295575316938	2960
551.047851462516	2939
553.799212830831	2910.80004882813
556.549659997851	2911.89990234375
559.299193538643	2915.69995117188
562.047814027381	2919.39990234375
564.795522037318	2910.19995117188
567.542318140861	2921.80004882813
570.288202909507	2922.69995117188
573.033176913873	2904.5
575.7772407237	2901.30004882813
578.520394907829	2925.60009765625
581.26264003424	2921.39990234375
584.003976670046	2920.30004882813
586.744405381469	2932
589.483926733869	2966.19995117188
592.222541291746	2939.10009765625
594.96024961872	2974.5
597.697052277563	2970.39990234375
600.432949830166	2978.19995117188
603.167942837587	2976
605.902031860012	2976.89990234375
608.635217456783	3022
611.367500186378	3016.5
614.098880606429	3026.10009765625
616.82935927374	2981.89990234375
619.558936744248	3038.80004882813
622.287613573072	2995.89990234375
625.015390314457	3010
627.742267521848	3036.5
630.468245747829	3006.19995117188
633.193325544166	2960.60009765625
635.917507461792	3003.10009765625
638.640792050804	2986.80004882813
641.36317986048	3012.5
644.084671439281	2966.39990234375
646.805267334845	3007
649.524968093967	2980.10009765625
652.24377426266	2967.69995117188
654.961686386106	2999.30004882813
657.678705008678	2987.19995117188
660.394830673939	2968.30004882813
663.110063924628	2997.69995117188
665.824405302728	3034.80004882813
668.537855349351	3008.10009765625
671.250414604863	3034.60009765625
673.962083608812	3044.80004882813
676.672862899949	3027.69995117188
679.382753016218	3055.80004882813
682.091754494801	3008.10009765625
684.799867872061	3043.80004882813
687.507093683595	3086.19995117188
690.213432464198	3069.5
692.918884747899	3047.89990234375
695.623451067937	3081.69995117188
698.327131956755	3051.19995117188
701.029927946065	3081.5
703.731839566754	3064.30004882813
706.43286734896	3059.10009765625
709.133011822067	3109.39990234375
711.832273514658	3051.19995117188
714.53065295457	3116.5
717.228150668879	3063.89990234375
719.924767183889	3095.69995117188
722.620503025148	3090.80004882813
725.315358717446	3091.5
728.009334784827	3072.39990234375
730.702431750559	3085.30004882813
733.394650137188	3097.69995117188
736.085990466498	3086.69995117188
738.776453259519	3057.10009765625
741.466039036542	3046.30004882813
744.154748317125	3061.5
746.842581620074	3059.10009765625
749.529539463458	3068.30004882813
752.215622364608	3075.89990234375
754.900830840131	3063.89990234375
757.585165405892	3062.39990234375
760.26862657703	3087.69995117188
762.951214867957	3107.60009765625
765.632930792356	3117.19995117188
768.313774863181	3060.80004882813
770.993747592673	3097
773.672849492359	3095.80004882813
776.351081073017	3116.39990234375
779.028442844757	3093
781.704935316928	3139.5
784.380558998208	3113.69995117188
787.055314396528	3127.69995117188
789.729202019141	3084.30004882813
792.402222372581	3127.30004882813
795.074375962669	3162.89990234375
797.745663294537	3134.19995117188
800.416084872622	3146.80004882813
803.085641200652	3136.80004882813
805.754332781664	3177.5
808.422160117986	3161.89990234375
811.089123711292	3152.69995117188
813.75522406252	3194.30004882813
816.420461671951	3178.30004882813
819.084837039164	3187.19995117188
821.748350663067	3178.39990234375
824.411003041866	3186.69995117188
827.072794673116	3195.69995117188
829.733726053668	3228.69995117188
832.39379767971	3210.69995117188
835.05301004674	3205.10009765625
837.711363649601	3233.89990234375
840.368858982457	3252.89990234375
843.025496538805	3293.19995117188
845.681276811467	3235.39990234375
848.336200292618	3248
850.99026747375	3268.10009765625
853.643478845713	3295.5
856.29583489868	3285.69995117188
858.947336122176	3269.80004882813
861.59798300506	3270
864.247776035556	3311.5
866.896715701222	3337.89990234375
869.544802488959	3326.39990234375
872.192036885046	3340.69995117188
874.838419375087	3346.19995117188
877.483950444054	3357.80004882813
880.128630576285	3340.69995117188
882.772460255461	3346
885.415439964628	3302.30004882813
888.057570186211	3360.60009765625
890.698851401966	3353.60009765625
893.339284093045	3328.60009765625
895.978868739961	3353.69995117188
898.617605822596	3310.10009765625
901.255495820196	3330
903.892539211396	3267.5
906.528736474184	3307
909.164088085949	3311.39990234375
911.798594523442	3273.60009765625
914.432256262804	3306
917.065073779549	3323.30004882813
919.697047548589	3319.69995117188
922.328178044212	3356.69995117188
924.9584657401	3341.19995117188
927.587911109317	3360.19995117188
930.216514624317	3353
932.844276756963	3365.89990234375
935.471197978488	3399.5
938.097278759538	3356.80004882813
940.722519570163	3422.69995117188
943.346920879798	3465
945.97048315729	3485.30004882813
948.593206870885	3560.39990234375
951.215092488219	3576.60009765625
953.836140476366	3602.10009765625
956.456351301787	3616.69995117188
959.07572543037	3649.30004882813
961.694263327369	3691.10009765625
964.311965457521	3725
966.928832284933	3717.5
969.544864273135	3697.5
972.160061885076	3649.60009765625
974.774425583129	3627.5
977.387955829099	3613.80004882813
980.000653084196	3578.30004882813
982.612517809061	3599.89990234375
985.223550463768	3564.80004882813
987.833751507819	3612.80004882813
990.443121400135	3643.69995117188
993.051660599081	3700.69995117188
995.659369562449	3756.80004882813
998.266248747469	3894.89990234375
1000.87229861081	4010.39990234375
1003.47751960857	4276.2998046875
1006.0819121963	4305.7001953125
1008.68547682897	4357.39990234375
1011.28821396104	4150.2998046875
1013.89012404635	4090.30004882813
1016.49120753824	3930.10009765625
1019.09146488947	3849.10009765625
1021.69089655226	3742.19995117188
1024.28950297827	3731.39990234375
1026.88728461863	3660.80004882813
1029.48424192392	3715.30004882813
1032.08037534416	3674.10009765625
1034.67568532886	3652.39990234375
1037.27017232694	3651.69995117188
1039.86383678682	3614.10009765625
1042.45667915637	3609.10009765625
1045.04869988293	3654.19995117188
1047.6398994133	3635.60009765625
1050.23027819374	3655.80004882813
1052.81983666998	3652.39990234375
1055.40857528724	3640.69995117188
1057.99649449018	3627.19995117188
1060.58359472296	3655.19995117188
1063.1698764292	3655.89990234375
1065.755340052	3687.39990234375
1068.33998603393	3657.39990234375
1070.92381481706	3693.89990234375
1073.50682684291	3707.10009765625
1076.08902255251	3691.10009765625
1078.67040238637	3691.80004882813
1081.25096678445	3721.10009765625
1083.83071618624	3691.80004882813
1086.4096510307	3672.69995117188
1088.98777175629	3675.80004882813
1091.56507880094	3712.80004882813
1094.14157260208	3714
1096.71725359664	3719.10009765625
1099.29212222106	3709.69995117188
1101.86617891125	3728.60009765625
1104.43942410262	3716.5
1107.01185823011	3704.89990234375
1109.58348172812	3744.60009765625
1112.15429503057	3770.80004882813
1114.7242985709	3742.30004882813
1117.29349278203	3812.69995117188
1119.86187809642	3801
1122.42945494599	3819.19995117188
1124.99622376222	3929.89990234375
1127.56218497606	3975.10009765625
1130.12733901801	3991.5
1132.69168631804	4096.89990234375
1135.25522730568	4157.7998046875
1137.81796240995	4216.7998046875
1140.37989205941	4289.89990234375
1142.9410166821	4486.7001953125
1145.50133670561	4641.10009765625
1148.06085255708	4940.60009765625
1150.61956466311	5440.89990234375
1153.17747344987	5994.10009765625
1155.73457934305	6472.60009765625
1158.29088276786	6712.2001953125
1160.84638414903	6488.39990234375
1163.40108391085	5957.2001953125
1165.95498247711	5344.7998046875
1168.50808027116	4849.10009765625
1171.06037771587	4493.39990234375
1173.61187523364	4355
1176.16257324643	4297.60009765625
1178.71247217573	4233.5
1181.26157244255	4167.5
1183.80987446746	4171.89990234375
1186.35737867059	4203.2998046875
1188.90408547157	4332.10009765625
1191.44999528961	4389.60009765625
1193.99510854347	4470.7998046875
1196.53942565142	4418.89990234375
1199.08294703133	4368.89990234375
1201.62567310057	4243.39990234375
1204.16760427611	4169.5
1206.70874097445	4090.10009765625
1209.24908361163	4031.39990234375
1211.78863260327	4052.80004882813
1214.32738836454	4006
1216.86535131017	4010.19995117188
1219.40252185445	3982
1221.93890041121	3922.10009765625
1224.47448739389	3865.30004882813
1227.00928321544	3873
1229.54328828842	3889.5
1232.07650302491	3861.89990234375
1234.60892783662	3897.69995117188
1237.14056313477	3885.10009765625
1239.67140933017	3883.60009765625
1242.2014668332	3951.39990234375
1244.73073605384	3920.5
1247.25921740159	3968.80004882813
1249.78691128558	4005
1252.31381811448	3982.19995117188
1254.83993829655	4063.19995117188
1257.36527223962	4102.89990234375
1259.88982035112	4192
1262.41358303803	4189.7001953125
1264.93656070696	4216.7998046875
1267.45875376405	4298.89990234375
1269.98016261505	4282.5
1272.50078766531	4298.2001953125
1275.02062931974	4395.60009765625
1277.53968798285	4380.89990234375
1280.05796405875	4294.5
1282.57545795112	4214.2001953125
1285.09217006325	4235.2998046875
1287.60810079802	4193.89990234375
1290.12325055788	4158.10009765625
1292.63761974492	4177.2998046875
1295.15120876079	4183.60009765625
1297.66401800676	4202.89990234375
1300.17604788367	4170.89990234375
1302.687298792	4140.2998046875
1305.19777113181	4211.7001953125
1307.70746530274	4140.2998046875
1310.21638170408	4216.2001953125
1312.7245207347	4171.39990234375
1315.23188279307	4118.7001953125
1317.73846827728	4147
1320.24427758502	4104.7001953125
1322.74931111359	4128.39990234375
1325.25356925991	4113.2998046875
1327.75705242051	4065.60009765625
1330.25976099151	4054.39990234375
1332.76169536868	4106
1335.26285594737	4072
1337.76324312256	4040.10009765625
1340.26285728887	4032.19995117188
1342.76169884052	4042.30004882813
1345.25976817132	4034.69995117188
1347.75706567474	4021.5
1350.25359174387	4075
1352.74934677141	4056.69995117188
1355.24433114968	4097.5
1357.73854527062	4103.7998046875
1360.23198952583	4065.39990234375
1362.7246643065	4042.39990234375
1365.21657000347	4040.19995117188
1367.7077070072	4043.30004882813
1370.19807570777	4067.69995117188
1372.68767649492	4079.69995117188
1375.176509758	4104.2001953125
1377.66457588599	4092.19995117188
1380.15187526753	4067.19995117188
1382.63840829087	4080.39990234375
1385.1241753439	4141.7001953125
1387.60917681417	4147.89990234375
1390.09341308884	4110.7001953125
1392.57688455474	4176.10009765625
1395.05959159829	4133.2001953125
1397.54153460562	4177
1400.02271396243	4179.7001953125
1402.50313005414	4183.5
1404.98278326576	4210.7998046875
1407.46167398196	4161.2001953125
1409.93980258707	4110.89990234375
1412.41716946504	4169.5
1414.89377499951	4201.60009765625
1417.36961957373	4167.2998046875
1419.84470357062	4192.89990234375
1422.31902737275	4203.7998046875
1424.79259136235	4218.10009765625
1427.26539592129	4243.89990234375
1429.73744143111	4310.39990234375
1432.20872827299	4367.10009765625
1434.67925682777	4452.89990234375
1437.14902747597	4493
1439.61804059773	4558.7001953125
1442.0862965729	4528
1444.55379578093	4610.60009765625
1447.02053860099	4634.7998046875
1449.48652541188	4579.39990234375
1451.95175659206	4537.2001953125
1454.41623251969	4571.5
1456.87995357255	4546.5
1459.34292012811	4543
1461.80513256351	4530.89990234375
1464.26659125557	4449.2998046875
1466.72729658073	4407
1469.18724891517	4465.60009765625
1471.64644863469	4514.10009765625
1474.10489611478	4489
1476.5625917306	4488.2001953125
1479.01953585699	4492.7001953125
1481.47572886844	4475.2001953125
1483.93117113917	4531.2001953125
1486.38586304302	4513.60009765625
1488.83980495354	4595.39990234375
1491.29299724395	4688
1493.74544028715	4705.60009765625
1496.19713445573	4865.10009765625
1498.64808012193	4984.10009765625
1501.09827765772	5176.2001953125
1503.54772743471	5426.2001953125
1505.99642982421	5811
1508.44438519723	6297.39990234375
1510.89159392446	6787.89990234375
1513.33805637625	7405.89990234375
1515.78377292266	7771
1518.22874393346	8076.5
1520.67296977806	8098.5
1523.11645082559	7749.39990234375
1525.55918744488	7242.39990234375
1528.00118000444	6607.39990234375
1530.44242887245	6016
1532.88293441684	5533.60009765625
1535.32269700517	5141.7998046875
1537.76171700475	4928.5
1540.19999478255	4738.2001953125
1542.63753070526	4650.7001953125
1545.07432513925	4542.2998046875
1547.5103784506	4504.2001953125
1549.94569100509	4499.60009765625
1552.38026316819	4468
1554.8140953051	4445.7001953125
1557.24718778067	4421
1559.67954095952	4412.2998046875
1562.11115520592	4385.60009765625
1564.54203088386	4401.7998046875
1566.97216835704	4415.7998046875
1569.40156798888	4453
1571.83023014248	4424.7998046875
1574.25815518067	4434
1576.68534346597	4449.7998046875
1579.11179536062	4428.60009765625
1581.53751122658	4419.39990234375
1583.9624914255	4415.5
1586.38673631876	4360.7998046875
1588.81024626745	4417.7001953125
1591.23302163235	4417.7998046875
1593.655062774	4426.89990234375
1596.07637005262	4463.7001953125
1598.49694382815	4388.7001953125
1600.91678446025	4370.7998046875
1603.33589230831	4396.89990234375
1605.75426773142	4387.2998046875
1608.1719110884	4341.39990234375
1610.58882273779	4326.5
1613.00500303784	4365.60009765625
1615.42045234654	4358.7001953125
1617.83517102158	4356.7998046875
1620.24915942039	4347.7998046875
1622.66241790012	4388.5
1625.07494681764	4359.10009765625
1627.48674652954	4395.7001953125
1629.89781739216	4431.89990234375
1632.30815976152	4362
1634.71777399343	4388.5
1637.12666044338	4393.2001953125
1639.53481946661	4363.39990234375
1641.94225141808	4427.2998046875
1644.34895665248	4424.10009765625
1646.75493552424	4493.60009765625
1649.16018838752	4539.60009765625
1651.56471559621	4602.2998046875
1653.96851750392	4632.39990234375
1656.37159446403	4709.5
1658.7739468296	4699.2998046875
1661.17557495349	4648.2001953125
1663.57647918824	4597.7998046875
1665.97665988617	4568.7998046875
1668.37611739929	4505.2998046875
1670.77485207939	4471.2001953125
1673.17286427799	4432.39990234375
1675.57015434633	4363.7998046875
1677.96672263542	4336.7001953125
1680.36256949598	4355.2001953125
1682.7576952785	4333.7998046875
1685.15210033318	4370
1687.54578501	4297.2001953125
1689.93874965866	4352.10009765625
1692.33099462861	4304.7001953125
1694.72252026904	4308.7998046875
1697.11332692889	4334.60009765625
1699.50341495686	4345.7998046875
1701.89278470137	4388.10009765625
1704.28143651061	4304.10009765625
1706.66937073251	4348.2001953125
1709.05658771473	4294.10009765625
1711.44308780473	4275.7001953125
1713.82887134968	4294.2001953125
1716.21393869648	4318.2001953125
1718.59829019185	4343.2998046875
1720.98192618221	4308.89990234375
1723.36484701374	4272.10009765625
1725.74705303238	4292.2001953125
1728.12854458384	4295.60009765625
1730.50932201356	4272.5
1732.88938566673	4351.2998046875
1735.26873588834	4292
1737.64737302307	4300.5
1740.02529741544	4338.60009765625
1742.40250940964	4336.10009765625
1744.77900934969	4302.5
1747.15479757933	4297.89990234375
1749.52987444206	4335.89990234375
1751.90424028116	4327.2001953125
1754.27789543967	4268.39990234375
1756.65084026037	4329.89990234375
1759.02307508582	4312.2001953125
1761.39460025833	4315.7001953125
1763.76541612	4301
1766.13552301265	4268.7998046875
1768.50492127791	4313
1770.87361125714	4315.7001953125
1773.2415932915	4297
1775.60886772188	4297.89990234375
1777.97543488896	4311.7001953125
1780.34129513318	4289.2001953125
1782.70644879475	4301
1785.07089621365	4287.39990234375
1787.43463772964	4258.5
1789.7976736822	4286.2001953125
1792.16000441066	4298.7998046875
1794.52163025405	4272
1796.88255155121	4262.2998046875
1799.24276864074	4279.7998046875
1801.60228186102	4305.2998046875
1803.96109155019	4277.89990234375
1806.31919804618	4297
1808.67660168668	4283.10009765625
1811.03330280916	4345.10009765625
1813.38930175088	4281.2998046875
1815.74459884884	4312.2001953125
1818.09919443984	4316.2998046875
1820.45308886047	4287
1822.80628244708	4280.5
1825.1587755358	4262
1827.51056846254	4307.2001953125
1829.86166156297	4319.39990234375
1832.21205517258	4278
1834.56174962661	4336.2001953125
1836.91074526009	4290.7001953125
1839.25904240783	4289.89990234375
1841.60664140443	4292.2001953125
1843.95354258425	4300.2001953125
1846.29974628146	4283.2998046875
1848.64525282998	4250.7001953125
1850.99006256356	4225
1853.3341758157	4227.89990234375
1855.67759291968	4274.2001953125
1858.02031420858	4266.39990234375
1860.36234001528	4311.2998046875
1862.70367067241	4241.7998046875
1865.04430651244	4291.7001953125
1867.38424786755	4254.2998046875
1869.72349506978	4308.2001953125
1872.06204845094	4295.60009765625
1874.39990834258	4231.7998046875
1876.73707507612	4273.10009765625
1879.07354898269	4256
1881.40933039328	4300.7998046875
1883.74441963861	4293
1886.07881704925	4286.2001953125
1888.41252295551	4238.39990234375
1890.74553768751	4285.2998046875
1893.07786157519	4269.7001953125
1895.40949494822	4286.7998046875
1897.74043813615	4252.2998046875
1900.07069146823	4286.5
1902.40025527357	4237.2998046875
1904.72912988106	4246.39990234375
1907.05731561938	4226.39990234375
1909.38481281699	4208.5
1911.71162180217	4234.10009765625
1914.037742903	4261
1916.36317644734	4273.89990234375
1918.68792276284	4217.2001953125
1921.01198217697	4192.39990234375
1923.33535501699	4285
1925.65804160996	4222.89990234375
1927.98004228273	4247.10009765625
1930.30135736196	4201.2001953125
1932.6219871741	4229.60009765625
1934.94193204543	4203.7001953125
1937.26119230198	4267.2001953125
1939.57976826962	4251
1941.89766027402	4190.7001953125
1944.21486864062	4253.10009765625
1946.53139369472	4230.60009765625
1948.84723576137	4236.60009765625
1951.16239516543	4300.89990234375
1953.47687223159	4251
1955.79066728434	4215.2998046875
1958.10378064794	4281.7001953125
1960.4162126465	4254.7001953125
1962.7279636039	4230.2998046875
1965.03903384385	4207.7998046875
1967.34942368987	4221.60009765625
1969.65913346524	4243.89990234375
1971.96816349311	4234.7001953125
1974.2765140964	4204.39990234375
1976.58418559784	4270.5
1978.89117831997	4250.7998046875
1981.19749258516	4217.7998046875
1983.50312871555	4248.2001953125
1985.80808703313	4255.39990234375
1988.11236785967	4228.10009765625
1990.41597151676	4231.7998046875
1992.71889832581	4217.7998046875
1995.02114860801	4294.60009765625
1997.3227226844	4276.10009765625
1999.62362087581	4245.89990234375
2001.92384350288	4237.7998046875
2004.22339088608	4269.5
2006.52226334567	4259.10009765625
2008.82046120173	4261.60009765625
2011.11798477417	4219.89990234375
2013.41483438269	4278.2001953125
2015.71101034681	4248.7001953125
2018.00651298588	4253.39990234375
2020.30134261905	4241
2022.59549956528	4254.2998046875
2024.88898414337	4250.5
2027.1817966719	4226.2998046875
2029.4739374693	4252.2998046875
2031.76540685379	4236.7998046875
2034.05620514342	4236.89990234375
2036.34633265607	4214.60009765625
2038.6357897094	4216.39990234375
2040.92457662092	4224.7001953125
2043.21269370795	4192.7001953125
2045.50014128763	4194.60009765625
2047.78691967691	4207.60009765625
2050.07302919256	4179.2998046875
2052.35847015118	4171.60009765625
2054.64324286919	4180.60009765625
2056.9273476628	4194.60009765625
2059.21078484808	4207
2061.4935547409	4194.89990234375
2063.77565765696	4138.89990234375
2066.05709391176	4160.39990234375
2068.33786382065	4163.2998046875
2070.61796769879	4148.60009765625
2072.89740586116	4190.89990234375
2075.17617862255	4173
2077.45428629759	4186.39990234375
2079.73172920075	4126.7998046875
2082.00850764627	4185
2084.28462194827	4175
2086.56007242065	4158.39990234375
2088.83485937717	4173.7001953125
2091.10898313139	4183.2998046875
2093.3824439967	4181.7998046875
2095.65524228632	4155.2001953125
2097.92737831328	4184.60009765625
2100.19885239047	4196.10009765625
2102.46966483057	4187.89990234375
2104.7398159461	4208.10009765625
2107.00930604941	4177.10009765625
2109.27813545267	4245.5
2111.54630446787	4227.39990234375
2113.81381340685	4257
2116.08066258126	4243.89990234375
2118.34685230257	4245.89990234375
2120.61238288211	4287.2998046875
2122.87725463099	4294.5
2125.1414678602	4307.39990234375
2127.40502288052	4277.10009765625
2129.66792000257	4267.7998046875
2131.93015953682	4246.7001953125
2134.19174179353	4232.5
2136.45266708282	4292.2998046875
2138.71293571463	4242.10009765625
2140.97254799873	4261.60009765625
2143.23150424473	4279.7001953125
2145.48980476205	4280.7998046875
2147.74744985996	4276
2150.00443984754	4274.5
2152.26077503373	4299.7998046875
2154.51645572728	4320
2156.77148223677	4342.2998046875
2159.02585487064	4371.2001953125
2161.27957393713	4322.2001953125
2163.53263974432	4375
2165.78505260012	4332
2168.0368128123	4344.2001953125
2170.28792068844	4303.2001953125
2172.53837653595	4241.89990234375
2174.78818066207	4239.2998046875
2177.03733337389	4233.60009765625
2179.28583497833	4213.5
2181.53368578214	4223.10009765625
2183.78088609192	4198.7001953125
2186.02743621406	4175.5
2188.27333645484	4168.10009765625
2190.51858712033	4154.89990234375
2192.76318851646	4128.10009765625
2195.00714094901	4163.7001953125
2197.25044472354	4170.2998046875
2199.49310014551	4108.2001953125
2201.73510752018	4155.7001953125
2203.97646715265	4109.2001953125
2206.21717934786	4151.39990234375
2208.45724441058	4132.2001953125
2210.69666264543	4145.39990234375
2212.93543435686	4116.7001953125
2215.17355984914	4129.39990234375
2217.41103942642	4136.2001953125
2219.64787339264	4064.30004882813
2221.8840620516	4096.7001953125
2224.11960570695	4042.39990234375
2226.35450466215	4070.80004882813
2228.58875922051	4068.39990234375
2230.82236968518	4115.7001953125
2233.05533635916	4088.60009765625
2235.28765954527	4072.69995117188
2237.51933954617	4102.39990234375
2239.75037666437	4077.89990234375
2241.98077120221	4105.60009765625
2244.21052346188	4094.89990234375
2246.4396337454	4094.19995117188
2248.66810235461	4093.5
2250.89592959125	4106.89990234375
2253.12311575681	4095.69995117188
2255.34966115272	4103.10009765625
2257.57556608017	4085.5
2259.80083084023	4059.39990234375
2262.02545573381	4111.60009765625
2264.24944106163	4048.69995117188
2266.47278712429	4057.30004882813
2268.69549422221	4091.19995117188
2270.91756265564	4084.69995117188
2273.1389927247	4108.2998046875
2275.35978472934	4113.10009765625
2277.57993896933	4087
2279.79945574431	4107.7998046875
2282.01833535375	4118.5
2284.23657809696	4171.7001953125
2286.45418427309	4185.7001953125
2288.67115418114	4133.7998046875
2290.88748811995	4168.2001953125
2293.10318638819	4230.60009765625
2295.3182492844	4133.10009765625
2297.53267710693	4204.7998046875
2299.746470154	4211.7998046875
2301.95962872364	4222.2998046875
2304.17215311376	4247.10009765625
2306.3840436221	4289.60009765625
2308.59530054621	4295.7001953125
2310.80592418354	4303.39990234375
2313.01591483134	4286.2001953125
2315.22527278673	4318.7998046875
2317.43399834666	4255.2001953125
2319.64209180791	4268.2001953125
2321.84955346713	4262.2998046875
2324.05638362079	4220.5
2326.26258256524	4189.7998046875
2328.46815059664	4127.89990234375
2330.67308801098	4081.80004882813
2332.87739510415	4144.10009765625
2335.08107217184	4137.5
2337.2841195096	4110.5
2339.48653741281	4136.2998046875
2341.68832617672	4154
2343.8894860964	4104.10009765625
2346.09001746678	4161.2001953125
2348.28992058261	4142.89990234375
2350.48919573852	4109.39990234375
2352.68784322898	4114.10009765625
2354.88586334826	4107
2357.08325639055	4094.5
2359.2800226498	4071.60009765625
2361.47616241988	4075.60009765625
2363.67167599445	4058.10009765625
2365.86656366706	4065.19995117188
2368.06082573107	4041.30004882813
2370.2544624797	4032.69995117188
2372.44747420603	4086.30004882813
2374.63986120295	3967.5
2376.83162376322	4045.5
2379.02276217945	4008.69995117188
2381.21327674408	4027.60009765625
2383.4031677494	3972.39990234375
2385.59243548756	3986.19995117188
2387.78108025053	3971.69995117188
2389.96910233014	3979.39990234375
2392.15650201809	3985.60009765625
2394.34327960587	3970.69995117188
2396.52943538486	3957.60009765625
2398.71496964628	3980
2400.89988268118	3981.39990234375
2403.08417478048	3961.80004882813
2405.26784623491	4028.30004882813
2407.45089733509	4003.39990234375
2409.63332837146	3988.30004882813
2411.81513963429	3954.60009765625
2413.99633141375	3946.19995117188
2416.1769039998	3935.10009765625
2418.35685768227	3929.10009765625
2420.53619275084	3932.89990234375
2422.71490949505	3937.69995117188
2424.89300820425	3940.30004882813
2427.07048916765	3958.10009765625
2429.24735267433	3951.10009765625
2431.42359901319	3972.80004882813
2433.59922847297	3944.10009765625
2435.7742413423	3953.39990234375
2437.94863790961	3961.19995117188
2440.12241846321	3947.89990234375
2442.29558329121	3949.19995117188
2444.46813268162	3940.30004882813
2446.64006692228	3960
2448.81138630086	3952.10009765625
2450.98209110489	3930.69995117188
2453.15218162174	3920.60009765625
2455.32165813864	3941.30004882813
2457.49052094265	3957.5
2459.65877032069	3939.69995117188
2461.8264065595	3986.10009765625
2463.99342994572	3990
2466.15984076579	3959.19995117188
2468.325639306	3979.19995117188
2470.49082585251	3968.60009765625
2472.65540069131	3999.60009765625
2474.81936410824	3991.69995117188
2476.98271638899	4026.60009765625
2479.14545781909	3997.19995117188
2481.30758868392	4008.89990234375
2483.4691092687	3979.30004882813
2485.63001985852	4018.60009765625
2487.79032073829	4001.89990234375
2489.95001219277	3979.69995117188
2492.10909450659	3977.30004882813
2494.26756796419	3987
2496.42543284989	3965.10009765625
2498.58268944783	3973.10009765625
2500.73933804202	3972.89990234375
2502.8953789163	3969.39990234375
2505.05081235436	3989.5
2507.20563863974	3992.19995117188
2509.35985805582	4017.19995117188
2511.51347088583	4052.69995117188
2513.66647741285	4007.30004882813
2515.81887791981	4053.5
2517.97067268946	4065.80004882813
2520.12186200443	4069
2522.27244614716	4022.60009765625
2524.42242539999	4031.89990234375
2526.57180004504	4015.19995117188
2528.72057036433	3982.19995117188
2530.8687366397	3952.69995117188
2533.01629915284	3942.39990234375
2535.16325818527	3950.69995117188
2537.30961401839	3932.80004882813
2539.45536693343	3891.89990234375
2541.60051721145	3849.89990234375
2543.74506513338	3805.80004882813
2545.88901097997	3846
2548.03235503185	3842.60009765625
2550.17509756946	3821
2552.31723887311	3835.30004882813
2554.45877922293	3801.39990234375
2556.59971889893	3824.80004882813
2558.74005818094	3824.69995117188
2560.87979734864	3802.39990234375
2563.01893668155	3806.5
2565.15747645906	3763.89990234375
2567.29541696037	3809.69995117188
2569.43275846454	3793.60009765625
2571.56950125049	3775.39990234375
2573.70564559696	3784.19995117188
2575.84119178254	3796.60009765625
2577.97614008569	3788.80004882813
2580.11049078468	3747.60009765625
2582.24424415764	3770.80004882813
2584.37740048255	3804.39990234375
2586.50996003722	3757.80004882813
2588.64192309931	3780.19995117188
2590.77328994634	3795
2592.90406085564	3813.5
2595.03423610442	3800.89990234375
2597.16381596971	3801.10009765625
2599.29280072839	3776.30004882813
2601.42119065719	3811.19995117188
2603.54898603267	3817.89990234375
2605.67618713125	3803.80004882813
2607.80279422919	3856.60009765625
2609.92880760257	3832.39990234375
2612.05422752735	3833.80004882813
2614.17905427932	3821.80004882813
2616.30328813408	3812.19995117188
2618.42692936713	3827.5
2620.54997825377	3811
2622.67243506915	3840.89990234375
2624.79430008828	3840.80004882813
2626.915573586	3872
2629.03625583699	3869.5
2631.15634711579	3854.60009765625
2633.27584769675	3883
2635.39475785408	3851.19995117188
2637.51307786185	3909
2639.63080799394	3913.39990234375
2641.74794852409	3971.30004882813
2643.86449972589	4010.10009765625
2645.98046187273	3996.60009765625
2648.0958352379	4009.19995117188
2650.21062009449	4051.10009765625
2652.32481671544	4101.7001953125
2654.43842537353	4073.89990234375
2656.5514463414	4119.2001953125
2658.66387989151	4162.2998046875
2660.77572629616	4170.10009765625
2662.88698582751	4201.2001953125
2664.99765875753	4261.10009765625
2667.10774535806	4256.7998046875
2669.21724590076	4290.2001953125
2671.32616065714	4215.39990234375
2673.43448989857	4241
2675.5422338962	4189.7001953125
2677.64939292108	4173.2001953125
2679.75596724408	4134.7001953125
2681.86195713589	4077.5
2683.96736286707	3997.69995117188
2686.07218470799	3962.19995117188
2688.17642292889	3912.69995117188
2690.28007779982	3895.80004882813
2692.38314959069	3840.30004882813
2694.48563857123	3828.10009765625
2696.58754501103	3796.19995117188
2698.6888691795	3814.39990234375
2700.78961134588	3830
2702.8897717793	3817.69995117188
2704.98935074864	3794.5
2707.08834852271	3829.39990234375
2709.18676537009	3812
2711.28460155925	3800.39990234375
2713.38185735843	3768.89990234375
2715.47853303577	3806.10009765625
2717.57462885924	3786.69995117188
2719.67014509659	3785.60009765625
2721.76508201548	3758.89990234375
2723.85943988337	3733
2725.95321896754	3727.30004882813
2728.04641953515	3762.30004882813
2730.13904185316	3784.39990234375
2732.23108618837	3693.80004882813
2734.32255280744	3730.60009765625
2736.41344197683	3705
2738.50375396288	3685.10009765625
2740.5934890317	3695.5
2742.68264744932	3616.39990234375
2744.77122948153	3677
2746.85923539398	3634.5
2748.94666545217	3621.30004882813
2751.03351992142	3618.10009765625
2753.11979906688	3633
2755.20550315355	3610
2757.29063244624	3608.69995117188
2759.37518720963	3594.10009765625
2761.45916770819	3586.60009765625
2763.54257420625	3558.39990234375
2765.62540696797	3592.60009765625
2767.70766625733	3600.69995117188
2769.78935233816	3572.30004882813
2771.87046547413	3599.69995117188
2773.95100592869	3588.10009765625
2776.03097396519	3592.39990234375
2778.11036984677	3590.30004882813
2780.18919383641	3588.5
2782.26744619693	3568.80004882813
2784.34512719097	3624.60009765625
2786.42223708102	3618.89990234375
2788.49877612937	3615.5
2790.57474459816	3621.5
2792.65014274937	3574.69995117188
2794.7249708448	3592.30004882813
2796.79922914607	3607
2798.87291791465	3616
2800.94603741181	3629.30004882813
2803.01858789869	3557
2805.09056963623	3578.30004882813
2807.1619828852	3603.19995117188
2809.23282790621	3551.19995117188
2811.30310495971	3580.89990234375
2813.37281430593	3591.80004882813
2815.441956205	3573.10009765625
2817.51053091682	3570.69995117188
2819.57853870114	3612
2821.64597981753	3619.89990234375
2823.7128545254	3586.10009765625
2825.77916308399	3601.5
2827.84490575233	3595.69995117188
2829.91008278933	3659.89990234375
2831.97469445369	3665.80004882813
2834.03874100395	3722.39990234375
2836.10222269847	3713.69995117188
2838.16513979544	3749.69995117188
2840.22749255288	3829.80004882813
2842.28928122863	3938.39990234375
2844.35050608034	4050
2846.41116736553	4247.10009765625
2848.47126534149	4388
2850.53080026537	4496.2998046875
2852.58977239414	4472.39990234375
2854.64818198459	4501.7001953125
2856.70602929332	4426.60009765625
2858.76331457678	4381.2998046875
2860.82003809123	4357.5
2862.87620009274	4347.39990234375
2864.93180083723	4320.39990234375
2866.98684058043	4299.60009765625
2869.04131957789	4313.2998046875
2871.09523808497	4339.2998046875
2873.14859635689	4334.60009765625
2875.20139464866	4342.7001953125
2877.2536332151	4348.89990234375
2879.30531231091	4338.7001953125
2881.35643219054	4412.89990234375
2883.40699310831	4382.2001953125
2885.45699531834	4393.89990234375
2887.50643907457	4460.60009765625
2889.55532463077	4503.10009765625
2891.60365224053	4529.7998046875
2893.65142215724	4517.2001953125
2895.69863463414	4525.89990234375
2897.74528992426	4512.60009765625
2899.79138828046	4543.39990234375
2901.83692995544	4487.2001953125
2903.88191520168	4541.10009765625
2905.92634427151	4511.2001953125
2907.97021741706	4524
2910.01353489027	4484.5
2912.05629694294	4458.2998046875
2914.09850382663	4467.89990234375
2916.14015579276	4540.7998046875
2918.18125309254	4467.7001953125
2920.22179597702	4498.2001953125
2922.26178469705	4522.7001953125
2924.30121950329	4516.10009765625
2926.34010064624	4529.7998046875
2928.37842837619	4523.2001953125
2930.41620294326	4504.2998046875
2932.45342459737	4475.7998046875
2934.49009358828	4490.2998046875
2936.52621016555	4502.89990234375
2938.56177457854	4458.7001953125
2940.59678707645	4365.2001953125
2942.63124790827	4295
2944.66515732282	4236.7998046875
2946.69851556873	4217
2948.73132289443	4109.2001953125
2950.76357954817	4051.30004882813
2952.79528577803	4000.69995117188
2954.82644183188	3991.39990234375
2956.85704795741	4018.10009765625
2958.8871044021	3966.39990234375
2960.91661141328	3947.69995117188
2962.94556923807	3933.69995117188
2964.97397812339	3889.5
2967.00183831598	3888.10009765625
2969.0291500624	3870.39990234375
2971.05591360902	3856.30004882813
2973.08212920199	3789.10009765625
2975.1077970873	3731.5
2977.13291751074	3750.39990234375
2979.1574907179	3769.10009765625
2981.18151695419	3723.5
2983.20499646482	3656.30004882813
2985.2279294948	3671.69995117188
2987.25031628898	3608.5
2989.27215709199	3626.80004882813
2991.29345214825	3657.80004882813
2993.31420170204	3599.60009765625
2995.33440599738	3583.5
2997.35406527816	3575.19995117188
2999.37317978802	3600
3001.39174977045	3637.10009765625
3003.40977546872	3666.69995117188
3005.42725712591	3686.19995117188
3007.44419498491	3722.19995117188
3009.4605892884	3716.19995117188
3011.47644027889	3758.10009765625
3013.49174819865	3761.5
3015.5065132898	3754
3017.52073579424	3740.39990234375
3019.53441595366	3712.5
3021.54755400959	3693.30004882813
3023.56015020332	3614.19995117188
3025.57220477598	3673.80004882813
3027.58371796846	3608.89990234375
3029.5946900215	3610.19995117188
3031.6051211756	3555.30004882813
3033.61501167107	3560
3035.62436174803	3512.80004882813
3037.6331716464	3484.69995117188
3039.64144160588	3436.19995117188
3041.649171866	3431.80004882813
3043.65636266607	3450.60009765625
3045.6630142452	3449.10009765625
3047.66912684229	3422.39990234375
3049.67470069605	3369.89990234375
3051.679736045	3367
3053.68423312742	3349
3055.68819218143	3390.30004882813
3057.6916134449	3386.19995117188
3059.69449715556	3340.80004882813
3061.69684355086	3336.5
3063.6986528681	3316
3065.69992534437	3325.39990234375
3067.70066121653	3321.5
3069.70086072126	3306.5
3071.700524095	3251.60009765625
3073.69965157405	3274.80004882813
3075.69824339442	3262.5
3077.69629979197	3319.19995117188
3079.69382100235	3276.5
3081.69080726098	3251.10009765625
3083.68725880307	3234
3085.68317586366	3246.19995117188
3087.67855867755	3238.80004882813
3089.67340747933	3261.19995117188
3091.6677225034	3233.30004882813
3093.66150398392	3208.60009765625
3095.6547521549	3219.89990234375
3097.64746725006	3229.19995117188
3099.63964950297	3236
3101.63129914698	3234.39990234375
3103.6224164152	3233.5
3105.61300154056	3217.30004882813
3107.60305475576	3227
3109.59257629331	3237.60009765625
3111.58156638547	3211.5
3113.57002526432	3199.69995117188
3115.55795316172	3228.80004882813
3117.54535030932	3207.60009765625
3119.53221693853	3199.30004882813
3121.51855328057	3241
3123.50435956646	3212.80004882813
3125.48963602698	3224.10009765625
3127.4743828927	3176.89990234375
3129.45860039397	3224.39990234375
3131.44228876093	3221
3133.42544822353	3224.89990234375
3135.40807901145	3202.10009765625
3137.39018135418	3185.5
3139.37175548102	3188.39990234375
3141.35280162101	3194.89990234375
3143.33332000299	3168.89990234375
3145.31331085559	3178.89990234375
3147.2927744072	3195.60009765625
3149.27171088602	3155.89990234375
3151.25012052	3221.5
3153.22800353689	3169
3155.20536016422	3207.89990234375
3157.18219062929	3195.30004882813
3159.15849515918	3149.19995117188
3161.13427398075	3135.30004882813
3163.10952732066	3158.69995117188
3165.08425540532	3143.30004882813
3167.05845846092	3183.30004882813
3169.03213671344	3203.5
3171.00529038863	3177.80004882813
3172.97791971203	3150.39990234375
3174.95002490893	3178.39990234375
3176.92160620443	3152.19995117188
3178.89266382337	3145
3180.8631979904	3149
3182.83320892991	3154.60009765625
3184.80269686609	3137.39990234375
3186.77166202289	3161.5
3188.74010462406	3132.89990234375
3190.70802489307	3126.89990234375
3192.67542305323	3140.39990234375
3194.64229932757	3188.39990234375
3196.60865393892	3170.30004882813
3198.57448710987	3165.39990234375
3200.53979906279	3163.39990234375
3202.50459001981	3140.39990234375
3204.46886020284	3143.69995117188
3206.43260983356	3130.39990234375
3208.39583913341	3148.80004882813
3210.35854832362	3142.19995117188
3212.32073762517	3118.19995117188
3214.28240725881	3152.39990234375
3216.24355744508	3169.39990234375
3218.20418840426	3136.10009765625
3220.16430035642	3178.69995117188
3222.12389352137	3106.30004882813
3224.08296811873	3115.10009765625
3226.04152436784	3139.30004882813
3227.99956248784	3115.89990234375
3229.95708269762	3129.69995117188
3231.91408521584	3143.60009765625
3233.87057026092	3163.19995117188
3235.82653805105	3151.10009765625
3237.78198880419	3137.80004882813
3239.73692273806	3118.60009765625
3241.69134007013	3125.30004882813
3243.64524101764	3154.39990234375
3245.59862579761	3159.39990234375
3247.55149462681	3150.39990234375
3249.50384772176	3113.30004882813
3251.45568529877	3153.5
3253.40700757387	3149.5
3255.35781476288	3159.5
3257.3081070814	3151.39990234375
3259.25788474473	3126
3261.20714796799	3149.80004882813
3263.15589696602	3115.19995117188
3265.10413195345	3122.10009765625
3267.05185314463	3143.89990234375
3268.9990607537	3111
3270.94575499455	3117.19995117188
3272.89193608081	3103.69995117188
3274.8376042259	3154.30004882813
3276.78275964296	3126.19995117188
3278.72740254492	3123.5
3280.67153314443	3117.60009765625
3282.61515165393	3160.10009765625
3284.55825828559	3138.5
3286.50085325135	3121.30004882813
3288.44293676289	3114.10009765625
3290.38450903165	3133.19995117188
3292.32557026883	3125.89990234375
3294.26612068537	3112.5
3296.20616049198	3095.39990234375
3298.14568989911	3095.89990234375
3300.08470911695	3092.19995117188
3302.02321835546	3073.10009765625
3303.96121782435	3108.5
3305.89870773306	3089
3307.83568829081	3078
3309.77215970655	3078.5
3311.70812218898	3072.60009765625
3313.64357594655	3097.89990234375
3315.57852118747	3117.89990234375
3317.51295811968	3093.60009765625
3319.44688695087	3099.5
3321.38030788849	3065
3323.31322113973	3063.30004882813
3325.24562691152	3062.30004882813
3327.17752541055	3062.39990234375
3329.10891684322	3035.5
3331.03980141573	3070.80004882813
3332.97017933399	3069.89990234375
3334.90005080364	3074.80004882813
3336.82941603011	3027.60009765625
3338.75827521852	3037.30004882813
3340.68662857377	3034.19995117188
3342.6144763005	3024
3344.54181860308	3006.30004882813
3346.46865568561	3039.39990234375
3348.39498775195	3014.69995117188
3350.32081500571	3039.10009765625
3352.24613765022	3058.19995117188
3354.17095588855	3034
3356.09526992352	3026.89990234375
3358.01907995769	3037.19995117188
3359.94238619334	3026.30004882813
3361.86518883251	3008.89990234375
3363.78748807697	3020.39990234375
3365.70928412823	3020.30004882813
3367.63057718752	3029.39990234375
3369.55136745582	3055.39990234375
3371.47165513386	3042.39990234375
3373.39144042208	3031.39990234375
3375.31072352066	3036.60009765625
3377.22950462953	3032.69995117188
3379.14778394834	2992.39990234375
3381.06556167648	3015.69995117188
3382.98283801308	3001.69995117188
3384.89961315697	3001.89990234375
3386.81588730676	3028.39990234375
3388.73166066076	3023.10009765625
3390.64693341702	3021.5
3392.56170577332	3006.19995117188
3394.47597792716	3014
3396.38975007581	2987.80004882813
3398.30302241623	2960.39990234375
3400.21579514512	2961.5
3402.1280684589	2970.30004882813
3404.03984255374	2981.19995117188
3405.95111762553	2957.60009765625
3407.86189386987	2978.39990234375
3409.77217148212	2971.5
3411.68195065733	2985.80004882813
3413.5912315903	3010.19995117188
3415.50001447556	2985.5
3417.40829950735	2948.10009765625
3419.31608687963	2953.69995117188
3421.22337678611	2971.30004882813
3423.1301694202	2966.80004882813
3425.03646497504	2986.30004882813
3426.9422636435	2976.5
3428.84756561816	2965.19995117188
3430.75237109135	2944.89990234375
3432.65668025508	2942.10009765625
3434.56049330112	2968.10009765625
3436.46381042093	2971.80004882813
3438.36663180571	2959.10009765625
3440.26895764638	2946.39990234375
3442.17078813357	2934.19995117188
3444.07212345762	2949.30004882813
3445.97296380863	2943.5
3447.87330937636	2927.5
3449.77316035033	2952
3451.67251691977	2940.69995117188
3453.57137927361	2954.69995117188
3455.46974760052	2901.39990234375
3457.36762208886	2912.39990234375
3459.26500292671	2883.39990234375
3461.16189030191	2918.19995117188
3463.05828440194	2933
3464.95418541406	2936.5
3466.84959352519	2915.69995117188
3468.74450892201	2925.80004882813
3470.63893179088	2888.69995117188
3472.53286231788	2894.10009765625
3474.42630068881	2931.80004882813
3476.31924708918	2883.89990234375
3478.2117017042	2885.19995117188
3480.1036647188	2877.69995117188
3481.99513631761	2898.89990234375
3483.88611668498	2874
3485.77660600498	2874.5
3487.66660446135	2877
3489.55611223758	2847.60009765625
3491.44512951683	2872.80004882813
3493.333656482	2889.30004882813
3495.22169331568	2891.5
3497.10924020016	2836.89990234375
3498.99629731746	2844.10009765625
3500.88286484927	2817.19995117188
3502.76894297702	2867.89990234375
3504.65453188182	2808.89990234375
3506.53963174449	2828.69995117188
3508.42424274555	2827.69995117188
3510.30836506524	2805.60009765625
3512.19199888349	2816.5
3514.07514437992	2808.30004882813
3515.95780173387	2799.10009765625
3517.83997112437	2788.5
3519.72165273016	2791.89990234375
3521.60284672967	2778.80004882813
3523.48355330104	2767.30004882813
3525.36377262208	2781.39990234375
3527.24350487035	2773.19995117188
3529.12275022306	2728.69995117188
3531.00150885715	2740
3532.87978094923	2765
3534.75756667562	2741.69995117188
3536.63486621235	2734
3538.51167973512	2733
3540.38800741934	2726
3542.26384944011	2740
3544.13920597223	2721.60009765625
3546.01407719018	2707.69995117188
3547.88846326815	2717.10009765625
3549.76236438002	2717.30004882813
3551.63578069934	2683.19995117188
3553.50871239938	2690.69995117188
3555.38115965309	2690.10009765625
3557.25312263311	2663.80004882813
3559.12460151177	2661.19995117188
3560.99559646109	2696.10009765625
3562.86610765279	2663.39990234375
3564.73613525825	2685.69995117188
3566.60567944857	2653.5
3568.47474039453	2686.89990234375
3570.34331826658	2671.39990234375
3572.21141323487	2686.39990234375
3574.07902546925	2704.69995117188
3575.94615513922	2669.19995117188
3577.81280241401	2660.89990234375
3579.67896746249	2680.60009765625
3581.54465045325	2661
3583.40985155455	2659.5
3585.27457093432	2661.10009765625
3587.1388087602	2638.80004882813
3589.00256519949	2615.19995117188
3590.86584041919	2642.69995117188
3592.72863458597	2639
3594.59094786618	2669.39990234375
3596.45278042585	2654.10009765625
3598.31413243069	2628.60009765625
3600.17500404611	2658.69995117188
3602.03539543717	2627
3603.89530676861	2631
3605.75473820488	2633.39990234375
3607.61368991007	2608.30004882813
3609.47216204797	2639.39990234375
3611.33015478203	2601.10009765625
3613.18766827539	2609.69995117188
3615.04470269087	2650.80004882813
3616.90125819094	2652.60009765625
3618.75733493776	2622.89990234375
3620.61293309318	2613.39990234375
3622.46805281869	2576
3624.32269427547	2582.19995117188
3626.17685762439	2597.89990234375
3628.03054302596	2605.5
3629.88375064038	2587.60009765625
3631.73648062751	2588.30004882813
3633.5887331469	2572.60009765625
3635.44050835775	2594.39990234375
3637.29180641893	2589.89990234375
3639.14262748899	2584.19995117188
3640.99297172614	2568.89990234375
3642.84283928828	2552.19995117188
3644.69223033294	2541.69995117188
3646.54114501734	2551.80004882813
3648.38958349836	2561.80004882813
3650.23754593256	2575.10009765625
3652.08503247614	2538.5
3653.93204328497	2576.80004882813
3655.77857851462	2550.39990234375
3657.62463832028	2534
3659.47022285682	2550.30004882813
3661.31533227877	2540.10009765625
3663.15996674033	2518.60009765625
3665.00412639535	2504.19995117188
3666.84781139736	2536.19995117188
3668.69102189953	2534.19995117188
3670.5337580547	2511.89990234375
3672.37602001537	2488.60009765625
3674.21780793368	2482
3676.05912196148	2523.39990234375
3677.89996225021	2514.19995117188
3679.74032895103	2480
3681.58022221471	2501.30004882813
3683.41964219171	2492.69995117188
3685.25858903211	2494.80004882813
3687.0970628857	2468.19995117188
3688.93506390186	2457.39990234375
3690.77259222968	2492.5
3692.60964801787	2484.69995117188
3694.44623141481	2467.5
3696.28234256853	2450.5
3698.11798162669	2456.69995117188
3699.95314873665	2444.89990234375
3701.78784404537	2430.80004882813
3703.62206769951	2465.80004882813
3705.45581984533	2432.39990234375
3707.28910062877	2452.89990234375
3709.12191019542	2449.10009765625
3710.95424869052	2451
3712.78611625894	2439.39990234375
3714.6175130452	2426
3716.44843919349	2427.10009765625
3718.27889484764	2452.5
3720.1088801511	2405.69995117188
3721.93839524699	2387
3723.76744027808	2432.30004882813
3725.59601538677	2407.5
3727.4241207151	2422.69995117188
