40.2973356941271	1130.30004882813
43.2236257608418	1136.80004882813
46.1488808466109	1137.19995117188
49.0731017336173	1143.69995117188
51.9962892025666	1145.40002441406
54.9184440327569	1149.59997558594
57.8395670020446	1154.30004882813
60.7596588868509	1162.09997558594
63.6787204621708	1161.80004882813
66.5967525015794	1172.40002441406
69.5137557772381	1181.5
72.4297310598838	1193.5
75.3446791188512	1202.5
78.2586007220466	1222.90002441406
81.1714966360015	1251
84.0833676258266	1277.09997558594
86.994214455242	1300.19995117188
89.9040378865662	1325.30004882813
92.8128386807427	1351.90002441406
95.7206175973133	1379
98.6273753944444	1410.40002441406
101.533112828928	1397.5
104.437830656161	1415.19995117188
107.34152963018	1405.09997558594
110.244210503676	1397.5
113.145874027931	1397.09997558594
116.046520952895	1383.69995117188
118.946152027154	1384.69995117188
121.844767997933	1366.90002441406
124.74236961111	1368.59997558594
127.638957611212	1365.30004882813
130.534532741422	1366.40002441406
133.429095743606	1379.30004882813
136.322647358252	1356.30004882813
139.215188324544	1364.5
142.106719380311	1353.69995117188
144.997241262089	1367.5
147.886754705057	1362
150.775260443096	1351
153.662759208748	1360.80004882813
156.549251733282	1349.09997558594
159.434738746612	1340
162.319220977376	1343.09997558594
165.20269915289	1334.90002441406
168.085173999178	1325.59997558594
170.966646240977	1328.09997558594
173.847116601709	1320.80004882813
176.726585803528	1320.40002441406
179.605054567295	1319.69995117188
182.48252361259	1310.5
185.358993657701	1301.90002441406
188.234465419645	1301.59997558594
191.108939614183	1302.59997558594
193.982416955795	1291.5
196.854898157687	1283.59997558594
199.726383931801	1286.19995117188
202.596874988835	1279.19995117188
205.466372038225	1291
208.334875788145	1282.90002441406
211.202386945534	1280.69995117188
214.068906216069	1285.69995117188
216.934434304194	1280.30004882813
219.798971913111	1264.69995117188
222.662519744776	1268.40002441406
225.525078499925	1265.80004882813
228.386648878069	1266.5
231.247231577465	1263.59997558594
234.106827295172	1250.30004882813
236.965436727012	1248.90002441406
239.823060567597	1253.09997558594
242.679699510337	1247.90002441406
245.535354247396	1235.5
248.390025469775	1245.90002441406
251.243713867223	1244.59997558594
254.096420128327	1234.40002441406
256.948144940459	1225.19995117188
259.798888989788	1239.30004882813
262.648652961315	1223.19995117188
265.49743753883	1220.80004882813
268.345243404939	1217.09997558594
271.192071241073	1219.40002441406
274.037921727485	1216.40002441406
276.882795543246	1218
279.72669336624	1223.30004882813
282.569615873213	1215.30004882813
285.411563739724	1219.40002441406
288.252537640165	1209.90002441406
291.092538247763	1211.09997558594
293.931566234616	1214.69995117188
296.769622271633	1211.40002441406
299.606707028594	1210.69995117188
302.442821174104	1212.69995117188
305.277965375652	1207.19995117188
308.112140299574	1208
310.945346611062	1210.40002441406
313.777584974167	1204.69995117188
316.608856051813	1204.90002441406
319.439160505797	1199.40002441406
322.268498996783	1205.69995117188
325.096872184303	1207.5
327.924280726782	1205.69995117188
330.750725281521	1201.80004882813
333.576206504693	1205.09997558594
336.400725051388	1202.90002441406
339.224281575542	1200.80004882813
342.046876730026	1198.90002441406
344.868511166586	1192.80004882813
347.689185535872	1199.19995117188
350.508900487421	1202.40002441406
353.327656669699	1200
356.145454730079	1190.30004882813
358.962295314817	1195.40002441406
361.778179069105	1198.40002441406
364.593106637051	1202.90002441406
367.407078661675	1201.09997558594
370.220095784913	1203.40002441406
373.032158647655	1203.5
375.843267889676	1199
378.653424149715	1204.09997558594
381.462628065436	1203.09997558594
384.270880273432	1200.80004882813
387.078181409254	1199.09997558594
389.884532107358	1188.5
392.689933001188	1199.80004882813
395.494384723112	1200.40002441406
398.29788790445	1196.80004882813
401.100443175488	1196.40002441406
403.902051165437	1197.09997558594
406.702712502518	1199
409.502427813866	1200.19995117188
412.301197725607	1205.69995117188
415.099022862823	1201.40002441406
417.89590384957	1195
420.691841308876	1202.69995117188
423.486835862752	1204.30004882813
426.280888132173	1199
429.073998737112	1199.90002441406
431.866168296507	1201.09997558594
434.657397428298	1198.40002441406
437.447686749412	1203.5
440.237036875762	1204.80004882813
443.025448422257	1202
445.812922002813	1203.59997558594
448.599458230326	1197.59997558594
451.38505771672	1197.19995117188
454.169721072909	1192.40002441406
456.953448908819	1198.90002441406
459.736241833384	1199
462.518100454555	1199.90002441406
465.2990253793	1202.59997558594
468.079017213605	1204.5
470.858076562476	1202.5
473.636204029939	1201.09997558594
476.41340021906	1200.69995117188
479.189665731938	1204
481.965001169667	1205.5
484.739407132419	1197.40002441406
487.512884219391	1197.09997558594
490.285433028796	1205.30004882813
493.057054157921	1199.40002441406
495.827748203087	1194.69995117188
498.597515759658	1201.19995117188
501.366357422061	1198.90002441406
504.134273783759	1196.59997558594
506.901265437278	1206.5
509.66733297421	1204.19995117188
512.432476985198	1197.59997558594
515.196698059945	1202.90002441406
517.959996787225	1201.80004882813
520.722373754895	1202.80004882813
523.483829549856	1204.80004882813
526.24436475811	1205.90002441406
529.003979964696	1204
531.762675753779	1204.80004882813
534.520452708569	1209
537.277311411375	1201
540.03325244359	1199.59997558594
542.788276385682	1206.80004882813
545.54238381725	1205
548.295575316938	1211.30004882813
551.047851462516	1201.30004882813
553.799212830831	1207.69995117188
556.549659997851	1202.30004882813
559.299193538643	1201.59997558594
562.047814027381	1199.40002441406
564.795522037318	1201.90002441406
567.542318140861	1200.59997558594
570.288202909507	1201.19995117188
573.033176913873	1196.40002441406
575.7772407237	1209.30004882813
578.520394907829	1199.5
581.26264003424	1204.59997558594
584.003976670046	1196.09997558594
586.744405381469	1199.5
589.483926733869	1198.30004882813
592.222541291746	1195.40002441406
594.96024961872	1202.40002441406
597.697052277563	1202.80004882813
600.432949830166	1200.40002441406
603.167942837587	1204.19995117188
605.902031860012	1201.5
608.635217456783	1195.09997558594
611.367500186378	1207
614.098880606429	1195.90002441406
616.82935927374	1210.30004882813
619.558936744248	1201.90002441406
622.287613573072	1198.80004882813
625.015390314457	1204.09997558594
627.742267521848	1193.59997558594
630.468245747829	1200.40002441406
633.193325544166	1197.5
635.917507461792	1199.30004882813
638.640792050804	1204.19995117188
641.36317986048	1203.90002441406
644.084671439281	1203.80004882813
646.805267334845	1198.90002441406
649.524968093967	1207.69995117188
652.24377426266	1198.19995117188
654.961686386106	1199.59997558594
657.678705008678	1196.90002441406
660.394830673939	1205.09997558594
663.110063924628	1199
665.824405302728	1204.09997558594
668.537855349351	1197.59997558594
671.250414604863	1202.59997558594
673.962083608812	1200.69995117188
676.672862899949	1198.5
679.382753016218	1197.30004882813
682.091754494801	1197.59997558594
684.799867872061	1199.69995117188
687.507093683595	1199
690.213432464198	1203.80004882813
692.918884747899	1202.40002441406
695.623451067937	1203.80004882813
698.327131956755	1200.90002441406
701.029927946065	1196.5
703.731839566754	1198.30004882813
706.43286734896	1200.80004882813
709.133011822067	1208.69995117188
711.832273514658	1200.59997558594
714.53065295457	1210.09997558594
717.228150668879	1198.30004882813
719.924767183889	1200.19995117188
722.620503025148	1201.40002441406
725.315358717446	1196
728.009334784827	1201.90002441406
730.702431750559	1205
733.394650137188	1202.30004882813
736.085990466498	1192.80004882813
738.776453259519	1198.69995117188
741.466039036542	1201.19995117188
744.154748317125	1205.40002441406
746.842581620074	1202
749.529539463458	1206.19995117188
752.215622364608	1212.69995117188
754.900830840131	1206.19995117188
757.585165405892	1209.59997558594
760.26862657703	1201.30004882813
762.951214867957	1203.30004882813
765.632930792356	1198.80004882813
768.313774863181	1196.80004882813
770.993747592673	1198.5
773.672849492359	1201
776.351081073017	1197.5
779.028442844757	1198.69995117188
781.704935316928	1193.19995117188
784.380558998208	1201.19995117188
787.055314396528	1201
789.729202019141	1195.09997558594
792.402222372581	1199.69995117188
795.074375962669	1202.59997558594
797.745663294537	1193.80004882813
800.416084872622	1195.19995117188
803.085641200652	1205.69995117188
805.754332781664	1202.90002441406
808.422160117986	1198.59997558594
811.089123711292	1200.80004882813
813.75522406252	1202.80004882813
816.420461671951	1199.30004882813
819.084837039164	1205.5
821.748350663067	1197.40002441406
824.411003041866	1201.59997558594
827.072794673116	1201.59997558594
829.733726053668	1205.19995117188
832.39379767971	1209
835.05301004674	1201.80004882813
837.711363649601	1200.69995117188
840.368858982457	1198.30004882813
843.025496538805	1197.40002441406
845.681276811467	1200.59997558594
848.336200292618	1206.5
850.99026747375	1208.19995117188
853.643478845713	1205.5
856.29583489868	1213.30004882813
858.947336122176	1201.80004882813
861.59798300506	1206.80004882813
864.247776035556	1202.09997558594
866.896715701222	1204.59997558594
869.544802488959	1205.40002441406
872.192036885046	1207.5
874.838419375087	1202.80004882813
877.483950444054	1206.69995117188
880.128630576285	1203.5
882.772460255461	1203.40002441406
885.415439964628	1204
888.057570186211	1207.69995117188
890.698851401966	1208
893.339284093045	1203.40002441406
895.978868739961	1207.59997558594
898.617605822596	1209.5
901.255495820196	1205.40002441406
903.892539211396	1205.59997558594
906.528736474184	1210.80004882813
909.164088085949	1204.80004882813
911.798594523442	1208.19995117188
914.432256262804	1210.30004882813
917.065073779549	1211.90002441406
919.697047548589	1202.30004882813
922.328178044212	1211.30004882813
924.9584657401	1208.30004882813
927.587911109317	1213.19995117188
930.216514624317	1211.09997558594
932.844276756963	1213.40002441406
935.471197978488	1218.69995117188
938.097278759538	1210.5
940.722519570163	1221.69995117188
943.346920879798	1215.80004882813
945.97048315729	1214.90002441406
948.593206870885	1211.5
951.215092488219	1207.90002441406
953.836140476366	1209.09997558594
956.456351301787	1207.19995117188
959.07572543037	1205.80004882813
961.694263327369	1206.40002441406
964.311965457521	1204.69995117188
966.928832284933	1206
969.544864273135	1207.90002441406
972.160061885076	1210
974.774425583129	1209.19995117188
977.387955829099	1204.40002441406
980.000653084196	1209.30004882813
982.612517809061	1203.69995117188
985.223550463768	1206.59997558594
987.833751507819	1207.5
990.443121400135	1208.09997558594
993.051660599081	1208.59997558594
995.659369562449	1213.09997558594
998.266248747469	1209.90002441406
1000.87229861081	1220.90002441406
1003.47751960857	1227.40002441406
1006.0819121963	1233.59997558594
1008.68547682897	1216.40002441406
1011.28821396104	1202.69995117188
1013.89012404635	1199.90002441406
1016.49120753824	1208.09997558594
1019.09146488947	1211.09997558594
1021.69089655226	1205.5
1024.28950297827	1205.59997558594
1026.88728461863	1204.5
1029.48424192392	1203.69995117188
1032.08037534416	1211.80004882813
1034.67568532886	1210.5
1037.27017232694	1208.09997558594
1039.86383678682	1202.5
1042.45667915637	1209.90002441406
1045.04869988293	1200.09997558594
1047.6398994133	1207.40002441406
1050.23027819374	1202.30004882813
1052.81983666998	1205
1055.40857528724	1199.90002441406
1057.99649449018	1204.69995117188
1060.58359472296	1196.69995117188
1063.1698764292	1207.40002441406
1065.755340052	1199.5
1068.33998603393	1206.09997558594
1070.92381481706	1206.90002441406
1073.50682684291	1210.80004882813
1076.08902255251	1202.69995117188
1078.67040238637	1207
1081.25096678445	1210.09997558594
1083.83071618624	1201.19995117188
1086.4096510307	1204.40002441406
1088.98777175629	1207.5
1091.56507880094	1195.80004882813
1094.14157260208	1206.90002441406
1096.71725359664	1199.19995117188
1099.29212222106	1210.09997558594
1101.86617891125	1205.19995117188
1104.43942410262	1200.40002441406
1107.01185823011	1201.59997558594
1109.58348172812	1203.59997558594
1112.15429503057	1195.19995117188
1114.7242985709	1207.90002441406
1117.29349278203	1199.5
1119.86187809642	1203.30004882813
1122.42945494599	1202.30004882813
1124.99622376222	1206.30004882813
1127.56218497606	1217.09997558594
1130.12733901801	1210.69995117188
1132.69168631804	1200.90002441406
1135.25522730568	1195.09997558594
1137.81796240995	1197.80004882813
1140.37989205941	1194.09997558594
1142.9410166821	1198.40002441406
1145.50133670561	1197.40002441406
1148.06085255708	1200.59997558594
1150.61956466311	1209.80004882813
1153.17747344987	1199.40002441406
1155.73457934305	1202.09997558594
1158.29088276786	1209.5
1160.84638414903	1196.30004882813
1163.40108391085	1205.80004882813
1165.95498247711	1200.59997558594
1168.50808027116	1209.40002441406
1171.06037771587	1201
1173.61187523364	1204.69995117188
1176.16257324643	1204.5
1178.71247217573	1201
1181.26157244255	1194.90002441406
1183.80987446746	1196.90002441406
1186.35737867059	1200.09997558594
1188.90408547157	1197.80004882813
1191.44999528961	1199.40002441406
1193.99510854347	1196
1196.53942565142	1195.69995117188
1199.08294703133	1198.59997558594
1201.62567310057	1200.59997558594
1204.16760427611	1199.59997558594
1206.70874097445	1212
1209.24908361163	1205.90002441406
1211.78863260327	1202.19995117188
1214.32738836454	1211.59997558594
1216.86535131017	1197.5
1219.40252185445	1199.19995117188
1221.93890041121	1210.30004882813
1224.47448739389	1206.09997558594
1227.00928321544	1206.5
1229.54328828842	1207.69995117188
1232.07650302491	1211.59997558594
1234.60892783662	1204.19995117188
1237.14056313477	1214
1239.67140933017	1206.30004882813
1242.2014668332	1207.19995117188
1244.73073605384	1206.5
1247.25921740159	1218.80004882813
1249.78691128558	1215.5
1252.31381811448	1211.80004882813
1254.83993829655	1210.40002441406
1257.36527223962	1211.59997558594
1259.88982035112	1214.69995117188
1262.41358303803	1213.30004882813
1264.93656070696	1209.30004882813
1267.45875376405	1215
1269.98016261505	1217
1272.50078766531	1212.90002441406
1275.02062931974	1223.69995117188
1277.53968798285	1210.30004882813
1280.05796405875	1221
1282.57545795112	1221.80004882813
1285.09217006325	1217.59997558594
1287.60810079802	1217.09997558594
1290.12325055788	1214.09997558594
1292.63761974492	1224.30004882813
1295.15120876079	1217
1297.66401800676	1222.5
1300.17604788367	1219.30004882813
1302.687298792	1219.90002441406
1305.19777113181	1213.90002441406
1307.70746530274	1227
1310.21638170408	1215.69995117188
1312.7245207347	1233.90002441406
1315.23188279307	1225.40002441406
1317.73846827728	1219.09997558594
1320.24427758502	1225.30004882813
1322.74931111359	1227.69995117188
1325.25356925991	1216.90002441406
1327.75705242051	1230.69995117188
1330.25976099151	1218.30004882813
1332.76169536868	1225.5
1335.26285594737	1230.80004882813
1337.76324312256	1221.69995117188
1340.26285728887	1225.69995117188
1342.76169884052	1225.09997558594
1345.25976817132	1219.30004882813
1347.75706567474	1220.5
1350.25359174387	1216.59997558594
1352.74934677141	1206.30004882813
1355.24433114968	1207.40002441406
1357.73854527062	1206.59997558594
1360.23198952583	1206.90002441406
1362.7246643065	1212.09997558594
1365.21657000347	1212.59997558594
1367.7077070072	1205.80004882813
1370.19807570777	1201.90002441406
1372.68767649492	1200.30004882813
1375.176509758	1204.80004882813
1377.66457588599	1203.5
1380.15187526753	1211.5
1382.63840829087	1198.69995117188
1385.1241753439	1203.30004882813
1387.60917681417	1211.69995117188
1390.09341308884	1202.90002441406
1392.57688455474	1213.69995117188
1395.05959159829	1203.80004882813
1397.54153460562	1204.69995117188
1400.02271396243	1210.80004882813
1402.50313005414	1207.30004882813
1404.98278326576	1210.69995117188
1407.46167398196	1206.69995117188
1409.93980258707	1207.69995117188
1412.41716946504	1206
1414.89377499951	1205.59997558594
1417.36961957373	1205.09997558594
1419.84470357062	1208.90002441406
1422.31902737275	1211.5
1424.79259136235	1215.30004882813
1427.26539592129	1218.59997558594
1429.73744143111	1205.09997558594
1432.20872827299	1216.69995117188
1434.67925682777	1223
1437.14902747597	1221.09997558594
1439.61804059773	1224.09997558594
1442.0862965729	1223.09997558594
1444.55379578093	1223.59997558594
1447.02053860099	1233.30004882813
1449.48652541188	1233.69995117188
1451.95175659206	1233.69995117188
1454.41623251969	1229.80004882813
1456.87995357255	1232.40002441406
1459.34292012811	1225.59997558594
1461.80513256351	1227.80004882813
1464.26659125557	1224.40002441406
1466.72729658073	1219.40002441406
1469.18724891517	1212.90002441406
1471.64644863469	1222
1474.10489611478	1201.40002441406
1476.5625917306	1202.19995117188
1479.01953585699	1197
1481.47572886844	1205.09997558594
1483.93117113917	1192.09997558594
1486.38586304302	1198.40002441406
1488.83980495354	1189.5
1491.29299724395	1193.19995117188
1493.74544028715	1195.90002441406
1496.19713445573	1194.59997558594
1498.64808012193	1192.19995117188
1501.09827765772	1191.40002441406
1503.54772743471	1193.90002441406
1505.99642982421	1190.40002441406
1508.44438519723	1197
1510.89159392446	1196.69995117188
1513.33805637625	1195
1515.78377292266	1196.90002441406
1518.22874393346	1194.40002441406
1520.67296977806	1196.69995117188
1523.11645082559	1196.5
1525.55918744488	1196.80004882813
1528.00118000444	1195.19995117188
1530.44242887245	1193.30004882813
1532.88293441684	1195.5
1535.32269700517	1202.30004882813
1537.76171700475	1191.30004882813
1540.19999478255	1200.40002441406
1542.63753070526	1195.40002441406
1545.07432513925	1195.19995117188
1547.5103784506	1198.30004882813
1549.94569100509	1203.09997558594
1552.38026316819	1202.30004882813
1554.8140953051	1199.40002441406
1557.24718778067	1205.80004882813
1559.67954095952	1208.69995117188
1562.11115520592	1201.90002441406
1564.54203088386	1199.30004882813
1566.97216835704	1203
1569.40156798888	1204.5
1571.83023014248	1214.59997558594
1574.25815518067	1201.30004882813
1576.68534346597	1202.30004882813
1579.11179536062	1205.80004882813
1581.53751122658	1211
1583.9624914255	1208.5
1586.38673631876	1212.19995117188
1588.81024626745	1215.69995117188
1591.23302163235	1205.80004882813
1593.655062774	1209.59997558594
1596.07637005262	1211.40002441406
1598.49694382815	1213.59997558594
1600.91678446025	1215.69995117188
1603.33589230831	1215.40002441406
1605.75426773142	1219.59997558594
1608.1719110884	1210.69995117188
1610.58882273779	1220.59997558594
1613.00500303784	1219.59997558594
1615.42045234654	1222.40002441406
1617.83517102158	1226.80004882813
1620.24915942039	1226.40002441406
1622.66241790012	1217.69995117188
1625.07494681764	1224.30004882813
1627.48674652954	1231.80004882813
1629.89781739216	1219
1632.30815976152	1233.30004882813
1634.71777399343	1238.30004882813
1637.12666044338	1243.59997558594
1639.53481946661	1240.30004882813
1641.94225141808	1242.90002441406
1644.34895665248	1241.40002441406
1646.75493552424	1241.59997558594
1649.16018838752	1248.30004882813
1651.56471559621	1251.80004882813
1653.96851750392	1254.19995117188
1656.37159446403	1245.90002441406
1658.7739468296	1245
1661.17557495349	1243.80004882813
1663.57647918824	1243.40002441406
1665.97665988617	1239.80004882813
1668.37611739929	1235.09997558594
1670.77485207939	1236.69995117188
1673.17286427799	1228.69995117188
1675.57015434633	1216.19995117188
1677.96672263542	1218.80004882813
1680.36256949598	1220.80004882813
1682.7576952785	1213.40002441406
1685.15210033318	1215.59997558594
1687.54578501	1216.59997558594
1689.93874965866	1206.19995117188
1692.33099462861	1208.40002441406
1694.72252026904	1201.09997558594
1697.11332692889	1195.09997558594
1699.50341495686	1196.90002441406
1701.89278470137	1203
1704.28143651061	1198
1706.66937073251	1196.80004882813
1709.05658771473	1193.80004882813
1711.44308780473	1193.59997558594
1713.82887134968	1192.40002441406
1716.21393869648	1196.19995117188
1718.59829019185	1190.59997558594
1720.98192618221	1195.40002441406
1723.36484701374	1195.59997558594
1725.74705303238	1184.69995117188
1728.12854458384	1192
1730.50932201356	1189.09997558594
1732.88938566673	1187.40002441406
1735.26873588834	1185.69995117188
1737.64737302307	1194.90002441406
1740.02529741544	1189.09997558594
1742.40250940964	1187.90002441406
1744.77900934969	1193.69995117188
1747.15479757933	1191.19995117188
1749.52987444206	1184.30004882813
1751.90424028116	1182.5
1754.27789543967	1181.40002441406
1756.65084026037	1188.09997558594
1759.02307508582	1187.19995117188
1761.39460025833	1184.5
1763.76541612	1189
1766.13552301265	1188.59997558594
1768.50492127791	1192.5
1770.87361125714	1176.90002441406
1773.2415932915	1184.19995117188
1775.60886772188	1184.59997558594
1777.97543488896	1182.90002441406
1780.34129513318	1186.5
1782.70644879475	1188.5
1785.07089621365	1185.30004882813
1787.43463772964	1180.80004882813
1789.7976736822	1182.19995117188
1792.16000441066	1183.5
1794.52163025405	1179.5
1796.88255155121	1185
1799.24276864074	1186.5
1801.60228186102	1180.09997558594
1803.96109155019	1185.80004882813
1806.31919804618	1176.69995117188
1808.67660168668	1183.30004882813
1811.03330280916	1186
1813.38930175088	1185.19995117188
1815.74459884884	1182.59997558594
1818.09919443984	1181.19995117188
1820.45308886047	1178.30004882813
1822.80628244708	1183.19995117188
1825.1587755358	1178.80004882813
1827.51056846254	1183.19995117188
1829.86166156297	1181.80004882813
1832.21205517258	1181.5
1834.56174962661	1183.09997558594
1836.91074526009	1175.69995117188
1839.25904240783	1182.09997558594
1841.60664140443	1179.09997558594
1843.95354258425	1177.80004882813
1846.29974628146	1180.69995117188
1848.64525282998	1180.90002441406
1850.99006256356	1180.69995117188
1853.3341758157	1180.19995117188
1855.67759291968	1181
1858.02031420858	1190.09997558594
1860.36234001528	1183.40002441406
1862.70367067241	1187.09997558594
1865.04430651244	1185.5
1867.38424786755	1186.40002441406
1869.72349506978	1180.90002441406
1872.06204845094	1182.59997558594
1874.39990834258	1180.5
1876.73707507612	1184.69995117188
1879.07354898269	1183
1881.40933039328	1187.40002441406
1883.74441963861	1182.59997558594
1886.07881704925	1185.90002441406
1888.41252295551	1185.80004882813
1890.74553768751	1176
1893.07786157519	1184.80004882813
1895.40949494822	1178
1897.74043813615	1185.69995117188
1900.07069146823	1180.19995117188
1902.40025527357	1181.59997558594
1904.72912988106	1186.09997558594
1907.05731561938	1183.90002441406
1909.38481281699	1184.30004882813
1911.71162180217	1179.09997558594
1914.037742903	1180.19995117188
1916.36317644734	1183.59997558594
1918.68792276284	1180.69995117188
1921.01198217697	1186
1923.33535501699	1185
1925.65804160996	1184
1927.98004228273	1181
1930.30135736196	1182.09997558594
1932.6219871741	1182.09997558594
1934.94193204543	1187.80004882813
1937.26119230198	1182.5
1939.57976826962	1187.19995117188
1941.89766027402	1181.19995117188
1944.21486864062	1188.40002441406
1946.53139369472	1183.5
1948.84723576137	1187.90002441406
1951.16239516543	1182.09997558594
1953.47687223159	1179.80004882813
1955.79066728434	1184.90002441406
1958.10378064794	1182.69995117188
1960.4162126465	1182.90002441406
1962.7279636039	1182.5
1965.03903384385	1189.69995117188
1967.34942368987	1184.59997558594
1969.65913346524	1181.19995117188
1971.96816349311	1188.30004882813
1974.2765140964	1179.40002441406
1976.58418559784	1186.19995117188
1978.89117831997	1182.09997558594
1981.19749258516	1186.19995117188
1983.50312871555	1187.80004882813
1985.80808703313	1187.5
1988.11236785967	1183.09997558594
1990.41597151676	1181.5
1992.71889832581	1182.40002441406
1995.02114860801	1186
1997.3227226844	1185.09997558594
1999.62362087581	1185.59997558594
2001.92384350288	1183.40002441406
2004.22339088608	1180.69995117188
2006.52226334567	1187.40002441406
2008.82046120173	1185.5
2011.11798477417	1183.69995117188
2013.41483438269	1184.40002441406
2015.71101034681	1187.19995117188
2018.00651298588	1186.80004882813
2020.30134261905	1182
2022.59549956528	1190.30004882813
2024.88898414337	1187.80004882813
2027.1817966719	1188.5
2029.4739374693	1187.90002441406
2031.76540685379	1178.69995117188
2034.05620514342	1187.59997558594
2036.34633265607	1186.30004882813
2038.6357897094	1184.80004882813
2040.92457662092	1184.69995117188
2043.21269370795	1184.90002441406
2045.50014128763	1186.30004882813
2047.78691967691	1191.59997558594
2050.07302919256	1186.5
2052.35847015118	1183.80004882813
2054.64324286919	1185.90002441406
2056.9273476628	1183.80004882813
2059.21078484808	1185.40002441406
2061.4935547409	1185.09997558594
2063.77565765696	1183.40002441406
2066.05709391176	1191.19995117188
2068.33786382065	1181.69995117188
2070.61796769879	1188.5
2072.89740586116	1184.59997558594
2075.17617862255	1183.69995117188
2077.45428629759	1190.5
2079.73172920075	1184.59997558594
2082.00850764627	1189.09997558594
2084.28462194827	1185.69995117188
2086.56007242065	1189.40002441406
2088.83485937717	1187.19995117188
2091.10898313139	1192.59997558594
2093.3824439967	1189.59997558594
2095.65524228632	1183
2097.92737831328	1188.80004882813
2100.19885239047	1192.69995117188
2102.46966483057	1187.5
2104.7398159461	1188
2107.00930604941	1191.90002441406
2109.27813545267	1183
2111.54630446787	1190.19995117188
2113.81381340685	1187.5
2116.08066258126	1196
2118.34685230257	1188.09997558594
2120.61238288211	1190.69995117188
2122.87725463099	1193.69995117188
2125.1414678602	1189.69995117188
2127.40502288052	1189.40002441406
2129.66792000257	1190.90002441406
2131.93015953682	1192.19995117188
2134.19174179353	1188.5
2136.45266708282	1187.5
2138.71293571463	1189.69995117188
2140.97254799873	1185.80004882813
2143.23150424473	1195.69995117188
2145.48980476205	1185.80004882813
2147.74744985996	1190
2150.00443984754	1187.5
2152.26077503373	1190.59997558594
2154.51645572728	1187.90002441406
2156.77148223677	1191.30004882813
2159.02585487064	1192.59997558594
2161.27957393713	1187.09997558594
2163.53263974432	1188.90002441406
2165.78505260012	1188.59997558594
2168.0368128123	1189.5
2170.28792068844	1186.80004882813
2172.53837653595	1189.5
2174.78818066207	1193.5
2177.03733337389	1192.5
2179.28583497833	1184.69995117188
2181.53368578214	1189.40002441406
2183.78088609192	1186.40002441406
2186.02743621406	1190.30004882813
2188.27333645484	1190.19995117188
2190.51858712033	1186.69995117188
2192.76318851646	1186.09997558594
2195.00714094901	1186.19995117188
2197.25044472354	1187.90002441406
2199.49310014551	1187.5
2201.73510752018	1190.19995117188
2203.97646715265	1181
2206.21717934786	1192
2208.45724441058	1192.19995117188
2210.69666264543	1189.80004882813
2212.93543435686	1189
2215.17355984914	1187.09997558594
2217.41103942642	1188.5
2219.64787339264	1192.90002441406
2221.8840620516	1188.09997558594
2224.11960570695	1184.09997558594
2226.35450466215	1183.90002441406
2228.58875922051	1186
2230.82236968518	1183.90002441406
2233.05533635916	1186
2235.28765954527	1189
2237.51933954617	1188.09997558594
2239.75037666437	1182.59997558594
2241.98077120221	1185.59997558594
2244.21052346188	1192.40002441406
2246.4396337454	1183.5
2248.66810235461	1193.09997558594
2250.89592959125	1185.5
2253.12311575681	1181.40002441406
2255.34966115272	1186.59997558594
2257.57556608017	1189.5
2259.80083084023	1186.90002441406
2262.02545573381	1191
2264.24944106163	1182.30004882813
2266.47278712429	1185
2268.69549422221	1185.09997558594
2270.91756265564	1188
2273.1389927247	1184.30004882813
2275.35978472934	1185.90002441406
2277.57993896933	1186
2279.79945574431	1187.5
2282.01833535375	1194.69995117188
2284.23657809696	1184.80004882813
2286.45418427309	1188
2288.67115418114	1185.90002441406
2290.88748811995	1186.59997558594
2293.10318638819	1189.5
2295.3182492844	1178.30004882813
2297.53267710693	1187.40002441406
2299.746470154	1189
2301.95962872364	1184.90002441406
2304.17215311376	1186.40002441406
2306.3840436221	1183.09997558594
2308.59530054621	1193.69995117188
2310.80592418354	1185.80004882813
2313.01591483134	1188.09997558594
2315.22527278673	1188
2317.43399834666	1186.69995117188
2319.64209180791	1183.90002441406
2321.84955346713	1189.80004882813
2324.05638362079	1183.19995117188
2326.26258256524	1180.09997558594
2328.46815059664	1185.80004882813
2330.67308801098	1188.19995117188
2332.87739510415	1188.5
2335.08107217184	1185.59997558594
2337.2841195096	1184.59997558594
2339.48653741281	1185.69995117188
2341.68832617672	1191.90002441406
2343.8894860964	1183.19995117188
2346.09001746678	1185.19995117188
2348.28992058261	1182.09997558594
2350.48919573852	1181
2352.68784322898	1186.5
2354.88586334826	1191.09997558594
2357.08325639055	1184.09997558594
2359.2800226498	1180.90002441406
2361.47616241988	1185.69995117188
2363.67167599445	1189.19995117188
2365.86656366706	1187.09997558594
2368.06082573107	1187.59997558594
2370.2544624797	1184.19995117188
2372.44747420603	1182.09997558594
2374.63986120295	1180.90002441406
2376.83162376322	1189
2379.02276217945	1183.59997558594
2381.21327674408	1188.80004882813
2383.4031677494	1183.09997558594
2385.59243548756	1179.40002441406
2387.78108025053	1185.80004882813
2389.96910233014	1183.69995117188
2392.15650201809	1180.40002441406
2394.34327960587	1179.5
2396.52943538486	1184.69995117188
2398.71496964628	1185
2400.89988268118	1180.40002441406
2403.08417478048	1179.30004882813
2405.26784623491	1184.90002441406
2407.45089733509	1180.59997558594
2409.63332837146	1185.59997558594
2411.81513963429	1185.5
2413.99633141375	1181.09997558594
2416.1769039998	1182.19995117188
2418.35685768227	1177.69995117188
2420.53619275084	1183
2422.71490949505	1180.80004882813
2424.89300820425	1181.09997558594
2427.07048916765	1179.59997558594
2429.24735267433	1185.90002441406
2431.42359901319	1182.30004882813
2433.59922847297	1181.19995117188
2435.7742413423	1183.59997558594
2437.94863790961	1182.09997558594
2440.12241846321	1183.30004882813
2442.29558329121	1180.80004882813
2444.46813268162	1190.19995117188
2446.64006692228	1183.69995117188
2448.81138630086	1179.30004882813
2450.98209110489	1180
2453.15218162174	1183
2455.32165813864	1179
2457.49052094265	1182.80004882813
2459.65877032069	1177.59997558594
2461.8264065595	1182.40002441406
2463.99342994572	1180.5
2466.15984076579	1175.5
2468.325639306	1177.80004882813
2470.49082585251	1184.5
2472.65540069131	1175.5
2474.81936410824	1178.5
2476.98271638899	1180.59997558594
2479.14545781909	1178.09997558594
2481.30758868392	1178.69995117188
2483.4691092687	1178
2485.63001985852	1179.40002441406
2487.79032073829	1180.69995117188
2489.95001219277	1178.59997558594
2492.10909450659	1181.90002441406
2494.26756796419	1185.09997558594
2496.42543284989	1176.09997558594
2498.58268944783	1181.90002441406
2500.73933804202	1182.80004882813
2502.8953789163	1176.09997558594
2505.05081235436	1179.5
2507.20563863974	1177.80004882813
2509.35985805582	1188.30004882813
2511.51347088583	1188.5
2513.66647741285	1179.40002441406
2515.81887791981	1186.90002441406
2517.97067268946	1182.5
2520.12186200443	1178.40002441406
2522.27244614716	1182.40002441406
2524.42242539999	1177.5
2526.57180004504	1181.80004882813
2528.72057036433	1181.30004882813
2530.8687366397	1174.69995117188
2533.01629915284	1186.30004882813
2535.16325818527	1182.19995117188
2537.30961401839	1185.59997558594
2539.45536693343	1178.30004882813
2541.60051721145	1183.30004882813
2543.74506513338	1184.5
2545.88901097997	1182.59997558594
2548.03235503185	1185.59997558594
2550.17509756946	1184.40002441406
2552.31723887311	1181.69995117188
2554.45877922293	1185.69995117188
2556.59971889893	1180.90002441406
2558.74005818094	1178.59997558594
2560.87979734864	1186.09997558594
2563.01893668155	1188.19995117188
2565.15747645906	1178.40002441406
2567.29541696037	1181.90002441406
2569.43275846454	1177.69995117188
2571.56950125049	1178.90002441406
2573.70564559696	1185.80004882813
2575.84119178254	1182.59997558594
2577.97614008569	1181.19995117188
2580.11049078468	1187.59997558594
2582.24424415764	1183.40002441406
2584.37740048255	1182.5
2586.50996003722	1189.90002441406
2588.64192309931	1180.5
2590.77328994634	1179.19995117188
2592.90406085564	1178.80004882813
2595.03423610442	1179.5
2597.16381596971	1178.80004882813
2599.29280072839	1175.40002441406
2601.42119065719	1180.40002441406
2603.54898603267	1179.5
2605.67618713125	1179
2607.80279422919	1178.59997558594
2609.92880760257	1180.5
2612.05422752735	1180.69995117188
2614.17905427932	1182.5
2616.30328813408	1188.09997558594
2618.42692936713	1189.19995117188
2620.54997825377	1178.19995117188
2622.67243506915	1178.19995117188
2624.79430008828	1186
2626.915573586	1185.5
2629.03625583699	1185.80004882813
2631.15634711579	1183.69995117188
2633.27584769675	1177.80004882813
2635.39475785408	1180.5
2637.51307786185	1184.69995117188
2639.63080799394	1185.19995117188
2641.74794852409	1189.59997558594
2643.86449972589	1186.90002441406
2645.98046187273	1188.09997558594
2648.0958352379	1182.40002441406
2650.21062009449	1186.19995117188
2652.32481671544	1183.80004882813
2654.43842537353	1182.90002441406
2656.5514463414	1179.69995117188
2658.66387989151	1183.80004882813
2660.77572629616	1181.09997558594
2662.88698582751	1183.5
2664.99765875753	1186.09997558594
2667.10774535806	1183.19995117188
2669.21724590076	1182.59997558594
2671.32616065714	1177.30004882813
2673.43448989857	1180.5
2675.5422338962	1183.5
2677.64939292108	1184.5
2679.75596724408	1188.69995117188
2681.86195713589	1186.5
2683.96736286707	1187.59997558594
2686.07218470799	1183.90002441406
2688.17642292889	1189
2690.28007779982	1186.30004882813
2692.38314959069	1185.5
2694.48563857123	1184.80004882813
2696.58754501103	1180.5
2698.6888691795	1183.30004882813
2700.78961134588	1188.59997558594
2702.8897717793	1187.69995117188
2704.98935074864	1182
2707.08834852271	1182.59997558594
2709.18676537009	1185.59997558594
2711.28460155925	1188
2713.38185735843	1190.09997558594
2715.47853303577	1189.90002441406
2717.57462885924	1186
2719.67014509659	1191.40002441406
2721.76508201548	1186.09997558594
2723.85943988337	1192.40002441406
2725.95321896754	1188.09997558594
2728.04641953515	1183.19995117188
2730.13904185316	1186.90002441406
2732.23108618837	1193.80004882813
2734.32255280744	1192.5
2736.41344197683	1197.09997558594
2738.50375396288	1194.69995117188
2740.5934890317	1190.69995117188
2742.68264744932	1189.5
2744.77122948153	1190.30004882813
2746.85923539398	1188.5
2748.94666545217	1182.80004882813
2751.03351992142	1189.30004882813
2753.11979906688	1188.30004882813
2755.20550315355	1182.40002441406
2757.29063244624	1192.69995117188
2759.37518720963	1192.69995117188
2761.45916770819	1188.80004882813
2763.54257420625	1186.5
2765.62540696797	1189
2767.70766625733	1185.80004882813
2769.78935233816	1190.59997558594
2771.87046547413	1186.19995117188
2773.95100592869	1181.59997558594
2776.03097396519	1190.09997558594
2778.11036984677	1191.30004882813
2780.18919383641	1185.19995117188
2782.26744619693	1189.30004882813
2784.34512719097	1190.09997558594
2786.42223708102	1186.09997558594
2788.49877612937	1190.09997558594
2790.57474459816	1193.5
2792.65014274937	1187.30004882813
2794.7249708448	1190.80004882813
2796.79922914607	1190.90002441406
2798.87291791465	1186.5
2800.94603741181	1193.09997558594
2803.01858789869	1189.19995117188
2805.09056963623	1191.30004882813
2807.1619828852	1186
2809.23282790621	1191.19995117188
2811.30310495971	1196.30004882813
2813.37281430593	1192.19995117188
2815.441956205	1193
2817.51053091682	1190.09997558594
2819.57853870114	1198.5
2821.64597981753	1194.90002441406
2823.7128545254	1196.40002441406
2825.77916308399	1198.5
2827.84490575233	1199.80004882813
2829.91008278933	1200.19995117188
2831.97469445369	1200.40002441406
2834.03874100395	1203.30004882813
2836.10222269847	1204.30004882813
2838.16513979544	1213.09997558594
2840.22749255288	1211.59997558594
2842.28928122863	1213.40002441406
2844.35050608034	1219.69995117188
2846.41116736553	1218.90002441406
2848.47126534149	1226.69995117188
2850.53080026537	1236.90002441406
2852.58977239414	1231.30004882813
2854.64818198459	1244.30004882813
2856.70602929332	1244.69995117188
2858.76331457678	1260.19995117188
2860.82003809123	1265.90002441406
2862.87620009274	1271.80004882813
2864.93180083723	1281.90002441406
2866.98684058043	1287.59997558594
2869.04131957789	1297
2871.09523808497	1312.09997558594
2873.14859635689	1316.30004882813
2875.20139464866	1312.19995117188
2877.2536332151	1320
2879.30531231091	1315.80004882813
2881.35643219054	1319.90002441406
2883.40699310831	1314
2885.45699531834	1322.59997558594
2887.50643907457	1326.40002441406
2889.55532463077	1321.40002441406
2891.60365224053	1330.40002441406
2893.65142215724	1329.40002441406
2895.69863463414	1328.80004882813
2897.74528992426	1331
2899.79138828046	1340.5
2901.83692995544	1341.80004882813
2903.88191520168	1351.69995117188
2905.92634427151	1349.40002441406
2907.97021741706	1357.90002441406
2910.01353489027	1373.19995117188
2912.05629694294	1383.90002441406
2914.09850382663	1387.69995117188
2916.14015579276	1402.90002441406
2918.18125309254	1411.80004882813
2920.22179597702	1439.09997558594
2922.26178469705	1443.40002441406
2924.30121950329	1437.09997558594
2926.34010064624	1449.59997558594
2928.37842837619	1458.90002441406
2930.41620294326	1465.69995117188
2932.45342459737	1465.09997558594
2934.49009358828	1458.19995117188
2936.52621016555	1474.90002441406
2938.56177457854	1475.30004882813
2940.59678707645	1446.09997558594
2942.63124790827	1450.59997558594
2944.66515732282	1436.90002441406
2946.69851556873	1443.5
2948.73132289443	1421.40002441406
2950.76357954817	1397.59997558594
2952.79528577803	1407.09997558594
2954.82644183188	1385.69995117188
2956.85704795741	1391.19995117188
2958.8871044021	1391.69995117188
2960.91661141328	1380.40002441406
2962.94556923807	1371.40002441406
2964.97397812339	1351.30004882813
2967.00183831598	1364.90002441406
2969.0291500624	1369.19995117188
2971.05591360902	1360.5
2973.08212920199	1365.09997558594
2975.1077970873	1354.80004882813
2977.13291751074	1358.80004882813
2979.1574907179	1356.90002441406
2981.18151695419	1342.59997558594
2983.20499646482	1338.90002441406
2985.2279294948	1336
2987.25031628898	1327.59997558594
2989.27215709199	1335.40002441406
2991.29345214825	1328.80004882813
2993.31420170204	1325.80004882813
2995.33440599738	1316.5
2997.35406527816	1320.5
2999.37317978802	1308.59997558594
3001.39174977045	1302.69995117188
3003.40977546872	1306.5
3005.42725712591	1311.80004882813
3007.44419498491	1301
3009.4605892884	1295.09997558594
3011.47644027889	1299.5
3013.49174819865	1306
3015.5065132898	1297.69995117188
3017.52073579424	1295.09997558594
3019.53441595366	1292.5
3021.54755400959	1296.90002441406
3023.56015020332	1296.80004882813
3025.57220477598	1293.69995117188
3027.58371796846	1300.59997558594
3029.5946900215	1312.19995117188
3031.6051211756	1293.19995117188
3033.61501167107	1309.19995117188
3035.62436174803	1304.90002441406
3037.6331716464	1312.40002441406
3039.64144160588	1305.59997558594
3041.649171866	1318.69995117188
3043.65636266607	1314.69995117188
3045.6630142452	1334.30004882813
3047.66912684229	1334
3049.67470069605	1326.59997558594
3051.679736045	1332.80004882813
3053.68423312742	1341.40002441406
3055.68819218143	1344.59997558594
3057.6916134449	1359.40002441406
3059.69449715556	1351.80004882813
3061.69684355086	1362.30004882813
3063.6986528681	1364.19995117188
3065.69992534437	1363
3067.70066121653	1369.80004882813
3069.70086072126	1372.09997558594
3071.700524095	1385.19995117188
3073.69965157405	1373.40002441406
3075.69824339442	1384.19995117188
3077.69629979197	1383.5
3079.69382100235	1373.30004882813
3081.69080726098	1378.5
3083.68725880307	1388.19995117188
3085.68317586366	1390.40002441406
3087.67855867755	1402.80004882813
3089.67340747933	1396.19995117188
3091.6677225034	1392.80004882813
3093.66150398392	1399.40002441406
3095.6547521549	1413.30004882813
3097.64746725006	1409.19995117188
3099.63964950297	1416.09997558594
3101.63129914698	1419.90002441406
3103.6224164152	1420.69995117188
3105.61300154056	1436.09997558594
3107.60305475576	1448.69995117188
3109.59257629331	1455.59997558594
3111.58156638547	1453.5
3113.57002526432	1461.09997558594
3115.55795316172	1459.30004882813
3117.54535030932	1474.90002441406
3119.53221693853	1475.90002441406
3121.51855328057	1471.90002441406
3123.50435956646	1490.90002441406
3125.48963602698	1498.59997558594
3127.4743828927	1498.40002441406
3129.45860039397	1514.09997558594
3131.44228876093	1501.69995117188
3133.42544822353	1528.80004882813
3135.40807901145	1535.5
3137.39018135418	1544.69995117188
3139.37175548102	1542
3141.35280162101	1562.09997558594
3143.33332000299	1543.90002441406
3145.31331085559	1568.09997558594
3147.2927744072	1553.90002441406
3149.27171088602	1575.90002441406
3151.25012052	1588.09997558594
3153.22800353689	1598.30004882813
3155.20536016422	1601.19995117188
3157.18219062929	1599.19995117188
3159.15849515918	1602.59997558594
3161.13427398075	1607.59997558594
3163.10952732066	1625.40002441406
3165.08425540532	1624.5
3167.05845846092	1620.5
3169.03213671344	1638.80004882813
3171.00529038863	1658.30004882813
3172.97791971203	1644.80004882813
3174.95002490893	1651.90002441406
3176.92160620443	1671.69995117188
3178.89266382337	1670
3180.8631979904	1685.80004882813
3182.83320892991	1681.30004882813
3184.80269686609	1703.90002441406
3186.77166202289	1689.59997558594
3188.74010462406	1704
3190.70802489307	1725.40002441406
3192.67542305323	1701.80004882813
3194.64229932757	1713.69995117188
3196.60865393892	1734.80004882813
3198.57448710987	1725.30004882813
3200.53979906279	1730.09997558594
3202.50459001981	1734
3204.46886020284	1742.59997558594
3206.43260983356	1753.40002441406
3208.39583913341	1772.40002441406
3210.35854832362	1754.30004882813
3212.32073762517	1762.59997558594
3214.28240725881	1761.30004882813
3216.24355744508	1769
3218.20418840426	1783.69995117188
3220.16430035642	1775.19995117188
3222.12389352137	1773.5
3224.08296811873	1789.30004882813
3226.04152436784	1781.90002441406
3227.99956248784	1790.5
3229.95708269762	1777.80004882813
3231.91408521584	1794
3233.87057026092	1812.69995117188
3235.82653805105	1801.90002441406
3237.78198880419	1802.19995117188
3239.73692273806	1798.19995117188
3241.69134007013	1820.5
3243.64524101764	1823.19995117188
3245.59862579761	1846.5
3247.55149462681	1834.59997558594
3249.50384772176	1814.90002441406
3251.45568529877	1817.30004882813
3253.40700757387	1837.90002441406
3255.35781476288	1823.30004882813
3257.3081070814	1844
3259.25788474473	1838.09997558594
3261.20714796799	1852.40002441406
3263.15589696602	1848
3265.10413195345	1835.69995117188
3267.05185314463	1833.40002441406
3268.9990607537	1840
3270.94575499455	1843.5
3272.89193608081	1854.59997558594
3274.8376042259	1862.5
3276.78275964296	1845.30004882813
3278.72740254492	1837.30004882813
3280.67153314443	1842.30004882813
3282.61515165393	1841.19995117188
3284.55825828559	1867.90002441406
3286.50085325135	1842.69995117188
3288.44293676289	1849.30004882813
3290.38450903165	1863.09997558594
3292.32557026883	1859.59997558594
3294.26612068537	1849.90002441406
3296.20616049198	1847
3298.14568989911	1858.59997558594
3300.08470911695	1849.90002441406
3302.02321835546	1859.09997558594
3303.96121782435	1861.69995117188
3305.89870773306	1837.69995117188
3307.83568829081	1850.5
3309.77215970655	1874.40002441406
3311.70812218898	1840
3313.64357594655	1856.30004882813
3315.57852118747	1853
3317.51295811968	1882.30004882813
3319.44688695087	1865
3321.38030788849	1875.30004882813
3323.31322113973	1874.80004882813
3325.24562691152	1886.19995117188
3327.17752541055	1846.19995117188
3329.10891684322	1883.19995117188
3331.03980141573	1876.19995117188
3332.97017933399	1888
3334.90005080364	1870.30004882813
3336.82941603011	1877.80004882813
3338.75827521852	1898.19995117188
3340.68662857377	1894.69995117188
3342.6144763005	1887.59997558594
3344.54181860308	1890.59997558594
3346.46865568561	1878.40002441406
3348.39498775195	1906.30004882813
3350.32081500571	1902.19995117188
3352.24613765022	1907.30004882813
3354.17095588855	1900.69995117188
3356.09526992352	1909.90002441406
3358.01907995769	1924
3359.94238619334	1913.09997558594
3361.86518883251	1896.90002441406
3363.78748807697	1913.69995117188
3365.70928412823	1934.19995117188
3367.63057718752	1915.5
3369.55136745582	1942.19995117188
3371.47165513386	1928.09997558594
3373.39144042208	1951.59997558594
3375.31072352066	1919.90002441406
3377.22950462953	1933.40002441406
3379.14778394834	1958
3381.06556167648	1941.59997558594
3382.98283801308	1954.40002441406
3384.89961315697	1943.09997558594
3386.81588730676	1946.69995117188
3388.73166066076	1927.30004882813
3390.64693341702	1957.5
3392.56170577332	1939.90002441406
3394.47597792716	1964.80004882813
3396.38975007581	1938.09997558594
3398.30302241623	1944.80004882813
3400.21579514512	1952.69995117188
3402.1280684589	1942.90002441406
3404.03984255374	1942.59997558594
3405.95111762553	1955.30004882813
3407.86189386987	1955.30004882813
3409.77217148212	1952.19995117188
3411.68195065733	1964.59997558594
3413.5912315903	1945.80004882813
3415.50001447556	1949.19995117188
3417.40829950735	1925.80004882813
3419.31608687963	1944.40002441406
3421.22337678611	1942.80004882813
3423.1301694202	1929.69995117188
3425.03646497504	1954.80004882813
3426.9422636435	1940.19995117188
3428.84756561816	1949.5
3430.75237109135	1951.5
3432.65668025508	1942.90002441406
3434.56049330112	1926.69995117188
3436.46381042093	1956.80004882813
3438.36663180571	1938.09997558594
3440.26895764638	1941.90002441406
3442.17078813357	1948.59997558594
3444.07212345762	1933.80004882813
3445.97296380863	1925.19995117188
3447.87330937636	1946.80004882813
3449.77316035033	1922.30004882813
3451.67251691977	1929.69995117188
3453.57137927361	1916.40002441406
3455.46974760052	1910.69995117188
3457.36762208886	1914.09997558594
3459.26500292671	1907.59997558594
3461.16189030191	1917.90002441406
3463.05828440194	1911.30004882813
3464.95418541406	1907.40002441406
3466.84959352519	1888.69995117188
3468.74450892201	1885.19995117188
3470.63893179088	1896.5
3472.53286231788	1864.69995117188
3474.42630068881	1864.19995117188
3476.31924708918	1872.30004882813
3478.2117017042	1854.19995117188
3480.1036647188	1845.5
3481.99513631761	1856.5
3483.88611668498	1870.30004882813
3485.77660600498	1831.09997558594
3487.66660446135	1836
3489.55611223758	1816.80004882813
3491.44512951683	1822.19995117188
3493.333656482	1821.5
3495.22169331568	1836.30004882813
3497.10924020016	1777.59997558594
3498.99629731746	1783.09997558594
3500.88286484927	1776.19995117188
3502.76894297702	1772.80004882813
3504.65453188182	1776.59997558594
3506.53963174449	1785.59997558594
3508.42424274555	1761.40002441406
3510.30836506524	1765.69995117188
3512.19199888349	1755.69995117188
3514.07514437992	1747.5
3515.95780173387	1727.09997558594
3517.83997112437	1725.5
3519.72165273016	1726
3521.60284672967	1709.40002441406
3523.48355330104	1721.69995117188
3525.36377262208	1703.80004882813
3527.24350487035	1702.69995117188
3529.12275022306	1694.90002441406
3531.00150885715	1688.19995117188
3532.87978094923	1679.59997558594
3534.75756667562	1677.90002441406
3536.63486621235	1660.30004882813
3538.51167973512	1646.90002441406
3540.38800741934	1656.5
3542.26384944011	1631.69995117188
3544.13920597223	1631.69995117188
3546.01407719018	1636.69995117188
3547.88846326815	1614.40002441406
3549.76236438002	1618.69995117188
3551.63578069934	1616.09997558594
3553.50871239938	1601.69995117188
3555.38115965309	1613.80004882813
3557.25312263311	1596.69995117188
3559.12460151177	1596.80004882813
3560.99559646109	1574.80004882813
3562.86610765279	1548.5
3564.73613525825	1567.80004882813
3566.60567944857	1558.40002441406
3568.47474039453	1564.59997558594
3570.34331826658	1569
3572.21141323487	1558
3574.07902546925	1546.69995117188
3575.94615513922	1539.19995117188
3577.81280241401	1551.30004882813
3579.67896746249	1530.40002441406
3581.54465045325	1526.19995117188
3583.40985155455	1509.69995117188
3585.27457093432	1529.59997558594
3587.1388087602	1524.5
3589.00256519949	1513.30004882813
3590.86584041919	1507.90002441406
3592.72863458597	1500.59997558594
3594.59094786618	1495.40002441406
3596.45278042585	1493.09997558594
3598.31413243069	1496
3600.17500404611	1489.59997558594
3602.03539543717	1463.40002441406
3603.89530676861	1474.80004882813
3605.75473820488	1467.80004882813
3607.61368991007	1458
3609.47216204797	1461.80004882813
3611.33015478203	1464.19995117188
3613.18766827539	1457.30004882813
3615.04470269087	1458
3616.90125819094	1443.80004882813
3618.75733493776	1452.90002441406
3620.61293309318	1448.19995117188
3622.46805281869	1431.40002441406
3624.32269427547	1414.59997558594
3626.17685762439	1437.69995117188
3628.03054302596	1434.09997558594
3629.88375064038	1423.30004882813
3631.73648062751	1405.40002441406
3633.5887331469	1407.30004882813
3635.44050835775	1408.5
3637.29180641893	1399.90002441406
3639.14262748899	1397
3640.99297172614	1377.09997558594
3642.84283928828	1377.80004882813
3644.69223033294	1381.69995117188
3646.54114501734	1366.90002441406
3648.38958349836	1364
3650.23754593256	1361.59997558594
3652.08503247614	1352.19995117188
3653.93204328497	1338.5
3655.77857851462	1348.80004882813
3657.62463832028	1325.5
3659.47022285682	1328
3661.31533227877	1326.90002441406
3663.15996674033	1314.59997558594
3665.00412639535	1309.30004882813
3666.84781139736	1297.5
3668.69102189953	1296.19995117188
3670.5337580547	1300
3672.37602001537	1290.80004882813
3674.21780793368	1273.90002441406
3676.05912196148	1277.59997558594
3677.89996225021	1269.40002441406
3679.74032895103	1267.69995117188
3681.58022221471	1270.59997558594
3683.41964219171	1264.69995117188
3685.25858903211	1246.69995117188
3687.0970628857	1250.40002441406
3688.93506390186	1248.30004882813
3690.77259222968	1248.59997558594
3692.60964801787	1239.09997558594
3694.44623141481	1232.59997558594
3696.28234256853	1231.90002441406
3698.11798162669	1229.90002441406
3699.95314873665	1227.40002441406
3701.78784404537	1216.59997558594
3703.62206769951	1220.40002441406
3705.45581984533	1214.90002441406
3707.28910062877	1218.30004882813
3709.12191019542	1214.80004882813
3710.95424869052	1217.5
3712.78611625894	1213.69995117188
3714.6175130452	1210.69995117188
3716.44843919349	1199.59997558594
3718.27889484764	1206.59997558594
3720.1088801511	1198.80004882813
3721.93839524699	1199
3723.76744027808	1201.40002441406
3725.59601538677	1203.59997558594
3727.4241207151	1200.90002441406
