40.2973356941271	1129.69995117188
43.2236257608418	1131.59997558594
46.1488808466109	1136.09997558594
49.0731017336173	1137.19995117188
51.9962892025666	1138.5
54.9184440327569	1141.90002441406
57.8395670020446	1147
60.7596588868509	1151
63.6787204621708	1158.59997558594
66.5967525015794	1165.40002441406
69.5137557772381	1171.90002441406
72.4297310598838	1186
75.3446791188512	1205.69995117188
78.2586007220466	1219.59997558594
81.1714966360015	1239.5
84.0833676258266	1269.59997558594
86.994214455242	1315.19995117188
89.9040378865662	1345.59997558594
92.8128386807427	1377.69995117188
95.7206175973133	1404.40002441406
98.6273753944444	1429.59997558594
101.533112828928	1459.40002441406
104.437830656161	1455.80004882813
107.34152963018	1469.80004882813
110.244210503676	1466.19995117188
113.145874027931	1457.09997558594
116.046520952895	1430.90002441406
118.946152027154	1442.80004882813
121.844767997933	1446.80004882813
124.74236961111	1446.09997558594
127.638957611212	1455.80004882813
130.534532741422	1455.90002441406
133.429095743606	1449.40002441406
136.322647358252	1454.09997558594
139.215188324544	1461.19995117188
142.106719380311	1461.80004882813
144.997241262089	1441
147.886754705057	1448.80004882813
150.775260443096	1447
153.662759208748	1461.09997558594
156.549251733282	1456.19995117188
159.434738746612	1458.69995117188
162.319220977376	1437.40002441406
165.20269915289	1456.19995117188
168.085173999178	1444.69995117188
170.966646240977	1451.30004882813
173.847116601709	1461.80004882813
176.726585803528	1451.5
179.605054567295	1441.80004882813
182.48252361259	1445.59997558594
185.358993657701	1444.30004882813
188.234465419645	1446.30004882813
191.108939614183	1429.80004882813
193.982416955795	1436.69995117188
196.854898157687	1427.69995117188
199.726383931801	1430.5
202.596874988835	1417
205.466372038225	1435.59997558594
208.334875788145	1439.5
211.202386945534	1432.90002441406
214.068906216069	1431.80004882813
216.934434304194	1426.90002441406
219.798971913111	1438.09997558594
222.662519744776	1429.69995117188
225.525078499925	1431.19995117188
228.386648878069	1432.59997558594
231.247231577465	1442.59997558594
234.106827295172	1434.09997558594
236.965436727012	1439.80004882813
239.823060567597	1419.69995117188
242.679699510337	1429.30004882813
245.535354247396	1414.40002441406
248.390025469775	1421.40002441406
251.243713867223	1418.69995117188
254.096420128327	1428.40002441406
256.948144940459	1418.09997558594
259.798888989788	1428
262.648652961315	1410.30004882813
265.49743753883	1421.40002441406
268.345243404939	1422.59997558594
271.192071241073	1435.40002441406
274.037921727485	1408.90002441406
276.882795543246	1427.30004882813
279.72669336624	1436
282.569615873213	1428.80004882813
285.411563739724	1427.19995117188
288.252537640165	1419.19995117188
291.092538247763	1424.80004882813
293.931566234616	1426.40002441406
296.769622271633	1420.90002441406
299.606707028594	1421
302.442821174104	1430.09997558594
305.277965375652	1433.90002441406
308.112140299574	1418.30004882813
310.945346611062	1429.30004882813
313.777584974167	1436.09997558594
316.608856051813	1439.40002441406
319.439160505797	1428.59997558594
322.268498996783	1429.59997558594
325.096872184303	1436.40002441406
327.924280726782	1434.69995117188
330.750725281521	1436.90002441406
333.576206504693	1438.40002441406
336.400725051388	1427
339.224281575542	1412.40002441406
342.046876730026	1435.19995117188
344.868511166586	1426.40002441406
347.689185535872	1434.30004882813
350.508900487421	1423.90002441406
353.327656669699	1439.19995117188
356.145454730079	1420.30004882813
358.962295314817	1422.40002441406
361.778179069105	1425.19995117188
364.593106637051	1414.59997558594
367.407078661675	1415.69995117188
370.220095784913	1439.90002441406
373.032158647655	1430.90002441406
375.843267889676	1439.69995117188
378.653424149715	1426.09997558594
381.462628065436	1436.40002441406
384.270880273432	1432.69995117188
387.078181409254	1437.5
389.884532107358	1447.19995117188
392.689933001188	1449.09997558594
395.494384723112	1448.80004882813
398.29788790445	1437.40002441406
401.100443175488	1441.80004882813
403.902051165437	1442.90002441406
406.702712502518	1440.30004882813
409.502427813866	1436.69995117188
412.301197725607	1435.80004882813
415.099022862823	1446.19995117188
417.89590384957	1447
420.691841308876	1443.69995117188
423.486835862752	1445.80004882813
426.280888132173	1440.40002441406
429.073998737112	1443
431.866168296507	1448.80004882813
434.657397428298	1451.30004882813
437.447686749412	1453.19995117188
440.237036875762	1443.30004882813
443.025448422257	1439.90002441406
445.812922002813	1462.59997558594
448.599458230326	1452.69995117188
451.38505771672	1456.40002441406
454.169721072909	1452.40002441406
456.953448908819	1444.90002441406
459.736241833384	1443.69995117188
462.518100454555	1450.40002441406
465.2990253793	1451.09997558594
468.079017213605	1456.30004882813
470.858076562476	1447
473.636204029939	1447.69995117188
476.41340021906	1447.09997558594
479.189665731938	1440.19995117188
481.965001169667	1442.5
484.739407132419	1443.5
487.512884219391	1473.09997558594
490.285433028796	1449.19995117188
493.057054157921	1457
495.827748203087	1446.09997558594
498.597515759658	1447.69995117188
501.366357422061	1453.09997558594
504.134273783759	1446.09997558594
506.901265437278	1448.09997558594
509.66733297421	1465.5
512.432476985198	1448.30004882813
515.196698059945	1467.80004882813
517.959996787225	1469.19995117188
520.722373754895	1464.59997558594
523.483829549856	1466.30004882813
526.24436475811	1464.59997558594
529.003979964696	1461.19995117188
531.762675753779	1463.5
534.520452708569	1461.30004882813
537.277311411375	1455.69995117188
540.03325244359	1451.90002441406
542.788276385682	1455.19995117188
545.54238381725	1469.80004882813
548.295575316938	1465.19995117188
551.047851462516	1453.90002441406
553.799212830831	1458.80004882813
556.549659997851	1459.59997558594
559.299193538643	1457.09997558594
562.047814027381	1458.90002441406
564.795522037318	1461.40002441406
567.542318140861	1452.30004882813
570.288202909507	1458.69995117188
573.033176913873	1465.69995117188
575.7772407237	1470.5
578.520394907829	1456.80004882813
581.26264003424	1458.30004882813
584.003976670046	1451.80004882813
586.744405381469	1458.90002441406
589.483926733869	1462.09997558594
592.222541291746	1467.30004882813
594.96024961872	1458.40002441406
597.697052277563	1467.59997558594
600.432949830166	1462.5
603.167942837587	1466.19995117188
605.902031860012	1471.5
608.635217456783	1477.19995117188
611.367500186378	1450.80004882813
614.098880606429	1462.30004882813
616.82935927374	1466.80004882813
619.558936744248	1460.90002441406
622.287613573072	1470.69995117188
625.015390314457	1481.5
627.742267521848	1470.19995117188
630.468245747829	1469.40002441406
633.193325544166	1481.80004882813
635.917507461792	1466.40002441406
638.640792050804	1480.59997558594
641.36317986048	1463.5
644.084671439281	1481.90002441406
646.805267334845	1481.19995117188
649.524968093967	1474.59997558594
652.24377426266	1455.40002441406
654.961686386106	1466.30004882813
657.678705008678	1494.09997558594
660.394830673939	1470.80004882813
663.110063924628	1476.59997558594
665.824405302728	1472.30004882813
668.537855349351	1477
671.250414604863	1478.90002441406
673.962083608812	1474.5
676.672862899949	1481.5
679.382753016218	1461.30004882813
682.091754494801	1481.30004882813
684.799867872061	1487.19995117188
687.507093683595	1476.69995117188
690.213432464198	1480
692.918884747899	1483.19995117188
695.623451067937	1487.09997558594
698.327131956755	1494.30004882813
701.029927946065	1480.69995117188
703.731839566754	1489.80004882813
706.43286734896	1482.09997558594
709.133011822067	1490.09997558594
711.832273514658	1477.59997558594
714.53065295457	1477.09997558594
717.228150668879	1496.30004882813
719.924767183889	1483.09997558594
722.620503025148	1477.30004882813
725.315358717446	1487.80004882813
728.009334784827	1497.59997558594
730.702431750559	1489.09997558594
733.394650137188	1475.19995117188
736.085990466498	1494.19995117188
738.776453259519	1482.90002441406
741.466039036542	1477.19995117188
744.154748317125	1482.69995117188
746.842581620074	1495.80004882813
749.529539463458	1479.40002441406
752.215622364608	1474.19995117188
754.900830840131	1486.30004882813
757.585165405892	1476.59997558594
760.26862657703	1485.19995117188
762.951214867957	1479.80004882813
765.632930792356	1499.09997558594
768.313774863181	1490
770.993747592673	1491.59997558594
773.672849492359	1491.90002441406
776.351081073017	1487.09997558594
779.028442844757	1487.80004882813
781.704935316928	1483.59997558594
784.380558998208	1497.90002441406
787.055314396528	1485.09997558594
789.729202019141	1479.5
792.402222372581	1489.40002441406
795.074375962669	1495.30004882813
797.745663294537	1492.19995117188
800.416084872622	1486.40002441406
803.085641200652	1504
805.754332781664	1490.5
808.422160117986	1501.5
811.089123711292	1490.40002441406
813.75522406252	1485.69995117188
816.420461671951	1490.09997558594
819.084837039164	1512.59997558594
821.748350663067	1500
824.411003041866	1512.5
827.072794673116	1496.40002441406
829.733726053668	1511.09997558594
832.39379767971	1502.09997558594
835.05301004674	1506.90002441406
837.711363649601	1497.90002441406
840.368858982457	1488.59997558594
843.025496538805	1514.19995117188
845.681276811467	1507.30004882813
848.336200292618	1524.40002441406
850.99026747375	1526.5
853.643478845713	1530.59997558594
856.29583489868	1520.69995117188
858.947336122176	1513
861.59798300506	1524.19995117188
864.247776035556	1537.19995117188
866.896715701222	1534.09997558594
869.544802488959	1529.90002441406
872.192036885046	1539.59997558594
874.838419375087	1520.30004882813
877.483950444054	1540
880.128630576285	1531.90002441406
882.772460255461	1526.19995117188
885.415439964628	1536.80004882813
888.057570186211	1531.40002441406
890.698851401966	1532.30004882813
893.339284093045	1531.19995117188
895.978868739961	1529.80004882813
898.617605822596	1520.69995117188
901.255495820196	1533.59997558594
903.892539211396	1545.90002441406
906.528736474184	1521.90002441406
909.164088085949	1527.59997558594
911.798594523442	1508.80004882813
914.432256262804	1532.69995117188
917.065073779549	1538.19995117188
919.697047548589	1537
922.328178044212	1530.90002441406
924.9584657401	1536.30004882813
927.587911109317	1542.59997558594
930.216514624317	1543.90002441406
932.844276756963	1536.80004882813
935.471197978488	1534.69995117188
938.097278759538	1538.69995117188
940.722519570163	1531
943.346920879798	1564.09997558594
945.97048315729	1552.80004882813
948.593206870885	1567.80004882813
951.215092488219	1559.59997558594
953.836140476366	1580.80004882813
956.456351301787	1603.69995117188
959.07572543037	1587.59997558594
961.694263327369	1584.40002441406
964.311965457521	1590.5
966.928832284933	1591.59997558594
969.544864273135	1596.09997558594
972.160061885076	1592.19995117188
974.774425583129	1590.5
977.387955829099	1573.30004882813
980.000653084196	1580.69995117188
982.612517809061	1583.59997558594
985.223550463768	1582.59997558594
987.833751507819	1566.09997558594
990.443121400135	1597.59997558594
993.051660599081	1595
995.659369562449	1622
998.266248747469	1640.59997558594
1000.87229861081	1686.69995117188
1003.47751960857	1709
1006.0819121963	1722.90002441406
1008.68547682897	1715.59997558594
1011.28821396104	1693.09997558594
1013.89012404635	1661.09997558594
1016.49120753824	1629.09997558594
1019.09146488947	1624
1021.69089655226	1598
1024.28950297827	1616.19995117188
1026.88728461863	1596.40002441406
1029.48424192392	1588
1032.08037534416	1574.69995117188
1034.67568532886	1593.90002441406
1037.27017232694	1574.19995117188
1039.86383678682	1602.19995117188
1042.45667915637	1583.69995117188
1045.04869988293	1568.5
1047.6398994133	1581.69995117188
1050.23027819374	1571.90002441406
1052.81983666998	1580.90002441406
1055.40857528724	1585.5
1057.99649449018	1594.40002441406
1060.58359472296	1585.80004882813
1063.1698764292	1586.19995117188
1065.755340052	1592.5
1068.33998603393	1565.59997558594
1070.92381481706	1579.69995117188
1073.50682684291	1586.09997558594
1076.08902255251	1599.30004882813
1078.67040238637	1581.5
1081.25096678445	1573.90002441406
1083.83071618624	1581.59997558594
1086.4096510307	1580.59997558594
1088.98777175629	1590.90002441406
1091.56507880094	1585.30004882813
1094.14157260208	1601.09997558594
1096.71725359664	1589.80004882813
1099.29212222106	1595.5
1101.86617891125	1614.30004882813
1104.43942410262	1605.5
1107.01185823011	1600.90002441406
1109.58348172812	1588.5
1112.15429503057	1607.5
1114.7242985709	1607.90002441406
1117.29349278203	1621
1119.86187809642	1626.30004882813
1122.42945494599	1617.30004882813
1124.99622376222	1638.30004882813
1127.56218497606	1654.09997558594
1130.12733901801	1654.80004882813
1132.69168631804	1663.5
1135.25522730568	1666.30004882813
1137.81796240995	1693.69995117188
1140.37989205941	1691
1142.9410166821	1729.90002441406
1145.50133670561	1771.09997558594
1148.06085255708	1825.40002441406
1150.61956466311	1897.40002441406
1153.17747344987	2028.5
1155.73457934305	2127.80004882813
1158.29088276786	2187.60009765625
1160.84638414903	2106.5
1163.40108391085	2019.09997558594
1165.95498247711	1912.19995117188
1168.50808027116	1810.30004882813
1171.06037771587	1733.80004882813
1173.61187523364	1717.19995117188
1176.16257324643	1691.69995117188
1178.71247217573	1681.30004882813
1181.26157244255	1686.19995117188
1183.80987446746	1670.30004882813
1186.35737867059	1704.40002441406
1188.90408547157	1700.5
1191.44999528961	1713.80004882813
1193.99510854347	1714.5
1196.53942565142	1730.09997558594
1199.08294703133	1713.69995117188
1201.62567310057	1688.5
1204.16760427611	1669.90002441406
1206.70874097445	1667.80004882813
1209.24908361163	1665.40002441406
1211.78863260327	1644.5
1214.32738836454	1627.5
1216.86535131017	1630.5
1219.40252185445	1660.59997558594
1221.93890041121	1641.09997558594
1224.47448739389	1634.80004882813
1227.00928321544	1648.59997558594
1229.54328828842	1631.19995117188
1232.07650302491	1628.40002441406
1234.60892783662	1626.69995117188
1237.14056313477	1622.5
1239.67140933017	1618.30004882813
1242.2014668332	1627.30004882813
1244.73073605384	1642.69995117188
1247.25921740159	1635.30004882813
1249.78691128558	1649.19995117188
1252.31381811448	1651
1254.83993829655	1660.40002441406
1257.36527223962	1668.90002441406
1259.88982035112	1671.59997558594
1262.41358303803	1672.09997558594
1264.93656070696	1661.5
1267.45875376405	1689.80004882813
1269.98016261505	1686.80004882813
1272.50078766531	1709.40002441406
1275.02062931974	1699.40002441406
1277.53968798285	1717
1280.05796405875	1689
1282.57545795112	1670.90002441406
1285.09217006325	1673.40002441406
1287.60810079802	1665.80004882813
1290.12325055788	1684.09997558594
1292.63761974492	1674.59997558594
1295.15120876079	1667.80004882813
1297.66401800676	1658.69995117188
1300.17604788367	1653.30004882813
1302.687298792	1678.90002441406
1305.19777113181	1662
1307.70746530274	1664.69995117188
1310.21638170408	1676.30004882813
1312.7245207347	1673.19995117188
1315.23188279307	1684.5
1317.73846827728	1676.80004882813
1320.24427758502	1675.90002441406
1322.74931111359	1669.69995117188
1325.25356925991	1654.90002441406
1327.75705242051	1657.09997558594
1330.25976099151	1668.40002441406
1332.76169536868	1656.30004882813
1335.26285594737	1673.09997558594
1337.76324312256	1654.30004882813
1340.26285728887	1651.69995117188
1342.76169884052	1672.40002441406
1345.25976817132	1688.80004882813
1347.75706567474	1661.40002441406
1350.25359174387	1650.69995117188
1352.74934677141	1650.59997558594
1355.24433114968	1661.69995117188
1357.73854527062	1641.5
1360.23198952583	1657
1362.7246643065	1664.40002441406
1365.21657000347	1650.19995117188
1367.7077070072	1652.40002441406
1370.19807570777	1657.90002441406
1372.68767649492	1645
1375.176509758	1658.59997558594
1377.66457588599	1656.59997558594
1380.15187526753	1649.09997558594
1382.63840829087	1645.80004882813
1385.1241753439	1648.09997558594
1387.60917681417	1664.59997558594
1390.09341308884	1675
1392.57688455474	1674.59997558594
1395.05959159829	1679.90002441406
1397.54153460562	1657.59997558594
1400.02271396243	1668.40002441406
1402.50313005414	1658.30004882813
1404.98278326576	1687
1407.46167398196	1673.30004882813
1409.93980258707	1658.09997558594
1412.41716946504	1663.40002441406
1414.89377499951	1660.69995117188
1417.36961957373	1673.09997558594
1419.84470357062	1687.90002441406
1422.31902737275	1693.5
1424.79259136235	1667.40002441406
1427.26539592129	1689.69995117188
1429.73744143111	1692
1432.20872827299	1672.90002441406
1434.67925682777	1685.19995117188
1437.14902747597	1697.59997558594
1439.61804059773	1722.5
1442.0862965729	1710.80004882813
1444.55379578093	1745.80004882813
1447.02053860099	1735.80004882813
1449.48652541188	1724.30004882813
1451.95175659206	1720.09997558594
1454.41623251969	1719.5
1456.87995357255	1720.5
1459.34292012811	1727.80004882813
1461.80513256351	1713.09997558594
1464.26659125557	1703.59997558594
1466.72729658073	1730.80004882813
1469.18724891517	1713.19995117188
1471.64644863469	1724.19995117188
1474.10489611478	1733.90002441406
1476.5625917306	1723.69995117188
1479.01953585699	1718.69995117188
1481.47572886844	1697.59997558594
1483.93117113917	1709.59997558594
1486.38586304302	1723.40002441406
1488.83980495354	1730.19995117188
1491.29299724395	1745.09997558594
1493.74544028715	1762.09997558594
1496.19713445573	1766.90002441406
1498.64808012193	1807.80004882813
1501.09827765772	1844.69995117188
1503.54772743471	1883.09997558594
1505.99642982421	1964.19995117188
1508.44438519723	2056.69995117188
1510.89159392446	2137.10009765625
1513.33805637625	2280.89990234375
1515.78377292266	2387.5
1518.22874393346	2406.19995117188
1520.67296977806	2389.80004882813
1523.11645082559	2327.89990234375
1525.55918744488	2211.19995117188
1528.00118000444	2087.60009765625
1530.44242887245	1987.5
1532.88293441684	1891.5
1535.32269700517	1830.59997558594
1537.76171700475	1792.40002441406
1540.19999478255	1758.90002441406
1542.63753070526	1734.90002441406
1545.07432513925	1735.5
1547.5103784506	1729.09997558594
1549.94569100509	1716.09997558594
1552.38026316819	1727.40002441406
1554.8140953051	1704.69995117188
1557.24718778067	1712.19995117188
1559.67954095952	1702.19995117188
1562.11115520592	1711.59997558594
1564.54203088386	1707.80004882813
1566.97216835704	1713.69995117188
1569.40156798888	1710.80004882813
1571.83023014248	1714.30004882813
1574.25815518067	1686.09997558594
1576.68534346597	1702.40002441406
1579.11179536062	1719.19995117188
1581.53751122658	1716.30004882813
1583.9624914255	1716.69995117188
1586.38673631876	1704
1588.81024626745	1708.80004882813
1591.23302163235	1712.40002441406
1593.655062774	1739.40002441406
1596.07637005262	1718.40002441406
1598.49694382815	1707.90002441406
1600.91678446025	1713.90002441406
1603.33589230831	1712.30004882813
1605.75426773142	1698.59997558594
1608.1719110884	1713.30004882813
1610.58882273779	1691.69995117188
1613.00500303784	1694
1615.42045234654	1699.19995117188
1617.83517102158	1694.09997558594
1620.24915942039	1699.80004882813
1622.66241790012	1691.80004882813
1625.07494681764	1694.40002441406
1627.48674652954	1700.09997558594
1629.89781739216	1711.5
1632.30815976152	1690.59997558594
1634.71777399343	1699.09997558594
1637.12666044338	1703.80004882813
1639.53481946661	1703.09997558594
1641.94225141808	1715.59997558594
1644.34895665248	1718.80004882813
1646.75493552424	1741.80004882813
1649.16018838752	1725.59997558594
1651.56471559621	1750
1653.96851750392	1722.5
1656.37159446403	1736.80004882813
1658.7739468296	1729.90002441406
1661.17557495349	1737.19995117188
1663.57647918824	1717.40002441406
1665.97665988617	1726.80004882813
1668.37611739929	1717.90002441406
1670.77485207939	1706.19995117188
1673.17286427799	1727.40002441406
1675.57015434633	1696.09997558594
1677.96672263542	1699.90002441406
1680.36256949598	1688.90002441406
1682.7576952785	1692.80004882813
1685.15210033318	1688.5
1687.54578501	1703.69995117188
1689.93874965866	1680.5
1692.33099462861	1696.69995117188
1694.72252026904	1691.90002441406
1697.11332692889	1696.90002441406
1699.50341495686	1682.30004882813
1701.89278470137	1668.69995117188
1704.28143651061	1662.09997558594
1706.66937073251	1684
1709.05658771473	1668.5
1711.44308780473	1667.09997558594
1713.82887134968	1675.5
1716.21393869648	1682.40002441406
1718.59829019185	1679.5
1720.98192618221	1670.80004882813
1723.36484701374	1677
1725.74705303238	1657.59997558594
1728.12854458384	1689.5
1730.50932201356	1662.5
1732.88938566673	1675.90002441406
1735.26873588834	1655.80004882813
1737.64737302307	1671.09997558594
1740.02529741544	1665.19995117188
1742.40250940964	1665.69995117188
1744.77900934969	1680.69995117188
1747.15479757933	1676.30004882813
1749.52987444206	1664.69995117188
1751.90424028116	1678.80004882813
1754.27789543967	1675.59997558594
1756.65084026037	1675.59997558594
1759.02307508582	1669.19995117188
1761.39460025833	1638.19995117188
1763.76541612	1671.19995117188
1766.13552301265	1662.5
1768.50492127791	1665.80004882813
1770.87361125714	1677.30004882813
1773.2415932915	1667.40002441406
1775.60886772188	1670.30004882813
1777.97543488896	1676.40002441406
1780.34129513318	1670.5
1782.70644879475	1656.09997558594
1785.07089621365	1663.90002441406
1787.43463772964	1672
1789.7976736822	1671.09997558594
1792.16000441066	1686.30004882813
1794.52163025405	1676.30004882813
1796.88255155121	1673.90002441406
1799.24276864074	1668.90002441406
1801.60228186102	1682
1803.96109155019	1655.59997558594
1806.31919804618	1671.40002441406
1808.67660168668	1657.90002441406
1811.03330280916	1666.40002441406
1813.38930175088	1659.80004882813
1815.74459884884	1673.80004882813
1818.09919443984	1676.80004882813
1820.45308886047	1679.69995117188
1822.80628244708	1665.09997558594
1825.1587755358	1667.09997558594
1827.51056846254	1673.40002441406
1829.86166156297	1671.59997558594
1832.21205517258	1656
1834.56174962661	1695
1836.91074526009	1666
1839.25904240783	1658.5
1841.60664140443	1684.59997558594
1843.95354258425	1669.19995117188
1846.29974628146	1669.19995117188
1848.64525282998	1665.59997558594
1850.99006256356	1669
1853.3341758157	1668.69995117188
1855.67759291968	1663.30004882813
1858.02031420858	1663
1860.36234001528	1687.40002441406
1862.70367067241	1655.69995117188
1865.04430651244	1649.80004882813
1867.38424786755	1659.40002441406
1869.72349506978	1669.80004882813
1872.06204845094	1662
1874.39990834258	1666.5
1876.73707507612	1688.30004882813
1879.07354898269	1670.19995117188
1881.40933039328	1673.19995117188
1883.74441963861	1659.5
1886.07881704925	1678.59997558594
1888.41252295551	1668.5
1890.74553768751	1677.59997558594
1893.07786157519	1668.5
1895.40949494822	1653.69995117188
1897.74043813615	1662.80004882813
1900.07069146823	1657.5
1902.40025527357	1673
1904.72912988106	1658.30004882813
1907.05731561938	1656.40002441406
1909.38481281699	1671.80004882813
1911.71162180217	1665.59997558594
1914.037742903	1654.5
1916.36317644734	1670.40002441406
1918.68792276284	1664.90002441406
1921.01198217697	1668.40002441406
1923.33535501699	1660.30004882813
1925.65804160996	1651.90002441406
1927.98004228273	1658
1930.30135736196	1651.5
1932.6219871741	1679.69995117188
1934.94193204543	1668.40002441406
1937.26119230198	1659.69995117188
1939.57976826962	1656.69995117188
1941.89766027402	1656.40002441406
1944.21486864062	1666.80004882813
1946.53139369472	1672.19995117188
1948.84723576137	1654.40002441406
1951.16239516543	1654.09997558594
1953.47687223159	1655.19995117188
1955.79066728434	1659.09997558594
1958.10378064794	1649.40002441406
1960.4162126465	1660.69995117188
1962.7279636039	1670
1965.03903384385	1651.5
1967.34942368987	1668.90002441406
1969.65913346524	1665.09997558594
1971.96816349311	1655.59997558594
1974.2765140964	1668.09997558594
1976.58418559784	1665.09997558594
1978.89117831997	1662.40002441406
1981.19749258516	1674.59997558594
1983.50312871555	1650.90002441406
1985.80808703313	1661.80004882813
1988.11236785967	1670.30004882813
1990.41597151676	1676.30004882813
1992.71889832581	1663.40002441406
1995.02114860801	1668.5
1997.3227226844	1653.59997558594
1999.62362087581	1668.5
2001.92384350288	1673.59997558594
2004.22339088608	1675.30004882813
2006.52226334567	1662.80004882813
2008.82046120173	1658.59997558594
2011.11798477417	1668.09997558594
2013.41483438269	1659
2015.71101034681	1681
2018.00651298588	1643.09997558594
2020.30134261905	1677.59997558594
2022.59549956528	1670.59997558594
2024.88898414337	1662.90002441406
2027.1817966719	1670.09997558594
2029.4739374693	1659.09997558594
2031.76540685379	1643.30004882813
2034.05620514342	1662.19995117188
2036.34633265607	1647.5
2038.6357897094	1666.19995117188
2040.92457662092	1670.5
2043.21269370795	1669.59997558594
2045.50014128763	1657.40002441406
2047.78691967691	1676.19995117188
2050.07302919256	1645
2052.35847015118	1669.19995117188
2054.64324286919	1648.69995117188
2056.9273476628	1645.30004882813
2059.21078484808	1664.59997558594
2061.4935547409	1653.5
2063.77565765696	1662.5
2066.05709391176	1632.80004882813
2068.33786382065	1642.69995117188
2070.61796769879	1646.30004882813
2072.89740586116	1652.5
2075.17617862255	1642.40002441406
2077.45428629759	1646.59997558594
2079.73172920075	1642.90002441406
2082.00850764627	1640.19995117188
2084.28462194827	1654.19995117188
2086.56007242065	1662
2088.83485937717	1654.09997558594
2091.10898313139	1657.40002441406
2093.3824439967	1656.40002441406
2095.65524228632	1661.09997558594
2097.92737831328	1650.90002441406
2100.19885239047	1656.19995117188
2102.46966483057	1659.69995117188
2104.7398159461	1657.19995117188
2107.00930604941	1671
2109.27813545267	1656.40002441406
2111.54630446787	1666.69995117188
2113.81381340685	1680.5
2116.08066258126	1659.40002441406
2118.34685230257	1668
2120.61238288211	1672.40002441406
2122.87725463099	1678.40002441406
2125.1414678602	1675.09997558594
2127.40502288052	1654.69995117188
2129.66792000257	1680.69995117188
2131.93015953682	1663.30004882813
2134.19174179353	1654.90002441406
2136.45266708282	1661
2138.71293571463	1662.69995117188
2140.97254799873	1679.40002441406
2143.23150424473	1676.40002441406
2145.48980476205	1672.19995117188
2147.74744985996	1681
2150.00443984754	1663.69995117188
2152.26077503373	1696
2154.51645572728	1680.59997558594
2156.77148223677	1678.90002441406
2159.02585487064	1679.19995117188
2161.27957393713	1700.09997558594
2163.53263974432	1708.90002441406
2165.78505260012	1694.40002441406
2168.0368128123	1690.59997558594
2170.28792068844	1692.09997558594
2172.53837653595	1674.5
2174.78818066207	1663.30004882813
2177.03733337389	1676.69995117188
2179.28583497833	1648.59997558594
2181.53368578214	1669.5
2183.78088609192	1656.5
2186.02743621406	1647.40002441406
2188.27333645484	1653.59997558594
2190.51858712033	1651.40002441406
2192.76318851646	1646.69995117188
2195.00714094901	1650.80004882813
2197.25044472354	1649
2199.49310014551	1652.09997558594
2201.73510752018	1670.40002441406
2203.97646715265	1645.40002441406
2206.21717934786	1659.90002441406
2208.45724441058	1632.80004882813
2210.69666264543	1649
2212.93543435686	1667.80004882813
2215.17355984914	1655.5
2217.41103942642	1647.69995117188
2219.64787339264	1640.80004882813
2221.8840620516	1655.5
2224.11960570695	1640.69995117188
2226.35450466215	1638.5
2228.58875922051	1630.90002441406
2230.82236968518	1640.19995117188
2233.05533635916	1637.09997558594
2235.28765954527	1646.09997558594
2237.51933954617	1645.59997558594
2239.75037666437	1649.19995117188
2241.98077120221	1648.19995117188
2244.21052346188	1651
2246.4396337454	1640.5
2248.66810235461	1645.90002441406
2250.89592959125	1634.69995117188
2253.12311575681	1643.90002441406
2255.34966115272	1650.69995117188
2257.57556608017	1643.30004882813
2259.80083084023	1640.59997558594
2262.02545573381	1636.90002441406
2264.24944106163	1632.5
2266.47278712429	1639.59997558594
2268.69549422221	1650.80004882813
2270.91756265564	1651.40002441406
2273.1389927247	1643.09997558594
2275.35978472934	1646.09997558594
2277.57993896933	1648.80004882813
2279.79945574431	1650.40002441406
2282.01833535375	1632.69995117188
2284.23657809696	1658
2286.45418427309	1646.5
2288.67115418114	1652.30004882813
2290.88748811995	1666.5
2293.10318638819	1650.19995117188
2295.3182492844	1657
2297.53267710693	1679.80004882813
2299.746470154	1652.19995117188
2301.95962872364	1674.69995117188
2304.17215311376	1689.40002441406
2306.3840436221	1679.59997558594
2308.59530054621	1693.19995117188
2310.80592418354	1681.30004882813
2313.01591483134	1692.90002441406
2315.22527278673	1691.69995117188
2317.43399834666	1688.40002441406
2319.64209180791	1687.40002441406
2321.84955346713	1676.69995117188
2324.05638362079	1646
2326.26258256524	1651.40002441406
2328.46815059664	1680.30004882813
2330.67308801098	1656.69995117188
2332.87739510415	1647.5
2335.08107217184	1639
2337.2841195096	1645.5
2339.48653741281	1645.90002441406
2341.68832617672	1665.80004882813
2343.8894860964	1670.09997558594
2346.09001746678	1665.59997558594
2348.28992058261	1659.09997558594
2350.48919573852	1648
2352.68784322898	1645.69995117188
2354.88586334826	1662.90002441406
2357.08325639055	1643.5
2359.2800226498	1659.30004882813
2361.47616241988	1650.30004882813
2363.67167599445	1633.40002441406
2365.86656366706	1643.90002441406
2368.06082573107	1627
2370.2544624797	1637.30004882813
2372.44747420603	1629.09997558594
2374.63986120295	1664.09997558594
2376.83162376322	1641.69995117188
2379.02276217945	1632.69995117188
2381.21327674408	1630
2383.4031677494	1624.90002441406
2385.59243548756	1614.69995117188
2387.78108025053	1622.90002441406
2389.96910233014	1620.90002441406
2392.15650201809	1639.30004882813
2394.34327960587	1604.69995117188
2396.52943538486	1625
2398.71496964628	1628.69995117188
2400.89988268118	1635.90002441406
2403.08417478048	1635.30004882813
2405.26784623491	1622.19995117188
2407.45089733509	1629.59997558594
2409.63332837146	1610.90002441406
2411.81513963429	1628.90002441406
2413.99633141375	1626.5
2416.1769039998	1614.40002441406
2418.35685768227	1612.40002441406
2420.53619275084	1632.30004882813
2422.71490949505	1634.80004882813
2424.89300820425	1625.40002441406
2427.07048916765	1620.90002441406
2429.24735267433	1641.59997558594
2431.42359901319	1626.90002441406
2433.59922847297	1614.30004882813
2435.7742413423	1629.19995117188
2437.94863790961	1621.59997558594
2440.12241846321	1616
2442.29558329121	1618.19995117188
2444.46813268162	1592.09997558594
2446.64006692228	1608.40002441406
2448.81138630086	1618.09997558594
2450.98209110489	1610.40002441406
2453.15218162174	1631
2455.32165813864	1626.5
2457.49052094265	1620.59997558594
2459.65877032069	1611
2461.8264065595	1632.59997558594
2463.99342994572	1627.19995117188
2466.15984076579	1612.90002441406
2468.325639306	1630.40002441406
2470.49082585251	1632.59997558594
2472.65540069131	1641.90002441406
2474.81936410824	1634.80004882813
2476.98271638899	1647.69995117188
2479.14545781909	1641
2481.30758868392	1631
2483.4691092687	1637.5
2485.63001985852	1617.30004882813
2487.79032073829	1623.30004882813
2489.95001219277	1625.59997558594
2492.10909450659	1632
2494.26756796419	1630.90002441406
2496.42543284989	1628
2498.58268944783	1623.90002441406
2500.73933804202	1635.69995117188
2502.8953789163	1641.5
2505.05081235436	1622.09997558594
2507.20563863974	1618.30004882813
2509.35985805582	1616.30004882813
2511.51347088583	1642.69995117188
2513.66647741285	1646.19995117188
2515.81887791981	1643.80004882813
2517.97067268946	1635.5
2520.12186200443	1639.40002441406
2522.27244614716	1652
2524.42242539999	1632.90002441406
2526.57180004504	1643.40002441406
2528.72057036433	1628.19995117188
2530.8687366397	1629.69995117188
2533.01629915284	1639.40002441406
2535.16325818527	1629.80004882813
2537.30961401839	1615.59997558594
2539.45536693343	1610
2541.60051721145	1615.80004882813
2543.74506513338	1615.80004882813
2545.88901097997	1622.40002441406
2548.03235503185	1598.59997558594
2550.17509756946	1598.40002441406
2552.31723887311	1597.30004882813
2554.45877922293	1605.30004882813
2556.59971889893	1604.40002441406
2558.74005818094	1595.19995117188
2560.87979734864	1600.80004882813
2563.01893668155	1608.09997558594
2565.15747645906	1597.5
2567.29541696037	1606
2569.43275846454	1606.19995117188
2571.56950125049	1603.69995117188
2573.70564559696	1594.59997558594
2575.84119178254	1588.09997558594
2577.97614008569	1603.09997558594
2580.11049078468	1599.80004882813
2582.24424415764	1606.59997558594
2584.37740048255	1598.80004882813
2586.50996003722	1590
2588.64192309931	1607.80004882813
2590.77328994634	1604.90002441406
2592.90406085564	1601.80004882813
2595.03423610442	1583.09997558594
2597.16381596971	1598.90002441406
2599.29280072839	1591.30004882813
2601.42119065719	1598.5
2603.54898603267	1602.30004882813
2605.67618713125	1611.09997558594
2607.80279422919	1617.69995117188
2609.92880760257	1608
2612.05422752735	1613.59997558594
2614.17905427932	1609.19995117188
2616.30328813408	1614.40002441406
2618.42692936713	1608.19995117188
2620.54997825377	1603.90002441406
2622.67243506915	1590.5
2624.79430008828	1616.30004882813
2626.915573586	1604.5
2629.03625583699	1605.69995117188
2631.15634711579	1602.90002441406
2633.27584769675	1598.80004882813
2635.39475785408	1608.19995117188
2637.51307786185	1624.09997558594
2639.63080799394	1608.09997558594
2641.74794852409	1620.5
2643.86449972589	1634.59997558594
2645.98046187273	1643.40002441406
2648.0958352379	1620.90002441406
2650.21062009449	1629.59997558594
2652.32481671544	1663.90002441406
2654.43842537353	1652.5
2656.5514463414	1669.30004882813
2658.66387989151	1673.19995117188
2660.77572629616	1681.59997558594
2662.88698582751	1682.90002441406
2664.99765875753	1668.09997558594
2667.10774535806	1690.30004882813
2669.21724590076	1680.30004882813
2671.32616065714	1682
2673.43448989857	1684.90002441406
2675.5422338962	1685.80004882813
2677.64939292108	1669.80004882813
2679.75596724408	1663.30004882813
2681.86195713589	1643.09997558594
2683.96736286707	1644.09997558594
2686.07218470799	1632.80004882813
2688.17642292889	1631.40002441406
2690.28007779982	1627.80004882813
2692.38314959069	1616.09997558594
2694.48563857123	1604.80004882813
2696.58754501103	1607.59997558594
2698.6888691795	1606.19995117188
2700.78961134588	1601.30004882813
2702.8897717793	1601.69995117188
2704.98935074864	1601.40002441406
2707.08834852271	1605.80004882813
2709.18676537009	1596.59997558594
2711.28460155925	1595
2713.38185735843	1598.30004882813
2715.47853303577	1604.30004882813
2717.57462885924	1594.40002441406
2719.67014509659	1586.09997558594
2721.76508201548	1581.59997558594
2723.85943988337	1583.09997558594
2725.95321896754	1580.30004882813
2728.04641953515	1588.09997558594
2730.13904185316	1576
2732.23108618837	1576.09997558594
2734.32255280744	1581.19995117188
2736.41344197683	1583.40002441406
2738.50375396288	1578.30004882813
2740.5934890317	1564.09997558594
2742.68264744932	1560
2744.77122948153	1573.40002441406
2746.85923539398	1579.5
2748.94666545217	1561.19995117188
2751.03351992142	1567.40002441406
2753.11979906688	1567.90002441406
2755.20550315355	1580.30004882813
2757.29063244624	1569.59997558594
2759.37518720963	1549.80004882813
2761.45916770819	1564.40002441406
2763.54257420625	1553.59997558594
2765.62540696797	1567
2767.70766625733	1568
2769.78935233816	1557.59997558594
2771.87046547413	1563.09997558594
2773.95100592869	1552.90002441406
2776.03097396519	1557.09997558594
2778.11036984677	1572.19995117188
2780.18919383641	1576.69995117188
2782.26744619693	1559
2784.34512719097	1556.40002441406
2786.42223708102	1570.5
2788.49877612937	1560.90002441406
2790.57474459816	1556.5
2792.65014274937	1549.80004882813
2794.7249708448	1558.30004882813
2796.79922914607	1563.80004882813
2798.87291791465	1563.80004882813
2800.94603741181	1572
2803.01858789869	1572.40002441406
2805.09056963623	1568.09997558594
2807.1619828852	1564.40002441406
2809.23282790621	1556.30004882813
2811.30310495971	1564.19995117188
2813.37281430593	1559.40002441406
2815.441956205	1557.90002441406
2817.51053091682	1545.30004882813
2819.57853870114	1561.59997558594
2821.64597981753	1571.90002441406
2823.7128545254	1559.69995117188
2825.77916308399	1554.69995117188
2827.84490575233	1574
2829.91008278933	1557.80004882813
2831.97469445369	1554.69995117188
2834.03874100395	1567.80004882813
2836.10222269847	1567.69995117188
2838.16513979544	1572
2840.22749255288	1570.09997558594
2842.28928122863	1571.80004882813
2844.35050608034	1570.5
2846.41116736553	1583.69995117188
2848.47126534149	1628.19995117188
2850.53080026537	1626.5
2852.58977239414	1627.5
2854.64818198459	1605.09997558594
2856.70602929332	1622.5
2858.76331457678	1614.40002441406
2860.82003809123	1612.90002441406
2862.87620009274	1618.19995117188
2864.93180083723	1636.30004882813
2866.98684058043	1634.90002441406
2869.04131957789	1655.09997558594
2871.09523808497	1649.40002441406
2873.14859635689	1663.30004882813
2875.20139464866	1663.09997558594
2877.2536332151	1666.40002441406
2879.30531231091	1676
2881.35643219054	1668.90002441406
2883.40699310831	1656.19995117188
2885.45699531834	1663.80004882813
2887.50643907457	1669.40002441406
2889.55532463077	1657.90002441406
2891.60365224053	1672.59997558594
2893.65142215724	1666.80004882813
2895.69863463414	1685.19995117188
2897.74528992426	1691.19995117188
2899.79138828046	1673.09997558594
2901.83692995544	1676.09997558594
2903.88191520168	1691.40002441406
2905.92634427151	1675
2907.97021741706	1684.80004882813
2910.01353489027	1687.09997558594
2912.05629694294	1694.80004882813
2914.09850382663	1695.69995117188
2916.14015579276	1710.59997558594
2918.18125309254	1714.5
2920.22179597702	1736.40002441406
2922.26178469705	1739.40002441406
2924.30121950329	1740.59997558594
2926.34010064624	1776.09997558594
2928.37842837619	1753.59997558594
2930.41620294326	1770.59997558594
2932.45342459737	1766.09997558594
2934.49009358828	1754.30004882813
2936.52621016555	1751.40002441406
2938.56177457854	1757
2940.59678707645	1735.30004882813
2942.63124790827	1737
2944.66515732282	1728.09997558594
2946.69851556873	1734.59997558594
2948.73132289443	1708.80004882813
2950.76357954817	1714.80004882813
2952.79528577803	1687.59997558594
2954.82644183188	1694.90002441406
2956.85704795741	1685.69995117188
2958.8871044021	1691.19995117188
2960.91661141328	1682
2962.94556923807	1680.30004882813
2964.97397812339	1669.80004882813
2967.00183831598	1672.59997558594
2969.0291500624	1664.59997558594
2971.05591360902	1677.90002441406
2973.08212920199	1657.19995117188
2975.1077970873	1655.40002441406
2977.13291751074	1647.90002441406
2979.1574907179	1660.30004882813
2981.18151695419	1643.40002441406
2983.20499646482	1640.40002441406
2985.2279294948	1637.19995117188
2987.25031628898	1624.5
2989.27215709199	1623.19995117188
2991.29345214825	1617.90002441406
2993.31420170204	1630.69995117188
2995.33440599738	1610.40002441406
2997.35406527816	1617.5
2999.37317978802	1608.59997558594
3001.39174977045	1595.90002441406
3003.40977546872	1617.69995117188
3005.42725712591	1610.59997558594
3007.44419498491	1600.80004882813
3009.4605892884	1604.59997558594
3011.47644027889	1599.30004882813
3013.49174819865	1596
3015.5065132898	1606.69995117188
3017.52073579424	1606.69995117188
3019.53441595366	1613.19995117188
3021.54755400959	1607.59997558594
3023.56015020332	1595.30004882813
3025.57220477598	1600.80004882813
3027.58371796846	1588.80004882813
3029.5946900215	1595.19995117188
3031.6051211756	1594
3033.61501167107	1595.30004882813
3035.62436174803	1605.19995117188
3037.6331716464	1595.40002441406
3039.64144160588	1591
3041.649171866	1590.19995117188
3043.65636266607	1600.09997558594
3045.6630142452	1585.40002441406
3047.66912684229	1592
3049.67470069605	1563.40002441406
3051.679736045	1567.09997558594
3053.68423312742	1590.19995117188
3055.68819218143	1575.69995117188
3057.6916134449	1578.30004882813
3059.69449715556	1577.09997558594
3061.69684355086	1580.30004882813
3063.6986528681	1571.5
3065.69992534437	1586.19995117188
3067.70066121653	1573.59997558594
3069.70086072126	1568.09997558594
3071.700524095	1575
3073.69965157405	1583.09997558594
3075.69824339442	1581.69995117188
3077.69629979197	1567.19995117188
3079.69382100235	1562
3081.69080726098	1567.80004882813
3083.68725880307	1572.5
3085.68317586366	1556
3087.67855867755	1565.40002441406
3089.67340747933	1590.30004882813
3091.6677225034	1562.80004882813
3093.66150398392	1577.40002441406
3095.6547521549	1575
3097.64746725006	1567.30004882813
3099.63964950297	1573.80004882813
3101.63129914698	1567.69995117188
3103.6224164152	1591.59997558594
3105.61300154056	1585.30004882813
3107.60305475576	1586.09997558594
3109.59257629331	1596.40002441406
3111.58156638547	1587.09997558594
3113.57002526432	1581.59997558594
3115.55795316172	1582.09997558594
3117.54535030932	1585.5
3119.53221693853	1582.90002441406
3121.51855328057	1590.5
3123.50435956646	1592.5
3125.48963602698	1584.19995117188
3127.4743828927	1593.30004882813
3129.45860039397	1614.5
3131.44228876093	1600.90002441406
3133.42544822353	1600.59997558594
3135.40807901145	1611
3137.39018135418	1598.40002441406
3139.37175548102	1619.59997558594
3141.35280162101	1619.30004882813
3143.33332000299	1603.30004882813
3145.31331085559	1611.30004882813
3147.2927744072	1613.90002441406
3149.27171088602	1615.59997558594
3151.25012052	1609
3153.22800353689	1626.40002441406
3155.20536016422	1618.30004882813
3157.18219062929	1634.09997558594
3159.15849515918	1629
3161.13427398075	1621.59997558594
3163.10952732066	1623.30004882813
3165.08425540532	1637.5
3167.05845846092	1643.19995117188
3169.03213671344	1615.59997558594
3171.00529038863	1642.09997558594
3172.97791971203	1631
3174.95002490893	1624.69995117188
3176.92160620443	1635.40002441406
3178.89266382337	1632.90002441406
3180.8631979904	1641.40002441406
3182.83320892991	1620.30004882813
3184.80269686609	1647.69995117188
3186.77166202289	1632.59997558594
3188.74010462406	1648
3190.70802489307	1648.5
3192.67542305323	1640.30004882813
3194.64229932757	1666.5
3196.60865393892	1646
3198.57448710987	1640.69995117188
3200.53979906279	1669.5
3202.50459001981	1646.19995117188
3204.46886020284	1660
3206.43260983356	1649.90002441406
3208.39583913341	1668.5
3210.35854832362	1661.40002441406
3212.32073762517	1656.90002441406
3214.28240725881	1642.19995117188
3216.24355744508	1666.59997558594
3218.20418840426	1666.80004882813
3220.16430035642	1673.19995117188
3222.12389352137	1661.59997558594
3224.08296811873	1679.40002441406
3226.04152436784	1670
3227.99956248784	1660.5
3229.95708269762	1680.40002441406
3231.91408521584	1660.80004882813
3233.87057026092	1666.90002441406
3235.82653805105	1680.40002441406
3237.78198880419	1661.80004882813
3239.73692273806	1668.69995117188
3241.69134007013	1669.90002441406
3243.64524101764	1676.40002441406
3245.59862579761	1682.40002441406
3247.55149462681	1668.90002441406
3249.50384772176	1680.19995117188
3251.45568529877	1663.30004882813
3253.40700757387	1683.19995117188
3255.35781476288	1661
3257.3081070814	1673.5
3259.25788474473	1680.30004882813
3261.20714796799	1671.19995117188
3263.15589696602	1687.09997558594
3265.10413195345	1676.69995117188
3267.05185314463	1682
3268.9990607537	1679.40002441406
3270.94575499455	1675.90002441406
3272.89193608081	1685.90002441406
3274.8376042259	1671.59997558594
3276.78275964296	1676.09997558594
3278.72740254492	1682.09997558594
3280.67153314443	1682.40002441406
3282.61515165393	1693.30004882813
3284.55825828559	1670.09997558594
3286.50085325135	1687.30004882813
3288.44293676289	1679.5
3290.38450903165	1672.69995117188
3292.32557026883	1677.30004882813
3294.26612068537	1677
3296.20616049198	1680.80004882813
3298.14568989911	1668.69995117188
3300.08470911695	1663.09997558594
3302.02321835546	1679.80004882813
3303.96121782435	1685.80004882813
3305.89870773306	1662.19995117188
3307.83568829081	1672.59997558594
3309.77215970655	1695.90002441406
3311.70812218898	1675
3313.64357594655	1679.69995117188
3315.57852118747	1688.40002441406
3317.51295811968	1682.90002441406
3319.44688695087	1668.69995117188
3321.38030788849	1681.69995117188
3323.31322113973	1684.09997558594
3325.24562691152	1670.59997558594
3327.17752541055	1658.90002441406
3329.10891684322	1664.40002441406
3331.03980141573	1648
3332.97017933399	1670.19995117188
3334.90005080364	1666.09997558594
3336.82941603011	1666.09997558594
3338.75827521852	1664.90002441406
3340.68662857377	1660.80004882813
3342.6144763005	1669.19995117188
3344.54181860308	1681.90002441406
3346.46865568561	1664
3348.39498775195	1665.80004882813
3350.32081500571	1659.09997558594
3352.24613765022	1676.30004882813
3354.17095588855	1652.40002441406
3356.09526992352	1652.09997558594
3358.01907995769	1675.69995117188
3359.94238619334	1682.80004882813
3361.86518883251	1665.09997558594
3363.78748807697	1651.30004882813
3365.70928412823	1674.09997558594
3367.63057718752	1649.30004882813
3369.55136745582	1653.90002441406
3371.47165513386	1668.09997558594
3373.39144042208	1679.69995117188
3375.31072352066	1681.09997558594
3377.22950462953	1672
3379.14778394834	1677.5
3381.06556167648	1664.59997558594
3382.98283801308	1665.09997558594
3384.89961315697	1675.80004882813
3386.81588730676	1664.5
3388.73166066076	1667.69995117188
3390.64693341702	1676.80004882813
3392.56170577332	1675.19995117188
3394.47597792716	1654.30004882813
3396.38975007581	1668.09997558594
3398.30302241623	1671.69995117188
3400.21579514512	1654.09997558594
3402.1280684589	1672.19995117188
3404.03984255374	1678.19995117188
3405.95111762553	1668.80004882813
3407.86189386987	1652.30004882813
3409.77217148212	1667.09997558594
3411.68195065733	1670.40002441406
3413.5912315903	1641.59997558594
3415.50001447556	1671.30004882813
3417.40829950735	1644.30004882813
3419.31608687963	1689.40002441406
3421.22337678611	1642.69995117188
3423.1301694202	1651.90002441406
3425.03646497504	1657.69995117188
3426.9422636435	1649.40002441406
3428.84756561816	1647.90002441406
3430.75237109135	1638.5
3432.65668025508	1655.59997558594
3434.56049330112	1650.09997558594
3436.46381042093	1668.40002441406
3438.36663180571	1665
3440.26895764638	1672.5
3442.17078813357	1649.19995117188
3444.07212345762	1657.90002441406
3445.97296380863	1644.90002441406
3447.87330937636	1648.5
3449.77316035033	1654.90002441406
3451.67251691977	1635.09997558594
3453.57137927361	1640.09997558594
3455.46974760052	1644.19995117188
3457.36762208886	1656
3459.26500292671	1626
3461.16189030191	1632.40002441406
3463.05828440194	1634.40002441406
3464.95418541406	1638.19995117188
3466.84959352519	1630.5
3468.74450892201	1619.09997558594
3470.63893179088	1629.19995117188
3472.53286231788	1631.19995117188
3474.42630068881	1630.30004882813
3476.31924708918	1618.30004882813
3478.2117017042	1635
3480.1036647188	1635.69995117188
3481.99513631761	1618.09997558594
3483.88611668498	1628.90002441406
3485.77660600498	1619
3487.66660446135	1606.69995117188
3489.55611223758	1609.30004882813
3491.44512951683	1598.90002441406
3493.333656482	1595.30004882813
3495.22169331568	1601.80004882813
3497.10924020016	1597.90002441406
3498.99629731746	1597.40002441406
3500.88286484927	1594.59997558594
3502.76894297702	1600
3504.65453188182	1589.59997558594
3506.53963174449	1603.40002441406
3508.42424274555	1590.5
3510.30836506524	1592.09997558594
3512.19199888349	1583.30004882813
3514.07514437992	1557.40002441406
3515.95780173387	1575.19995117188
3517.83997112437	1564.30004882813
3519.72165273016	1579.5
3521.60284672967	1550.09997558594
3523.48355330104	1570.19995117188
3525.36377262208	1554.5
3527.24350487035	1557.90002441406
3529.12275022306	1547.30004882813
3531.00150885715	1540.40002441406
3532.87978094923	1557.90002441406
3534.75756667562	1548.5
3536.63486621235	1536.30004882813
3538.51167973512	1550.40002441406
3540.38800741934	1548.59997558594
3542.26384944011	1514.80004882813
3544.13920597223	1541.30004882813
3546.01407719018	1536
3547.88846326815	1522.09997558594
3549.76236438002	1543.5
3551.63578069934	1530.40002441406
3553.50871239938	1537.90002441406
3555.38115965309	1520.5
3557.25312263311	1518.59997558594
3559.12460151177	1517.59997558594
3560.99559646109	1522
3562.86610765279	1500.09997558594
3564.73613525825	1517.09997558594
3566.60567944857	1517.90002441406
3568.47474039453	1497.40002441406
3570.34331826658	1501.90002441406
3572.21141323487	1517.80004882813
3574.07902546925	1497.30004882813
3575.94615513922	1502.09997558594
3577.81280241401	1500.30004882813
3579.67896746249	1492.80004882813
3581.54465045325	1487.09997558594
3583.40985155455	1503.30004882813
3585.27457093432	1491.40002441406
3587.1388087602	1499.5
3589.00256519949	1502.40002441406
3590.86584041919	1482.59997558594
3592.72863458597	1491.80004882813
3594.59094786618	1491.5
3596.45278042585	1478.5
3598.31413243069	1472.40002441406
3600.17500404611	1468.59997558594
3602.03539543717	1479.40002441406
3603.89530676861	1471.90002441406
3605.75473820488	1458.19995117188
3607.61368991007	1479.80004882813
3609.47216204797	1466.80004882813
3611.33015478203	1476.19995117188
3613.18766827539	1457.80004882813
3615.04470269087	1477.09997558594
3616.90125819094	1463.5
3618.75733493776	1463.09997558594
3620.61293309318	1472.80004882813
3622.46805281869	1457.59997558594
3624.32269427547	1462.69995117188
3626.17685762439	1466.80004882813
3628.03054302596	1456.30004882813
3629.88375064038	1472.19995117188
3631.73648062751	1454.69995117188
3633.5887331469	1452.30004882813
3635.44050835775	1453.59997558594
3637.29180641893	1447.09997558594
3639.14262748899	1435.40002441406
3640.99297172614	1449.5
3642.84283928828	1446.19995117188
3644.69223033294	1442.69995117188
3646.54114501734	1443.80004882813
3648.38958349836	1442
3650.23754593256	1432
3652.08503247614	1433.80004882813
3653.93204328497	1441.30004882813
3655.77857851462	1439.30004882813
3657.62463832028	1436.90002441406
3659.47022285682	1429.69995117188
3661.31533227877	1429.19995117188
3663.15996674033	1422.59997558594
3665.00412639535	1421.30004882813
3666.84781139736	1423.90002441406
3668.69102189953	1420.59997558594
3670.5337580547	1418.40002441406
3672.37602001537	1401.09997558594
3674.21780793368	1402.5
3676.05912196148	1412.90002441406
3677.89996225021	1409.80004882813
3679.74032895103	1398.19995117188
3681.58022221471	1405.69995117188
3683.41964219171	1407
3685.25858903211	1399.69995117188
3687.0970628857	1402.90002441406
3688.93506390186	1400.30004882813
3690.77259222968	1398.90002441406
3692.60964801787	1403.69995117188
3694.44623141481	1397.80004882813
3696.28234256853	1391.40002441406
3698.11798162669	1388.59997558594
3699.95314873665	1387.30004882813
3701.78784404537	1380.69995117188
3703.62206769951	1388.90002441406
3705.45581984533	1390.59997558594
3707.28910062877	1388.30004882813
3709.12191019542	1389.90002441406
3710.95424869052	1377
3712.78611625894	1400.40002441406
3714.6175130452	1391.30004882813
3716.44843919349	1381.80004882813
3718.27889484764	1383.19995117188
3720.1088801511	1381.90002441406
3721.93839524699	1378.40002441406
3723.76744027808	1383.19995117188
3725.59601538677	1373.80004882813
3727.4241207151	1383
