40.2973356941271	1131.69995117188
43.2236257608418	1131.40002441406
46.1488808466109	1133.5
49.0731017336173	1140.40002441406
51.9962892025666	1142.19995117188
54.9184440327569	1150.90002441406
57.8395670020446	1151
60.7596588868509	1160.09997558594
63.6787204621708	1166
66.5967525015794	1170.5
69.5137557772381	1184.30004882813
72.4297310598838	1199.59997558594
75.3446791188512	1222.5
78.2586007220466	1239.90002441406
81.1714966360015	1275.09997558594
84.0833676258266	1327.09997558594
86.994214455242	1377.09997558594
89.9040378865662	1425.09997558594
92.8128386807427	1471.19995117188
95.7206175973133	1538.80004882813
98.6273753944444	1564.90002441406
101.533112828928	1588.90002441406
104.437830656161	1612.69995117188
107.34152963018	1622.40002441406
110.244210503676	1593.09997558594
113.145874027931	1600.59997558594
116.046520952895	1604.09997558594
118.946152027154	1589.19995117188
121.844767997933	1588
124.74236961111	1598
127.638957611212	1590.90002441406
130.534532741422	1596
133.429095743606	1588.5
136.322647358252	1608.5
139.215188324544	1596.59997558594
142.106719380311	1605.09997558594
144.997241262089	1598.59997558594
147.886754705057	1612.19995117188
150.775260443096	1633.90002441406
153.662759208748	1621.80004882813
156.549251733282	1591.30004882813
159.434738746612	1611.40002441406
162.319220977376	1623.80004882813
165.20269915289	1615.40002441406
168.085173999178	1620.80004882813
170.966646240977	1611.5
173.847116601709	1600.69995117188
176.726585803528	1600.09997558594
179.605054567295	1599.69995117188
182.48252361259	1599.80004882813
185.358993657701	1610.80004882813
188.234465419645	1603.19995117188
191.108939614183	1596.30004882813
193.982416955795	1618.40002441406
196.854898157687	1594.19995117188
199.726383931801	1605.30004882813
202.596874988835	1587.80004882813
205.466372038225	1605.59997558594
208.334875788145	1604
211.202386945534	1605.69995117188
214.068906216069	1603.30004882813
216.934434304194	1614.19995117188
219.798971913111	1614.30004882813
222.662519744776	1630.69995117188
225.525078499925	1637.5
228.386648878069	1630.40002441406
231.247231577465	1619.5
234.106827295172	1612.30004882813
236.965436727012	1603.09997558594
239.823060567597	1626.09997558594
242.679699510337	1608.69995117188
245.535354247396	1607.69995117188
248.390025469775	1603.09997558594
251.243713867223	1614.5
254.096420128327	1601.59997558594
256.948144940459	1615.80004882813
259.798888989788	1621.30004882813
262.648652961315	1598.30004882813
265.49743753883	1598.19995117188
268.345243404939	1615
271.192071241073	1619.80004882813
274.037921727485	1615.19995117188
276.882795543246	1612.69995117188
279.72669336624	1600.5
282.569615873213	1638.69995117188
285.411563739724	1609.80004882813
288.252537640165	1631.69995117188
291.092538247763	1618.80004882813
293.931566234616	1617.90002441406
296.769622271633	1634.90002441406
299.606707028594	1641.59997558594
302.442821174104	1651.90002441406
305.277965375652	1622.80004882813
308.112140299574	1632.80004882813
310.945346611062	1642.80004882813
313.777584974167	1639.40002441406
316.608856051813	1626.30004882813
319.439160505797	1633.40002441406
322.268498996783	1633.19995117188
325.096872184303	1633.19995117188
327.924280726782	1638
330.750725281521	1629.5
333.576206504693	1659.40002441406
336.400725051388	1636.5
339.224281575542	1629.19995117188
342.046876730026	1636.09997558594
344.868511166586	1627.40002441406
347.689185535872	1621.80004882813
350.508900487421	1624.59997558594
353.327656669699	1622.5
356.145454730079	1642.80004882813
358.962295314817	1627.30004882813
361.778179069105	1615.5
364.593106637051	1630.19995117188
367.407078661675	1639.59997558594
370.220095784913	1640.59997558594
373.032158647655	1623.59997558594
375.843267889676	1628.90002441406
378.653424149715	1644
381.462628065436	1619.80004882813
384.270880273432	1645.40002441406
387.078181409254	1640.30004882813
389.884532107358	1645.59997558594
392.689933001188	1641.40002441406
395.494384723112	1638.90002441406
398.29788790445	1649.59997558594
401.100443175488	1652
403.902051165437	1646.80004882813
406.702712502518	1636.90002441406
409.502427813866	1664
412.301197725607	1653.09997558594
415.099022862823	1645.30004882813
417.89590384957	1653.19995117188
420.691841308876	1661.09997558594
423.486835862752	1649.69995117188
426.280888132173	1640.30004882813
429.073998737112	1652.5
431.866168296507	1653.19995117188
434.657397428298	1645
437.447686749412	1650.5
440.237036875762	1647.40002441406
443.025448422257	1649.59997558594
445.812922002813	1645.59997558594
448.599458230326	1633.90002441406
451.38505771672	1649.80004882813
454.169721072909	1646.80004882813
456.953448908819	1651.59997558594
459.736241833384	1642.40002441406
462.518100454555	1639.09997558594
465.2990253793	1660.80004882813
468.079017213605	1665.19995117188
470.858076562476	1648.69995117188
473.636204029939	1651.09997558594
476.41340021906	1666.80004882813
479.189665731938	1654.69995117188
481.965001169667	1650.40002441406
484.739407132419	1661
487.512884219391	1652.19995117188
490.285433028796	1667.19995117188
493.057054157921	1646.69995117188
495.827748203087	1659.5
498.597515759658	1661.09997558594
501.366357422061	1671.80004882813
504.134273783759	1677.09997558594
506.901265437278	1667.09997558594
509.66733297421	1653
512.432476985198	1655.69995117188
515.196698059945	1667.80004882813
517.959996787225	1654.59997558594
520.722373754895	1666
523.483829549856	1662.80004882813
526.24436475811	1676.90002441406
529.003979964696	1668.30004882813
531.762675753779	1671.80004882813
534.520452708569	1686.59997558594
537.277311411375	1664.30004882813
540.03325244359	1673.59997558594
542.788276385682	1670.90002441406
545.54238381725	1659.69995117188
548.295575316938	1667
551.047851462516	1672.30004882813
553.799212830831	1654.19995117188
556.549659997851	1674.69995117188
559.299193538643	1649.90002441406
562.047814027381	1652.59997558594
564.795522037318	1673.30004882813
567.542318140861	1660.30004882813
570.288202909507	1645.80004882813
573.033176913873	1654.19995117188
575.7772407237	1657.09997558594
578.520394907829	1663.09997558594
581.26264003424	1655.19995117188
584.003976670046	1672.80004882813
586.744405381469	1675.09997558594
589.483926733869	1679.09997558594
592.222541291746	1676.40002441406
594.96024961872	1664.09997558594
597.697052277563	1690.40002441406
600.432949830166	1674
603.167942837587	1685.30004882813
605.902031860012	1673.09997558594
608.635217456783	1674.40002441406
611.367500186378	1674.59997558594
614.098880606429	1685.40002441406
616.82935927374	1675.90002441406
619.558936744248	1666.80004882813
622.287613573072	1682.40002441406
625.015390314457	1685.19995117188
627.742267521848	1682.30004882813
630.468245747829	1687.09997558594
633.193325544166	1663.30004882813
635.917507461792	1686.69995117188
638.640792050804	1661.69995117188
641.36317986048	1664.80004882813
644.084671439281	1666.59997558594
646.805267334845	1663.69995117188
649.524968093967	1667.30004882813
652.24377426266	1670.80004882813
654.961686386106	1688.69995117188
657.678705008678	1683.90002441406
660.394830673939	1663
663.110063924628	1667.30004882813
665.824405302728	1679.40002441406
668.537855349351	1684.90002441406
671.250414604863	1666.80004882813
673.962083608812	1680.80004882813
676.672862899949	1675.19995117188
679.382753016218	1674.90002441406
682.091754494801	1681.19995117188
684.799867872061	1684.80004882813
687.507093683595	1684.5
690.213432464198	1671.59997558594
692.918884747899	1711
695.623451067937	1683.59997558594
698.327131956755	1706.80004882813
701.029927946065	1684.5
703.731839566754	1682.09997558594
706.43286734896	1698.5
709.133011822067	1693.80004882813
711.832273514658	1689.80004882813
714.53065295457	1705.59997558594
717.228150668879	1719.09997558594
719.924767183889	1692
722.620503025148	1693.19995117188
725.315358717446	1691.59997558594
728.009334784827	1693.5
730.702431750559	1692.5
733.394650137188	1688.59997558594
736.085990466498	1696.30004882813
738.776453259519	1687.69995117188
741.466039036542	1687.5
744.154748317125	1694.5
746.842581620074	1688.59997558594
749.529539463458	1698.69995117188
752.215622364608	1691.90002441406
754.900830840131	1681.69995117188
757.585165405892	1698.09997558594
760.26862657703	1695.90002441406
762.951214867957	1692.59997558594
765.632930792356	1712.69995117188
768.313774863181	1691.5
770.993747592673	1677.40002441406
773.672849492359	1705.59997558594
776.351081073017	1692.90002441406
779.028442844757	1700.69995117188
781.704935316928	1703
784.380558998208	1701.90002441406
787.055314396528	1679.69995117188
789.729202019141	1691.69995117188
792.402222372581	1694.80004882813
795.074375962669	1705.19995117188
797.745663294537	1695.5
800.416084872622	1690.80004882813
803.085641200652	1711.59997558594
805.754332781664	1685.19995117188
808.422160117986	1703.90002441406
811.089123711292	1704.40002441406
813.75522406252	1707
816.420461671951	1691.69995117188
819.084837039164	1714.19995117188
821.748350663067	1718.80004882813
824.411003041866	1712.19995117188
827.072794673116	1712.69995117188
829.733726053668	1719.30004882813
832.39379767971	1717.09997558594
835.05301004674	1735.59997558594
837.711363649601	1715.30004882813
840.368858982457	1718.40002441406
843.025496538805	1734.59997558594
845.681276811467	1738.80004882813
848.336200292618	1740.30004882813
850.99026747375	1713.19995117188
853.643478845713	1748.19995117188
856.29583489868	1735.40002441406
858.947336122176	1743.80004882813
861.59798300506	1741.09997558594
864.247776035556	1756.80004882813
866.896715701222	1757.80004882813
869.544802488959	1772
872.192036885046	1767.69995117188
874.838419375087	1757.09997558594
877.483950444054	1778.19995117188
880.128630576285	1763.30004882813
882.772460255461	1750.90002441406
885.415439964628	1750.59997558594
888.057570186211	1738.90002441406
890.698851401966	1768.80004882813
893.339284093045	1762.5
895.978868739961	1754.19995117188
898.617605822596	1747.30004882813
901.255495820196	1747.90002441406
903.892539211396	1764.80004882813
906.528736474184	1748.59997558594
909.164088085949	1754.90002441406
911.798594523442	1732.80004882813
914.432256262804	1746
917.065073779549	1745.90002441406
919.697047548589	1752.30004882813
922.328178044212	1748.69995117188
924.9584657401	1772.09997558594
927.587911109317	1760.5
930.216514624317	1767.19995117188
932.844276756963	1761.19995117188
935.471197978488	1775.59997558594
938.097278759538	1769.80004882813
940.722519570163	1785.09997558594
943.346920879798	1782
945.97048315729	1766.09997558594
948.593206870885	1801.40002441406
951.215092488219	1793.90002441406
953.836140476366	1841.40002441406
956.456351301787	1823.69995117188
959.07572543037	1837.19995117188
961.694263327369	1835.30004882813
964.311965457521	1856
966.928832284933	1850.40002441406
969.544864273135	1848
972.160061885076	1827.69995117188
974.774425583129	1858.5
977.387955829099	1828.30004882813
980.000653084196	1827.59997558594
982.612517809061	1827.59997558594
985.223550463768	1813.80004882813
987.833751507819	1825.19995117188
990.443121400135	1845.59997558594
993.051660599081	1835.80004882813
995.659369562449	1877.90002441406
998.266248747469	1884.59997558594
1000.87229861081	1955.59997558594
1003.47751960857	2001.90002441406
1006.0819121963	2022.30004882813
1008.68547682897	2014.80004882813
1011.28821396104	1976.90002441406
1013.89012404635	1927.30004882813
1016.49120753824	1907.30004882813
1019.09146488947	1889
1021.69089655226	1859.90002441406
1024.28950297827	1856.69995117188
1026.88728461863	1853.19995117188
1029.48424192392	1841.5
1032.08037534416	1818.40002441406
1034.67568532886	1842.19995117188
1037.27017232694	1844.80004882813
1039.86383678682	1826.59997558594
1042.45667915637	1812.09997558594
1045.04869988293	1826.59997558594
1047.6398994133	1836.09997558594
1050.23027819374	1816.69995117188
1052.81983666998	1824.40002441406
1055.40857528724	1807.59997558594
1057.99649449018	1823.59997558594
1060.58359472296	1844.5
1063.1698764292	1847.69995117188
1065.755340052	1842.59997558594
1068.33998603393	1821.59997558594
1070.92381481706	1848.30004882813
1073.50682684291	1836
1076.08902255251	1824.90002441406
1078.67040238637	1821.30004882813
1081.25096678445	1849.80004882813
1083.83071618624	1836.40002441406
1086.4096510307	1838.5
1088.98777175629	1828.69995117188
1091.56507880094	1842.90002441406
1094.14157260208	1846.5
1096.71725359664	1820.30004882813
1099.29212222106	1840.59997558594
1101.86617891125	1854.5
1104.43942410262	1845.19995117188
1107.01185823011	1850.90002441406
1109.58348172812	1851.90002441406
1112.15429503057	1850
1114.7242985709	1849.19995117188
1117.29349278203	1867.30004882813
1119.86187809642	1860.69995117188
1122.42945494599	1877
1124.99622376222	1887.40002441406
1127.56218497606	1925.5
1130.12733901801	1931.59997558594
1132.69168631804	1953.09997558594
1135.25522730568	1957.59997558594
1137.81796240995	1969.30004882813
1140.37989205941	1990.59997558594
1142.9410166821	2031.59997558594
1145.50133670561	2101.19995117188
1148.06085255708	2197.69995117188
1150.61956466311	2287.80004882813
1153.17747344987	2457.60009765625
1155.73457934305	2616.89990234375
1158.29088276786	2648.30004882813
1160.84638414903	2601.89990234375
1163.40108391085	2461
1165.95498247711	2307
1168.50808027116	2148.39990234375
1171.06037771587	2056.30004882813
1173.61187523364	2010.90002441406
1176.16257324643	1980.09997558594
1178.71247217573	1994
1181.26157244255	1967
1183.80987446746	1980.80004882813
1186.35737867059	1989.19995117188
1188.90408547157	2011
1191.44999528961	2028.30004882813
1193.99510854347	2041.59997558594
1196.53942565142	2027.09997558594
1199.08294703133	2015.5
1201.62567310057	1975.19995117188
1204.16760427611	1949.80004882813
1206.70874097445	1938.80004882813
1209.24908361163	1924.80004882813
1211.78863260327	1931.30004882813
1214.32738836454	1905.90002441406
1216.86535131017	1898.40002441406
1219.40252185445	1905
1221.93890041121	1914.40002441406
1224.47448739389	1887.19995117188
1227.00928321544	1904
1229.54328828842	1873.19995117188
1232.07650302491	1885.69995117188
1234.60892783662	1878.90002441406
1237.14056313477	1893.40002441406
1239.67140933017	1890.69995117188
1242.2014668332	1884.5
1244.73073605384	1890.80004882813
1247.25921740159	1896.80004882813
1249.78691128558	1926.80004882813
1252.31381811448	1928
1254.83993829655	1911.40002441406
1257.36527223962	1937.59997558594
1259.88982035112	1961.19995117188
1262.41358303803	1956.5
1264.93656070696	1970.80004882813
1267.45875376405	1985.09997558594
1269.98016261505	1992
1272.50078766531	2009.69995117188
1275.02062931974	2008.19995117188
1277.53968798285	2019
1280.05796405875	1985.80004882813
1282.57545795112	1972.5
1285.09217006325	1966
1287.60810079802	1968.5
1290.12325055788	1950.80004882813
1292.63761974492	1961.90002441406
1295.15120876079	1951.19995117188
1297.66401800676	1958.19995117188
1300.17604788367	1966
1302.687298792	1976
1305.19777113181	1926.30004882813
1307.70746530274	1945.40002441406
1310.21638170408	1970.5
1312.7245207347	1951.19995117188
1315.23188279307	1957.5
1317.73846827728	1930.90002441406
1320.24427758502	1937.59997558594
1322.74931111359	1963.5
1325.25356925991	1935.80004882813
1327.75705242051	1940
1330.25976099151	1934
1332.76169536868	1937.80004882813
1335.26285594737	1916.09997558594
1337.76324312256	1905.5
1340.26285728887	1915.69995117188
1342.76169884052	1917.19995117188
1345.25976817132	1914.69995117188
1347.75706567474	1934.5
1350.25359174387	1917.30004882813
1352.74934677141	1914.69995117188
1355.24433114968	1930.09997558594
1357.73854527062	1908
1360.23198952583	1925.19995117188
1362.7246643065	1921.80004882813
1365.21657000347	1909.19995117188
1367.7077070072	1932.19995117188
1370.19807570777	1912.09997558594
1372.68767649492	1920.90002441406
1375.176509758	1914.09997558594
1377.66457588599	1948.5
1380.15187526753	1928.19995117188
1382.63840829087	1928
1385.1241753439	1918.80004882813
1387.60917681417	1922.59997558594
1390.09341308884	1945.80004882813
1392.57688455474	1936.59997558594
1395.05959159829	1950.09997558594
1397.54153460562	1928.69995117188
1400.02271396243	1953.69995117188
1402.50313005414	1928.40002441406
1404.98278326576	1935.19995117188
1407.46167398196	1952
1409.93980258707	1948.19995117188
1412.41716946504	1958.90002441406
1414.89377499951	1940.59997558594
1417.36961957373	1926.90002441406
1419.84470357062	1951.30004882813
1422.31902737275	1951.80004882813
1424.79259136235	1958.69995117188
1427.26539592129	1958.69995117188
1429.73744143111	1964.09997558594
1432.20872827299	1996.09997558594
1434.67925682777	2008.30004882813
1437.14902747597	2013.90002441406
1439.61804059773	2029.59997558594
1442.0862965729	2058
1444.55379578093	2053.89990234375
1447.02053860099	2062
1449.48652541188	2034.09997558594
1451.95175659206	2090
1454.41623251969	2048.30004882813
1456.87995357255	2054.19995117188
1459.34292012811	1995.19995117188
1461.80513256351	2033.40002441406
1464.26659125557	2007.90002441406
1466.72729658073	2014
1469.18724891517	2029.5
1471.64644863469	2013.19995117188
1474.10489611478	1994.30004882813
1476.5625917306	2031.80004882813
1479.01953585699	2028.90002441406
1481.47572886844	2009
1483.93117113917	2013.19995117188
1486.38586304302	2037.69995117188
1488.83980495354	2061.60009765625
1491.29299724395	2052.30004882813
1493.74544028715	2093.60009765625
1496.19713445573	2141.10009765625
1498.64808012193	2150.60009765625
1501.09827765772	2196.5
1503.54772743471	2292.69995117188
1505.99642982421	2379.30004882813
1508.44438519723	2498.5
1510.89159392446	2643.69995117188
1513.33805637625	2781.10009765625
1515.78377292266	2923
1518.22874393346	2977.69995117188
1520.67296977806	2978.19995117188
1523.11645082559	2879
1525.55918744488	2755.60009765625
1528.00118000444	2576.80004882813
1530.44242887245	2426.89990234375
1532.88293441684	2289.5
1535.32269700517	2169.19995117188
1537.76171700475	2125
1540.19999478255	2083.30004882813
1542.63753070526	2021.80004882813
1545.07432513925	2040
1547.5103784506	2017
1549.94569100509	2011.5
1552.38026316819	2014.69995117188
1554.8140953051	2007.40002441406
1557.24718778067	2015.5
1559.67954095952	2020.40002441406
1562.11115520592	2002.09997558594
1564.54203088386	1980.69995117188
1566.97216835704	2001.80004882813
1569.40156798888	2014.19995117188
1571.83023014248	1996.69995117188
1574.25815518067	1996.09997558594
1576.68534346597	1991.19995117188
1579.11179536062	1994.5
1581.53751122658	2015.5
1583.9624914255	1982.09997558594
1586.38673631876	1982.69995117188
1588.81024626745	2004.30004882813
1591.23302163235	1994.80004882813
1593.655062774	2023.40002441406
1596.07637005262	2021.90002441406
1598.49694382815	1982.5
1600.91678446025	1976.80004882813
1603.33589230831	1990.80004882813
1605.75426773142	1973.80004882813
1608.1719110884	1978.19995117188
1610.58882273779	1989.90002441406
1613.00500303784	1969.19995117188
1615.42045234654	1978.09997558594
1617.83517102158	1990.09997558594
1620.24915942039	1998.69995117188
1622.66241790012	1971.40002441406
1625.07494681764	1994.90002441406
1627.48674652954	1991.19995117188
1629.89781739216	1970.69995117188
1632.30815976152	1970.59997558594
1634.71777399343	1978.30004882813
1637.12666044338	1996.40002441406
1639.53481946661	1970.30004882813
1641.94225141808	2026.40002441406
1644.34895665248	2013.30004882813
1646.75493552424	2018.59997558594
1649.16018838752	2018.59997558594
1651.56471559621	2024.5
1653.96851750392	2054.80004882813
1656.37159446403	2060.10009765625
1658.7739468296	2102.69995117188
1661.17557495349	2069.39990234375
1663.57647918824	2038
1665.97665988617	2035
1668.37611739929	2031.69995117188
1670.77485207939	2003.90002441406
1673.17286427799	2000.80004882813
1675.57015434633	1996.09997558594
1677.96672263542	1985
1680.36256949598	1969.5
1682.7576952785	1980.5
1685.15210033318	1975.80004882813
1687.54578501	1986.80004882813
1689.93874965866	1961.80004882813
1692.33099462861	1979.69995117188
1694.72252026904	1977.30004882813
1697.11332692889	1974.69995117188
1699.50341495686	1967.40002441406
1701.89278470137	1944.59997558594
1704.28143651061	1952.69995117188
1706.66937073251	1966.59997558594
1709.05658771473	1988.30004882813
1711.44308780473	1968.90002441406
1713.82887134968	1959.30004882813
1716.21393869648	1969.59997558594
1718.59829019185	1947.19995117188
1720.98192618221	1971.30004882813
1723.36484701374	1959.69995117188
1725.74705303238	1955.40002441406
1728.12854458384	1946.30004882813
1730.50932201356	1981
1732.88938566673	1977.09997558594
1735.26873588834	1963.40002441406
1737.64737302307	1954.90002441406
1740.02529741544	1983.90002441406
1742.40250940964	1960.40002441406
1744.77900934969	1976.09997558594
1747.15479757933	1970.09997558594
1749.52987444206	1948.30004882813
1751.90424028116	1970.69995117188
1754.27789543967	1969.59997558594
1756.65084026037	1971.59997558594
1759.02307508582	1943.59997558594
1761.39460025833	1967.09997558594
1763.76541612	1969
1766.13552301265	1964.69995117188
1768.50492127791	1957
1770.87361125714	1951.69995117188
1773.2415932915	1961.59997558594
1775.60886772188	1949.59997558594
1777.97543488896	1973
1780.34129513318	1959.59997558594
1782.70644879475	1944.5
1785.07089621365	1936.59997558594
1787.43463772964	1939.69995117188
1789.7976736822	1959.90002441406
1792.16000441066	1954.30004882813
1794.52163025405	1956.80004882813
1796.88255155121	1955.40002441406
1799.24276864074	1946
1801.60228186102	1948
1803.96109155019	1943.80004882813
1806.31919804618	1964.30004882813
1808.67660168668	1954.5
1811.03330280916	1958.30004882813
1813.38930175088	1958.19995117188
1815.74459884884	1954.30004882813
1818.09919443984	1972.09997558594
1820.45308886047	1962.80004882813
1822.80628244708	1951.90002441406
1825.1587755358	1978.30004882813
1827.51056846254	1964.80004882813
1829.86166156297	1951.69995117188
1832.21205517258	1921.90002441406
1834.56174962661	1966.59997558594
1836.91074526009	1947.69995117188
1839.25904240783	1957.69995117188
1841.60664140443	1959.30004882813
1843.95354258425	1956.90002441406
1846.29974628146	1947.90002441406
1848.64525282998	1943.69995117188
1850.99006256356	1948.40002441406
1853.3341758157	1939.19995117188
1855.67759291968	1959.09997558594
1858.02031420858	1940.40002441406
1860.36234001528	1929.59997558594
1862.70367067241	1966.19995117188
1865.04430651244	1947.59997558594
1867.38424786755	1931.69995117188
1869.72349506978	1958.30004882813
1872.06204845094	1936.09997558594
1874.39990834258	1953.80004882813
1876.73707507612	1940.69995117188
1879.07354898269	1940.40002441406
1881.40933039328	1948.69995117188
1883.74441963861	1962.30004882813
1886.07881704925	1942.09997558594
1888.41252295551	1947.59997558594
1890.74553768751	1953.90002441406
1893.07786157519	1948.90002441406
1895.40949494822	1963.30004882813
1897.74043813615	1946.19995117188
1900.07069146823	1946.40002441406
1902.40025527357	1923.09997558594
1904.72912988106	1944.40002441406
1907.05731561938	1940.59997558594
1909.38481281699	1935.90002441406
1911.71162180217	1944
1914.037742903	1954.19995117188
1916.36317644734	1949.09997558594
1918.68792276284	1940.40002441406
1921.01198217697	1924.5
1923.33535501699	1947.40002441406
1925.65804160996	1942.40002441406
1927.98004228273	1940.19995117188
1930.30135736196	1932.90002441406
1932.6219871741	1952.40002441406
1934.94193204543	1929.19995117188
1937.26119230198	1928.80004882813
1939.57976826962	1923.19995117188
1941.89766027402	1932.69995117188
1944.21486864062	1938.90002441406
1946.53139369472	1942.30004882813
1948.84723576137	1924.69995117188
1951.16239516543	1941.5
1953.47687223159	1927.5
1955.79066728434	1943
1958.10378064794	1923.5
1960.4162126465	1957.30004882813
1962.7279636039	1944.90002441406
1965.03903384385	1934.40002441406
1967.34942368987	1941.30004882813
1969.65913346524	1944.59997558594
1971.96816349311	1945.59997558594
1974.2765140964	1955.30004882813
1976.58418559784	1928.40002441406
1978.89117831997	1956
1981.19749258516	1930.59997558594
1983.50312871555	1933.30004882813
1985.80808703313	1942.69995117188
1988.11236785967	1935.09997558594
1990.41597151676	1908.90002441406
1992.71889832581	1949.5
1995.02114860801	1968.40002441406
1997.3227226844	1924.19995117188
1999.62362087581	1931.5
2001.92384350288	1936.90002441406
2004.22339088608	1994.80004882813
2006.52226334567	1948.40002441406
2008.82046120173	1934.09997558594
2011.11798477417	1950.30004882813
2013.41483438269	1964.30004882813
2015.71101034681	1950.90002441406
2018.00651298588	1949.90002441406
2020.30134261905	1945.30004882813
2022.59549956528	1946.19995117188
2024.88898414337	1959.69995117188
2027.1817966719	1934.59997558594
2029.4739374693	1945.40002441406
2031.76540685379	1940.59997558594
2034.05620514342	1914.5
2036.34633265607	1925.80004882813
2038.6357897094	1919.69995117188
2040.92457662092	1936.59997558594
2043.21269370795	1928.19995117188
2045.50014128763	1922.90002441406
2047.78691967691	1940.59997558594
2050.07302919256	1919
2052.35847015118	1907.40002441406
2054.64324286919	1916.80004882813
2056.9273476628	1912.80004882813
2059.21078484808	1918.80004882813
2061.4935547409	1917.69995117188
2063.77565765696	1918.5
2066.05709391176	1928.80004882813
2068.33786382065	1939.30004882813
2070.61796769879	1907.19995117188
2072.89740586116	1912
2075.17617862255	1892.59997558594
2077.45428629759	1916.09997558594
2079.73172920075	1917.09997558594
2082.00850764627	1911
2084.28462194827	1899.19995117188
2086.56007242065	1922.09997558594
2088.83485937717	1911.09997558594
2091.10898313139	1920
2093.3824439967	1916.09997558594
2095.65524228632	1900.40002441406
2097.92737831328	1918.19995117188
2100.19885239047	1926.40002441406
2102.46966483057	1928.69995117188
2104.7398159461	1924.59997558594
2107.00930604941	1917.80004882813
2109.27813545267	1942.80004882813
2111.54630446787	1920.30004882813
2113.81381340685	1942.40002441406
2116.08066258126	1939.90002441406
2118.34685230257	1946.69995117188
2120.61238288211	1947.09997558594
2122.87725463099	1958.5
2125.1414678602	1958.19995117188
2127.40502288052	1966.80004882813
2129.66792000257	1952.90002441406
2131.93015953682	1946.80004882813
2134.19174179353	1929.5
2136.45266708282	1932.40002441406
2138.71293571463	1945.69995117188
2140.97254799873	1971.09997558594
2143.23150424473	1941.80004882813
2145.48980476205	1941.40002441406
2147.74744985996	1959
2150.00443984754	1964.5
2152.26077503373	1953.09997558594
2154.51645572728	1964.30004882813
2156.77148223677	1951.69995117188
2159.02585487064	1978
2161.27957393713	1968.59997558594
2163.53263974432	1982.09997558594
2165.78505260012	1972.19995117188
2168.0368128123	1960.59997558594
2170.28792068844	1962
2172.53837653595	1940.59997558594
2174.78818066207	1948
2177.03733337389	1951.5
2179.28583497833	1942.40002441406
2181.53368578214	1920.69995117188
2183.78088609192	1905.80004882813
2186.02743621406	1939.09997558594
2188.27333645484	1906.19995117188
2190.51858712033	1913.40002441406
2192.76318851646	1910
2195.00714094901	1916.30004882813
2197.25044472354	1922
2199.49310014551	1900.09997558594
2201.73510752018	1921.40002441406
2203.97646715265	1894.80004882813
2206.21717934786	1906.59997558594
2208.45724441058	1906.09997558594
2210.69666264543	1892
2212.93543435686	1886.59997558594
2215.17355984914	1899.19995117188
2217.41103942642	1903
2219.64787339264	1899.5
2221.8840620516	1883.69995117188
2224.11960570695	1900.40002441406
2226.35450466215	1893.40002441406
2228.58875922051	1901.19995117188
2230.82236968518	1899.40002441406
2233.05533635916	1903.09997558594
2235.28765954527	1880.30004882813
2237.51933954617	1884.40002441406
2239.75037666437	1901.09997558594
2241.98077120221	1911.30004882813
2244.21052346188	1910.59997558594
2246.4396337454	1908.5
2248.66810235461	1889.30004882813
2250.89592959125	1911.59997558594
2253.12311575681	1903.59997558594
2255.34966115272	1908
2257.57556608017	1911.40002441406
2259.80083084023	1906.40002441406
2262.02545573381	1893.59997558594
2264.24944106163	1895.30004882813
2266.47278712429	1897
2268.69549422221	1889.90002441406
2270.91756265564	1911.40002441406
2273.1389927247	1891
2275.35978472934	1902
2277.57993896933	1908.5
2279.79945574431	1921.80004882813
2282.01833535375	1905.59997558594
2284.23657809696	1911.5
2286.45418427309	1936.80004882813
2288.67115418114	1916
2290.88748811995	1905.40002441406
2293.10318638819	1935.09997558594
2295.3182492844	1912.90002441406
2297.53267710693	1945.90002441406
2299.746470154	1927.69995117188
2301.95962872364	1942.5
2304.17215311376	1946.80004882813
2306.3840436221	1941.30004882813
2308.59530054621	1970.80004882813
2310.80592418354	1970.69995117188
2313.01591483134	1969.90002441406
2315.22527278673	1942.59997558594
2317.43399834666	1937.09997558594
2319.64209180791	1927.69995117188
2321.84955346713	1939.69995117188
2324.05638362079	1921.5
2326.26258256524	1926.19995117188
2328.46815059664	1906.90002441406
2330.67308801098	1925.5
2332.87739510415	1902.80004882813
2335.08107217184	1898.80004882813
2337.2841195096	1912
2339.48653741281	1924.19995117188
2341.68832617672	1907.5
2343.8894860964	1923.40002441406
2346.09001746678	1916.19995117188
2348.28992058261	1900.5
2350.48919573852	1909.59997558594
2352.68784322898	1909
2354.88586334826	1904
2357.08325639055	1906.59997558594
2359.2800226498	1912.5
2361.47616241988	1901.40002441406
2363.67167599445	1905.19995117188
2365.86656366706	1877.30004882813
2368.06082573107	1861.09997558594
2370.2544624797	1885.5
2372.44747420603	1897.80004882813
2374.63986120295	1892.69995117188
2376.83162376322	1881.19995117188
2379.02276217945	1887.80004882813
2381.21327674408	1863.90002441406
2383.4031677494	1876.30004882813
2385.59243548756	1856.80004882813
2387.78108025053	1864.80004882813
2389.96910233014	1890.59997558594
2392.15650201809	1875.90002441406
2394.34327960587	1877.09997558594
2396.52943538486	1879.59997558594
2398.71496964628	1872.09997558594
2400.89988268118	1874.30004882813
2403.08417478048	1856.19995117188
2405.26784623491	1862
2407.45089733509	1871
2409.63332837146	1878.30004882813
2411.81513963429	1868.80004882813
2413.99633141375	1879
2416.1769039998	1861.5
2418.35685768227	1881.69995117188
2420.53619275084	1879.19995117188
2422.71490949505	1864.59997558594
2424.89300820425	1865.30004882813
2427.07048916765	1846.19995117188
2429.24735267433	1847.40002441406
2431.42359901319	1869.5
2433.59922847297	1862.30004882813
2435.7742413423	1862.90002441406
2437.94863790961	1859.90002441406
2440.12241846321	1871.59997558594
2442.29558329121	1857.40002441406
2444.46813268162	1864.69995117188
2446.64006692228	1863
2448.81138630086	1848.5
2450.98209110489	1893.09997558594
2453.15218162174	1882
2455.32165813864	1850.5
2457.49052094265	1857.59997558594
2459.65877032069	1874.69995117188
2461.8264065595	1885.30004882813
2463.99342994572	1875.40002441406
2466.15984076579	1884.80004882813
2468.325639306	1864.09997558594
2470.49082585251	1880.69995117188
2472.65540069131	1884.90002441406
2474.81936410824	1876.80004882813
2476.98271638899	1889.90002441406
2479.14545781909	1891.80004882813
2481.30758868392	1874.5
2483.4691092687	1896.30004882813
2485.63001985852	1882.5
2487.79032073829	1878.30004882813
2489.95001219277	1866.19995117188
2492.10909450659	1879.5
2494.26756796419	1891.59997558594
2496.42543284989	1868.40002441406
2498.58268944783	1870
2500.73933804202	1877.09997558594
2502.8953789163	1875.59997558594
2505.05081235436	1889
2507.20563863974	1871.69995117188
2509.35985805582	1879.59997558594
2511.51347088583	1881.69995117188
2513.66647741285	1888.40002441406
2515.81887791981	1892.19995117188
2517.97067268946	1889.40002441406
2520.12186200443	1894.09997558594
2522.27244614716	1873.80004882813
2524.42242539999	1877.19995117188
2526.57180004504	1878.5
2528.72057036433	1887.90002441406
2530.8687366397	1886.30004882813
2533.01629915284	1862
2535.16325818527	1862.5
2537.30961401839	1851.30004882813
2539.45536693343	1853.40002441406
2541.60051721145	1854.59997558594
2543.74506513338	1854.19995117188
2545.88901097997	1851.09997558594
2548.03235503185	1842
2550.17509756946	1834.19995117188
2552.31723887311	1824.5
2554.45877922293	1835.59997558594
2556.59971889893	1827.69995117188
2558.74005818094	1824.80004882813
2560.87979734864	1813.19995117188
2563.01893668155	1846.80004882813
2565.15747645906	1815.40002441406
2567.29541696037	1838.09997558594
2569.43275846454	1844
2571.56950125049	1812.30004882813
2573.70564559696	1827.30004882813
2575.84119178254	1827.80004882813
2577.97614008569	1821.59997558594
2580.11049078468	1815
2582.24424415764	1831.40002441406
2584.37740048255	1825
2586.50996003722	1815.40002441406
2588.64192309931	1824.5
2590.77328994634	1841.59997558594
2592.90406085564	1827.80004882813
2595.03423610442	1816.69995117188
2597.16381596971	1825.80004882813
2599.29280072839	1822.59997558594
2601.42119065719	1822.80004882813
2603.54898603267	1838.69995117188
2605.67618713125	1832.90002441406
2607.80279422919	1839.5
2609.92880760257	1831.30004882813
2612.05422752735	1831.40002441406
2614.17905427932	1835.80004882813
2616.30328813408	1825.59997558594
2618.42692936713	1849.19995117188
2620.54997825377	1840.40002441406
2622.67243506915	1836.90002441406
2624.79430008828	1840.19995117188
2626.915573586	1847.30004882813
2629.03625583699	1846.59997558594
2631.15634711579	1839.80004882813
2633.27584769675	1877.5
2635.39475785408	1862.30004882813
2637.51307786185	1856
2639.63080799394	1867.5
2641.74794852409	1842.69995117188
2643.86449972589	1869.59997558594
2645.98046187273	1883.40002441406
2648.0958352379	1893.90002441406
2650.21062009449	1879.19995117188
2652.32481671544	1927.09997558594
2654.43842537353	1916
2656.5514463414	1917.80004882813
2658.66387989151	1912.5
2660.77572629616	1936.19995117188
2662.88698582751	1946.19995117188
2664.99765875753	1982.40002441406
2667.10774535806	1963
2669.21724590076	1957.59997558594
2671.32616065714	1945.80004882813
2673.43448989857	1943.09997558594
2675.5422338962	1948.59997558594
2677.64939292108	1938.59997558594
2679.75596724408	1920.40002441406
2681.86195713589	1897.69995117188
2683.96736286707	1885.69995117188
2686.07218470799	1888.30004882813
2688.17642292889	1861.19995117188
2690.28007779982	1865.80004882813
2692.38314959069	1853.5
2694.48563857123	1843.90002441406
2696.58754501103	1842.5
2698.6888691795	1856.59997558594
2700.78961134588	1827.09997558594
2702.8897717793	1828.30004882813
2704.98935074864	1844.69995117188
2707.08834852271	1845.90002441406
2709.18676537009	1823.59997558594
2711.28460155925	1837
2713.38185735843	1839.5
2715.47853303577	1825.30004882813
2717.57462885924	1843.09997558594
2719.67014509659	1825.5
2721.76508201548	1825.40002441406
2723.85943988337	1815.30004882813
2725.95321896754	1828.09997558594
2728.04641953515	1807.69995117188
2730.13904185316	1810.40002441406
2732.23108618837	1814.40002441406
2734.32255280744	1818.40002441406
2736.41344197683	1811.30004882813
2738.50375396288	1790.5
2740.5934890317	1799.30004882813
2742.68264744932	1804.09997558594
2744.77122948153	1805.90002441406
2746.85923539398	1805.59997558594
2748.94666545217	1799.40002441406
2751.03351992142	1795.59997558594
2753.11979906688	1782.59997558594
2755.20550315355	1793.90002441406
2757.29063244624	1791.59997558594
2759.37518720963	1777
2761.45916770819	1771.40002441406
2763.54257420625	1786.80004882813
2765.62540696797	1801.5
2767.70766625733	1793.59997558594
2769.78935233816	1780.5
2771.87046547413	1775.09997558594
2773.95100592869	1770.80004882813
2776.03097396519	1787.19995117188
2778.11036984677	1800
2780.18919383641	1793.90002441406
2782.26744619693	1785.90002441406
2784.34512719097	1782
2786.42223708102	1793.40002441406
2788.49877612937	1790.80004882813
2790.57474459816	1776.59997558594
2792.65014274937	1793.80004882813
2794.7249708448	1773
2796.79922914607	1789.5
2798.87291791465	1788.80004882813
2800.94603741181	1808.19995117188
2803.01858789869	1780.69995117188
2805.09056963623	1776.5
2807.1619828852	1779.09997558594
2809.23282790621	1790.19995117188
2811.30310495971	1786.90002441406
2813.37281430593	1790.40002441406
2815.441956205	1777
2817.51053091682	1778.30004882813
2819.57853870114	1776.90002441406
2821.64597981753	1790.30004882813
2823.7128545254	1812.5
2825.77916308399	1805.40002441406
2827.84490575233	1795.19995117188
2829.91008278933	1790.80004882813
2831.97469445369	1825.19995117188
2834.03874100395	1823.5
2836.10222269847	1821.69995117188
2838.16513979544	1838.40002441406
2840.22749255288	1849.09997558594
2842.28928122863	1864.69995117188
2844.35050608034	1918.19995117188
2846.41116736553	1938.90002441406
2848.47126534149	1979.19995117188
2850.53080026537	2013.09997558594
2852.58977239414	2030.90002441406
2854.64818198459	2008
2856.70602929332	1992.69995117188
2858.76331457678	1996.90002441406
2860.82003809123	1991.80004882813
2862.87620009274	1998.40002441406
2864.93180083723	1989.09997558594
2866.98684058043	1971.09997558594
2869.04131957789	1985.59997558594
2871.09523808497	2012.5
2873.14859635689	2021.59997558594
2875.20139464866	1980.09997558594
2877.2536332151	2007.80004882813
2879.30531231091	2011
2881.35643219054	2020.30004882813
2883.40699310831	2002.59997558594
2885.45699531834	2029.59997558594
2887.50643907457	2025.90002441406
2889.55532463077	2025.59997558594
2891.60365224053	2044.09997558594
2893.65142215724	2049.60009765625
2895.69863463414	2048
2897.74528992426	2041.59997558594
2899.79138828046	2046
2901.83692995544	2059.89990234375
2903.88191520168	2044.19995117188
2905.92634427151	2059.19995117188
2907.97021741706	2032.09997558594
2910.01353489027	2055.39990234375
2912.05629694294	2046.09997558594
2914.09850382663	2034.40002441406
2916.14015579276	2048.39990234375
2918.18125309254	2040.69995117188
2920.22179597702	2033.59997558594
2922.26178469705	2046.09997558594
2924.30121950329	2061.19995117188
2926.34010064624	2055.5
2928.37842837619	2063.60009765625
2930.41620294326	2086.19995117188
2932.45342459737	2054.30004882813
2934.49009358828	2079.60009765625
2936.52621016555	2069.60009765625
2938.56177457854	2037.90002441406
2940.59678707645	2039.40002441406
2942.63124790827	2009.09997558594
2944.66515732282	1973.59997558594
2946.69851556873	1981
2948.73132289443	1942.90002441406
2950.76357954817	1924.30004882813
2952.79528577803	1914.40002441406
2954.82644183188	1927.80004882813
2956.85704795741	1906.19995117188
2958.8871044021	1912.5
2960.91661141328	1920.90002441406
2962.94556923807	1924.30004882813
2964.97397812339	1913
2967.00183831598	1890.5
2969.0291500624	1886.5
2971.05591360902	1863.40002441406
2973.08212920199	1843
2975.1077970873	1849.80004882813
2977.13291751074	1851.80004882813
2979.1574907179	1842.09997558594
2981.18151695419	1837.5
2983.20499646482	1829.40002441406
2985.2279294948	1814.09997558594
2987.25031628898	1817.69995117188
2989.27215709199	1801.59997558594
2991.29345214825	1800.90002441406
2993.31420170204	1794.30004882813
2995.33440599738	1808.59997558594
2997.35406527816	1802.69995117188
2999.37317978802	1829.5
3001.39174977045	1807.59997558594
3003.40977546872	1807.59997558594
3005.42725712591	1809.90002441406
3007.44419498491	1841
3009.4605892884	1829.09997558594
3011.47644027889	1845.19995117188
3013.49174819865	1836.09997558594
3015.5065132898	1856.09997558594
3017.52073579424	1850.69995117188
3019.53441595366	1823.59997558594
3021.54755400959	1815.90002441406
3023.56015020332	1816.80004882813
3025.57220477598	1803.59997558594
3027.58371796846	1820.59997558594
3029.5946900215	1807.09997558594
3031.6051211756	1783.40002441406
3033.61501167107	1793.5
3035.62436174803	1796.69995117188
3037.6331716464	1769.09997558594
3039.64144160588	1766.40002441406
3041.649171866	1758.69995117188
3043.65636266607	1758.5
3045.6630142452	1766.40002441406
3047.66912684229	1750.69995117188
3049.67470069605	1729.09997558594
3051.679736045	1726.80004882813
3053.68423312742	1753.90002441406
3055.68819218143	1727.80004882813
3057.6916134449	1730
3059.69449715556	1717.59997558594
3061.69684355086	1760.30004882813
3063.6986528681	1741.69995117188
3065.69992534437	1713.5
3067.70066121653	1716
3069.70086072126	1719.09997558594
3071.700524095	1712.30004882813
3073.69965157405	1719.90002441406
3075.69824339442	1720
3077.69629979197	1732.69995117188
3079.69382100235	1715.90002441406
3081.69080726098	1731.5
3083.68725880307	1694.5
3085.68317586366	1700.5
3087.67855867755	1698.09997558594
3089.67340747933	1689.30004882813
3091.6677225034	1690.69995117188
3093.66150398392	1684.90002441406
3095.6547521549	1709.40002441406
3097.64746725006	1705.59997558594
3099.63964950297	1686.5
3101.63129914698	1700
3103.6224164152	1687.90002441406
3105.61300154056	1693.80004882813
3107.60305475576	1707
3109.59257629331	1711.09997558594
3111.58156638547	1691
3113.57002526432	1698.90002441406
3115.55795316172	1702.30004882813
3117.54535030932	1711.40002441406
3119.53221693853	1699.80004882813
3121.51855328057	1720.80004882813
3123.50435956646	1710.30004882813
3125.48963602698	1687.09997558594
3127.4743828927	1702.59997558594
3129.45860039397	1709.19995117188
3131.44228876093	1691.59997558594
3133.42544822353	1698.5
3135.40807901145	1714.80004882813
3137.39018135418	1695.5
3139.37175548102	1699.40002441406
3141.35280162101	1692.30004882813
3143.33332000299	1677.59997558594
3145.31331085559	1699.69995117188
3147.2927744072	1675.19995117188
3149.27171088602	1663.69995117188
3151.25012052	1690.40002441406
3153.22800353689	1699.80004882813
3155.20536016422	1696
3157.18219062929	1702.09997558594
3159.15849515918	1683.09997558594
3161.13427398075	1676
3163.10952732066	1670.90002441406
3165.08425540532	1683.80004882813
3167.05845846092	1686.59997558594
3169.03213671344	1676.69995117188
3171.00529038863	1690.5
3172.97791971203	1690.90002441406
3174.95002490893	1680.30004882813
3176.92160620443	1689
3178.89266382337	1667.40002441406
3180.8631979904	1671.19995117188
3182.83320892991	1671.40002441406
3184.80269686609	1674.19995117188
3186.77166202289	1668.90002441406
3188.74010462406	1672.09997558594
3190.70802489307	1659.09997558594
3192.67542305323	1672.19995117188
3194.64229932757	1669.30004882813
3196.60865393892	1677.80004882813
3198.57448710987	1666.30004882813
3200.53979906279	1673.30004882813
3202.50459001981	1675.90002441406
3204.46886020284	1679.69995117188
3206.43260983356	1673.09997558594
3208.39583913341	1680.40002441406
3210.35854832362	1664.90002441406
3212.32073762517	1670.59997558594
3214.28240725881	1663.90002441406
3216.24355744508	1680.30004882813
3218.20418840426	1671.09997558594
3220.16430035642	1669.09997558594
3222.12389352137	1657
3224.08296811873	1666.5
3226.04152436784	1669.40002441406
3227.99956248784	1673.5
3229.95708269762	1687.09997558594
3231.91408521584	1654.40002441406
3233.87057026092	1664.19995117188
3235.82653805105	1689
3237.78198880419	1682.80004882813
3239.73692273806	1673.59997558594
3241.69134007013	1668.40002441406
3243.64524101764	1671.5
3245.59862579761	1690.69995117188
3247.55149462681	1688
3249.50384772176	1665.59997558594
3251.45568529877	1684.40002441406
3253.40700757387	1669.59997558594
3255.35781476288	1683.59997558594
3257.3081070814	1697.90002441406
3259.25788474473	1683.30004882813
3261.20714796799	1674.59997558594
3263.15589696602	1679.09997558594
3265.10413195345	1686.5
3267.05185314463	1683.59997558594
3268.9990607537	1673.40002441406
3270.94575499455	1675.80004882813
3272.89193608081	1689.59997558594
3274.8376042259	1675.69995117188
3276.78275964296	1665.09997558594
3278.72740254492	1688.40002441406
3280.67153314443	1676.19995117188
3282.61515165393	1676.80004882813
3284.55825828559	1678.19995117188
3286.50085325135	1691.59997558594
3288.44293676289	1667.19995117188
3290.38450903165	1678.5
3292.32557026883	1679.5
3294.26612068537	1682.19995117188
3296.20616049198	1680.69995117188
3298.14568989911	1673.69995117188
3300.08470911695	1674.19995117188
3302.02321835546	1648.90002441406
3303.96121782435	1665.80004882813
3305.89870773306	1655.80004882813
3307.83568829081	1655.5
3309.77215970655	1670.5
3311.70812218898	1663.30004882813
3313.64357594655	1657.69995117188
3315.57852118747	1652.90002441406
3317.51295811968	1639.90002441406
3319.44688695087	1668
3321.38030788849	1659.80004882813
3323.31322113973	1645.19995117188
3325.24562691152	1649.90002441406
3327.17752541055	1680.30004882813
3329.10891684322	1664.69995117188
3331.03980141573	1646.30004882813
3332.97017933399	1651
3334.90005080364	1653.69995117188
3336.82941603011	1658.69995117188
3338.75827521852	1642.80004882813
3340.68662857377	1646.80004882813
3342.6144763005	1643.09997558594
3344.54181860308	1639.30004882813
3346.46865568561	1646.40002441406
3348.39498775195	1664.5
3350.32081500571	1668
3352.24613765022	1647.40002441406
3354.17095588855	1663.40002441406
3356.09526992352	1662.90002441406
3358.01907995769	1650.19995117188
3359.94238619334	1650.59997558594
3361.86518883251	1635.90002441406
3363.78748807697	1651.69995117188
3365.70928412823	1651.09997558594
3367.63057718752	1651
3369.55136745582	1657.59997558594
3371.47165513386	1650
3373.39144042208	1641.90002441406
3375.31072352066	1646.69995117188
3377.22950462953	1653.69995117188
3379.14778394834	1648.90002441406
3381.06556167648	1639.69995117188
3382.98283801308	1656.40002441406
3384.89961315697	1649
3386.81588730676	1654.30004882813
3388.73166066076	1648.19995117188
3390.64693341702	1651.80004882813
3392.56170577332	1634.40002441406
3394.47597792716	1648.30004882813
3396.38975007581	1647.19995117188
3398.30302241623	1628.5
3400.21579514512	1630.69995117188
3402.1280684589	1640.40002441406
3404.03984255374	1638.59997558594
3405.95111762553	1637.5
3407.86189386987	1635.90002441406
3409.77217148212	1630.59997558594
3411.68195065733	1636.19995117188
3413.5912315903	1640
3415.50001447556	1630.5
3417.40829950735	1630.5
3419.31608687963	1639.80004882813
3421.22337678611	1624.19995117188
3423.1301694202	1626.19995117188
3425.03646497504	1641.40002441406
3426.9422636435	1618.5
3428.84756561816	1613.69995117188
3430.75237109135	1633.30004882813
3432.65668025508	1639.5
3434.56049330112	1617.69995117188
3436.46381042093	1631.59997558594
3438.36663180571	1637.09997558594
3440.26895764638	1625.19995117188
3442.17078813357	1625.19995117188
3444.07212345762	1620.40002441406
3445.97296380863	1633
3447.87330937636	1621.69995117188
3449.77316035033	1631.19995117188
3451.67251691977	1633.09997558594
3453.57137927361	1624.30004882813
3455.46974760052	1633.30004882813
3457.36762208886	1619.5
3459.26500292671	1642.59997558594
3461.16189030191	1627.90002441406
3463.05828440194	1625.59997558594
3464.95418541406	1633.09997558594
3466.84959352519	1627.09997558594
3468.74450892201	1613.5
3470.63893179088	1618.69995117188
3472.53286231788	1619.30004882813
3474.42630068881	1641.90002441406
3476.31924708918	1632.59997558594
3478.2117017042	1609.59997558594
3480.1036647188	1615.40002441406
3481.99513631761	1620.40002441406
3483.88611668498	1614.90002441406
3485.77660600498	1613.5
3487.66660446135	1617.90002441406
3489.55611223758	1623.69995117188
3491.44512951683	1610.59997558594
3493.333656482	1623.40002441406
3495.22169331568	1612.40002441406
3497.10924020016	1611
3498.99629731746	1599.09997558594
3500.88286484927	1608.19995117188
3502.76894297702	1612.69995117188
3504.65453188182	1617.19995117188
3506.53963174449	1596.30004882813
3508.42424274555	1602.5
3510.30836506524	1597.80004882813
3512.19199888349	1603.30004882813
3514.07514437992	1593.30004882813
3515.95780173387	1600.90002441406
3517.83997112437	1592.19995117188
3519.72165273016	1607.69995117188
3521.60284672967	1619.80004882813
3523.48355330104	1604.80004882813
3525.36377262208	1608.80004882813
3527.24350487035	1589.90002441406
3529.12275022306	1587
3531.00150885715	1592.30004882813
3532.87978094923	1586.80004882813
3534.75756667562	1569.30004882813
3536.63486621235	1598
3538.51167973512	1579.69995117188
3540.38800741934	1576.80004882813
3542.26384944011	1569.19995117188
3544.13920597223	1575.19995117188
3546.01407719018	1599.69995117188
3547.88846326815	1573.5
3549.76236438002	1569.09997558594
3551.63578069934	1564.09997558594
3553.50871239938	1581.40002441406
3555.38115965309	1576.40002441406
3557.25312263311	1576.5
3559.12460151177	1566.69995117188
3560.99559646109	1580.19995117188
3562.86610765279	1573.40002441406
3564.73613525825	1582.59997558594
3566.60567944857	1564.80004882813
3568.47474039453	1559.19995117188
3570.34331826658	1558.40002441406
3572.21141323487	1565.40002441406
3574.07902546925	1587.59997558594
3575.94615513922	1566.5
3577.81280241401	1580.09997558594
3579.67896746249	1579.5
3581.54465045325	1583.30004882813
3583.40985155455	1579.59997558594
3585.27457093432	1573.90002441406
3587.1388087602	1563.09997558594
3589.00256519949	1567.19995117188
3590.86584041919	1564.69995117188
3592.72863458597	1561.69995117188
3594.59094786618	1559.69995117188
3596.45278042585	1563.90002441406
3598.31413243069	1579.5
3600.17500404611	1584.30004882813
3602.03539543717	1570.09997558594
3603.89530676861	1575.40002441406
3605.75473820488	1559
3607.61368991007	1552.80004882813
3609.47216204797	1569.69995117188
3611.33015478203	1565.80004882813
3613.18766827539	1562.69995117188
3615.04470269087	1560.19995117188
3616.90125819094	1562.5
3618.75733493776	1544.69995117188
3620.61293309318	1571.40002441406
3622.46805281869	1557.40002441406
3624.32269427547	1549.5
3626.17685762439	1562.90002441406
3628.03054302596	1572.40002441406
3629.88375064038	1557.5
3631.73648062751	1547.59997558594
3633.5887331469	1546.19995117188
3635.44050835775	1560.09997558594
3637.29180641893	1571.30004882813
3639.14262748899	1559.19995117188
3640.99297172614	1547.40002441406
3642.84283928828	1551.09997558594
3644.69223033294	1562.30004882813
3646.54114501734	1549.09997558594
3648.38958349836	1540
3650.23754593256	1554.80004882813
3652.08503247614	1551.19995117188
3653.93204328497	1543
3655.77857851462	1544.59997558594
3657.62463832028	1531.09997558594
3659.47022285682	1542
3661.31533227877	1560.69995117188
3663.15996674033	1552.69995117188
3665.00412639535	1536.40002441406
3666.84781139736	1554.19995117188
3668.69102189953	1544
3670.5337580547	1531.09997558594
3672.37602001537	1538.09997558594
3674.21780793368	1532.19995117188
3676.05912196148	1551.40002441406
3677.89996225021	1540.30004882813
3679.74032895103	1548.09997558594
3681.58022221471	1531.40002441406
3683.41964219171	1537.80004882813
3685.25858903211	1515.19995117188
3687.0970628857	1526
3688.93506390186	1536.40002441406
3690.77259222968	1524.5
3692.60964801787	1525.19995117188
3694.44623141481	1531.30004882813
3696.28234256853	1531.40002441406
3698.11798162669	1526.90002441406
3699.95314873665	1522.09997558594
3701.78784404537	1528.40002441406
3703.62206769951	1517.69995117188
3705.45581984533	1532.90002441406
3707.28910062877	1515.80004882813
3709.12191019542	1524.59997558594
3710.95424869052	1527.5
3712.78611625894	1522.5
3714.6175130452	1538.40002441406
3716.44843919349	1523.90002441406
3718.27889484764	1525.30004882813
3720.1088801511	1517.59997558594
3721.93839524699	1530.09997558594
3723.76744027808	1526
3725.59601538677	1517.19995117188
3727.4241207151	1514.90002441406
