40.2973356941271	1137
43.2236257608418	1143.5
46.1488808466109	1150.40002441406
49.0731017336173	1157.19995117188
51.9962892025666	1168.09997558594
54.9184440327569	1181.69995117188
57.8395670020446	1190.90002441406
60.7596588868509	1206.80004882813
63.6787204621708	1224.5
66.5967525015794	1250.40002441406
69.5137557772381	1279.5
72.4297310598838	1323.19995117188
75.3446791188512	1374.09997558594
78.2586007220466	1442.5
81.1714966360015	1528
84.0833676258266	1657.80004882813
86.994214455242	1789.09997558594
89.9040378865662	1949.90002441406
92.8128386807427	2091
95.7206175973133	2212.5
98.6273753944444	2342.69995117188
101.533112828928	2391.89990234375
104.437830656161	2445.89990234375
107.34152963018	2438.39990234375
110.244210503676	2430.60009765625
113.145874027931	2423.5
116.046520952895	2424
118.946152027154	2425.39990234375
121.844767997933	2407.19995117188
124.74236961111	2409.89990234375
127.638957611212	2412.80004882813
130.534532741422	2438.69995117188
133.429095743606	2465
136.322647358252	2434.80004882813
139.215188324544	2470.5
142.106719380311	2459
144.997241262089	2500
147.886754705057	2502.19995117188
150.775260443096	2507.69995117188
153.662759208748	2511.39990234375
156.549251733282	2482.89990234375
159.434738746612	2530.69995117188
162.319220977376	2485.69995117188
165.20269915289	2538.69995117188
168.085173999178	2498.19995117188
170.966646240977	2518.60009765625
173.847116601709	2511.89990234375
176.726585803528	2494.30004882813
179.605054567295	2523.19995117188
182.48252361259	2496.10009765625
185.358993657701	2515.5
188.234465419645	2475.10009765625
191.108939614183	2503.89990234375
193.982416955795	2495.60009765625
196.854898157687	2469.5
199.726383931801	2473.60009765625
202.596874988835	2489.89990234375
205.466372038225	2519.30004882813
208.334875788145	2471.69995117188
211.202386945534	2541.60009765625
214.068906216069	2500.5
216.934434304194	2520.60009765625
219.798971913111	2501.69995117188
222.662519744776	2532.30004882813
225.525078499925	2537.5
228.386648878069	2554.30004882813
231.247231577465	2516.5
234.106827295172	2528.10009765625
236.965436727012	2546.89990234375
239.823060567597	2522.5
242.679699510337	2525.19995117188
245.535354247396	2492
248.390025469775	2509.39990234375
251.243713867223	2496.10009765625
254.096420128327	2493.89990234375
256.948144940459	2493.39990234375
259.798888989788	2524.69995117188
262.648652961315	2523.60009765625
265.49743753883	2562
268.345243404939	2514.5
271.192071241073	2547
274.037921727485	2516.19995117188
276.882795543246	2542.60009765625
279.72669336624	2537.5
282.569615873213	2552.60009765625
285.411563739724	2538
288.252537640165	2558.10009765625
291.092538247763	2563.30004882813
293.931566234616	2558.80004882813
296.769622271633	2548.60009765625
299.606707028594	2589.30004882813
302.442821174104	2573
305.277965375652	2578.39990234375
308.112140299574	2597.19995117188
310.945346611062	2588.10009765625
313.777584974167	2613.10009765625
316.608856051813	2603.30004882813
319.439160505797	2607
322.268498996783	2607.80004882813
325.096872184303	2627.30004882813
327.924280726782	2603.80004882813
330.750725281521	2602.89990234375
333.576206504693	2582.60009765625
336.400725051388	2614.5
339.224281575542	2576.5
342.046876730026	2590
344.868511166586	2567.60009765625
347.689185535872	2596.19995117188
350.508900487421	2564
353.327656669699	2584.69995117188
356.145454730079	2572.89990234375
358.962295314817	2581.5
361.778179069105	2563.89990234375
364.593106637051	2601.5
367.407078661675	2578.69995117188
370.220095784913	2618.19995117188
373.032158647655	2572.30004882813
375.843267889676	2602
378.653424149715	2615.5
381.462628065436	2614.89990234375
384.270880273432	2623.30004882813
387.078181409254	2632.5
389.884532107358	2631.60009765625
392.689933001188	2652.19995117188
395.494384723112	2645.10009765625
398.29788790445	2636.39990234375
401.100443175488	2687.10009765625
403.902051165437	2645.89990234375
406.702712502518	2672
409.502427813866	2688
412.301197725607	2686.10009765625
415.099022862823	2648.30004882813
417.89590384957	2656.5
420.691841308876	2683.60009765625
423.486835862752	2650
426.280888132173	2635.19995117188
429.073998737112	2674.19995117188
431.866168296507	2654.60009765625
434.657397428298	2641.60009765625
437.447686749412	2666.80004882813
440.237036875762	2697.10009765625
443.025448422257	2675
445.812922002813	2643.39990234375
448.599458230326	2674
451.38505771672	2656.39990234375
454.169721072909	2676.69995117188
456.953448908819	2654.60009765625
459.736241833384	2653.39990234375
462.518100454555	2675.10009765625
465.2990253793	2705.5
468.079017213605	2678.10009765625
470.858076562476	2674.60009765625
473.636204029939	2719
476.41340021906	2700.10009765625
479.189665731938	2657.69995117188
481.965001169667	2666.39990234375
484.739407132419	2665.39990234375
487.512884219391	2704.10009765625
490.285433028796	2697.5
493.057054157921	2689.39990234375
495.827748203087	2690.60009765625
498.597515759658	2688.80004882813
501.366357422061	2671.89990234375
504.134273783759	2715.80004882813
506.901265437278	2686.19995117188
509.66733297421	2685
512.432476985198	2672.69995117188
515.196698059945	2711.30004882813
517.959996787225	2695
520.722373754895	2700.80004882813
523.483829549856	2710.5
526.24436475811	2728.60009765625
529.003979964696	2688.80004882813
531.762675753779	2681.69995117188
534.520452708569	2706.30004882813
537.277311411375	2714.39990234375
540.03325244359	2683.39990234375
542.788276385682	2683.30004882813
545.54238381725	2686.80004882813
548.295575316938	2700.80004882813
551.047851462516	2715.69995117188
553.799212830831	2677
556.549659997851	2674.80004882813
559.299193538643	2674
562.047814027381	2670.5
564.795522037318	2691.69995117188
567.542318140861	2706
570.288202909507	2707.19995117188
573.033176913873	2684.39990234375
575.7772407237	2676.60009765625
578.520394907829	2684.69995117188
581.26264003424	2671.5
584.003976670046	2686
586.744405381469	2699.69995117188
589.483926733869	2705
592.222541291746	2716.89990234375
594.96024961872	2712.60009765625
597.697052277563	2714.5
600.432949830166	2717.30004882813
603.167942837587	2748.5
605.902031860012	2717.30004882813
608.635217456783	2728.30004882813
611.367500186378	2733.5
614.098880606429	2712.19995117188
616.82935927374	2746.60009765625
619.558936744248	2739.80004882813
622.287613573072	2748.80004882813
625.015390314457	2725.10009765625
627.742267521848	2722.10009765625
630.468245747829	2754.60009765625
633.193325544166	2731.89990234375
635.917507461792	2719.19995117188
638.640792050804	2729.89990234375
641.36317986048	2738.69995117188
644.084671439281	2742.89990234375
646.805267334845	2689.19995117188
649.524968093967	2724.80004882813
652.24377426266	2723.60009765625
654.961686386106	2717
657.678705008678	2733.30004882813
660.394830673939	2711.30004882813
663.110063924628	2755.5
665.824405302728	2742.30004882813
668.537855349351	2747.30004882813
671.250414604863	2717.5
673.962083608812	2759.60009765625
676.672862899949	2740.60009765625
679.382753016218	2764.89990234375
682.091754494801	2749.69995117188
684.799867872061	2752.19995117188
687.507093683595	2755.19995117188
690.213432464198	2767.5
692.918884747899	2738.60009765625
695.623451067937	2752.19995117188
698.327131956755	2773
701.029927946065	2791.10009765625
703.731839566754	2777.30004882813
706.43286734896	2776
709.133011822067	2791.89990234375
711.832273514658	2785.5
714.53065295457	2775.30004882813
717.228150668879	2739.60009765625
719.924767183889	2766.60009765625
722.620503025148	2776.80004882813
725.315358717446	2767.10009765625
728.009334784827	2774.19995117188
730.702431750559	2778.60009765625
733.394650137188	2757
736.085990466498	2755.89990234375
738.776453259519	2738.89990234375
741.466039036542	2761.19995117188
744.154748317125	2783.30004882813
746.842581620074	2768.5
749.529539463458	2741
752.215622364608	2768.80004882813
754.900830840131	2744.60009765625
757.585165405892	2790.10009765625
760.26862657703	2772.89990234375
762.951214867957	2766.60009765625
765.632930792356	2786.89990234375
768.313774863181	2801.39990234375
770.993747592673	2789.30004882813
773.672849492359	2751.80004882813
776.351081073017	2767.39990234375
779.028442844757	2789.69995117188
781.704935316928	2801.89990234375
784.380558998208	2790.30004882813
787.055314396528	2781
789.729202019141	2776.19995117188
792.402222372581	2779.39990234375
795.074375962669	2796.30004882813
797.745663294537	2816.30004882813
800.416084872622	2786.60009765625
803.085641200652	2812.30004882813
805.754332781664	2804.39990234375
808.422160117986	2778.60009765625
811.089123711292	2768.39990234375
813.75522406252	2804.19995117188
816.420461671951	2764.10009765625
819.084837039164	2800.39990234375
821.748350663067	2821.30004882813
824.411003041866	2806.30004882813
827.072794673116	2834.69995117188
829.733726053668	2848.5
832.39379767971	2860.89990234375
835.05301004674	2823.89990234375
837.711363649601	2860.39990234375
840.368858982457	2830.39990234375
843.025496538805	2874.80004882813
845.681276811467	2869.80004882813
848.336200292618	2869.10009765625
850.99026747375	2883.5
853.643478845713	2911.19995117188
856.29583489868	2884.5
858.947336122176	2894.60009765625
861.59798300506	2913.30004882813
864.247776035556	2930.60009765625
866.896715701222	2942.19995117188
869.544802488959	2944
872.192036885046	2903.10009765625
874.838419375087	2931.10009765625
877.483950444054	2936.39990234375
880.128630576285	2909
882.772460255461	2921.5
885.415439964628	2921.69995117188
888.057570186211	2938
890.698851401966	2934.60009765625
893.339284093045	2915.60009765625
895.978868739961	2908
898.617605822596	2941.80004882813
901.255495820196	2922.80004882813
903.892539211396	2902
906.528736474184	2893.30004882813
909.164088085949	2944.80004882813
911.798594523442	2920.80004882813
914.432256262804	2870.10009765625
917.065073779549	2881.5
919.697047548589	2921.60009765625
922.328178044212	2892.89990234375
924.9584657401	2979.10009765625
927.587911109317	2972.19995117188
930.216514624317	2949.10009765625
932.844276756963	2955.5
935.471197978488	2947
938.097278759538	2946.80004882813
940.722519570163	2973.19995117188
943.346920879798	2991.30004882813
945.97048315729	3027.60009765625
948.593206870885	3074.69995117188
951.215092488219	3114.80004882813
953.836140476366	3128
956.456351301787	3175.39990234375
959.07572543037	3177.39990234375
961.694263327369	3180.39990234375
964.311965457521	3206.5
966.928832284933	3210
969.544864273135	3203
972.160061885076	3196.60009765625
974.774425583129	3142.60009765625
977.387955829099	3115.39990234375
980.000653084196	3106.30004882813
982.612517809061	3097.39990234375
985.223550463768	3125.89990234375
987.833751507819	3162.10009765625
990.443121400135	3169.30004882813
993.051660599081	3204.39990234375
995.659369562449	3267.30004882813
998.266248747469	3364.39990234375
1000.87229861081	3483.89990234375
1003.47751960857	3651.39990234375
1006.0819121963	3758.89990234375
1008.68547682897	3733.19995117188
1011.28821396104	3648.30004882813
1013.89012404635	3510.69995117188
1016.49120753824	3373.60009765625
1019.09146488947	3329.89990234375
1021.69089655226	3279.10009765625
1024.28950297827	3234.89990234375
1026.88728461863	3178.10009765625
1029.48424192392	3208.30004882813
1032.08037534416	3201.5
1034.67568532886	3118.5
1037.27017232694	3171.19995117188
1039.86383678682	3171.19995117188
1042.45667915637	3146.69995117188
1045.04869988293	3135.30004882813
1047.6398994133	3117
1050.23027819374	3137.89990234375
1052.81983666998	3117.19995117188
1055.40857528724	3127.5
1057.99649449018	3173.10009765625
1060.58359472296	3118.39990234375
1063.1698764292	3150.19995117188
1065.755340052	3119
1068.33998603393	3155.5
1070.92381481706	3139.30004882813
1073.50682684291	3151.60009765625
1076.08902255251	3128.69995117188
1078.67040238637	3147.30004882813
1081.25096678445	3181.30004882813
1083.83071618624	3161.69995117188
1086.4096510307	3097.60009765625
1088.98777175629	3150.89990234375
1091.56507880094	3174.5
1094.14157260208	3155.69995117188
1096.71725359664	3187.39990234375
1099.29212222106	3170.80004882813
1101.86617891125	3169.60009765625
1104.43942410262	3215
1107.01185823011	3203.60009765625
1109.58348172812	3186
1112.15429503057	3211
1114.7242985709	3229.39990234375
1117.29349278203	3242.80004882813
1119.86187809642	3303.80004882813
1122.42945494599	3337.80004882813
1124.99622376222	3377.69995117188
1127.56218497606	3394
1130.12733901801	3417
1132.69168631804	3514.89990234375
1135.25522730568	3558.30004882813
1137.81796240995	3622.30004882813
1140.37989205941	3712.89990234375
1142.9410166821	3795.39990234375
1145.50133670561	3982.10009765625
1148.06085255708	4252.10009765625
1150.61956466311	4658.7001953125
1153.17747344987	5177.5
1155.73457934305	5556.2001953125
1158.29088276786	5715.89990234375
1160.84638414903	5539.7001953125
1163.40108391085	5031.2998046875
1165.95498247711	4545.5
1168.50808027116	4113.5
1171.06037771587	3844.89990234375
1173.61187523364	3718
1176.16257324643	3580.30004882813
1178.71247217573	3544.69995117188
1181.26157244255	3576.89990234375
1183.80987446746	3551.80004882813
1186.35737867059	3578.19995117188
1188.90408547157	3709
1191.44999528961	3785.5
1193.99510854347	3773
1196.53942565142	3755.19995117188
1199.08294703133	3701.30004882813
1201.62567310057	3619.10009765625
1204.16760427611	3513.89990234375
1206.70874097445	3472.10009765625
1209.24908361163	3409.39990234375
1211.78863260327	3421.30004882813
1214.32738836454	3396.69995117188
1216.86535131017	3385.10009765625
1219.40252185445	3359.39990234375
1221.93890041121	3351.10009765625
1224.47448739389	3278.39990234375
1227.00928321544	3296.19995117188
1229.54328828842	3260.60009765625
1232.07650302491	3315.39990234375
1234.60892783662	3281.19995117188
1237.14056313477	3291.89990234375
1239.67140933017	3318.69995117188
1242.2014668332	3307.80004882813
1244.73073605384	3292.80004882813
1247.25921740159	3345.19995117188
1249.78691128558	3362.30004882813
1252.31381811448	3353.69995117188
1254.83993829655	3394.5
1257.36527223962	3410.89990234375
1259.88982035112	3446.69995117188
1262.41358303803	3476.19995117188
1264.93656070696	3477.39990234375
1267.45875376405	3512.39990234375
1269.98016261505	3581.10009765625
1272.50078766531	3594.39990234375
1275.02062931974	3644.19995117188
1277.53968798285	3650
1280.05796405875	3611.19995117188
1282.57545795112	3525.69995117188
1285.09217006325	3526.30004882813
1287.60810079802	3490.19995117188
1290.12325055788	3469
1292.63761974492	3490.60009765625
1295.15120876079	3455.69995117188
1297.66401800676	3448.80004882813
1300.17604788367	3464.39990234375
1302.687298792	3435.69995117188
1305.19777113181	3487.10009765625
1307.70746530274	3463.69995117188
1310.21638170408	3480.89990234375
1312.7245207347	3465.10009765625
1315.23188279307	3472.80004882813
1317.73846827728	3430.5
1320.24427758502	3421.60009765625
1322.74931111359	3422.80004882813
1325.25356925991	3414.5
1327.75705242051	3366.80004882813
1330.25976099151	3381.80004882813
1332.76169536868	3378.89990234375
1335.26285594737	3407.10009765625
1337.76324312256	3380.60009765625
1340.26285728887	3355.10009765625
1342.76169884052	3372.19995117188
1345.25976817132	3380.80004882813
1347.75706567474	3361.69995117188
1350.25359174387	3402.60009765625
1352.74934677141	3395.5
1355.24433114968	3403.30004882813
1357.73854527062	3373.80004882813
1360.23198952583	3388.19995117188
1362.7246643065	3375
1365.21657000347	3383.5
1367.7077070072	3350.69995117188
1370.19807570777	3388.89990234375
1372.68767649492	3378.19995117188
1375.176509758	3371.5
1377.66457588599	3381.5
1380.15187526753	3460.69995117188
1382.63840829087	3427.60009765625
1385.1241753439	3427.19995117188
1387.60917681417	3436
1390.09341308884	3458.80004882813
1392.57688455474	3467.80004882813
1395.05959159829	3444
1397.54153460562	3477.39990234375
1400.02271396243	3453.89990234375
1402.50313005414	3467.39990234375
1404.98278326576	3459.89990234375
1407.46167398196	3482.5
1409.93980258707	3464.30004882813
1412.41716946504	3468.30004882813
1414.89377499951	3465.39990234375
1417.36961957373	3463.5
1419.84470357062	3490.30004882813
1422.31902737275	3464.60009765625
1424.79259136235	3531.19995117188
1427.26539592129	3540
1429.73744143111	3551.60009765625
1432.20872827299	3552.69995117188
1434.67925682777	3586.30004882813
1437.14902747597	3628.89990234375
1439.61804059773	3671.89990234375
1442.0862965729	3690.30004882813
1444.55379578093	3735.5
1447.02053860099	3743
1449.48652541188	3720.30004882813
1451.95175659206	3715.69995117188
1454.41623251969	3674.89990234375
1456.87995357255	3719
1459.34292012811	3692.60009765625
1461.80513256351	3669.10009765625
1464.26659125557	3644.69995117188
1466.72729658073	3631.5
1469.18724891517	3659.69995117188
1471.64644863469	3680.89990234375
1474.10489611478	3647.5
1476.5625917306	3687.69995117188
1479.01953585699	3693.30004882813
1481.47572886844	3703.69995117188
1483.93117113917	3752.5
1486.38586304302	3783.69995117188
1488.83980495354	3780.39990234375
1491.29299724395	3867.10009765625
1493.74544028715	3946.89990234375
1496.19713445573	4017
1498.64808012193	4119
1501.09827765772	4298.2001953125
1503.54772743471	4509.2998046875
1505.99642982421	4844.5
1508.44438519723	5241.2001953125
1510.89159392446	5710.60009765625
1513.33805637625	6108.5
1515.78377292266	6487.10009765625
1518.22874393346	6671.7998046875
1520.67296977806	6656.5
1523.11645082559	6326.7998046875
1525.55918744488	5876.2998046875
1528.00118000444	5481.39990234375
1530.44242887245	4976
1532.88293441684	4519.2001953125
1535.32269700517	4255.10009765625
1537.76171700475	4000.89990234375
1540.19999478255	3928.69995117188
1542.63753070526	3802.5
1545.07432513925	3732.60009765625
1547.5103784506	3734.69995117188
1549.94569100509	3672.60009765625
1552.38026316819	3669.60009765625
1554.8140953051	3664.80004882813
1557.24718778067	3666.80004882813
1559.67954095952	3637.69995117188
1562.11115520592	3624
1564.54203088386	3595.69995117188
1566.97216835704	3653.60009765625
1569.40156798888	3684
1571.83023014248	3731.30004882813
1574.25815518067	3617.5
1576.68534346597	3618.89990234375
1579.11179536062	3667.10009765625
1581.53751122658	3641.69995117188
1583.9624914255	3684.60009765625
1586.38673631876	3616
1588.81024626745	3627.30004882813
1591.23302163235	3633.69995117188
1593.655062774	3639.5
1596.07637005262	3644.10009765625
1598.49694382815	3588.80004882813
1600.91678446025	3583.30004882813
1603.33589230831	3623.5
1605.75426773142	3579
1608.1719110884	3594.60009765625
1610.58882273779	3536.39990234375
1613.00500303784	3608.30004882813
1615.42045234654	3570.39990234375
1617.83517102158	3554
1620.24915942039	3594.5
1622.66241790012	3587.10009765625
1625.07494681764	3602
1627.48674652954	3564.5
1629.89781739216	3585.10009765625
1632.30815976152	3572.60009765625
1634.71777399343	3566.30004882813
1637.12666044338	3624.89990234375
1639.53481946661	3574.89990234375
1641.94225141808	3604.89990234375
1644.34895665248	3641.39990234375
1646.75493552424	3626.39990234375
1649.16018838752	3631.60009765625
1651.56471559621	3691.30004882813
1653.96851750392	3652.80004882813
1656.37159446403	3747
1658.7739468296	3713.5
1661.17557495349	3682.89990234375
1663.57647918824	3669.39990234375
1665.97665988617	3653.10009765625
1668.37611739929	3637.30004882813
1670.77485207939	3613.80004882813
1673.17286427799	3584
1675.57015434633	3570.69995117188
1677.96672263542	3550.10009765625
1680.36256949598	3557.60009765625
1682.7576952785	3565.80004882813
1685.15210033318	3540.10009765625
1687.54578501	3554.39990234375
1689.93874965866	3579.60009765625
1692.33099462861	3562.60009765625
1694.72252026904	3541.60009765625
1697.11332692889	3571.89990234375
1699.50341495686	3513
1701.89278470137	3545.30004882813
1704.28143651061	3544.19995117188
1706.66937073251	3550.60009765625
1709.05658771473	3560.30004882813
1711.44308780473	3543.39990234375
1713.82887134968	3533.60009765625
1716.21393869648	3513.69995117188
1718.59829019185	3510.89990234375
1720.98192618221	3508.80004882813
1723.36484701374	3510
1725.74705303238	3506.5
1728.12854458384	3537.5
1730.50932201356	3518.89990234375
1732.88938566673	3543.30004882813
1735.26873588834	3509.10009765625
1737.64737302307	3536.80004882813
1740.02529741544	3516.10009765625
1742.40250940964	3529
1744.77900934969	3506
1747.15479757933	3528.10009765625
1749.52987444206	3542.80004882813
1751.90424028116	3523.19995117188
1754.27789543967	3511.80004882813
1756.65084026037	3485.80004882813
1759.02307508582	3488.19995117188
1761.39460025833	3518.10009765625
1763.76541612	3510.19995117188
1766.13552301265	3524.89990234375
1768.50492127791	3491.60009765625
1770.87361125714	3520.19995117188
1773.2415932915	3480.30004882813
1775.60886772188	3533.10009765625
1777.97543488896	3488.80004882813
1780.34129513318	3524.39990234375
1782.70644879475	3475.89990234375
1785.07089621365	3529.39990234375
1787.43463772964	3490.80004882813
1789.7976736822	3492.69995117188
1792.16000441066	3548.80004882813
1794.52163025405	3484
1796.88255155121	3488.89990234375
1799.24276864074	3484.10009765625
1801.60228186102	3515.19995117188
1803.96109155019	3520.10009765625
1806.31919804618	3542.89990234375
1808.67660168668	3543.19995117188
1811.03330280916	3544.10009765625
1813.38930175088	3513.80004882813
1815.74459884884	3532.30004882813
1818.09919443984	3572.19995117188
1820.45308886047	3555.5
1822.80628244708	3520.60009765625
1825.1587755358	3527
1827.51056846254	3528.19995117188
1829.86166156297	3525.19995117188
1832.21205517258	3516.30004882813
1834.56174962661	3566.39990234375
1836.91074526009	3550.10009765625
1839.25904240783	3493.5
1841.60664140443	3517.5
1843.95354258425	3507.19995117188
1846.29974628146	3512.80004882813
1848.64525282998	3498.39990234375
1850.99006256356	3500.30004882813
1853.3341758157	3481.10009765625
1855.67759291968	3514.80004882813
1858.02031420858	3520.19995117188
1860.36234001528	3509.80004882813
1862.70367067241	3470.39990234375
1865.04430651244	3473.69995117188
1867.38424786755	3496
1869.72349506978	3511.80004882813
1872.06204845094	3518.5
1874.39990834258	3491.19995117188
1876.73707507612	3502.80004882813
1879.07354898269	3498.39990234375
1881.40933039328	3532
1883.74441963861	3483.60009765625
1886.07881704925	3537
1888.41252295551	3491
1890.74553768751	3513.69995117188
1893.07786157519	3504.30004882813
1895.40949494822	3498.30004882813
1897.74043813615	3479.5
1900.07069146823	3472.30004882813
1902.40025527357	3466.80004882813
1904.72912988106	3496.80004882813
1907.05731561938	3479.89990234375
1909.38481281699	3505.89990234375
1911.71162180217	3471.60009765625
1914.037742903	3484.69995117188
1916.36317644734	3538.30004882813
1918.68792276284	3462.69995117188
1921.01198217697	3464.19995117188
1923.33535501699	3497.30004882813
1925.65804160996	3448.30004882813
1927.98004228273	3470.10009765625
1930.30135736196	3493.69995117188
1932.6219871741	3485.30004882813
1934.94193204543	3485
1937.26119230198	3475.89990234375
1939.57976826962	3501.89990234375
1941.89766027402	3463.69995117188
1944.21486864062	3525.10009765625
1946.53139369472	3474.69995117188
1948.84723576137	3489.69995117188
1951.16239516543	3462
1953.47687223159	3515.5
1955.79066728434	3438.10009765625
1958.10378064794	3518.80004882813
1960.4162126465	3473.69995117188
1962.7279636039	3463.89990234375
1965.03903384385	3470.30004882813
1967.34942368987	3494.10009765625
1969.65913346524	3479.30004882813
1971.96816349311	3480.10009765625
1974.2765140964	3482.39990234375
1976.58418559784	3519.19995117188
1978.89117831997	3509.69995117188
1981.19749258516	3457.60009765625
1983.50312871555	3477.39990234375
1985.80808703313	3511.30004882813
1988.11236785967	3485.19995117188
1990.41597151676	3468.30004882813
1992.71889832581	3482.19995117188
1995.02114860801	3511.10009765625
1997.3227226844	3525.60009765625
1999.62362087581	3486.80004882813
2001.92384350288	3489.89990234375
2004.22339088608	3491
2006.52226334567	3528.89990234375
2008.82046120173	3474
2011.11798477417	3533.80004882813
2013.41483438269	3498
2015.71101034681	3528.60009765625
2018.00651298588	3503.80004882813
2020.30134261905	3460.19995117188
2022.59549956528	3533.30004882813
2024.88898414337	3528
2027.1817966719	3488.89990234375
2029.4739374693	3477.60009765625
2031.76540685379	3484.60009765625
2034.05620514342	3479.30004882813
2036.34633265607	3452.39990234375
2038.6357897094	3400.80004882813
2040.92457662092	3425.69995117188
2043.21269370795	3444.60009765625
2045.50014128763	3463.19995117188
2047.78691967691	3468.5
2050.07302919256	3456
2052.35847015118	3441.30004882813
2054.64324286919	3407.30004882813
2056.9273476628	3431.19995117188
2059.21078484808	3442.89990234375
2061.4935547409	3443.60009765625
2063.77565765696	3408.5
2066.05709391176	3388
2068.33786382065	3411.60009765625
2070.61796769879	3422.30004882813
2072.89740586116	3411
2075.17617862255	3435.5
2077.45428629759	3441.5
2079.73172920075	3415.80004882813
2082.00850764627	3433.80004882813
2084.28462194827	3413.39990234375
2086.56007242065	3423.10009765625
2088.83485937717	3438.19995117188
2091.10898313139	3421.69995117188
2093.3824439967	3411.10009765625
2095.65524228632	3432.30004882813
2097.92737831328	3432.19995117188
2100.19885239047	3454.5
2102.46966483057	3437.5
2104.7398159461	3469
2107.00930604941	3457
2109.27813545267	3485.19995117188
2111.54630446787	3473.5
2113.81381340685	3451.80004882813
2116.08066258126	3529
2118.34685230257	3527.80004882813
2120.61238288211	3523.39990234375
2122.87725463099	3493.89990234375
2125.1414678602	3531.19995117188
2127.40502288052	3505.69995117188
2129.66792000257	3502.5
2131.93015953682	3492.60009765625
2134.19174179353	3519.69995117188
2136.45266708282	3480.60009765625
2138.71293571463	3485.5
2140.97254799873	3525.80004882813
2143.23150424473	3514.69995117188
2145.48980476205	3520.80004882813
2147.74744985996	3524.19995117188
2150.00443984754	3529.89990234375
2152.26077503373	3556.10009765625
2154.51645572728	3556.5
2156.77148223677	3575.10009765625
2159.02585487064	3582.39990234375
2161.27957393713	3620.39990234375
2163.53263974432	3619
2165.78505260012	3596.39990234375
2168.0368128123	3560.39990234375
2170.28792068844	3518
2172.53837653595	3502.19995117188
2174.78818066207	3512.30004882813
2177.03733337389	3476.19995117188
2179.28583497833	3468.39990234375
2181.53368578214	3456.5
2183.78088609192	3429.89990234375
2186.02743621406	3490
2188.27333645484	3416.60009765625
2190.51858712033	3428.19995117188
2192.76318851646	3425.69995117188
2195.00714094901	3402.39990234375
2197.25044472354	3420.19995117188
2199.49310014551	3383.89990234375
2201.73510752018	3435.39990234375
2203.97646715265	3410.10009765625
2206.21717934786	3402.80004882813
2208.45724441058	3398.19995117188
2210.69666264543	3390.39990234375
2212.93543435686	3386.30004882813
2215.17355984914	3363.69995117188
2217.41103942642	3365
2219.64787339264	3373.89990234375
2221.8840620516	3372.89990234375
2224.11960570695	3341.5
2226.35450466215	3338
2228.58875922051	3338.5
2230.82236968518	3364
2233.05533635916	3364
2235.28765954527	3346.39990234375
2237.51933954617	3379.89990234375
2239.75037666437	3421
2241.98077120221	3388.5
2244.21052346188	3365.5
2246.4396337454	3345.19995117188
2248.66810235461	3337.89990234375
2250.89592959125	3382.39990234375
2253.12311575681	3344.19995117188
2255.34966115272	3373.80004882813
2257.57556608017	3391.60009765625
2259.80083084023	3379.10009765625
2262.02545573381	3403.60009765625
2264.24944106163	3382
2266.47278712429	3357.10009765625
2268.69549422221	3397
2270.91756265564	3374.60009765625
2273.1389927247	3374.60009765625
2275.35978472934	3398.19995117188
2277.57993896933	3418.30004882813
2279.79945574431	3433.5
2282.01833535375	3415.10009765625
2284.23657809696	3437.89990234375
2286.45418427309	3423.60009765625
2288.67115418114	3436.80004882813
2290.88748811995	3398.80004882813
2293.10318638819	3437.89990234375
2295.3182492844	3421.60009765625
2297.53267710693	3455.60009765625
2299.746470154	3470
2301.95962872364	3482.60009765625
2304.17215311376	3546
2306.3840436221	3522.10009765625
2308.59530054621	3597.5
2310.80592418354	3548.60009765625
2313.01591483134	3605.39990234375
2315.22527278673	3533.89990234375
2317.43399834666	3533.19995117188
2319.64209180791	3488.89990234375
2321.84955346713	3480.69995117188
2324.05638362079	3451.30004882813
2326.26258256524	3444.5
2328.46815059664	3394
2330.67308801098	3411.60009765625
2332.87739510415	3425.19995117188
2335.08107217184	3415.89990234375
2337.2841195096	3388.69995117188
2339.48653741281	3433.5
2341.68832617672	3457.89990234375
2343.8894860964	3419.10009765625
2346.09001746678	3400.5
2348.28992058261	3405.10009765625
2350.48919573852	3393.19995117188
2352.68784322898	3398.19995117188
2354.88586334826	3379.10009765625
2357.08325639055	3371
2359.2800226498	3360.10009765625
2361.47616241988	3376.19995117188
2363.67167599445	3347.39990234375
2365.86656366706	3330
2368.06082573107	3353.60009765625
2370.2544624797	3334
2372.44747420603	3368.89990234375
2374.63986120295	3338.10009765625
2376.83162376322	3315.80004882813
2379.02276217945	3272.10009765625
2381.21327674408	3289.5
2383.4031677494	3315.89990234375
2385.59243548756	3297.80004882813
2387.78108025053	3288.30004882813
2389.96910233014	3278.5
2392.15650201809	3288.19995117188
2394.34327960587	3277.5
2396.52943538486	3282.5
2398.71496964628	3299.10009765625
2400.89988268118	3285.5
2403.08417478048	3260.89990234375
2405.26784623491	3289.30004882813
2407.45089733509	3280
2409.63332837146	3252.39990234375
2411.81513963429	3280.89990234375
2413.99633141375	3295.89990234375
2416.1769039998	3305.19995117188
2418.35685768227	3268.60009765625
2420.53619275084	3256.10009765625
2422.71490949505	3239.10009765625
2424.89300820425	3267.89990234375
2427.07048916765	3289.30004882813
2429.24735267433	3290.10009765625
2431.42359901319	3301.69995117188
2433.59922847297	3284.89990234375
2435.7742413423	3229.5
2437.94863790961	3259.5
2440.12241846321	3303.69995117188
2442.29558329121	3256.5
2444.46813268162	3251.10009765625
2446.64006692228	3264.80004882813
2448.81138630086	3215.5
2450.98209110489	3255.60009765625
2453.15218162174	3260.89990234375
2455.32165813864	3256.60009765625
2457.49052094265	3328.69995117188
2459.65877032069	3274.80004882813
2461.8264065595	3286.69995117188
2463.99342994572	3283.69995117188
2466.15984076579	3304
2468.325639306	3279.89990234375
2470.49082585251	3322.80004882813
2472.65540069131	3305.30004882813
2474.81936410824	3317.69995117188
2476.98271638899	3318.5
2479.14545781909	3299.5
2481.30758868392	3270.60009765625
2483.4691092687	3298.60009765625
2485.63001985852	3300.80004882813
2487.79032073829	3293.69995117188
2489.95001219277	3285.30004882813
2492.10909450659	3311.80004882813
2494.26756796419	3281.5
2496.42543284989	3304.19995117188
2498.58268944783	3320.10009765625
2500.73933804202	3285.80004882813
2502.8953789163	3280.60009765625
2505.05081235436	3296.69995117188
2507.20563863974	3305.39990234375
2509.35985805582	3321.89990234375
2511.51347088583	3282.39990234375
2513.66647741285	3322
2515.81887791981	3344.39990234375
2517.97067268946	3341.69995117188
2520.12186200443	3313.89990234375
2522.27244614716	3326.80004882813
2524.42242539999	3322.60009765625
2526.57180004504	3320.5
2528.72057036433	3280.30004882813
2530.8687366397	3253.19995117188
2533.01629915284	3246.10009765625
2535.16325818527	3228.19995117188
2537.30961401839	3226.80004882813
2539.45536693343	3221.5
2541.60051721145	3210.89990234375
2543.74506513338	3181.10009765625
2545.88901097997	3191.89990234375
2548.03235503185	3171.69995117188
2550.17509756946	3174.19995117188
2552.31723887311	3164.10009765625
2554.45877922293	3155.19995117188
2556.59971889893	3182.80004882813
2558.74005818094	3177.89990234375
2560.87979734864	3160
2563.01893668155	3140.30004882813
2565.15747645906	3142.89990234375
2567.29541696037	3131.10009765625
2569.43275846454	3133.60009765625
2571.56950125049	3126.5
2573.70564559696	3125.60009765625
2575.84119178254	3124
2577.97614008569	3147.69995117188
2580.11049078468	3101.89990234375
2582.24424415764	3184.89990234375
2584.37740048255	3174.89990234375
2586.50996003722	3115.10009765625
2588.64192309931	3150.30004882813
2590.77328994634	3175.30004882813
2592.90406085564	3124.60009765625
2595.03423610442	3151.89990234375
2597.16381596971	3142.5
2599.29280072839	3158.30004882813
2601.42119065719	3128.89990234375
2603.54898603267	3138
2605.67618713125	3169.5
2607.80279422919	3164.69995117188
2609.92880760257	3139.89990234375
2612.05422752735	3163.30004882813
2614.17905427932	3199.39990234375
2616.30328813408	3128.30004882813
2618.42692936713	3176.39990234375
2620.54997825377	3145.60009765625
2622.67243506915	3171.19995117188
2624.79430008828	3155.5
2626.915573586	3189.19995117188
2629.03625583699	3171.5
2631.15634711579	3224.69995117188
2633.27584769675	3201.39990234375
2635.39475785408	3260.5
2637.51307786185	3253.80004882813
2639.63080799394	3236.89990234375
2641.74794852409	3239
2643.86449972589	3275.69995117188
2645.98046187273	3317.60009765625
2648.0958352379	3363.10009765625
2650.21062009449	3343.89990234375
2652.32481671544	3355.80004882813
2654.43842537353	3397.19995117188
2656.5514463414	3413.80004882813
2658.66387989151	3425.89990234375
2660.77572629616	3505.69995117188
2662.88698582751	3458.39990234375
2664.99765875753	3515.89990234375
2667.10774535806	3540
2669.21724590076	3522.60009765625
2671.32616065714	3492
2673.43448989857	3499.80004882813
2675.5422338962	3453.10009765625
2677.64939292108	3426.69995117188
2679.75596724408	3425.89990234375
2681.86195713589	3339.30004882813
2683.96736286707	3308.89990234375
2686.07218470799	3284.39990234375
2688.17642292889	3262
2690.28007779982	3244.5
2692.38314959069	3191.60009765625
2694.48563857123	3163.60009765625
2696.58754501103	3161.89990234375
2698.6888691795	3172.60009765625
2700.78961134588	3151.5
2702.8897717793	3146.60009765625
2704.98935074864	3151.30004882813
2707.08834852271	3128.89990234375
2709.18676537009	3110.19995117188
2711.28460155925	3151.39990234375
2713.38185735843	3151.89990234375
2715.47853303577	3101.5
2717.57462885924	3113.30004882813
2719.67014509659	3142.39990234375
2721.76508201548	3112
2723.85943988337	3090.39990234375
2725.95321896754	3094
2728.04641953515	3057.69995117188
2730.13904185316	3075.39990234375
2732.23108618837	3050.89990234375
2734.32255280744	3032.30004882813
2736.41344197683	3039.69995117188
2738.50375396288	3029
2740.5934890317	3022.89990234375
2742.68264744932	3026.39990234375
2744.77122948153	3038
2746.85923539398	3040.69995117188
2748.94666545217	3002.69995117188
2751.03351992142	2983.89990234375
2753.11979906688	3017
2755.20550315355	2998
2757.29063244624	3000.60009765625
2759.37518720963	2998.69995117188
2761.45916770819	2938.80004882813
2763.54257420625	2960.69995117188
2765.62540696797	2986.30004882813
2767.70766625733	3002.30004882813
2769.78935233816	2978
2771.87046547413	2972.80004882813
2773.95100592869	2947.89990234375
2776.03097396519	2994.89990234375
2778.11036984677	2975.30004882813
2780.18919383641	2965.19995117188
2782.26744619693	2946.10009765625
2784.34512719097	2953.89990234375
2786.42223708102	3002.89990234375
2788.49877612937	2966.69995117188
2790.57474459816	3008
2792.65014274937	3024.89990234375
2794.7249708448	2992.89990234375
2796.79922914607	2988.19995117188
2798.87291791465	3006.5
2800.94603741181	2977.10009765625
2803.01858789869	2968.10009765625
2805.09056963623	2944.80004882813
2807.1619828852	2960.19995117188
2809.23282790621	2992
2811.30310495971	2957.10009765625
2813.37281430593	2960
2815.441956205	2959.30004882813
2817.51053091682	2926.39990234375
2819.57853870114	2973.10009765625
2821.64597981753	2955.60009765625
2823.7128545254	2968.19995117188
2825.77916308399	2959.69995117188
2827.84490575233	2962.30004882813
2829.91008278933	2993.30004882813
2831.97469445369	2952.80004882813
2834.03874100395	2980.19995117188
2836.10222269847	2993.30004882813
2838.16513979544	2993.19995117188
2840.22749255288	3047.10009765625
2842.28928122863	3086.80004882813
2844.35050608034	3092.89990234375
2846.41116736553	3165.30004882813
2848.47126534149	3230.39990234375
2850.53080026537	3289.80004882813
2852.58977239414	3258.5
2854.64818198459	3310.10009765625
2856.70602929332	3263
2858.76331457678	3237.10009765625
2860.82003809123	3258.19995117188
2862.87620009274	3254.89990234375
2864.93180083723	3227.69995117188
2866.98684058043	3216.60009765625
2869.04131957789	3211.10009765625
2871.09523808497	3293.39990234375
2873.14859635689	3225.60009765625
2875.20139464866	3204.69995117188
2877.2536332151	3248.39990234375
2879.30531231091	3186
2881.35643219054	3229.39990234375
2883.40699310831	3196.39990234375
2885.45699531834	3270.69995117188
2887.50643907457	3264.80004882813
2889.55532463077	3302.10009765625
2891.60365224053	3329.39990234375
2893.65142215724	3284.5
2895.69863463414	3299.80004882813
2897.74528992426	3326.5
2899.79138828046	3288
2901.83692995544	3303.89990234375
2903.88191520168	3289.89990234375
2905.92634427151	3312.69995117188
2907.97021741706	3298.5
2910.01353489027	3293.69995117188
2912.05629694294	3263.5
2914.09850382663	3260.60009765625
2916.14015579276	3314.10009765625
2918.18125309254	3291.19995117188
2920.22179597702	3272.60009765625
2922.26178469705	3314.19995117188
2924.30121950329	3268.10009765625
2926.34010064624	3311.19995117188
2928.37842837619	3324.60009765625
2930.41620294326	3304.19995117188
2932.45342459737	3291.80004882813
2934.49009358828	3313.30004882813
2936.52621016555	3283
2938.56177457854	3277.60009765625
2940.59678707645	3251.5
2942.63124790827	3223.69995117188
2944.66515732282	3179.89990234375
2946.69851556873	3203.39990234375
2948.73132289443	3156.5
2950.76357954817	3080.39990234375
2952.79528577803	3141
2954.82644183188	3147.30004882813
2956.85704795741	3108.80004882813
2958.8871044021	3098.89990234375
2960.91661141328	3112.5
2962.94556923807	3074.39990234375
2964.97397812339	3060.39990234375
2967.00183831598	3063.60009765625
2969.0291500624	3055.60009765625
2971.05591360902	3015.19995117188
2973.08212920199	3033.39990234375
2975.1077970873	3019.69995117188
2977.13291751074	3022.60009765625
2979.1574907179	3018
2981.18151695419	3009
2983.20499646482	2997.10009765625
2985.2279294948	2998.10009765625
2987.25031628898	2959.30004882813
2989.27215709199	2946.5
2991.29345214825	2953.89990234375
2993.31420170204	2942.39990234375
2995.33440599738	2934.60009765625
2997.35406527816	2956.60009765625
2999.37317978802	2942.80004882813
3001.39174977045	2963
3003.40977546872	2986.5
3005.42725712591	3004.60009765625
3007.44419498491	3045.10009765625
3009.4605892884	2972
3011.47644027889	3009.69995117188
3013.49174819865	3001.80004882813
3015.5065132898	3053.69995117188
3017.52073579424	3004.60009765625
3019.53441595366	2998.19995117188
3021.54755400959	3034.10009765625
3023.56015020332	2989.39990234375
3025.57220477598	2981.80004882813
3027.58371796846	3000
3029.5946900215	3024.30004882813
3031.6051211756	2975.69995117188
3033.61501167107	2969.10009765625
3035.62436174803	2963.60009765625
3037.6331716464	2955.5
3039.64144160588	2940.5
3041.649171866	2904.30004882813
3043.65636266607	2890.89990234375
3045.6630142452	2885
3047.66912684229	2888.19995117188
3049.67470069605	2864.5
3051.679736045	2851.5
3053.68423312742	2856.39990234375
3055.68819218143	2848.89990234375
3057.6916134449	2828.19995117188
3059.69449715556	2835.60009765625
3061.69684355086	2807.30004882813
3063.6986528681	2777.30004882813
3065.69992534437	2773.89990234375
3067.70066121653	2796.60009765625
3069.70086072126	2785.69995117188
3071.700524095	2795.89990234375
3073.69965157405	2783.39990234375
3075.69824339442	2767.89990234375
3077.69629979197	2773.30004882813
3079.69382100235	2759.19995117188
3081.69080726098	2747.69995117188
3083.68725880307	2760.89990234375
3085.68317586366	2730.30004882813
3087.67855867755	2758.39990234375
3089.67340747933	2760.30004882813
3091.6677225034	2764.60009765625
3093.66150398392	2771.69995117188
3095.6547521549	2757.19995117188
3097.64746725006	2744.89990234375
3099.63964950297	2734.19995117188
3101.63129914698	2741
3103.6224164152	2737.69995117188
3105.61300154056	2748.69995117188
3107.60305475576	2745.5
3109.59257629331	2752.69995117188
3111.58156638547	2732.10009765625
3113.57002526432	2735.60009765625
3115.55795316172	2740.80004882813
3117.54535030932	2755.5
3119.53221693853	2736
3121.51855328057	2749.30004882813
3123.50435956646	2740.60009765625
3125.48963602698	2765.30004882813
3127.4743828927	2743
3129.45860039397	2757.89990234375
3131.44228876093	2750.39990234375
3133.42544822353	2740.19995117188
3135.40807901145	2757
3137.39018135418	2741.89990234375
3139.37175548102	2742.5
3141.35280162101	2750.10009765625
3143.33332000299	2719.39990234375
3145.31331085559	2755.89990234375
3147.2927744072	2731.30004882813
3149.27171088602	2737.30004882813
3151.25012052	2736.19995117188
3153.22800353689	2743.19995117188
3155.20536016422	2732.19995117188
3157.18219062929	2708.19995117188
3159.15849515918	2725.5
3161.13427398075	2715.30004882813
3163.10952732066	2746.89990234375
3165.08425540532	2725.5
3167.05845846092	2760.10009765625
3169.03213671344	2735.60009765625
3171.00529038863	2727.10009765625
3172.97791971203	2719
3174.95002490893	2742
3176.92160620443	2728.30004882813
3178.89266382337	2721.69995117188
3180.8631979904	2708.60009765625
3182.83320892991	2740.39990234375
3184.80269686609	2725.39990234375
3186.77166202289	2704.30004882813
3188.74010462406	2716
3190.70802489307	2726.19995117188
3192.67542305323	2710.60009765625
3194.64229932757	2770.5
3196.60865393892	2742.69995117188
3198.57448710987	2744.80004882813
3200.53979906279	2703.69995117188
3202.50459001981	2728.69995117188
3204.46886020284	2728.80004882813
3206.43260983356	2707.19995117188
3208.39583913341	2740.60009765625
3210.35854832362	2711.19995117188
3212.32073762517	2749
3214.28240725881	2720
3216.24355744508	2733.5
3218.20418840426	2693
3220.16430035642	2707.10009765625
3222.12389352137	2699.30004882813
3224.08296811873	2751.89990234375
3226.04152436784	2720.19995117188
3227.99956248784	2721.10009765625
3229.95708269762	2715.5
3231.91408521584	2752.10009765625
3233.87057026092	2740.19995117188
3235.82653805105	2735.10009765625
3237.78198880419	2731.80004882813
3239.73692273806	2691.30004882813
3241.69134007013	2726.30004882813
3243.64524101764	2720.89990234375
3245.59862579761	2750.5
3247.55149462681	2716.39990234375
3249.50384772176	2741
3251.45568529877	2743.80004882813
3253.40700757387	2739.69995117188
3255.35781476288	2730.19995117188
3257.3081070814	2734.30004882813
3259.25788474473	2737.10009765625
3261.20714796799	2709.89990234375
3263.15589696602	2712.89990234375
3265.10413195345	2742.80004882813
3267.05185314463	2737.80004882813
3268.9990607537	2740.5
3270.94575499455	2748.30004882813
3272.89193608081	2717.69995117188
3274.8376042259	2726.69995117188
3276.78275964296	2719.69995117188
3278.72740254492	2732.30004882813
3280.67153314443	2714.80004882813
3282.61515165393	2699.19995117188
3284.55825828559	2694.69995117188
3286.50085325135	2697
3288.44293676289	2697.30004882813
3290.38450903165	2686.60009765625
3292.32557026883	2730
3294.26612068537	2695.80004882813
3296.20616049198	2681.19995117188
3298.14568989911	2684.39990234375
3300.08470911695	2705.39990234375
3302.02321835546	2688.80004882813
3303.96121782435	2704.10009765625
3305.89870773306	2696
3307.83568829081	2696
3309.77215970655	2687.60009765625
3311.70812218898	2685.89990234375
3313.64357594655	2714.60009765625
3315.57852118747	2714.39990234375
3317.51295811968	2680.60009765625
3319.44688695087	2697.89990234375
3321.38030788849	2655.89990234375
3323.31322113973	2693.19995117188
3325.24562691152	2699.60009765625
3327.17752541055	2702.89990234375
3329.10891684322	2670.5
3331.03980141573	2662.30004882813
3332.97017933399	2704
3334.90005080364	2686.5
3336.82941603011	2658.19995117188
3338.75827521852	2657.80004882813
3340.68662857377	2691.30004882813
3342.6144763005	2679.10009765625
3344.54181860308	2667.5
3346.46865568561	2654.69995117188
3348.39498775195	2670.69995117188
3350.32081500571	2686.69995117188
3352.24613765022	2690.60009765625
3354.17095588855	2670.19995117188
3356.09526992352	2663.89990234375
3358.01907995769	2666.39990234375
3359.94238619334	2675.69995117188
3361.86518883251	2672.60009765625
3363.78748807697	2682.30004882813
3365.70928412823	2669.5
3367.63057718752	2675.69995117188
3369.55136745582	2676
3371.47165513386	2680.39990234375
3373.39144042208	2633.39990234375
3375.31072352066	2657.30004882813
3377.22950462953	2634.5
3379.14778394834	2654.30004882813
3381.06556167648	2670.19995117188
3382.98283801308	2653.89990234375
3384.89961315697	2666.39990234375
3386.81588730676	2658.60009765625
3388.73166066076	2633.39990234375
3390.64693341702	2647.19995117188
3392.56170577332	2651
3394.47597792716	2646.10009765625
3396.38975007581	2659
3398.30302241623	2639.60009765625
3400.21579514512	2652.80004882813
3402.1280684589	2635.80004882813
3404.03984255374	2624.10009765625
3405.95111762553	2649
3407.86189386987	2671.80004882813
3409.77217148212	2642.80004882813
3411.68195065733	2631.10009765625
3413.5912315903	2643.60009765625
3415.50001447556	2629.89990234375
3417.40829950735	2619.80004882813
3419.31608687963	2636.5
3421.22337678611	2621.19995117188
3423.1301694202	2622.69995117188
3425.03646497504	2632.30004882813
3426.9422636435	2648.19995117188
3428.84756561816	2616.80004882813
3430.75237109135	2602.39990234375
3432.65668025508	2615
3434.56049330112	2633.89990234375
3436.46381042093	2609.19995117188
3438.36663180571	2608.30004882813
3440.26895764638	2630.39990234375
3442.17078813357	2612
3444.07212345762	2606.10009765625
3445.97296380863	2607.10009765625
3447.87330937636	2645.30004882813
3449.77316035033	2591.69995117188
3451.67251691977	2629.89990234375
3453.57137927361	2614.39990234375
3455.46974760052	2604.30004882813
3457.36762208886	2561.80004882813
3459.26500292671	2594.39990234375
3461.16189030191	2608.10009765625
3463.05828440194	2595.39990234375
3464.95418541406	2601.10009765625
3466.84959352519	2569.89990234375
3468.74450892201	2566.89990234375
3470.63893179088	2595.5
3472.53286231788	2596.30004882813
3474.42630068881	2568.30004882813
3476.31924708918	2601.19995117188
3478.2117017042	2585.69995117188
3480.1036647188	2561.69995117188
3481.99513631761	2560.89990234375
3483.88611668498	2566.39990234375
3485.77660600498	2566.89990234375
3487.66660446135	2566.69995117188
3489.55611223758	2566.30004882813
3491.44512951683	2576
3493.333656482	2553.89990234375
3495.22169331568	2550.30004882813
3497.10924020016	2532
3498.99629731746	2525.30004882813
3500.88286484927	2507.89990234375
3502.76894297702	2531.5
3504.65453188182	2518.69995117188
3506.53963174449	2560.10009765625
3508.42424274555	2516.19995117188
3510.30836506524	2530.39990234375
3512.19199888349	2507.39990234375
3514.07514437992	2511.69995117188
3515.95780173387	2528
3517.83997112437	2491.80004882813
3519.72165273016	2491.5
3521.60284672967	2483.39990234375
3523.48355330104	2499.89990234375
3525.36377262208	2485.10009765625
3527.24350487035	2462.39990234375
3529.12275022306	2482.19995117188
3531.00150885715	2452.10009765625
3532.87978094923	2430.60009765625
3534.75756667562	2472.39990234375
3536.63486621235	2444
3538.51167973512	2462.89990234375
3540.38800741934	2427.19995117188
3542.26384944011	2449.19995117188
3544.13920597223	2418.69995117188
3546.01407719018	2453
3547.88846326815	2431.69995117188
3549.76236438002	2434.69995117188
3551.63578069934	2439.10009765625
3553.50871239938	2412
3555.38115965309	2404.69995117188
3557.25312263311	2424.5
3559.12460151177	2420.89990234375
3560.99559646109	2396.30004882813
3562.86610765279	2417.60009765625
3564.73613525825	2405.39990234375
3566.60567944857	2421.10009765625
3568.47474039453	2417.89990234375
3570.34331826658	2416.69995117188
3572.21141323487	2396.10009765625
3574.07902546925	2404.39990234375
3575.94615513922	2398.89990234375
3577.81280241401	2388.19995117188
3579.67896746249	2396.89990234375
3581.54465045325	2379.69995117188
3583.40985155455	2410.69995117188
3585.27457093432	2375.19995117188
3587.1388087602	2395.19995117188
3589.00256519949	2385.89990234375
3590.86584041919	2396.60009765625
3592.72863458597	2378.69995117188
3594.59094786618	2395.19995117188
3596.45278042585	2411.89990234375
3598.31413243069	2365
3600.17500404611	2384.60009765625
3602.03539543717	2406.39990234375
3603.89530676861	2366.69995117188
3605.75473820488	2375.5
3607.61368991007	2412.39990234375
3609.47216204797	2402.60009765625
3611.33015478203	2352.60009765625
3613.18766827539	2384.80004882813
3615.04470269087	2379.10009765625
3616.90125819094	2347.60009765625
3618.75733493776	2368
3620.61293309318	2346.69995117188
3622.46805281869	2344.5
3624.32269427547	2347.10009765625
3626.17685762439	2339.69995117188
3628.03054302596	2341.5
3629.88375064038	2343.80004882813
3631.73648062751	2348.39990234375
3633.5887331469	2330.80004882813
3635.44050835775	2334.10009765625
3637.29180641893	2331
3639.14262748899	2320.5
3640.99297172614	2323.10009765625
3642.84283928828	2341.30004882813
3644.69223033294	2318
3646.54114501734	2332.89990234375
3648.38958349836	2359.69995117188
3650.23754593256	2295.89990234375
3652.08503247614	2281.10009765625
3653.93204328497	2317.89990234375
3655.77857851462	2283.60009765625
3657.62463832028	2296
3659.47022285682	2299.60009765625
3661.31533227877	2264.39990234375
3663.15996674033	2283.89990234375
3665.00412639535	2270
3666.84781139736	2300
3668.69102189953	2279.69995117188
3670.5337580547	2314.30004882813
3672.37602001537	2290.39990234375
3674.21780793368	2254.69995117188
3676.05912196148	2251.69995117188
3677.89996225021	2275.80004882813
3679.74032895103	2269.89990234375
3681.58022221471	2263.30004882813
3683.41964219171	2240.10009765625
3685.25858903211	2263.80004882813
3687.0970628857	2238.10009765625
3688.93506390186	2264.19995117188
3690.77259222968	2237.19995117188
3692.60964801787	2260.5
3694.44623141481	2231.30004882813
3696.28234256853	2232.10009765625
3698.11798162669	2227.60009765625
3699.95314873665	2216.5
3701.78784404537	2206.19995117188
3703.62206769951	2245.10009765625
3705.45581984533	2226.30004882813
3707.28910062877	2232.60009765625
3709.12191019542	2226.5
3710.95424869052	2219.39990234375
3712.78611625894	2212.69995117188
3714.6175130452	2218.30004882813
3716.44843919349	2209.10009765625
3718.27889484764	2217.60009765625
3720.1088801511	2199.69995117188
3721.93839524699	2231.69995117188
3723.76744027808	2210.19995117188
3725.59601538677	2205.80004882813
3727.4241207151	2200.69995117188
