40.2973356941271	1126.90002441406
43.2236257608418	1126.40002441406
46.1488808466109	1127.69995117188
49.0731017336173	1127.69995117188
51.9962892025666	1131.90002441406
54.9184440327569	1131.69995117188
57.8395670020446	1130.59997558594
60.7596588868509	1135.40002441406
63.6787204621708	1134.09997558594
66.5967525015794	1136.5
69.5137557772381	1141.90002441406
72.4297310598838	1143.90002441406
75.3446791188512	1149
78.2586007220466	1157.80004882813
81.1714966360015	1159.59997558594
84.0833676258266	1170.80004882813
86.994214455242	1181.30004882813
89.9040378865662	1196
92.8128386807427	1210.19995117188
95.7206175973133	1217.5
98.6273753944444	1219.09997558594
101.533112828928	1222.40002441406
104.437830656161	1235.80004882813
107.34152963018	1229.69995117188
110.244210503676	1236.69995117188
113.145874027931	1228.59997558594
116.046520952895	1231.09997558594
118.946152027154	1237
121.844767997933	1224.59997558594
124.74236961111	1227.59997558594
127.638957611212	1227.09997558594
130.534532741422	1217.69995117188
133.429095743606	1221.30004882813
136.322647358252	1226
139.215188324544	1224.5
142.106719380311	1233.5
144.997241262089	1230.59997558594
147.886754705057	1234.90002441406
150.775260443096	1229.59997558594
153.662759208748	1235.80004882813
156.549251733282	1233.69995117188
159.434738746612	1227.40002441406
162.319220977376	1225.5
165.20269915289	1224
168.085173999178	1233.19995117188
170.966646240977	1227.19995117188
173.847116601709	1218.90002441406
176.726585803528	1219
179.605054567295	1228.90002441406
182.48252361259	1225.59997558594
185.358993657701	1227.40002441406
188.234465419645	1223.69995117188
191.108939614183	1226.80004882813
193.982416955795	1227
196.854898157687	1227
199.726383931801	1226.5
202.596874988835	1225.30004882813
205.466372038225	1231.69995117188
208.334875788145	1229.59997558594
211.202386945534	1227.69995117188
214.068906216069	1226.80004882813
216.934434304194	1227.59997558594
219.798971913111	1231.5
222.662519744776	1231.90002441406
225.525078499925	1229.19995117188
228.386648878069	1228.80004882813
231.247231577465	1238.69995117188
234.106827295172	1232.40002441406
236.965436727012	1233.40002441406
239.823060567597	1223.5
242.679699510337	1227.59997558594
245.535354247396	1229.09997558594
248.390025469775	1224.19995117188
251.243713867223	1225.19995117188
254.096420128327	1222.59997558594
256.948144940459	1229.30004882813
259.798888989788	1228.5
262.648652961315	1225.19995117188
265.49743753883	1238.30004882813
268.345243404939	1227.69995117188
271.192071241073	1229.80004882813
274.037921727485	1231.80004882813
276.882795543246	1226.40002441406
279.72669336624	1224.30004882813
282.569615873213	1226.30004882813
285.411563739724	1225.09997558594
288.252537640165	1231.5
291.092538247763	1232.69995117188
293.931566234616	1233.30004882813
296.769622271633	1233.59997558594
299.606707028594	1228.90002441406
302.442821174104	1230.19995117188
305.277965375652	1226.40002441406
308.112140299574	1230.69995117188
310.945346611062	1239.40002441406
313.777584974167	1233
316.608856051813	1227.19995117188
319.439160505797	1238.19995117188
322.268498996783	1236.09997558594
325.096872184303	1236.90002441406
327.924280726782	1239.09997558594
330.750725281521	1235.80004882813
333.576206504693	1234.80004882813
336.400725051388	1234.30004882813
339.224281575542	1234.80004882813
342.046876730026	1230.69995117188
344.868511166586	1235.19995117188
347.689185535872	1231.69995117188
350.508900487421	1235.59997558594
353.327656669699	1236.5
356.145454730079	1234.30004882813
358.962295314817	1235.5
361.778179069105	1236.59997558594
364.593106637051	1233
367.407078661675	1237.30004882813
370.220095784913	1239.69995117188
373.032158647655	1240.5
375.843267889676	1230.19995117188
378.653424149715	1231.19995117188
381.462628065436	1235.59997558594
384.270880273432	1237.90002441406
387.078181409254	1242.69995117188
389.884532107358	1240.5
392.689933001188	1249.59997558594
395.494384723112	1241.5
398.29788790445	1243
401.100443175488	1247.40002441406
403.902051165437	1248.59997558594
406.702712502518	1245.19995117188
409.502427813866	1240.59997558594
412.301197725607	1233.80004882813
415.099022862823	1243.5
417.89590384957	1242.90002441406
420.691841308876	1238.09997558594
423.486835862752	1249.30004882813
426.280888132173	1247
429.073998737112	1243
431.866168296507	1246.90002441406
434.657397428298	1245.59997558594
437.447686749412	1247.90002441406
440.237036875762	1248.30004882813
443.025448422257	1242.59997558594
445.812922002813	1252.19995117188
448.599458230326	1244.90002441406
451.38505771672	1241.69995117188
454.169721072909	1242.30004882813
456.953448908819	1235.90002441406
459.736241833384	1253.90002441406
462.518100454555	1249.90002441406
465.2990253793	1241
468.079017213605	1247.90002441406
470.858076562476	1246.90002441406
473.636204029939	1247.30004882813
476.41340021906	1249.40002441406
479.189665731938	1244.59997558594
481.965001169667	1247.5
484.739407132419	1246.80004882813
487.512884219391	1247
490.285433028796	1243.40002441406
493.057054157921	1249.59997558594
495.827748203087	1253.19995117188
498.597515759658	1257.59997558594
501.366357422061	1254.09997558594
504.134273783759	1253.90002441406
506.901265437278	1260.30004882813
509.66733297421	1259.69995117188
512.432476985198	1257.80004882813
515.196698059945	1256.90002441406
517.959996787225	1255.30004882813
520.722373754895	1259.40002441406
523.483829549856	1261.90002441406
526.24436475811	1251.80004882813
529.003979964696	1253.80004882813
531.762675753779	1260.5
534.520452708569	1252.5
537.277311411375	1260.69995117188
540.03325244359	1259.5
542.788276385682	1260.30004882813
545.54238381725	1255.30004882813
548.295575316938	1257.40002441406
551.047851462516	1261.80004882813
553.799212830831	1257
556.549659997851	1252.40002441406
559.299193538643	1252.90002441406
562.047814027381	1258.90002441406
564.795522037318	1255.59997558594
567.542318140861	1256.59997558594
570.288202909507	1255.40002441406
573.033176913873	1258.09997558594
575.7772407237	1253.90002441406
578.520394907829	1259.59997558594
581.26264003424	1251.40002441406
584.003976670046	1259.30004882813
586.744405381469	1260.90002441406
589.483926733869	1268.30004882813
592.222541291746	1263.90002441406
594.96024961872	1266.80004882813
597.697052277563	1262.40002441406
600.432949830166	1266.40002441406
603.167942837587	1270.69995117188
605.902031860012	1257.59997558594
608.635217456783	1254.80004882813
611.367500186378	1261.30004882813
614.098880606429	1263.09997558594
616.82935927374	1269.69995117188
619.558936744248	1261.09997558594
622.287613573072	1260.5
625.015390314457	1270.19995117188
627.742267521848	1269.59997558594
630.468245747829	1271.40002441406
633.193325544166	1265.5
635.917507461792	1271
638.640792050804	1268.90002441406
641.36317986048	1265.69995117188
644.084671439281	1263.90002441406
646.805267334845	1262.09997558594
649.524968093967	1270.80004882813
652.24377426266	1264.69995117188
654.961686386106	1266.19995117188
657.678705008678	1269.59997558594
660.394830673939	1268
663.110063924628	1258.30004882813
665.824405302728	1266.5
668.537855349351	1277.40002441406
671.250414604863	1268.80004882813
673.962083608812	1266.30004882813
676.672862899949	1266.80004882813
679.382753016218	1276.59997558594
682.091754494801	1271.40002441406
684.799867872061	1267.90002441406
687.507093683595	1270.5
690.213432464198	1280.19995117188
692.918884747899	1271.30004882813
695.623451067937	1274.5
698.327131956755	1283.80004882813
701.029927946065	1270.5
703.731839566754	1282.69995117188
706.43286734896	1269.90002441406
709.133011822067	1281.40002441406
711.832273514658	1273.5
714.53065295457	1264.69995117188
717.228150668879	1275.40002441406
719.924767183889	1279.80004882813
722.620503025148	1285.90002441406
725.315358717446	1280.59997558594
728.009334784827	1288.59997558594
730.702431750559	1284.09997558594
733.394650137188	1278.40002441406
736.085990466498	1284
738.776453259519	1284.59997558594
741.466039036542	1275.59997558594
744.154748317125	1271.90002441406
746.842581620074	1278.19995117188
749.529539463458	1269.59997558594
752.215622364608	1284
754.900830840131	1278.59997558594
757.585165405892	1282
760.26862657703	1282
762.951214867957	1278.90002441406
765.632930792356	1284.09997558594
768.313774863181	1283.09997558594
770.993747592673	1281.59997558594
773.672849492359	1285.69995117188
776.351081073017	1280.40002441406
779.028442844757	1282.19995117188
781.704935316928	1294.59997558594
784.380558998208	1284.30004882813
787.055314396528	1278.30004882813
789.729202019141	1281.59997558594
792.402222372581	1277.80004882813
795.074375962669	1281.09997558594
797.745663294537	1291.69995117188
800.416084872622	1284.90002441406
803.085641200652	1284.69995117188
805.754332781664	1283.19995117188
808.422160117986	1285.59997558594
811.089123711292	1287.69995117188
813.75522406252	1294.69995117188
816.420461671951	1293.80004882813
819.084837039164	1277.40002441406
821.748350663067	1290.59997558594
824.411003041866	1281.09997558594
827.072794673116	1290
829.733726053668	1289.59997558594
832.39379767971	1287.09997558594
835.05301004674	1297.30004882813
837.711363649601	1284.80004882813
840.368858982457	1295.5
843.025496538805	1293.5
845.681276811467	1291.5
848.336200292618	1294.90002441406
850.99026747375	1297.09997558594
853.643478845713	1293.09997558594
856.29583489868	1298.80004882813
858.947336122176	1293.90002441406
861.59798300506	1290.69995117188
864.247776035556	1296.5
866.896715701222	1296.5
869.544802488959	1291.30004882813
872.192036885046	1292.80004882813
874.838419375087	1300.5
877.483950444054	1305.19995117188
880.128630576285	1293.59997558594
882.772460255461	1299.30004882813
885.415439964628	1300
888.057570186211	1287.5
890.698851401966	1302.59997558594
893.339284093045	1297.30004882813
895.978868739961	1307.90002441406
898.617605822596	1293.69995117188
901.255495820196	1303.5
903.892539211396	1301.5
906.528736474184	1291.30004882813
909.164088085949	1304.80004882813
911.798594523442	1311.80004882813
914.432256262804	1300.80004882813
917.065073779549	1304
919.697047548589	1308.40002441406
922.328178044212	1299.90002441406
924.9584657401	1299.30004882813
927.587911109317	1306.19995117188
930.216514624317	1300.69995117188
932.844276756963	1306.30004882813
935.471197978488	1300
938.097278759538	1300.19995117188
940.722519570163	1298.19995117188
943.346920879798	1309.09997558594
945.97048315729	1307.69995117188
948.593206870885	1309.5
951.215092488219	1296.40002441406
953.836140476366	1309.90002441406
956.456351301787	1300.90002441406
959.07572543037	1310.30004882813
961.694263327369	1304.30004882813
964.311965457521	1306
966.928832284933	1302.40002441406
969.544864273135	1305.40002441406
972.160061885076	1310.30004882813
974.774425583129	1308.90002441406
977.387955829099	1309.5
980.000653084196	1309.69995117188
982.612517809061	1302.5
985.223550463768	1303.19995117188
987.833751507819	1308.5
990.443121400135	1306.5
993.051660599081	1306.19995117188
995.659369562449	1309.19995117188
998.266248747469	1315.19995117188
1000.87229861081	1310.19995117188
1003.47751960857	1310.69995117188
1006.0819121963	1314.19995117188
1008.68547682897	1304.69995117188
1011.28821396104	1316.80004882813
1013.89012404635	1311.80004882813
1016.49120753824	1315.5
1019.09146488947	1303.5
1021.69089655226	1308.19995117188
1024.28950297827	1307.90002441406
1026.88728461863	1303.40002441406
1029.48424192392	1312.59997558594
1032.08037534416	1316.69995117188
1034.67568532886	1303.80004882813
1037.27017232694	1316.09997558594
1039.86383678682	1315.90002441406
1042.45667915637	1318.09997558594
1045.04869988293	1321.30004882813
1047.6398994133	1312.09997558594
1050.23027819374	1318.80004882813
1052.81983666998	1321.80004882813
1055.40857528724	1314.30004882813
1057.99649449018	1314.5
1060.58359472296	1312.40002441406
1063.1698764292	1325
1065.755340052	1313.40002441406
1068.33998603393	1320.59997558594
1070.92381481706	1322
1073.50682684291	1324
1076.08902255251	1314.09997558594
1078.67040238637	1326.19995117188
1081.25096678445	1333.5
1083.83071618624	1312.19995117188
1086.4096510307	1325.59997558594
1088.98777175629	1323.90002441406
1091.56507880094	1324
1094.14157260208	1319
1096.71725359664	1321.80004882813
1099.29212222106	1318.69995117188
1101.86617891125	1334.30004882813
1104.43942410262	1323.30004882813
1107.01185823011	1320.30004882813
1109.58348172812	1318
1112.15429503057	1311.59997558594
1114.7242985709	1312.90002441406
1117.29349278203	1309.59997558594
1119.86187809642	1327.19995117188
1122.42945494599	1320.09997558594
1124.99622376222	1318.69995117188
1127.56218497606	1325
1130.12733901801	1315.90002441406
1132.69168631804	1309.19995117188
1135.25522730568	1324.69995117188
1137.81796240995	1323.19995117188
1140.37989205941	1312.59997558594
1142.9410166821	1325.09997558594
1145.50133670561	1316.90002441406
1148.06085255708	1322.30004882813
1150.61956466311	1321.19995117188
1153.17747344987	1309.90002441406
1155.73457934305	1317.40002441406
1158.29088276786	1325
1160.84638414903	1326.40002441406
1163.40108391085	1322.69995117188
1165.95498247711	1329.40002441406
1168.50808027116	1324.90002441406
1171.06037771587	1323.09997558594
1173.61187523364	1321
1176.16257324643	1323.40002441406
1178.71247217573	1327.69995117188
1181.26157244255	1321.59997558594
1183.80987446746	1322.80004882813
1186.35737867059	1333.19995117188
1188.90408547157	1324.80004882813
1191.44999528961	1336.5
1193.99510854347	1321.80004882813
1196.53942565142	1323.80004882813
1199.08294703133	1315.40002441406
1201.62567310057	1328.30004882813
1204.16760427611	1340.30004882813
1206.70874097445	1325.5
1209.24908361163	1336.90002441406
1211.78863260327	1316.90002441406
1214.32738836454	1340.69995117188
1216.86535131017	1334.40002441406
1219.40252185445	1329.90002441406
1221.93890041121	1335
1224.47448739389	1325.69995117188
1227.00928321544	1337
1229.54328828842	1326.5
1232.07650302491	1335.09997558594
1234.60892783662	1338.40002441406
1237.14056313477	1337.90002441406
1239.67140933017	1330.30004882813
1242.2014668332	1338.09997558594
1244.73073605384	1346.59997558594
1247.25921740159	1341.30004882813
1249.78691128558	1343.09997558594
1252.31381811448	1346.90002441406
1254.83993829655	1343.5
1257.36527223962	1343.19995117188
1259.88982035112	1342.69995117188
1262.41358303803	1351.30004882813
1264.93656070696	1348.90002441406
1267.45875376405	1350.80004882813
1269.98016261505	1351
1272.50078766531	1331.09997558594
1275.02062931974	1350.09997558594
1277.53968798285	1339.69995117188
1280.05796405875	1337.5
1282.57545795112	1348.19995117188
1285.09217006325	1350.59997558594
1287.60810079802	1335.80004882813
1290.12325055788	1354
1292.63761974492	1341.80004882813
1295.15120876079	1355.69995117188
1297.66401800676	1344.90002441406
1300.17604788367	1356.5
1302.687298792	1350.59997558594
1305.19777113181	1357.59997558594
1307.70746530274	1354.90002441406
1310.21638170408	1358.09997558594
1312.7245207347	1349.69995117188
1315.23188279307	1362.40002441406
1317.73846827728	1346.09997558594
1320.24427758502	1352.90002441406
1322.74931111359	1350.59997558594
1325.25356925991	1340.5
1327.75705242051	1360.5
1330.25976099151	1356.30004882813
1332.76169536868	1348.90002441406
1335.26285594737	1355.69995117188
1337.76324312256	1347.40002441406
1340.26285728887	1346.69995117188
1342.76169884052	1357.40002441406
1345.25976817132	1357.5
1347.75706567474	1336
1350.25359174387	1355.40002441406
1352.74934677141	1356.40002441406
1355.24433114968	1347.69995117188
1357.73854527062	1344.5
1360.23198952583	1354.30004882813
1362.7246643065	1353.5
1365.21657000347	1351.59997558594
1367.7077070072	1348.30004882813
1370.19807570777	1358.40002441406
1372.68767649492	1358.69995117188
1375.176509758	1352.40002441406
1377.66457588599	1347.90002441406
1380.15187526753	1348.90002441406
1382.63840829087	1349.5
1385.1241753439	1356.90002441406
1387.60917681417	1357
1390.09341308884	1349.30004882813
1392.57688455474	1348.30004882813
1395.05959159829	1353.40002441406
1397.54153460562	1352.40002441406
1400.02271396243	1360.80004882813
1402.50313005414	1355.59997558594
1404.98278326576	1359.5
1407.46167398196	1364.80004882813
1409.93980258707	1362.59997558594
1412.41716946504	1371.19995117188
1414.89377499951	1353.5
1417.36961957373	1363.69995117188
1419.84470357062	1361
1422.31902737275	1369.09997558594
1424.79259136235	1363.09997558594
1427.26539592129	1351.09997558594
1429.73744143111	1359.69995117188
1432.20872827299	1371
1434.67925682777	1366.40002441406
1437.14902747597	1371.69995117188
1439.61804059773	1359.80004882813
1442.0862965729	1370.09997558594
1444.55379578093	1367
1447.02053860099	1379.90002441406
1449.48652541188	1364.09997558594
1451.95175659206	1368.40002441406
1454.41623251969	1367.30004882813
1456.87995357255	1364
1459.34292012811	1365.80004882813
1461.80513256351	1369.80004882813
1464.26659125557	1365.30004882813
1466.72729658073	1369.5
1469.18724891517	1359.59997558594
1471.64644863469	1366
1474.10489611478	1362.5
1476.5625917306	1366.59997558594
1479.01953585699	1369.5
1481.47572886844	1356.5
1483.93117113917	1365.40002441406
1486.38586304302	1361.69995117188
1488.83980495354	1360.59997558594
1491.29299724395	1363.90002441406
1493.74544028715	1362.09997558594
1496.19713445573	1361.40002441406
1498.64808012193	1362.30004882813
1501.09827765772	1358.19995117188
1503.54772743471	1366.09997558594
1505.99642982421	1365.69995117188
1508.44438519723	1365.59997558594
1510.89159392446	1377.19995117188
1513.33805637625	1365.19995117188
1515.78377292266	1355.59997558594
1518.22874393346	1367.59997558594
1520.67296977806	1359.40002441406
1523.11645082559	1376.69995117188
1525.55918744488	1357
1528.00118000444	1362.30004882813
1530.44242887245	1367.90002441406
1532.88293441684	1358.90002441406
1535.32269700517	1365.90002441406
1537.76171700475	1370.80004882813
1540.19999478255	1354.19995117188
1542.63753070526	1366.80004882813
1545.07432513925	1374.59997558594
1547.5103784506	1364.59997558594
1549.94569100509	1382.09997558594
1552.38026316819	1375.69995117188
1554.8140953051	1373.69995117188
1557.24718778067	1366.90002441406
1559.67954095952	1376.90002441406
1562.11115520592	1371.09997558594
1564.54203088386	1372.30004882813
1566.97216835704	1372.80004882813
1569.40156798888	1377.59997558594
1571.83023014248	1380.5
1574.25815518067	1375.59997558594
1576.68534346597	1382.5
1579.11179536062	1391.40002441406
1581.53751122658	1367.40002441406
1583.9624914255	1379.90002441406
1586.38673631876	1369.5
1588.81024626745	1379.30004882813
1591.23302163235	1383.69995117188
1593.655062774	1379.09997558594
1596.07637005262	1380.09997558594
1598.49694382815	1383.90002441406
1600.91678446025	1373.40002441406
1603.33589230831	1382.30004882813
1605.75426773142	1376.90002441406
1608.1719110884	1389.59997558594
1610.58882273779	1367.80004882813
1613.00500303784	1373.80004882813
1615.42045234654	1392.09997558594
1617.83517102158	1367.5
1620.24915942039	1379.5
1622.66241790012	1380.59997558594
1625.07494681764	1383.40002441406
1627.48674652954	1386
1629.89781739216	1384.59997558594
1632.30815976152	1382.09997558594
1634.71777399343	1396.5
1637.12666044338	1391.40002441406
1639.53481946661	1386.59997558594
1641.94225141808	1383.30004882813
1644.34895665248	1387.09997558594
1646.75493552424	1390.80004882813
1649.16018838752	1394.30004882813
1651.56471559621	1406.09997558594
1653.96851750392	1397.5
1656.37159446403	1405.09997558594
1658.7739468296	1417.59997558594
1661.17557495349	1405.40002441406
1663.57647918824	1398
1665.97665988617	1404.69995117188
1668.37611739929	1405.5
1670.77485207939	1399.90002441406
1673.17286427799	1388.19995117188
1675.57015434633	1378.5
1677.96672263542	1391.5
1680.36256949598	1387.59997558594
1682.7576952785	1390.5
1685.15210033318	1393.19995117188
1687.54578501	1380.30004882813
1689.93874965866	1376.90002441406
1692.33099462861	1380
1694.72252026904	1385
1697.11332692889	1375.19995117188
1699.50341495686	1386.19995117188
1701.89278470137	1380.5
1704.28143651061	1390.80004882813
1706.66937073251	1392.90002441406
1709.05658771473	1384.59997558594
1711.44308780473	1380.69995117188
1713.82887134968	1382.09997558594
1716.21393869648	1390.30004882813
1718.59829019185	1393.5
1720.98192618221	1387.59997558594
1723.36484701374	1390.30004882813
1725.74705303238	1386.69995117188
1728.12854458384	1397.90002441406
1730.50932201356	1393.40002441406
1732.88938566673	1387.90002441406
1735.26873588834	1392.09997558594
1737.64737302307	1375.5
1740.02529741544	1390.69995117188
1742.40250940964	1388.69995117188
1744.77900934969	1384.30004882813
1747.15479757933	1399.40002441406
1749.52987444206	1398.40002441406
1751.90424028116	1402.09997558594
1754.27789543967	1391.5
1756.65084026037	1395
1759.02307508582	1393.30004882813
1761.39460025833	1381.80004882813
1763.76541612	1389.30004882813
1766.13552301265	1405.90002441406
1768.50492127791	1399.40002441406
1770.87361125714	1399.69995117188
1773.2415932915	1383.19995117188
1775.60886772188	1399.09997558594
1777.97543488896	1395.5
1780.34129513318	1384.19995117188
1782.70644879475	1389.69995117188
1785.07089621365	1394.80004882813
1787.43463772964	1394
1789.7976736822	1403
1792.16000441066	1392.80004882813
1794.52163025405	1385.40002441406
1796.88255155121	1395.19995117188
1799.24276864074	1400.90002441406
1801.60228186102	1396.5
1803.96109155019	1406.40002441406
1806.31919804618	1402.09997558594
1808.67660168668	1399.69995117188
1811.03330280916	1410.09997558594
1813.38930175088	1400.09997558594
1815.74459884884	1390.59997558594
1818.09919443984	1403.40002441406
1820.45308886047	1406
1822.80628244708	1400.90002441406
1825.1587755358	1400.5
1827.51056846254	1407.40002441406
1829.86166156297	1405.09997558594
1832.21205517258	1392.59997558594
1834.56174962661	1405.30004882813
1836.91074526009	1405.80004882813
1839.25904240783	1412.59997558594
1841.60664140443	1409.59997558594
1843.95354258425	1412.19995117188
1846.29974628146	1403.5
1848.64525282998	1405
1850.99006256356	1412.40002441406
1853.3341758157	1399.09997558594
1855.67759291968	1395
1858.02031420858	1405.69995117188
1860.36234001528	1394.5
1862.70367067241	1407.80004882813
1865.04430651244	1412.09997558594
1867.38424786755	1402.09997558594
1869.72349506978	1401
1872.06204845094	1400.5
1874.39990834258	1398.19995117188
1876.73707507612	1406.30004882813
1879.07354898269	1404.80004882813
1881.40933039328	1407.30004882813
1883.74441963861	1403.40002441406
1886.07881704925	1397.5
1888.41252295551	1403.19995117188
1890.74553768751	1401.80004882813
1893.07786157519	1392.90002441406
1895.40949494822	1401.69995117188
1897.74043813615	1402
1900.07069146823	1403.90002441406
1902.40025527357	1400.30004882813
1904.72912988106	1415.30004882813
1907.05731561938	1414.59997558594
1909.38481281699	1405.40002441406
1911.71162180217	1413
1914.037742903	1398.09997558594
1916.36317644734	1409.69995117188
1918.68792276284	1409.90002441406
1921.01198217697	1406.19995117188
1923.33535501699	1418.40002441406
1925.65804160996	1404.30004882813
1927.98004228273	1408.80004882813
1930.30135736196	1417.19995117188
1932.6219871741	1401.30004882813
1934.94193204543	1415.5
1937.26119230198	1419.90002441406
1939.57976826962	1401.90002441406
1941.89766027402	1409.80004882813
1944.21486864062	1407.19995117188
1946.53139369472	1408.80004882813
1948.84723576137	1411.30004882813
1951.16239516543	1417.09997558594
1953.47687223159	1409.19995117188
1955.79066728434	1403.19995117188
1958.10378064794	1406.09997558594
1960.4162126465	1404.59997558594
1962.7279636039	1419
1965.03903384385	1407.80004882813
1967.34942368987	1425.09997558594
1969.65913346524	1405.80004882813
1971.96816349311	1405
1974.2765140964	1409.19995117188
1976.58418559784	1407.80004882813
1978.89117831997	1407.30004882813
1981.19749258516	1423.90002441406
1983.50312871555	1412.59997558594
1985.80808703313	1418.80004882813
1988.11236785967	1410.19995117188
1990.41597151676	1406.19995117188
1992.71889832581	1420.80004882813
1995.02114860801	1419.30004882813
1997.3227226844	1416.09997558594
1999.62362087581	1427.5
2001.92384350288	1412.59997558594
2004.22339088608	1419.59997558594
2006.52226334567	1412.90002441406
2008.82046120173	1416.09997558594
2011.11798477417	1417.09997558594
2013.41483438269	1429.69995117188
2015.71101034681	1424.30004882813
2018.00651298588	1410.40002441406
2020.30134261905	1419.59997558594
2022.59549956528	1407.09997558594
2024.88898414337	1422
2027.1817966719	1423.19995117188
2029.4739374693	1422
2031.76540685379	1420.80004882813
2034.05620514342	1416.5
2036.34633265607	1429.69995117188
2038.6357897094	1437.09997558594
2040.92457662092	1417.19995117188
2043.21269370795	1419.19995117188
2045.50014128763	1424.80004882813
2047.78691967691	1430.5
2050.07302919256	1424.09997558594
2052.35847015118	1423.90002441406
2054.64324286919	1408.90002441406
2056.9273476628	1427
2059.21078484808	1421.59997558594
2061.4935547409	1431
2063.77565765696	1426.19995117188
2066.05709391176	1418.5
2068.33786382065	1424.80004882813
2070.61796769879	1418.09997558594
2072.89740586116	1431.80004882813
2075.17617862255	1428.59997558594
2077.45428629759	1413.19995117188
2079.73172920075	1419
2082.00850764627	1423.19995117188
2084.28462194827	1424.19995117188
2086.56007242065	1418.59997558594
2088.83485937717	1421.59997558594
2091.10898313139	1420.69995117188
2093.3824439967	1427.59997558594
2095.65524228632	1424.40002441406
2097.92737831328	1424.30004882813
2100.19885239047	1423.59997558594
2102.46966483057	1429.30004882813
2104.7398159461	1425.09997558594
2107.00930604941	1446.09997558594
2109.27813545267	1424.90002441406
2111.54630446787	1429
2113.81381340685	1430.40002441406
2116.08066258126	1416.40002441406
2118.34685230257	1422.30004882813
2120.61238288211	1450.5
2122.87725463099	1437.40002441406
2125.1414678602	1425.69995117188
2127.40502288052	1439.40002441406
2129.66792000257	1443.90002441406
2131.93015953682	1436.5
2134.19174179353	1429.5
2136.45266708282	1441.19995117188
2138.71293571463	1440
2140.97254799873	1432.30004882813
2143.23150424473	1439.5
2145.48980476205	1443.5
2147.74744985996	1425.80004882813
2150.00443984754	1439.5
2152.26077503373	1430.90002441406
2154.51645572728	1450.09997558594
2156.77148223677	1440.80004882813
2159.02585487064	1451.19995117188
2161.27957393713	1434.09997558594
2163.53263974432	1456.40002441406
2165.78505260012	1440.90002441406
2168.0368128123	1438.69995117188
2170.28792068844	1444.40002441406
2172.53837653595	1438.80004882813
2174.78818066207	1435.90002441406
2177.03733337389	1448
2179.28583497833	1443.09997558594
2181.53368578214	1448
2183.78088609192	1433.69995117188
2186.02743621406	1443.90002441406
2188.27333645484	1438.19995117188
2190.51858712033	1439.80004882813
2192.76318851646	1427.19995117188
2195.00714094901	1438
2197.25044472354	1441.69995117188
2199.49310014551	1431.80004882813
2201.73510752018	1435.40002441406
2203.97646715265	1431.59997558594
2206.21717934786	1443
2208.45724441058	1438.5
2210.69666264543	1433.80004882813
2212.93543435686	1436.19995117188
2215.17355984914	1444.19995117188
2217.41103942642	1443.90002441406
2219.64787339264	1446.69995117188
2221.8840620516	1427.30004882813
2224.11960570695	1421.30004882813
2226.35450466215	1446.90002441406
2228.58875922051	1443.30004882813
2230.82236968518	1445.5
2233.05533635916	1448.09997558594
2235.28765954527	1427.59997558594
2237.51933954617	1434.90002441406
2239.75037666437	1439.19995117188
2241.98077120221	1446
2244.21052346188	1425.69995117188
2246.4396337454	1436.09997558594
2248.66810235461	1446.90002441406
2250.89592959125	1447.40002441406
2253.12311575681	1449.90002441406
2255.34966115272	1440
2257.57556608017	1442.5
2259.80083084023	1442.40002441406
2262.02545573381	1444.59997558594
2264.24944106163	1441.90002441406
2266.47278712429	1447.69995117188
2268.69549422221	1445.90002441406
2270.91756265564	1439.40002441406
2273.1389927247	1434.5
2275.35978472934	1439.30004882813
2277.57993896933	1453.09997558594
2279.79945574431	1457.80004882813
2282.01833535375	1440.30004882813
2284.23657809696	1447.69995117188
2286.45418427309	1444
2288.67115418114	1435.19995117188
2290.88748811995	1439.19995117188
2293.10318638819	1437.30004882813
2295.3182492844	1449.80004882813
2297.53267710693	1457.59997558594
2299.746470154	1460.59997558594
2301.95962872364	1448.80004882813
2304.17215311376	1453.09997558594
2306.3840436221	1440.30004882813
2308.59530054621	1443
2310.80592418354	1441.09997558594
2313.01591483134	1453.90002441406
2315.22527278673	1445.09997558594
2317.43399834666	1460.59997558594
2319.64209180791	1445.19995117188
2321.84955346713	1443.19995117188
2324.05638362079	1440.40002441406
2326.26258256524	1444.40002441406
2328.46815059664	1455.5
2330.67308801098	1453.09997558594
2332.87739510415	1465.5
2335.08107217184	1443.5
2337.2841195096	1468.09997558594
2339.48653741281	1456.69995117188
2341.68832617672	1451.69995117188
2343.8894860964	1449.5
2346.09001746678	1456.59997558594
2348.28992058261	1441.90002441406
2350.48919573852	1459.40002441406
2352.68784322898	1459.90002441406
2354.88586334826	1437.80004882813
2357.08325639055	1468.59997558594
2359.2800226498	1455.90002441406
2361.47616241988	1452.59997558594
2363.67167599445	1467.5
2365.86656366706	1439.90002441406
2368.06082573107	1466.59997558594
2370.2544624797	1460.59997558594
2372.44747420603	1467.19995117188
2374.63986120295	1445.40002441406
2376.83162376322	1445.69995117188
2379.02276217945	1454.69995117188
2381.21327674408	1465.19995117188
2383.4031677494	1456.80004882813
2385.59243548756	1454.90002441406
2387.78108025053	1449.59997558594
2389.96910233014	1449.09997558594
2392.15650201809	1456.30004882813
2394.34327960587	1454.09997558594
2396.52943538486	1451.09997558594
2398.71496964628	1453.40002441406
2400.89988268118	1455.19995117188
2403.08417478048	1450.40002441406
2405.26784623491	1457.09997558594
2407.45089733509	1459
2409.63332837146	1446.30004882813
2411.81513963429	1462.5
2413.99633141375	1457.90002441406
2416.1769039998	1446
2418.35685768227	1448.5
2420.53619275084	1459.19995117188
2422.71490949505	1450.19995117188
2424.89300820425	1465.69995117188
2427.07048916765	1458.30004882813
2429.24735267433	1448.59997558594
2431.42359901319	1451.90002441406
2433.59922847297	1448
2435.7742413423	1450
2437.94863790961	1446.40002441406
2440.12241846321	1460.30004882813
2442.29558329121	1454.09997558594
2444.46813268162	1463.09997558594
2446.64006692228	1453.40002441406
2448.81138630086	1452.40002441406
2450.98209110489	1454.59997558594
2453.15218162174	1452.5
2455.32165813864	1441.69995117188
2457.49052094265	1459.40002441406
2459.65877032069	1461.69995117188
2461.8264065595	1461.90002441406
2463.99342994572	1446.59997558594
2466.15984076579	1462.19995117188
2468.325639306	1459.40002441406
2470.49082585251	1466
2472.65540069131	1466.30004882813
2474.81936410824	1464.59997558594
2476.98271638899	1453.69995117188
2479.14545781909	1466.40002441406
2481.30758868392	1458.40002441406
2483.4691092687	1465.5
2485.63001985852	1448.59997558594
2487.79032073829	1468.90002441406
2489.95001219277	1465.19995117188
2492.10909450659	1445.69995117188
2494.26756796419	1461.09997558594
2496.42543284989	1465.90002441406
2498.58268944783	1465.90002441406
2500.73933804202	1462.69995117188
2502.8953789163	1461
2505.05081235436	1462.09997558594
2507.20563863974	1463.5
2509.35985805582	1471.5
2511.51347088583	1462.30004882813
2513.66647741285	1453.80004882813
2515.81887791981	1471
2517.97067268946	1467.5
2520.12186200443	1476.40002441406
2522.27244614716	1461.90002441406
2524.42242539999	1466.19995117188
2526.57180004504	1467.80004882813
2528.72057036433	1464.80004882813
2530.8687366397	1465.80004882813
2533.01629915284	1465
2535.16325818527	1458.30004882813
2537.30961401839	1460.5
2539.45536693343	1459.59997558594
2541.60051721145	1466.09997558594
2543.74506513338	1458.59997558594
2545.88901097997	1470.19995117188
2548.03235503185	1472.90002441406
2550.17509756946	1467.40002441406
2552.31723887311	1462.90002441406
2554.45877922293	1446.69995117188
2556.59971889893	1464.69995117188
2558.74005818094	1468.5
2560.87979734864	1461.69995117188
2563.01893668155	1477.5
2565.15747645906	1462
2567.29541696037	1459.69995117188
2569.43275846454	1474
2571.56950125049	1459.90002441406
2573.70564559696	1457.30004882813
2575.84119178254	1459.90002441406
2577.97614008569	1457.80004882813
2580.11049078468	1457.40002441406
2582.24424415764	1474.80004882813
2584.37740048255	1456.40002441406
2586.50996003722	1464.19995117188
2588.64192309931	1472.19995117188
2590.77328994634	1467.59997558594
2592.90406085564	1468.40002441406
2595.03423610442	1469.40002441406
2597.16381596971	1466.59997558594
2599.29280072839	1466.80004882813
2601.42119065719	1468.30004882813
2603.54898603267	1467.80004882813
2605.67618713125	1469.80004882813
2607.80279422919	1471.69995117188
2609.92880760257	1465.5
2612.05422752735	1468.90002441406
2614.17905427932	1465.19995117188
2616.30328813408	1476.59997558594
2618.42692936713	1477.30004882813
2620.54997825377	1474.19995117188
2622.67243506915	1468.5
2624.79430008828	1469.5
2626.915573586	1472.59997558594
2629.03625583699	1481.80004882813
2631.15634711579	1475.30004882813
2633.27584769675	1472
2635.39475785408	1467.59997558594
2637.51307786185	1475.5
2639.63080799394	1471.09997558594
2641.74794852409	1470.5
2643.86449972589	1487.5
2645.98046187273	1465.09997558594
2648.0958352379	1471.80004882813
2650.21062009449	1467.59997558594
2652.32481671544	1458.09997558594
2654.43842537353	1469.59997558594
2656.5514463414	1480
2658.66387989151	1471
2660.77572629616	1473.30004882813
2662.88698582751	1474.80004882813
2664.99765875753	1471.59997558594
2667.10774535806	1479.90002441406
2669.21724590076	1480.80004882813
2671.32616065714	1470.19995117188
2673.43448989857	1482.80004882813
2675.5422338962	1474
2677.64939292108	1463.19995117188
2679.75596724408	1475
2681.86195713589	1473.69995117188
2683.96736286707	1476.30004882813
2686.07218470799	1477.40002441406
2688.17642292889	1489.5
2690.28007779982	1480.40002441406
2692.38314959069	1494.09997558594
2694.48563857123	1490
2696.58754501103	1481.40002441406
2698.6888691795	1484.19995117188
2700.78961134588	1470.80004882813
2702.8897717793	1486.59997558594
2704.98935074864	1490.5
2707.08834852271	1474.5
2709.18676537009	1480.80004882813
2711.28460155925	1478
2713.38185735843	1475.09997558594
2715.47853303577	1482.40002441406
2717.57462885924	1481.90002441406
2719.67014509659	1466.30004882813
2721.76508201548	1483.80004882813
2723.85943988337	1487
2725.95321896754	1461.09997558594
2728.04641953515	1468.80004882813
2730.13904185316	1485.09997558594
2732.23108618837	1464.90002441406
2734.32255280744	1486
2736.41344197683	1470.69995117188
2738.50375396288	1482.5
2740.5934890317	1473.19995117188
2742.68264744932	1481.09997558594
2744.77122948153	1456.90002441406
2746.85923539398	1478.09997558594
2748.94666545217	1484.80004882813
2751.03351992142	1474.69995117188
2753.11979906688	1465
2755.20550315355	1476.59997558594
2757.29063244624	1472.69995117188
2759.37518720963	1481.80004882813
2761.45916770819	1486.5
2763.54257420625	1480.09997558594
2765.62540696797	1487.5
2767.70766625733	1475.30004882813
2769.78935233816	1475.40002441406
2771.87046547413	1470.69995117188
2773.95100592869	1492
2776.03097396519	1478.09997558594
2778.11036984677	1479.5
2780.18919383641	1488.90002441406
2782.26744619693	1483.09997558594
2784.34512719097	1483.40002441406
2786.42223708102	1486.69995117188
2788.49877612937	1468.09997558594
2790.57474459816	1476.30004882813
2792.65014274937	1478.59997558594
2794.7249708448	1470.90002441406
2796.79922914607	1475.09997558594
2798.87291791465	1476.69995117188
2800.94603741181	1485.90002441406
2803.01858789869	1474.40002441406
2805.09056963623	1486.90002441406
2807.1619828852	1490.90002441406
2809.23282790621	1475.90002441406
2811.30310495971	1462.19995117188
2813.37281430593	1490.69995117188
2815.441956205	1486.80004882813
2817.51053091682	1482.5
2819.57853870114	1489.19995117188
2821.64597981753	1497.5
2823.7128545254	1481.5
2825.77916308399	1497.30004882813
2827.84490575233	1503.19995117188
2829.91008278933	1485.30004882813
2831.97469445369	1499.19995117188
2834.03874100395	1488.5
2836.10222269847	1503.5
2838.16513979544	1494.19995117188
2840.22749255288	1512.5
2842.28928122863	1494
2844.35050608034	1498.69995117188
2846.41116736553	1523
2848.47126534149	1525
2850.53080026537	1512.40002441406
2852.58977239414	1510.09997558594
2854.64818198459	1526.30004882813
2856.70602929332	1516.09997558594
2858.76331457678	1526.19995117188
2860.82003809123	1505.09997558594
2862.87620009274	1524
2864.93180083723	1515.69995117188
2866.98684058043	1526.90002441406
2869.04131957789	1529.90002441406
2871.09523808497	1525.90002441406
2873.14859635689	1539.19995117188
2875.20139464866	1513
2877.2536332151	1529.09997558594
2879.30531231091	1535.09997558594
2881.35643219054	1543.19995117188
2883.40699310831	1521.80004882813
2885.45699531834	1530.30004882813
2887.50643907457	1527.5
2889.55532463077	1523.59997558594
2891.60365224053	1555.09997558594
2893.65142215724	1541.09997558594
2895.69863463414	1547.40002441406
2897.74528992426	1543.59997558594
2899.79138828046	1540.5
2901.83692995544	1531.59997558594
2903.88191520168	1530.59997558594
2905.92634427151	1529
2907.97021741706	1542.30004882813
2910.01353489027	1534.5
2912.05629694294	1537.19995117188
2914.09850382663	1534.40002441406
2916.14015579276	1539.69995117188
2918.18125309254	1543.90002441406
2920.22179597702	1562.30004882813
2922.26178469705	1541.09997558594
2924.30121950329	1560.40002441406
2926.34010064624	1551.19995117188
2928.37842837619	1553.30004882813
2930.41620294326	1556
2932.45342459737	1539.5
2934.49009358828	1553.5
2936.52621016555	1552.30004882813
2938.56177457854	1554.30004882813
2940.59678707645	1552.5
2942.63124790827	1537.30004882813
2944.66515732282	1542
2946.69851556873	1543.19995117188
2948.73132289443	1543.80004882813
2950.76357954817	1532
2952.79528577803	1542.19995117188
2954.82644183188	1531.5
2956.85704795741	1534.30004882813
2958.8871044021	1526
2960.91661141328	1529.90002441406
2962.94556923807	1539.30004882813
2964.97397812339	1516.40002441406
2967.00183831598	1536.59997558594
2969.0291500624	1524.09997558594
2971.05591360902	1520.30004882813
2973.08212920199	1521.30004882813
2975.1077970873	1509
2977.13291751074	1517.5
2979.1574907179	1525.09997558594
2981.18151695419	1517.69995117188
2983.20499646482	1515
2985.2279294948	1512.09997558594
2987.25031628898	1513.09997558594
2989.27215709199	1511.30004882813
2991.29345214825	1519.69995117188
2993.31420170204	1508.09997558594
2995.33440599738	1499.80004882813
2997.35406527816	1516.40002441406
2999.37317978802	1503.90002441406
3001.39174977045	1513.90002441406
3003.40977546872	1499.59997558594
3005.42725712591	1508.80004882813
3007.44419498491	1515.59997558594
3009.4605892884	1516.19995117188
3011.47644027889	1530.90002441406
3013.49174819865	1495.09997558594
3015.5065132898	1514.19995117188
3017.52073579424	1516.30004882813
3019.53441595366	1513.30004882813
3021.54755400959	1505.90002441406
3023.56015020332	1506.5
3025.57220477598	1505
3027.58371796846	1499.40002441406
3029.5946900215	1496.59997558594
3031.6051211756	1517.90002441406
3033.61501167107	1493.90002441406
3035.62436174803	1492
3037.6331716464	1498.90002441406
3039.64144160588	1488.59997558594
3041.649171866	1484.09997558594
3043.65636266607	1492.80004882813
3045.6630142452	1497.69995117188
3047.66912684229	1503.59997558594
3049.67470069605	1493.30004882813
3051.679736045	1489.30004882813
3053.68423312742	1493
3055.68819218143	1503.40002441406
3057.6916134449	1508.5
3059.69449715556	1496
3061.69684355086	1492.30004882813
3063.6986528681	1504.5
3065.69992534437	1500
3067.70066121653	1496.30004882813
3069.70086072126	1489.69995117188
3071.700524095	1499.69995117188
3073.69965157405	1480.19995117188
3075.69824339442	1490.59997558594
3077.69629979197	1505.69995117188
3079.69382100235	1482
3081.69080726098	1495.30004882813
3083.68725880307	1500.59997558594
3085.68317586366	1486.5
3087.67855867755	1504
3089.67340747933	1498.19995117188
3091.6677225034	1499.09997558594
3093.66150398392	1493.40002441406
3095.6547521549	1501.69995117188
3097.64746725006	1494.59997558594
3099.63964950297	1501.90002441406
3101.63129914698	1491.5
3103.6224164152	1500.19995117188
3105.61300154056	1507.40002441406
3107.60305475576	1503
3109.59257629331	1494.69995117188
3111.58156638547	1491.40002441406
3113.57002526432	1482.90002441406
3115.55795316172	1508.59997558594
3117.54535030932	1500.59997558594
3119.53221693853	1498.09997558594
3121.51855328057	1516.69995117188
3123.50435956646	1518
3125.48963602698	1501.59997558594
3127.4743828927	1512.30004882813
3129.45860039397	1495.19995117188
3131.44228876093	1513
3133.42544822353	1504.40002441406
3135.40807901145	1519.40002441406
3137.39018135418	1508.19995117188
3139.37175548102	1511.19995117188
3141.35280162101	1508.19995117188
3143.33332000299	1514.5
3145.31331085559	1513.30004882813
3147.2927744072	1504.80004882813
3149.27171088602	1500.19995117188
3151.25012052	1500
3153.22800353689	1499.19995117188
3155.20536016422	1518.69995117188
3157.18219062929	1507.19995117188
3159.15849515918	1498.30004882813
3161.13427398075	1484.09997558594
3163.10952732066	1504.09997558594
3165.08425540532	1507.09997558594
3167.05845846092	1500.90002441406
3169.03213671344	1506.59997558594
3171.00529038863	1498.19995117188
3172.97791971203	1509.09997558594
3174.95002490893	1500.59997558594
3176.92160620443	1518
3178.89266382337	1503.19995117188
3180.8631979904	1513.09997558594
3182.83320892991	1524.5
3184.80269686609	1499.5
3186.77166202289	1505.19995117188
3188.74010462406	1509.19995117188
3190.70802489307	1510.40002441406
3192.67542305323	1509.5
3194.64229932757	1520.59997558594
3196.60865393892	1520.30004882813
3198.57448710987	1509.5
3200.53979906279	1519.80004882813
3202.50459001981	1516.09997558594
3204.46886020284	1514.5
3206.43260983356	1519.09997558594
3208.39583913341	1517
3210.35854832362	1527.69995117188
3212.32073762517	1511.90002441406
3214.28240725881	1517.09997558594
3216.24355744508	1516.90002441406
3218.20418840426	1516.30004882813
3220.16430035642	1504.90002441406
3222.12389352137	1498.59997558594
3224.08296811873	1522.5
3226.04152436784	1516.5
3227.99956248784	1526
3229.95708269762	1519.40002441406
3231.91408521584	1515.80004882813
3233.87057026092	1526.90002441406
3235.82653805105	1521.59997558594
3237.78198880419	1520.59997558594
3239.73692273806	1514
3241.69134007013	1519.40002441406
3243.64524101764	1518
3245.59862579761	1518.59997558594
3247.55149462681	1525.59997558594
3249.50384772176	1545.59997558594
3251.45568529877	1518.59997558594
3253.40700757387	1524.69995117188
3255.35781476288	1526.19995117188
3257.3081070814	1527.90002441406
3259.25788474473	1519.5
3261.20714796799	1536.40002441406
3263.15589696602	1520
3265.10413195345	1528.09997558594
3267.05185314463	1526.90002441406
3268.9990607537	1525.90002441406
3270.94575499455	1532.90002441406
3272.89193608081	1532.19995117188
3274.8376042259	1533.80004882813
3276.78275964296	1508.40002441406
3278.72740254492	1510.90002441406
3280.67153314443	1526.09997558594
3282.61515165393	1523
3284.55825828559	1531.09997558594
3286.50085325135	1529.30004882813
3288.44293676289	1519.80004882813
3290.38450903165	1515.59997558594
3292.32557026883	1524.69995117188
3294.26612068537	1516.19995117188
3296.20616049198	1522.59997558594
3298.14568989911	1542.59997558594
3300.08470911695	1518.90002441406
3302.02321835546	1526.80004882813
3303.96121782435	1525.69995117188
3305.89870773306	1518.5
3307.83568829081	1515.80004882813
3309.77215970655	1532.40002441406
3311.70812218898	1528.30004882813
3313.64357594655	1516
3315.57852118747	1523.59997558594
3317.51295811968	1519.09997558594
3319.44688695087	1520.90002441406
3321.38030788849	1535.59997558594
3323.31322113973	1519.69995117188
3325.24562691152	1521.5
3327.17752541055	1519.19995117188
3329.10891684322	1520.59997558594
3331.03980141573	1523.30004882813
3332.97017933399	1537
3334.90005080364	1532.80004882813
3336.82941603011	1524.69995117188
3338.75827521852	1537.19995117188
3340.68662857377	1522.59997558594
3342.6144763005	1523.69995117188
3344.54181860308	1502.19995117188
3346.46865568561	1524.69995117188
3348.39498775195	1518.30004882813
3350.32081500571	1540.69995117188
3352.24613765022	1533
3354.17095588855	1508.19995117188
3356.09526992352	1532.30004882813
3358.01907995769	1521.40002441406
3359.94238619334	1522.59997558594
3361.86518883251	1537.19995117188
3363.78748807697	1526.80004882813
3365.70928412823	1521.69995117188
3367.63057718752	1527.69995117188
3369.55136745582	1527
3371.47165513386	1543.09997558594
3373.39144042208	1540.40002441406
3375.31072352066	1527.90002441406
3377.22950462953	1529.30004882813
3379.14778394834	1533.5
3381.06556167648	1526.59997558594
3382.98283801308	1532.40002441406
3384.89961315697	1537
3386.81588730676	1520.69995117188
3388.73166066076	1523.80004882813
3390.64693341702	1544.90002441406
3392.56170577332	1525.69995117188
3394.47597792716	1537.80004882813
3396.38975007581	1538.19995117188
3398.30302241623	1533.80004882813
3400.21579514512	1526.09997558594
3402.1280684589	1526.80004882813
3404.03984255374	1528.90002441406
3405.95111762553	1546.09997558594
3407.86189386987	1518.5
3409.77217148212	1528.09997558594
3411.68195065733	1533.59997558594
3413.5912315903	1538.40002441406
3415.50001447556	1528.19995117188
3417.40829950735	1529
3419.31608687963	1537.19995117188
3421.22337678611	1533
3423.1301694202	1534.09997558594
3425.03646497504	1529.19995117188
3426.9422636435	1518.5
3428.84756561816	1531.59997558594
3430.75237109135	1537.5
3432.65668025508	1529.59997558594
3434.56049330112	1520.09997558594
3436.46381042093	1533.5
3438.36663180571	1538.80004882813
3440.26895764638	1516.5
3442.17078813357	1523.40002441406
3444.07212345762	1527.90002441406
3445.97296380863	1522.80004882813
3447.87330937636	1517.69995117188
3449.77316035033	1532
3451.67251691977	1524.90002441406
3453.57137927361	1524.69995117188
3455.46974760052	1516.30004882813
3457.36762208886	1528
3459.26500292671	1537.19995117188
3461.16189030191	1516.09997558594
3463.05828440194	1531.40002441406
3464.95418541406	1521.5
3466.84959352519	1533.40002441406
3468.74450892201	1530.09997558594
3470.63893179088	1520.5
3472.53286231788	1522.80004882813
3474.42630068881	1527.69995117188
3476.31924708918	1527.09997558594
3478.2117017042	1526.19995117188
3480.1036647188	1532.19995117188
3481.99513631761	1508.80004882813
3483.88611668498	1523.30004882813
3485.77660600498	1532.59997558594
3487.66660446135	1543
3489.55611223758	1524.30004882813
3491.44512951683	1520.30004882813
3493.333656482	1514.5
3495.22169331568	1529.5
3497.10924020016	1525.5
3498.99629731746	1522
3500.88286484927	1522.5
3502.76894297702	1507.80004882813
3504.65453188182	1527.19995117188
3506.53963174449	1524.90002441406
3508.42424274555	1529.30004882813
3510.30836506524	1526.59997558594
3512.19199888349	1528
3514.07514437992	1540.30004882813
3515.95780173387	1516.40002441406
3517.83997112437	1508.80004882813
3519.72165273016	1514.90002441406
3521.60284672967	1514.59997558594
3523.48355330104	1524
3525.36377262208	1523.59997558594
3527.24350487035	1524.69995117188
3529.12275022306	1524.40002441406
3531.00150885715	1507.69995117188
3532.87978094923	1519.80004882813
3534.75756667562	1521.69995117188
3536.63486621235	1523
3538.51167973512	1509.59997558594
3540.38800741934	1534.80004882813
3542.26384944011	1512.5
3544.13920597223	1529.80004882813
3546.01407719018	1526.30004882813
3547.88846326815	1516.80004882813
3549.76236438002	1510.30004882813
3551.63578069934	1508.19995117188
3553.50871239938	1501.30004882813
3555.38115965309	1494.19995117188
3557.25312263311	1498.09997558594
3559.12460151177	1515.19995117188
3560.99559646109	1521
3562.86610765279	1534
3564.73613525825	1521
3566.60567944857	1526.80004882813
3568.47474039453	1518.09997558594
3570.34331826658	1519.5
3572.21141323487	1518.5
3574.07902546925	1503
3575.94615513922	1508.59997558594
3577.81280241401	1528.69995117188
3579.67896746249	1510.40002441406
3581.54465045325	1500.40002441406
3583.40985155455	1520.90002441406
3585.27457093432	1527.69995117188
3587.1388087602	1505.59997558594
3589.00256519949	1506.90002441406
3590.86584041919	1519.40002441406
3592.72863458597	1513
3594.59094786618	1531.09997558594
3596.45278042585	1503.80004882813
3598.31413243069	1511.69995117188
3600.17500404611	1515.40002441406
3602.03539543717	1517
3603.89530676861	1504.69995117188
3605.75473820488	1519.69995117188
3607.61368991007	1518.19995117188
3609.47216204797	1522.19995117188
3611.33015478203	1515.59997558594
3613.18766827539	1512.5
3615.04470269087	1515.19995117188
3616.90125819094	1505.90002441406
3618.75733493776	1516.40002441406
3620.61293309318	1525.59997558594
3622.46805281869	1517.69995117188
3624.32269427547	1513
3626.17685762439	1511.80004882813
3628.03054302596	1523.40002441406
3629.88375064038	1523.5
3631.73648062751	1516.40002441406
3633.5887331469	1506.59997558594
3635.44050835775	1513.5
3637.29180641893	1501.19995117188
3639.14262748899	1515
3640.99297172614	1515.30004882813
3642.84283928828	1506.80004882813
3644.69223033294	1513.40002441406
3646.54114501734	1503.69995117188
3648.38958349836	1518.09997558594
3650.23754593256	1514.69995117188
3652.08503247614	1508
3653.93204328497	1508.90002441406
3655.77857851462	1509.19995117188
3657.62463832028	1503.09997558594
3659.47022285682	1518
3661.31533227877	1500.69995117188
3663.15996674033	1502.09997558594
3665.00412639535	1509.80004882813
3666.84781139736	1498.19995117188
3668.69102189953	1498
3670.5337580547	1502.40002441406
3672.37602001537	1508.19995117188
3674.21780793368	1505.5
3676.05912196148	1508.59997558594
3677.89996225021	1494.40002441406
3679.74032895103	1522.19995117188
3681.58022221471	1511.80004882813
3683.41964219171	1503.09997558594
3685.25858903211	1497.69995117188
3687.0970628857	1504.80004882813
3688.93506390186	1501.30004882813
3690.77259222968	1506
3692.60964801787	1501.5
3694.44623141481	1510.69995117188
3696.28234256853	1509.69995117188
3698.11798162669	1508
3699.95314873665	1501.30004882813
3701.78784404537	1497.40002441406
3703.62206769951	1505.5
3705.45581984533	1506.5
3707.28910062877	1521.40002441406
3709.12191019542	1512.30004882813
3710.95424869052	1511.80004882813
3712.78611625894	1510
3714.6175130452	1518.59997558594
3716.44843919349	1513.59997558594
3718.27889484764	1512.90002441406
3720.1088801511	1508.09997558594
3721.93839524699	1513.69995117188
3723.76744027808	1519.80004882813
3725.59601538677	1513.09997558594
3727.4241207151	1512.80004882813
