40.2973356941271	1125
43.2236257608418	1127.09997558594
46.1488808466109	1127.09997558594
49.0731017336173	1126.40002441406
51.9962892025666	1127.80004882813
54.9184440327569	1128.80004882813
57.8395670020446	1129.5
60.7596588868509	1132.90002441406
63.6787204621708	1131.80004882813
66.5967525015794	1135.59997558594
69.5137557772381	1137.59997558594
72.4297310598838	1140.5
75.3446791188512	1136.90002441406
78.2586007220466	1144.09997558594
81.1714966360015	1150.5
84.0833676258266	1156
86.994214455242	1164.90002441406
89.9040378865662	1172.5
92.8128386807427	1176.19995117188
95.7206175973133	1187.59997558594
98.6273753944444	1196.30004882813
101.533112828928	1195.90002441406
104.437830656161	1194.90002441406
107.34152963018	1197.30004882813
110.244210503676	1195.69995117188
113.145874027931	1192.40002441406
116.046520952895	1194.80004882813
118.946152027154	1192.59997558594
121.844767997933	1191.69995117188
124.74236961111	1187.19995117188
127.638957611212	1192.69995117188
130.534532741422	1194.40002441406
133.429095743606	1199.09997558594
136.322647358252	1196
139.215188324544	1193.30004882813
142.106719380311	1199.30004882813
144.997241262089	1194.69995117188
147.886754705057	1196.40002441406
150.775260443096	1195.5
153.662759208748	1196.09997558594
156.549251733282	1192.5
159.434738746612	1189.59997558594
162.319220977376	1196.30004882813
165.20269915289	1192.5
168.085173999178	1196.19995117188
170.966646240977	1193.09997558594
173.847116601709	1199
176.726585803528	1193.40002441406
179.605054567295	1192.90002441406
182.48252361259	1186.80004882813
185.358993657701	1186.5
188.234465419645	1187.69995117188
191.108939614183	1191.5
193.982416955795	1190.09997558594
196.854898157687	1191.40002441406
199.726383931801	1190.5
202.596874988835	1198.09997558594
205.466372038225	1193.30004882813
208.334875788145	1195.19995117188
211.202386945534	1190.09997558594
214.068906216069	1192.09997558594
216.934434304194	1193
219.798971913111	1192.69995117188
222.662519744776	1197.69995117188
225.525078499925	1196.40002441406
228.386648878069	1194.09997558594
231.247231577465	1198.19995117188
234.106827295172	1193.40002441406
236.965436727012	1194.5
239.823060567597	1198.59997558594
242.679699510337	1198.5
245.535354247396	1194.59997558594
248.390025469775	1196.69995117188
251.243713867223	1186.5
254.096420128327	1193.30004882813
256.948144940459	1197
259.798888989788	1193.5
262.648652961315	1191.80004882813
265.49743753883	1199
268.345243404939	1194.40002441406
271.192071241073	1197
274.037921727485	1196
276.882795543246	1197.40002441406
279.72669336624	1194.30004882813
282.569615873213	1189.69995117188
285.411563739724	1197.09997558594
288.252537640165	1192.59997558594
291.092538247763	1196.80004882813
293.931566234616	1200
296.769622271633	1200.80004882813
299.606707028594	1200
302.442821174104	1196.19995117188
305.277965375652	1195.30004882813
308.112140299574	1199.59997558594
310.945346611062	1195.19995117188
313.777584974167	1201.80004882813
316.608856051813	1196.69995117188
319.439160505797	1193.69995117188
322.268498996783	1197.09997558594
325.096872184303	1199.5
327.924280726782	1198.19995117188
330.750725281521	1207.19995117188
333.576206504693	1202
336.400725051388	1202.19995117188
339.224281575542	1202.30004882813
342.046876730026	1201.59997558594
344.868511166586	1193.09997558594
347.689185535872	1203.69995117188
350.508900487421	1195
353.327656669699	1198
356.145454730079	1203.40002441406
358.962295314817	1200.19995117188
361.778179069105	1195.59997558594
364.593106637051	1199.19995117188
367.407078661675	1196.30004882813
370.220095784913	1197.80004882813
373.032158647655	1198.09997558594
375.843267889676	1199
378.653424149715	1199.90002441406
381.462628065436	1200.59997558594
384.270880273432	1198.09997558594
387.078181409254	1199.80004882813
389.884532107358	1205.09997558594
392.689933001188	1201.80004882813
395.494384723112	1202.80004882813
398.29788790445	1208.5
401.100443175488	1199.5
403.902051165437	1202.19995117188
406.702712502518	1203
409.502427813866	1199.30004882813
412.301197725607	1208
415.099022862823	1204.90002441406
417.89590384957	1204.40002441406
420.691841308876	1204.09997558594
423.486835862752	1209
426.280888132173	1204.80004882813
429.073998737112	1210.09997558594
431.866168296507	1201.5
434.657397428298	1205
437.447686749412	1203.69995117188
440.237036875762	1200.30004882813
443.025448422257	1202.90002441406
445.812922002813	1205.5
448.599458230326	1208.69995117188
451.38505771672	1210.5
454.169721072909	1210
456.953448908819	1201.19995117188
459.736241833384	1206.80004882813
462.518100454555	1208.59997558594
465.2990253793	1209.80004882813
468.079017213605	1208.59997558594
470.858076562476	1207.80004882813
473.636204029939	1209.90002441406
476.41340021906	1207.40002441406
479.189665731938	1208
481.965001169667	1215
484.739407132419	1205
487.512884219391	1207.19995117188
490.285433028796	1215.19995117188
493.057054157921	1205.80004882813
495.827748203087	1212.69995117188
498.597515759658	1215.30004882813
501.366357422061	1207.5
504.134273783759	1210.69995117188
506.901265437278	1217.19995117188
509.66733297421	1211.30004882813
512.432476985198	1210.59997558594
515.196698059945	1212.5
517.959996787225	1210.09997558594
520.722373754895	1212.90002441406
523.483829549856	1216.30004882813
526.24436475811	1210.69995117188
529.003979964696	1214.59997558594
531.762675753779	1216.5
534.520452708569	1217.19995117188
537.277311411375	1207.59997558594
540.03325244359	1219.59997558594
542.788276385682	1209.59997558594
545.54238381725	1213
548.295575316938	1217.69995117188
551.047851462516	1210.59997558594
553.799212830831	1210.69995117188
556.549659997851	1212.19995117188
559.299193538643	1215.30004882813
562.047814027381	1216.69995117188
564.795522037318	1207.09997558594
567.542318140861	1212.19995117188
570.288202909507	1211.90002441406
573.033176913873	1213.80004882813
575.7772407237	1212.69995117188
578.520394907829	1226.40002441406
581.26264003424	1213.30004882813
584.003976670046	1215.40002441406
586.744405381469	1216.19995117188
589.483926733869	1212.30004882813
592.222541291746	1213.69995117188
594.96024961872	1217.5
597.697052277563	1218.69995117188
600.432949830166	1221
603.167942837587	1221.69995117188
605.902031860012	1213.5
608.635217456783	1217.19995117188
611.367500186378	1215.40002441406
614.098880606429	1218.19995117188
616.82935927374	1217.09997558594
619.558936744248	1215.80004882813
622.287613573072	1211.59997558594
625.015390314457	1220.09997558594
627.742267521848	1214.90002441406
630.468245747829	1224.69995117188
633.193325544166	1221.19995117188
635.917507461792	1220.90002441406
638.640792050804	1216.5
641.36317986048	1224.30004882813
644.084671439281	1215.5
646.805267334845	1217.30004882813
649.524968093967	1218.09997558594
652.24377426266	1217.19995117188
654.961686386106	1216.5
657.678705008678	1229.69995117188
660.394830673939	1223.80004882813
663.110063924628	1210.40002441406
665.824405302728	1225.30004882813
668.537855349351	1217.69995117188
671.250414604863	1228.59997558594
673.962083608812	1221
676.672862899949	1227.59997558594
679.382753016218	1221
682.091754494801	1219.5
684.799867872061	1225
687.507093683595	1222.40002441406
690.213432464198	1231
692.918884747899	1222.90002441406
695.623451067937	1226.30004882813
698.327131956755	1231.40002441406
701.029927946065	1223.19995117188
703.731839566754	1230.40002441406
706.43286734896	1222.40002441406
709.133011822067	1227.40002441406
711.832273514658	1228
714.53065295457	1229.19995117188
717.228150668879	1234.30004882813
719.924767183889	1230.80004882813
722.620503025148	1237.59997558594
725.315358717446	1225.59997558594
728.009334784827	1230.80004882813
730.702431750559	1231.59997558594
733.394650137188	1223.90002441406
736.085990466498	1226.09997558594
738.776453259519	1225.40002441406
741.466039036542	1230.69995117188
744.154748317125	1229.30004882813
746.842581620074	1217.19995117188
749.529539463458	1238.5
752.215622364608	1235.69995117188
754.900830840131	1225
757.585165405892	1235.80004882813
760.26862657703	1225.19995117188
762.951214867957	1231.40002441406
765.632930792356	1228.90002441406
768.313774863181	1233.40002441406
770.993747592673	1238.30004882813
773.672849492359	1237.09997558594
776.351081073017	1232.19995117188
779.028442844757	1234.30004882813
781.704935316928	1233.90002441406
784.380558998208	1232.30004882813
787.055314396528	1232.69995117188
789.729202019141	1234.30004882813
792.402222372581	1245.40002441406
795.074375962669	1236.80004882813
797.745663294537	1233.90002441406
800.416084872622	1227.90002441406
803.085641200652	1230.80004882813
805.754332781664	1227.5
808.422160117986	1230.90002441406
811.089123711292	1233.69995117188
813.75522406252	1240.40002441406
816.420461671951	1231.5
819.084837039164	1239
821.748350663067	1229.59997558594
824.411003041866	1232.09997558594
827.072794673116	1237.69995117188
829.733726053668	1239
832.39379767971	1232.90002441406
835.05301004674	1233.5
837.711363649601	1232.19995117188
840.368858982457	1234.5
843.025496538805	1237.59997558594
845.681276811467	1236.80004882813
848.336200292618	1244.59997558594
850.99026747375	1248
853.643478845713	1235.80004882813
856.29583489868	1228.90002441406
858.947336122176	1234
861.59798300506	1240
864.247776035556	1238.69995117188
866.896715701222	1236.19995117188
869.544802488959	1254.30004882813
872.192036885046	1240.09997558594
874.838419375087	1238.5
877.483950444054	1238.40002441406
880.128630576285	1237.69995117188
882.772460255461	1244.30004882813
885.415439964628	1242.19995117188
888.057570186211	1245.80004882813
890.698851401966	1247.5
893.339284093045	1236.59997558594
895.978868739961	1241.40002441406
898.617605822596	1237.90002441406
901.255495820196	1240.90002441406
903.892539211396	1242.30004882813
906.528736474184	1243.80004882813
909.164088085949	1248.80004882813
911.798594523442	1239.5
914.432256262804	1236.90002441406
917.065073779549	1237.30004882813
919.697047548589	1236.40002441406
922.328178044212	1246.40002441406
924.9584657401	1246.69995117188
927.587911109317	1243.90002441406
930.216514624317	1245.90002441406
932.844276756963	1246.80004882813
935.471197978488	1246.5
938.097278759538	1243.30004882813
940.722519570163	1242.19995117188
943.346920879798	1241.30004882813
945.97048315729	1236.90002441406
948.593206870885	1241.80004882813
951.215092488219	1252
953.836140476366	1241.40002441406
956.456351301787	1256.59997558594
959.07572543037	1247.40002441406
961.694263327369	1250.80004882813
964.311965457521	1256.40002441406
966.928832284933	1242.40002441406
969.544864273135	1248.59997558594
972.160061885076	1249
974.774425583129	1249
977.387955829099	1246.5
980.000653084196	1249.5
982.612517809061	1256.90002441406
985.223550463768	1245.19995117188
987.833751507819	1257.90002441406
990.443121400135	1249.19995117188
993.051660599081	1237.80004882813
995.659369562449	1250.80004882813
998.266248747469	1251.69995117188
1000.87229861081	1256.90002441406
1003.47751960857	1251.90002441406
1006.0819121963	1252.19995117188
1008.68547682897	1244
1011.28821396104	1248.40002441406
1013.89012404635	1252.30004882813
1016.49120753824	1251
1019.09146488947	1244.40002441406
1021.69089655226	1248.40002441406
1024.28950297827	1254.09997558594
1026.88728461863	1251.09997558594
1029.48424192392	1245.09997558594
1032.08037534416	1248.5
1034.67568532886	1258.40002441406
1037.27017232694	1255.40002441406
1039.86383678682	1250.90002441406
1042.45667915637	1242.59997558594
1045.04869988293	1252
1047.6398994133	1259.19995117188
1050.23027819374	1255.80004882813
1052.81983666998	1253.59997558594
1055.40857528724	1257.5
1057.99649449018	1259.5
1060.58359472296	1257.59997558594
1063.1698764292	1248.40002441406
1065.755340052	1261
1068.33998603393	1251.09997558594
1070.92381481706	1257.80004882813
1073.50682684291	1260.69995117188
1076.08902255251	1256.69995117188
1078.67040238637	1255.80004882813
1081.25096678445	1252.09997558594
1083.83071618624	1267.09997558594
1086.4096510307	1248
1088.98777175629	1257.69995117188
1091.56507880094	1259.69995117188
1094.14157260208	1255.59997558594
1096.71725359664	1258.80004882813
1099.29212222106	1259.80004882813
1101.86617891125	1255.09997558594
1104.43942410262	1254.59997558594
1107.01185823011	1256.59997558594
1109.58348172812	1256.40002441406
1112.15429503057	1261.80004882813
1114.7242985709	1257.5
1117.29349278203	1256.69995117188
1119.86187809642	1256.30004882813
1122.42945494599	1254.19995117188
1124.99622376222	1253.30004882813
1127.56218497606	1259.90002441406
1130.12733901801	1261.30004882813
1132.69168631804	1254.30004882813
1135.25522730568	1259.90002441406
1137.81796240995	1249.90002441406
1140.37989205941	1254.59997558594
1142.9410166821	1269.09997558594
1145.50133670561	1260.40002441406
1148.06085255708	1250.5
1150.61956466311	1259.30004882813
1153.17747344987	1259
1155.73457934305	1258.40002441406
1158.29088276786	1257.19995117188
1160.84638414903	1254.59997558594
1163.40108391085	1260.40002441406
1165.95498247711	1268.09997558594
1168.50808027116	1261.5
1171.06037771587	1265.90002441406
1173.61187523364	1266
1176.16257324643	1261.19995117188
1178.71247217573	1264.5
1181.26157244255	1257.5
1183.80987446746	1264.19995117188
1186.35737867059	1260.30004882813
1188.90408547157	1260.69995117188
1191.44999528961	1267.30004882813
1193.99510854347	1255
1196.53942565142	1261.90002441406
1199.08294703133	1259.80004882813
1201.62567310057	1268.59997558594
1204.16760427611	1256.80004882813
1206.70874097445	1253.69995117188
1209.24908361163	1259.90002441406
1211.78863260327	1266
1214.32738836454	1258.19995117188
1216.86535131017	1268
1219.40252185445	1257.09997558594
1221.93890041121	1270.09997558594
1224.47448739389	1264.59997558594
1227.00928321544	1260.5
1229.54328828842	1263.5
1232.07650302491	1271
1234.60892783662	1264.09997558594
1237.14056313477	1270.40002441406
1239.67140933017	1269.19995117188
1242.2014668332	1270
1244.73073605384	1268.90002441406
1247.25921740159	1272.59997558594
1249.78691128558	1270
1252.31381811448	1269.59997558594
1254.83993829655	1279.40002441406
1257.36527223962	1277.40002441406
1259.88982035112	1278.30004882813
1262.41358303803	1275.5
1264.93656070696	1279.69995117188
1267.45875376405	1264.30004882813
1269.98016261505	1272.69995117188
1272.50078766531	1271.69995117188
1275.02062931974	1276.5
1277.53968798285	1270.19995117188
1280.05796405875	1271.59997558594
1282.57545795112	1275.90002441406
1285.09217006325	1270.40002441406
1287.60810079802	1275.80004882813
1290.12325055788	1271.59997558594
1292.63761974492	1276.90002441406
1295.15120876079	1277.30004882813
1297.66401800676	1277.90002441406
1300.17604788367	1282.40002441406
1302.687298792	1277
1305.19777113181	1279.59997558594
1307.70746530274	1275.59997558594
1310.21638170408	1275.19995117188
1312.7245207347	1279.40002441406
1315.23188279307	1271.5
1317.73846827728	1276.40002441406
1320.24427758502	1281.69995117188
1322.74931111359	1272.80004882813
1325.25356925991	1272.5
1327.75705242051	1274.40002441406
1330.25976099151	1276.80004882813
1332.76169536868	1274
1335.26285594737	1280
1337.76324312256	1274.5
1340.26285728887	1276.59997558594
1342.76169884052	1280.40002441406
1345.25976817132	1278
1347.75706567474	1273.59997558594
1350.25359174387	1275.90002441406
1352.74934677141	1272.69995117188
1355.24433114968	1278.30004882813
1357.73854527062	1277
1360.23198952583	1280.40002441406
1362.7246643065	1285.09997558594
1365.21657000347	1277.19995117188
1367.7077070072	1284.5
1370.19807570777	1273.90002441406
1372.68767649492	1277
1375.176509758	1274.80004882813
1377.66457588599	1284.5
1380.15187526753	1277.09997558594
1382.63840829087	1276.59997558594
1385.1241753439	1284.30004882813
1387.60917681417	1275.69995117188
1390.09341308884	1276.40002441406
1392.57688455474	1277.19995117188
1395.05959159829	1283.30004882813
1397.54153460562	1279.19995117188
1400.02271396243	1294.59997558594
1402.50313005414	1268.80004882813
1404.98278326576	1288.30004882813
1407.46167398196	1278.69995117188
1409.93980258707	1283.40002441406
1412.41716946504	1285
1414.89377499951	1282.90002441406
1417.36961957373	1283
1419.84470357062	1285.09997558594
1422.31902737275	1282.09997558594
1424.79259136235	1278.30004882813
1427.26539592129	1280.80004882813
1429.73744143111	1297.90002441406
1432.20872827299	1294.80004882813
1434.67925682777	1282.80004882813
1437.14902747597	1287.30004882813
1439.61804059773	1296.30004882813
1442.0862965729	1276
1444.55379578093	1293.90002441406
1447.02053860099	1287.80004882813
1449.48652541188	1295.40002441406
1451.95175659206	1287.30004882813
1454.41623251969	1291.69995117188
1456.87995357255	1296.90002441406
1459.34292012811	1287.5
1461.80513256351	1288.59997558594
1464.26659125557	1289
1466.72729658073	1290.59997558594
1469.18724891517	1285.5
1471.64644863469	1295.09997558594
1474.10489611478	1293.59997558594
1476.5625917306	1298.30004882813
1479.01953585699	1287.90002441406
1481.47572886844	1288.69995117188
1483.93117113917	1286
1486.38586304302	1291.80004882813
1488.83980495354	1294.5
1491.29299724395	1290.19995117188
1493.74544028715	1287.09997558594
1496.19713445573	1295
1498.64808012193	1288
1501.09827765772	1282.59997558594
1503.54772743471	1282
1505.99642982421	1305.5
1508.44438519723	1291.40002441406
1510.89159392446	1290.40002441406
1513.33805637625	1294.90002441406
1515.78377292266	1292.19995117188
1518.22874393346	1292.19995117188
1520.67296977806	1286.59997558594
1523.11645082559	1296.19995117188
1525.55918744488	1280.69995117188
1528.00118000444	1293.80004882813
1530.44242887245	1289.5
1532.88293441684	1294.40002441406
1535.32269700517	1295.59997558594
1537.76171700475	1291.5
1540.19999478255	1274.59997558594
1542.63753070526	1287.90002441406
1545.07432513925	1295.5
1547.5103784506	1298.19995117188
1549.94569100509	1292.90002441406
1552.38026316819	1295.30004882813
1554.8140953051	1296.40002441406
1557.24718778067	1301.69995117188
1559.67954095952	1296.30004882813
1562.11115520592	1293.69995117188
1564.54203088386	1298.69995117188
1566.97216835704	1297.59997558594
1569.40156798888	1300
1571.83023014248	1290.69995117188
1574.25815518067	1296.5
1576.68534346597	1298.59997558594
1579.11179536062	1310.69995117188
1581.53751122658	1296.80004882813
1583.9624914255	1287.90002441406
1586.38673631876	1296.40002441406
1588.81024626745	1299.40002441406
1591.23302163235	1300.80004882813
1593.655062774	1293.09997558594
1596.07637005262	1298
1598.49694382815	1295.59997558594
1600.91678446025	1303.59997558594
1603.33589230831	1304.59997558594
1605.75426773142	1306.80004882813
1608.1719110884	1307.59997558594
1610.58882273779	1296.40002441406
1613.00500303784	1306
1615.42045234654	1303.90002441406
1617.83517102158	1296
1620.24915942039	1301.09997558594
1622.66241790012	1300.30004882813
1625.07494681764	1299
1627.48674652954	1299.69995117188
1629.89781739216	1314.09997558594
1632.30815976152	1307.69995117188
1634.71777399343	1310.90002441406
1637.12666044338	1314
1639.53481946661	1305.40002441406
1641.94225141808	1309.59997558594
1644.34895665248	1304.40002441406
1646.75493552424	1303.30004882813
1649.16018838752	1312.59997558594
1651.56471559621	1309.5
1653.96851750392	1316.90002441406
1656.37159446403	1322.40002441406
1658.7739468296	1316.90002441406
1661.17557495349	1319.69995117188
1663.57647918824	1312.59997558594
1665.97665988617	1316.90002441406
1668.37611739929	1313.69995117188
1670.77485207939	1321.09997558594
1673.17286427799	1306.59997558594
1675.57015434633	1309.19995117188
1677.96672263542	1306.59997558594
1680.36256949598	1300.69995117188
1682.7576952785	1311.80004882813
1685.15210033318	1307.69995117188
1687.54578501	1301.19995117188
1689.93874965866	1310.40002441406
1692.33099462861	1304
1694.72252026904	1304.09997558594
1697.11332692889	1312.5
1699.50341495686	1308.59997558594
1701.89278470137	1305.09997558594
1704.28143651061	1313
1706.66937073251	1304.69995117188
1709.05658771473	1306.69995117188
1711.44308780473	1312.90002441406
1713.82887134968	1300.90002441406
1716.21393869648	1313.59997558594
1718.59829019185	1316.5
1720.98192618221	1304.80004882813
1723.36484701374	1304.19995117188
1725.74705303238	1302.90002441406
1728.12854458384	1320.19995117188
1730.50932201356	1307
1732.88938566673	1309.5
1735.26873588834	1308
1737.64737302307	1306.30004882813
1740.02529741544	1310.09997558594
1742.40250940964	1307.40002441406
1744.77900934969	1309.90002441406
1747.15479757933	1315.69995117188
1749.52987444206	1307.69995117188
1751.90424028116	1313.19995117188
1754.27789543967	1310.69995117188
1756.65084026037	1314.30004882813
1759.02307508582	1309.80004882813
1761.39460025833	1305.80004882813
1763.76541612	1308.5
1766.13552301265	1308.59997558594
1768.50492127791	1322.80004882813
1770.87361125714	1303.5
1773.2415932915	1311.40002441406
1775.60886772188	1317.30004882813
1777.97543488896	1314.59997558594
1780.34129513318	1303.40002441406
1782.70644879475	1316
1785.07089621365	1318.90002441406
1787.43463772964	1317.30004882813
1789.7976736822	1318.30004882813
1792.16000441066	1309.09997558594
1794.52163025405	1313.19995117188
1796.88255155121	1318.40002441406
1799.24276864074	1310.09997558594
1801.60228186102	1315.90002441406
1803.96109155019	1306.59997558594
1806.31919804618	1312.5
1808.67660168668	1324.09997558594
1811.03330280916	1320.59997558594
1813.38930175088	1311.30004882813
1815.74459884884	1313.90002441406
1818.09919443984	1327.5
1820.45308886047	1319.90002441406
1822.80628244708	1321.30004882813
1825.1587755358	1321.69995117188
1827.51056846254	1319.5
1829.86166156297	1314.69995117188
1832.21205517258	1316.80004882813
1834.56174962661	1320
1836.91074526009	1310.40002441406
1839.25904240783	1319.19995117188
1841.60664140443	1312
1843.95354258425	1314.90002441406
1846.29974628146	1330.19995117188
1848.64525282998	1332
1850.99006256356	1314.90002441406
1853.3341758157	1327.90002441406
1855.67759291968	1327
1858.02031420858	1310.80004882813
1860.36234001528	1319.30004882813
1862.70367067241	1319
1865.04430651244	1323.5
1867.38424786755	1337.80004882813
1869.72349506978	1326.69995117188
1872.06204845094	1315.30004882813
1874.39990834258	1323.09997558594
1876.73707507612	1317.59997558594
1879.07354898269	1320.59997558594
1881.40933039328	1321.5
1883.74441963861	1316.69995117188
1886.07881704925	1325.69995117188
1888.41252295551	1330.90002441406
1890.74553768751	1332.69995117188
1893.07786157519	1316.80004882813
1895.40949494822	1332.69995117188
1897.74043813615	1321.80004882813
1900.07069146823	1323.30004882813
1902.40025527357	1325
1904.72912988106	1313.19995117188
1907.05731561938	1327.80004882813
1909.38481281699	1327.59997558594
1911.71162180217	1317.40002441406
1914.037742903	1315.5
1916.36317644734	1331.30004882813
1918.68792276284	1321.30004882813
1921.01198217697	1317.5
1923.33535501699	1331.69995117188
1925.65804160996	1328.59997558594
1927.98004228273	1317.80004882813
1930.30135736196	1317.09997558594
1932.6219871741	1333.19995117188
1934.94193204543	1329.30004882813
1937.26119230198	1330.80004882813
1939.57976826962	1319.90002441406
1941.89766027402	1328.40002441406
1944.21486864062	1325.19995117188
1946.53139369472	1334.59997558594
1948.84723576137	1333
1951.16239516543	1328.30004882813
1953.47687223159	1326.59997558594
1955.79066728434	1327.69995117188
1958.10378064794	1332
1960.4162126465	1321.30004882813
1962.7279636039	1326
1965.03903384385	1333.5
1967.34942368987	1325.5
1969.65913346524	1340.09997558594
1971.96816349311	1332.59997558594
1974.2765140964	1334.19995117188
1976.58418559784	1341.59997558594
1978.89117831997	1333
1981.19749258516	1323.90002441406
1983.50312871555	1329.5
1985.80808703313	1317.40002441406
1988.11236785967	1335.30004882813
1990.41597151676	1317.80004882813
1992.71889832581	1337.90002441406
1995.02114860801	1333.40002441406
1997.3227226844	1337.30004882813
1999.62362087581	1334.69995117188
2001.92384350288	1328.30004882813
2004.22339088608	1329.09997558594
2006.52226334567	1328.19995117188
2008.82046120173	1328.30004882813
2011.11798477417	1340
2013.41483438269	1333.69995117188
2015.71101034681	1326.80004882813
2018.00651298588	1333.5
2020.30134261905	1338
2022.59549956528	1327
2024.88898414337	1336.30004882813
2027.1817966719	1331.19995117188
2029.4739374693	1340.69995117188
2031.76540685379	1345.69995117188
2034.05620514342	1333.30004882813
2036.34633265607	1326.90002441406
2038.6357897094	1333.5
2040.92457662092	1331.30004882813
2043.21269370795	1338.09997558594
2045.50014128763	1329.59997558594
2047.78691967691	1330.40002441406
2050.07302919256	1330.30004882813
2052.35847015118	1335.69995117188
2054.64324286919	1329
2056.9273476628	1330.30004882813
2059.21078484808	1337.69995117188
2061.4935547409	1344.19995117188
2063.77565765696	1334.30004882813
2066.05709391176	1336.30004882813
2068.33786382065	1337.09997558594
2070.61796769879	1332.80004882813
2072.89740586116	1335.40002441406
2075.17617862255	1345.40002441406
2077.45428629759	1338.80004882813
2079.73172920075	1339.30004882813
2082.00850764627	1341.69995117188
2084.28462194827	1343.69995117188
2086.56007242065	1325.30004882813
2088.83485937717	1332.90002441406
2091.10898313139	1342.30004882813
2093.3824439967	1336.5
2095.65524228632	1325.59997558594
2097.92737831328	1336
2100.19885239047	1341.69995117188
2102.46966483057	1337.69995117188
2104.7398159461	1346.69995117188
2107.00930604941	1338.19995117188
2109.27813545267	1344.09997558594
2111.54630446787	1336.09997558594
2113.81381340685	1330.30004882813
2116.08066258126	1342
2118.34685230257	1346.40002441406
2120.61238288211	1345.09997558594
2122.87725463099	1333.59997558594
2125.1414678602	1339.69995117188
2127.40502288052	1349.09997558594
2129.66792000257	1336.40002441406
2131.93015953682	1341.5
2134.19174179353	1345.80004882813
2136.45266708282	1347.69995117188
2138.71293571463	1348.69995117188
2140.97254799873	1351.30004882813
2143.23150424473	1347.5
2145.48980476205	1349.80004882813
2147.74744985996	1342.90002441406
2150.00443984754	1348.19995117188
2152.26077503373	1337.90002441406
2154.51645572728	1343.69995117188
2156.77148223677	1350.09997558594
2159.02585487064	1338.09997558594
2161.27957393713	1342
2163.53263974432	1347.30004882813
2165.78505260012	1338.80004882813
2168.0368128123	1341.69995117188
2170.28792068844	1360.69995117188
2172.53837653595	1344.90002441406
2174.78818066207	1344.59997558594
2177.03733337389	1337.59997558594
2179.28583497833	1343.09997558594
2181.53368578214	1345.59997558594
2183.78088609192	1351.69995117188
2186.02743621406	1346.59997558594
2188.27333645484	1353.5
2190.51858712033	1346.69995117188
2192.76318851646	1338.90002441406
2195.00714094901	1333.19995117188
2197.25044472354	1345.30004882813
2199.49310014551	1345.19995117188
2201.73510752018	1340.09997558594
2203.97646715265	1343.90002441406
2206.21717934786	1346.59997558594
2208.45724441058	1337.90002441406
2210.69666264543	1353.69995117188
2212.93543435686	1349.19995117188
2215.17355984914	1350.59997558594
2217.41103942642	1341.09997558594
2219.64787339264	1332.90002441406
2221.8840620516	1342.19995117188
2224.11960570695	1353.80004882813
2226.35450466215	1339.5
2228.58875922051	1352.69995117188
2230.82236968518	1347.40002441406
2233.05533635916	1339
2235.28765954527	1352.90002441406
2237.51933954617	1349.69995117188
2239.75037666437	1356.5
2241.98077120221	1356.59997558594
2244.21052346188	1347.80004882813
2246.4396337454	1347.40002441406
2248.66810235461	1355.59997558594
2250.89592959125	1347.90002441406
2253.12311575681	1341.59997558594
2255.34966115272	1357.09997558594
2257.57556608017	1352.5
2259.80083084023	1348.59997558594
2262.02545573381	1344
2264.24944106163	1352.90002441406
2266.47278712429	1350.80004882813
2268.69549422221	1350.19995117188
2270.91756265564	1357.59997558594
2273.1389927247	1345.90002441406
2275.35978472934	1353.40002441406
2277.57993896933	1350.80004882813
2279.79945574431	1361.09997558594
2282.01833535375	1343.69995117188
2284.23657809696	1361.09997558594
2286.45418427309	1356
2288.67115418114	1343.59997558594
2290.88748811995	1354.19995117188
2293.10318638819	1359.69995117188
2295.3182492844	1350.40002441406
2297.53267710693	1346.5
2299.746470154	1354.90002441406
2301.95962872364	1359.40002441406
2304.17215311376	1359
2306.3840436221	1345.69995117188
2308.59530054621	1357.09997558594
2310.80592418354	1351.19995117188
2313.01591483134	1351.59997558594
2315.22527278673	1352.09997558594
2317.43399834666	1357.80004882813
2319.64209180791	1349.90002441406
2321.84955346713	1350.5
2324.05638362079	1354.30004882813
2326.26258256524	1347.59997558594
2328.46815059664	1365.19995117188
2330.67308801098	1363.40002441406
2332.87739510415	1365.40002441406
2335.08107217184	1341.5
2337.2841195096	1354.19995117188
2339.48653741281	1356.80004882813
2341.68832617672	1360.59997558594
2343.8894860964	1358
2346.09001746678	1356.19995117188
2348.28992058261	1362.30004882813
2350.48919573852	1351.59997558594
2352.68784322898	1353.69995117188
2354.88586334826	1358.90002441406
2357.08325639055	1349.40002441406
2359.2800226498	1359.69995117188
2361.47616241988	1357.59997558594
2363.67167599445	1362.19995117188
2365.86656366706	1360
2368.06082573107	1352.30004882813
2370.2544624797	1356.09997558594
2372.44747420603	1368.69995117188
2374.63986120295	1358.69995117188
2376.83162376322	1365.69995117188
2379.02276217945	1360.30004882813
2381.21327674408	1361.19995117188
2383.4031677494	1362.80004882813
2385.59243548756	1351.09997558594
2387.78108025053	1357
2389.96910233014	1354.5
2392.15650201809	1357.40002441406
2394.34327960587	1358.19995117188
2396.52943538486	1354.90002441406
2398.71496964628	1360.19995117188
2400.89988268118	1365
2403.08417478048	1357.69995117188
2405.26784623491	1361.30004882813
2407.45089733509	1367.90002441406
2409.63332837146	1353.90002441406
2411.81513963429	1354.59997558594
2413.99633141375	1366.5
2416.1769039998	1355.09997558594
2418.35685768227	1350.19995117188
2420.53619275084	1353.30004882813
2422.71490949505	1344.40002441406
2424.89300820425	1368
2427.07048916765	1354.69995117188
2429.24735267433	1358.90002441406
2431.42359901319	1354.30004882813
2433.59922847297	1360.30004882813
2435.7742413423	1352.09997558594
2437.94863790961	1360
2440.12241846321	1358.19995117188
2442.29558329121	1373.09997558594
2444.46813268162	1357.40002441406
2446.64006692228	1362.69995117188
2448.81138630086	1359.59997558594
2450.98209110489	1355.80004882813
2453.15218162174	1371
2455.32165813864	1362.40002441406
2457.49052094265	1359.09997558594
2459.65877032069	1356.59997558594
2461.8264065595	1367.5
2463.99342994572	1367
2466.15984076579	1364.90002441406
2468.325639306	1354.30004882813
2470.49082585251	1362.69995117188
2472.65540069131	1367.80004882813
2474.81936410824	1369.59997558594
2476.98271638899	1366.09997558594
2479.14545781909	1367.80004882813
2481.30758868392	1363.80004882813
2483.4691092687	1372.90002441406
2485.63001985852	1369.90002441406
2487.79032073829	1359.40002441406
2489.95001219277	1367.90002441406
2492.10909450659	1363.19995117188
2494.26756796419	1359.69995117188
2496.42543284989	1369.40002441406
2498.58268944783	1372.40002441406
2500.73933804202	1376.5
2502.8953789163	1368
2505.05081235436	1371.30004882813
2507.20563863974	1357.19995117188
2509.35985805582	1377.40002441406
2511.51347088583	1370
2513.66647741285	1365.40002441406
2515.81887791981	1367.59997558594
2517.97067268946	1365.80004882813
2520.12186200443	1367.09997558594
2522.27244614716	1360.90002441406
2524.42242539999	1373.40002441406
2526.57180004504	1368.09997558594
2528.72057036433	1369.69995117188
2530.8687366397	1358.59997558594
2533.01629915284	1373
2535.16325818527	1370.09997558594
2537.30961401839	1377.59997558594
2539.45536693343	1366.40002441406
2541.60051721145	1368.59997558594
2543.74506513338	1363.80004882813
2545.88901097997	1371.80004882813
2548.03235503185	1376.5
2550.17509756946	1371.59997558594
2552.31723887311	1368.69995117188
2554.45877922293	1368.09997558594
2556.59971889893	1358.5
2558.74005818094	1377.80004882813
2560.87979734864	1363
2563.01893668155	1363.69995117188
2565.15747645906	1363
2567.29541696037	1368.80004882813
2569.43275846454	1363.69995117188
2571.56950125049	1361.19995117188
2573.70564559696	1366
2575.84119178254	1353.80004882813
2577.97614008569	1365.19995117188
2580.11049078468	1361.40002441406
2582.24424415764	1371.09997558594
2584.37740048255	1363.80004882813
2586.50996003722	1366.30004882813
2588.64192309931	1367.5
2590.77328994634	1376.69995117188
2592.90406085564	1374.59997558594
2595.03423610442	1374.90002441406
2597.16381596971	1378
2599.29280072839	1367.09997558594
2601.42119065719	1367.19995117188
2603.54898603267	1356.30004882813
2605.67618713125	1366.40002441406
2607.80279422919	1368.40002441406
2609.92880760257	1363.69995117188
2612.05422752735	1373
2614.17905427932	1373.40002441406
2616.30328813408	1371.5
2618.42692936713	1373.19995117188
2620.54997825377	1385.19995117188
2622.67243506915	1378.59997558594
2624.79430008828	1386.40002441406
2626.915573586	1373.90002441406
2629.03625583699	1369.69995117188
2631.15634711579	1377.69995117188
2633.27584769675	1368.80004882813
2635.39475785408	1366.19995117188
2637.51307786185	1365.90002441406
2639.63080799394	1364.5
2641.74794852409	1357.19995117188
2643.86449972589	1365.80004882813
2645.98046187273	1371.40002441406
2648.0958352379	1367.30004882813
2650.21062009449	1369.90002441406
2652.32481671544	1372.40002441406
2654.43842537353	1381.90002441406
2656.5514463414	1367.80004882813
2658.66387989151	1378.80004882813
2660.77572629616	1372.30004882813
2662.88698582751	1386.19995117188
2664.99765875753	1378
2667.10774535806	1372.80004882813
2669.21724590076	1372.90002441406
2671.32616065714	1366
2673.43448989857	1376
2675.5422338962	1381.40002441406
2677.64939292108	1388
2679.75596724408	1375.09997558594
2681.86195713589	1367.40002441406
2683.96736286707	1381.40002441406
2686.07218470799	1374.80004882813
2688.17642292889	1366.19995117188
2690.28007779982	1382.69995117188
2692.38314959069	1382.90002441406
2694.48563857123	1369.40002441406
2696.58754501103	1371
2698.6888691795	1378
2700.78961134588	1375.80004882813
2702.8897717793	1380.19995117188
2704.98935074864	1375.30004882813
2707.08834852271	1379.90002441406
2709.18676537009	1372
2711.28460155925	1371.59997558594
2713.38185735843	1377.40002441406
2715.47853303577	1380.30004882813
2717.57462885924	1381.30004882813
2719.67014509659	1365.59997558594
2721.76508201548	1375.69995117188
2723.85943988337	1378.5
2725.95321896754	1378.09997558594
2728.04641953515	1373.5
2730.13904185316	1379.69995117188
2732.23108618837	1370.69995117188
2734.32255280744	1383.40002441406
2736.41344197683	1383.40002441406
2738.50375396288	1379.30004882813
2740.5934890317	1372.5
2742.68264744932	1380.59997558594
2744.77122948153	1386.59997558594
2746.85923539398	1368.5
2748.94666545217	1375.59997558594
2751.03351992142	1373.30004882813
2753.11979906688	1369.19995117188
2755.20550315355	1369.40002441406
2757.29063244624	1382.90002441406
2759.37518720963	1380.09997558594
2761.45916770819	1375.09997558594
2763.54257420625	1378.09997558594
2765.62540696797	1388.5
2767.70766625733	1366.90002441406
2769.78935233816	1368.5
2771.87046547413	1371.69995117188
2773.95100592869	1370.09997558594
2776.03097396519	1382.59997558594
2778.11036984677	1379
2780.18919383641	1375.90002441406
2782.26744619693	1380.59997558594
2784.34512719097	1376.59997558594
2786.42223708102	1372.59997558594
2788.49877612937	1379.59997558594
2790.57474459816	1374.90002441406
2792.65014274937	1378.90002441406
2794.7249708448	1379.09997558594
2796.79922914607	1378.19995117188
2798.87291791465	1380.59997558594
2800.94603741181	1374
2803.01858789869	1372.90002441406
2805.09056963623	1393.5
2807.1619828852	1382.80004882813
2809.23282790621	1372.80004882813
2811.30310495971	1376.90002441406
2813.37281430593	1375.59997558594
2815.441956205	1381.30004882813
2817.51053091682	1378.80004882813
2819.57853870114	1390.30004882813
2821.64597981753	1374.30004882813
2823.7128545254	1387.30004882813
2825.77916308399	1389.90002441406
2827.84490575233	1394.19995117188
2829.91008278933	1379.09997558594
2831.97469445369	1389.59997558594
2834.03874100395	1387
2836.10222269847	1380.40002441406
2838.16513979544	1381.09997558594
2840.22749255288	1379.69995117188
2842.28928122863	1398.19995117188
2844.35050608034	1400.69995117188
2846.41116736553	1398.09997558594
2848.47126534149	1391.30004882813
2850.53080026537	1404.5
2852.58977239414	1399.80004882813
2854.64818198459	1410.59997558594
2856.70602929332	1401.69995117188
2858.76331457678	1411.40002441406
2860.82003809123	1397.09997558594
2862.87620009274	1405.30004882813
2864.93180083723	1396.69995117188
2866.98684058043	1402.30004882813
2869.04131957789	1403.09997558594
2871.09523808497	1406.80004882813
2873.14859635689	1405.69995117188
2875.20139464866	1409
2877.2536332151	1414.80004882813
2879.30531231091	1408.19995117188
2881.35643219054	1404.69995117188
2883.40699310831	1402.5
2885.45699531834	1407.80004882813
2887.50643907457	1409.69995117188
2889.55532463077	1403.40002441406
2891.60365224053	1403.40002441406
2893.65142215724	1416.90002441406
2895.69863463414	1407.19995117188
2897.74528992426	1414.30004882813
2899.79138828046	1405.80004882813
2901.83692995544	1402.09997558594
2903.88191520168	1410.59997558594
2905.92634427151	1412.40002441406
2907.97021741706	1414.30004882813
2910.01353489027	1411
2912.05629694294	1399.30004882813
2914.09850382663	1413.19995117188
2916.14015579276	1399.5
2918.18125309254	1418.19995117188
2920.22179597702	1414.09997558594
2922.26178469705	1417.90002441406
2924.30121950329	1414.90002441406
2926.34010064624	1415.09997558594
2928.37842837619	1419.30004882813
2930.41620294326	1432.30004882813
2932.45342459737	1410.30004882813
2934.49009358828	1423.19995117188
2936.52621016555	1426.90002441406
2938.56177457854	1430.69995117188
2940.59678707645	1413.80004882813
2942.63124790827	1423.90002441406
2944.66515732282	1423.30004882813
2946.69851556873	1408.59997558594
2948.73132289443	1402.19995117188
2950.76357954817	1402.69995117188
2952.79528577803	1404.09997558594
2954.82644183188	1407
2956.85704795741	1406
2958.8871044021	1410.5
2960.91661141328	1405.80004882813
2962.94556923807	1405.80004882813
2964.97397812339	1395.30004882813
2967.00183831598	1406.69995117188
2969.0291500624	1411.80004882813
2971.05591360902	1422.90002441406
2973.08212920199	1411.5
2975.1077970873	1409.90002441406
2977.13291751074	1414.40002441406
2979.1574907179	1403.5
2981.18151695419	1398.59997558594
2983.20499646482	1405.40002441406
2985.2279294948	1385.80004882813
2987.25031628898	1386.90002441406
2989.27215709199	1386.09997558594
2991.29345214825	1403.80004882813
2993.31420170204	1392
2995.33440599738	1397.30004882813
2997.35406527816	1399.90002441406
2999.37317978802	1387.09997558594
3001.39174977045	1401
3003.40977546872	1402.80004882813
3005.42725712591	1404.69995117188
3007.44419498491	1406.09997558594
3009.4605892884	1394.5
3011.47644027889	1406.59997558594
3013.49174819865	1393.59997558594
3015.5065132898	1396.40002441406
3017.52073579424	1410
3019.53441595366	1389.40002441406
3021.54755400959	1394.30004882813
3023.56015020332	1386.5
3025.57220477598	1394.69995117188
3027.58371796846	1392.59997558594
3029.5946900215	1390.69995117188
3031.6051211756	1387.80004882813
3033.61501167107	1399.09997558594
3035.62436174803	1391.59997558594
3037.6331716464	1391.80004882813
3039.64144160588	1380.19995117188
3041.649171866	1388.40002441406
3043.65636266607	1392.5
3045.6630142452	1382
3047.66912684229	1377.40002441406
3049.67470069605	1383.69995117188
3051.679736045	1385.5
3053.68423312742	1395.90002441406
3055.68819218143	1398.90002441406
3057.6916134449	1389.69995117188
3059.69449715556	1395.80004882813
3061.69684355086	1388.90002441406
3063.6986528681	1389.80004882813
3065.69992534437	1388.30004882813
3067.70066121653	1390.19995117188
3069.70086072126	1392
3071.700524095	1386.5
3073.69965157405	1399.09997558594
3075.69824339442	1384.09997558594
3077.69629979197	1388
3079.69382100235	1386.30004882813
3081.69080726098	1390.09997558594
3083.68725880307	1384.30004882813
3085.68317586366	1392.19995117188
3087.67855867755	1389
3089.67340747933	1394.30004882813
3091.6677225034	1381.30004882813
3093.66150398392	1391.09997558594
3095.6547521549	1388.19995117188
3097.64746725006	1385.80004882813
3099.63964950297	1389.40002441406
3101.63129914698	1386.30004882813
3103.6224164152	1391
3105.61300154056	1399.80004882813
3107.60305475576	1404.59997558594
3109.59257629331	1400.69995117188
3111.58156638547	1385
3113.57002526432	1391.40002441406
3115.55795316172	1391.5
3117.54535030932	1400.59997558594
3119.53221693853	1392.09997558594
3121.51855328057	1399.40002441406
3123.50435956646	1398.69995117188
3125.48963602698	1394.19995117188
3127.4743828927	1398.69995117188
3129.45860039397	1389.59997558594
3131.44228876093	1389.40002441406
3133.42544822353	1394.19995117188
3135.40807901145	1398
3137.39018135418	1394.30004882813
3139.37175548102	1400.69995117188
3141.35280162101	1400
3143.33332000299	1391.59997558594
3145.31331085559	1400.09997558594
3147.2927744072	1394.69995117188
3149.27171088602	1381
3151.25012052	1399.69995117188
3153.22800353689	1401.59997558594
3155.20536016422	1390.80004882813
3157.18219062929	1396.5
3159.15849515918	1388.80004882813
3161.13427398075	1386.40002441406
3163.10952732066	1398
3165.08425540532	1391.5
3167.05845846092	1398.19995117188
3169.03213671344	1394
3171.00529038863	1397.30004882813
3172.97791971203	1398
3174.95002490893	1393.19995117188
3176.92160620443	1391.90002441406
3178.89266382337	1394.69995117188
3180.8631979904	1402.40002441406
3182.83320892991	1404.80004882813
3184.80269686609	1399.59997558594
3186.77166202289	1401.40002441406
3188.74010462406	1395.69995117188
3190.70802489307	1407
3192.67542305323	1396
3194.64229932757	1400.59997558594
3196.60865393892	1392.5
3198.57448710987	1395.80004882813
3200.53979906279	1402
3202.50459001981	1400.69995117188
3204.46886020284	1391.5
3206.43260983356	1399.5
3208.39583913341	1406
3210.35854832362	1408.90002441406
3212.32073762517	1397.59997558594
3214.28240725881	1400.69995117188
3216.24355744508	1411
3218.20418840426	1397.80004882813
3220.16430035642	1396.09997558594
3222.12389352137	1405.09997558594
3224.08296811873	1396.30004882813
3226.04152436784	1406.69995117188
3227.99956248784	1408.59997558594
3229.95708269762	1403.80004882813
3231.91408521584	1405.19995117188
3233.87057026092	1402.80004882813
3235.82653805105	1407.30004882813
3237.78198880419	1405.59997558594
3239.73692273806	1411.90002441406
3241.69134007013	1406.80004882813
3243.64524101764	1415.5
3245.59862579761	1404.90002441406
3247.55149462681	1407.59997558594
3249.50384772176	1409.40002441406
3251.45568529877	1408.80004882813
3253.40700757387	1404.5
3255.35781476288	1394.5
3257.3081070814	1406.90002441406
3259.25788474473	1408.90002441406
3261.20714796799	1406.5
3263.15589696602	1397.5
3265.10413195345	1411.80004882813
3267.05185314463	1404.5
3268.9990607537	1417.40002441406
3270.94575499455	1413.69995117188
3272.89193608081	1408.09997558594
3274.8376042259	1405.69995117188
3276.78275964296	1392.69995117188
3278.72740254492	1409.69995117188
3280.67153314443	1407.5
3282.61515165393	1397.40002441406
3284.55825828559	1414.40002441406
3286.50085325135	1405.59997558594
3288.44293676289	1403.5
3290.38450903165	1400.59997558594
3292.32557026883	1402.30004882813
3294.26612068537	1416.09997558594
3296.20616049198	1419.69995117188
3298.14568989911	1398.80004882813
3300.08470911695	1414.40002441406
3302.02321835546	1403.90002441406
3303.96121782435	1407
3305.89870773306	1392.40002441406
3307.83568829081	1406.59997558594
3309.77215970655	1407.5
3311.70812218898	1404
3313.64357594655	1410.30004882813
3315.57852118747	1407.09997558594
3317.51295811968	1395.5
3319.44688695087	1400.5
3321.38030788849	1398.19995117188
3323.31322113973	1395.80004882813
3325.24562691152	1401.30004882813
3327.17752541055	1408.90002441406
3329.10891684322	1413.30004882813
3331.03980141573	1409.69995117188
3332.97017933399	1410.19995117188
3334.90005080364	1407.30004882813
3336.82941603011	1404.09997558594
3338.75827521852	1397.90002441406
3340.68662857377	1413
3342.6144763005	1394.09997558594
3344.54181860308	1408.19995117188
3346.46865568561	1412.40002441406
3348.39498775195	1399.69995117188
3350.32081500571	1411.59997558594
3352.24613765022	1411.90002441406
3354.17095588855	1416
3356.09526992352	1425
3358.01907995769	1414.30004882813
3359.94238619334	1398.80004882813
3361.86518883251	1405.80004882813
3363.78748807697	1408.19995117188
3365.70928412823	1413.80004882813
3367.63057718752	1415.30004882813
3369.55136745582	1413.40002441406
3371.47165513386	1411.40002441406
3373.39144042208	1420.69995117188
3375.31072352066	1408.5
3377.22950462953	1406.59997558594
3379.14778394834	1405.40002441406
3381.06556167648	1406.09997558594
3382.98283801308	1403.40002441406
3384.89961315697	1419.90002441406
3386.81588730676	1400.90002441406
3388.73166066076	1413.59997558594
3390.64693341702	1410.09997558594
3392.56170577332	1410.30004882813
3394.47597792716	1400.40002441406
3396.38975007581	1407.80004882813
3398.30302241623	1407.59997558594
3400.21579514512	1411.90002441406
3402.1280684589	1413.30004882813
3404.03984255374	1402.80004882813
3405.95111762553	1413.69995117188
3407.86189386987	1412.90002441406
3409.77217148212	1405.30004882813
3411.68195065733	1417.09997558594
3413.5912315903	1416.19995117188
3415.50001447556	1415
3417.40829950735	1412.90002441406
3419.31608687963	1419.30004882813
3421.22337678611	1399.19995117188
3423.1301694202	1417
3425.03646497504	1409.69995117188
3426.9422636435	1425.30004882813
3428.84756561816	1410.59997558594
3430.75237109135	1411.90002441406
3432.65668025508	1406.19995117188
3434.56049330112	1421.40002441406
3436.46381042093	1413.80004882813
3438.36663180571	1408.59997558594
3440.26895764638	1412.5
3442.17078813357	1416.90002441406
3444.07212345762	1402.69995117188
3445.97296380863	1396.59997558594
3447.87330937636	1401.69995117188
3449.77316035033	1408.90002441406
3451.67251691977	1403.09997558594
3453.57137927361	1406.19995117188
3455.46974760052	1397.59997558594
3457.36762208886	1411.09997558594
3459.26500292671	1406.19995117188
3461.16189030191	1405.59997558594
3463.05828440194	1400.30004882813
3464.95418541406	1409.09997558594
3466.84959352519	1409.5
3468.74450892201	1420
3470.63893179088	1406.30004882813
3472.53286231788	1412.30004882813
3474.42630068881	1408.69995117188
3476.31924708918	1429.30004882813
3478.2117017042	1406.09997558594
3480.1036647188	1417.19995117188
3481.99513631761	1415.80004882813
3483.88611668498	1419
3485.77660600498	1403.5
3487.66660446135	1414
3489.55611223758	1413.30004882813
3491.44512951683	1409.19995117188
3493.333656482	1418
3495.22169331568	1405.69995117188
3497.10924020016	1417.19995117188
3498.99629731746	1414.40002441406
3500.88286484927	1418
3502.76894297702	1418.80004882813
3504.65453188182	1395.40002441406
3506.53963174449	1418.59997558594
3508.42424274555	1399.19995117188
3510.30836506524	1408.19995117188
3512.19199888349	1411.69995117188
3514.07514437992	1402.69995117188
3515.95780173387	1417.80004882813
3517.83997112437	1400.90002441406
3519.72165273016	1405.09997558594
3521.60284672967	1404.19995117188
3523.48355330104	1409
3525.36377262208	1407.30004882813
3527.24350487035	1409.59997558594
3529.12275022306	1414.5
3531.00150885715	1410.69995117188
3532.87978094923	1405.40002441406
3534.75756667562	1393.30004882813
3536.63486621235	1400.19995117188
3538.51167973512	1409.80004882813
3540.38800741934	1393.69995117188
3542.26384944011	1411.90002441406
3544.13920597223	1401.80004882813
3546.01407719018	1397.19995117188
3547.88846326815	1402.5
3549.76236438002	1415.19995117188
3551.63578069934	1398.90002441406
3553.50871239938	1401.5
3555.38115965309	1404.19995117188
3557.25312263311	1397.80004882813
3559.12460151177	1403.09997558594
3560.99559646109	1403.19995117188
3562.86610765279	1407.09997558594
3564.73613525825	1397.19995117188
3566.60567944857	1409.30004882813
3568.47474039453	1399.59997558594
3570.34331826658	1393
3572.21141323487	1400.5
3574.07902546925	1406.40002441406
3575.94615513922	1406.5
3577.81280241401	1401.69995117188
3579.67896746249	1401.30004882813
3581.54465045325	1404.59997558594
3583.40985155455	1409.69995117188
3585.27457093432	1409
3587.1388087602	1402.40002441406
3589.00256519949	1394.80004882813
3590.86584041919	1397.19995117188
3592.72863458597	1399.5
3594.59094786618	1408.69995117188
3596.45278042585	1400.40002441406
3598.31413243069	1406.09997558594
3600.17500404611	1407.30004882813
3602.03539543717	1393.90002441406
3603.89530676861	1395.5
3605.75473820488	1393.69995117188
3607.61368991007	1405.30004882813
3609.47216204797	1412.19995117188
3611.33015478203	1393.59997558594
3613.18766827539	1399
3615.04470269087	1410.19995117188
3616.90125819094	1412.80004882813
3618.75733493776	1407.19995117188
3620.61293309318	1395
3622.46805281869	1384.90002441406
3624.32269427547	1395.69995117188
3626.17685762439	1403.09997558594
3628.03054302596	1394
3629.88375064038	1405.59997558594
3631.73648062751	1408.30004882813
3633.5887331469	1394.30004882813
3635.44050835775	1391.40002441406
3637.29180641893	1399.90002441406
3639.14262748899	1392.19995117188
3640.99297172614	1403.5
3642.84283928828	1392.5
3644.69223033294	1391.59997558594
3646.54114501734	1390.80004882813
3648.38958349836	1400.59997558594
3650.23754593256	1394
3652.08503247614	1410.19995117188
3653.93204328497	1410.40002441406
3655.77857851462	1400.80004882813
3657.62463832028	1387.30004882813
3659.47022285682	1401
3661.31533227877	1398.90002441406
3663.15996674033	1403.5
3665.00412639535	1394.40002441406
3666.84781139736	1388.40002441406
3668.69102189953	1401.19995117188
3670.5337580547	1387
3672.37602001537	1407.59997558594
3674.21780793368	1390.40002441406
3676.05912196148	1407.90002441406
3677.89996225021	1399.40002441406
3679.74032895103	1402
3681.58022221471	1402.5
3683.41964219171	1383.40002441406
3685.25858903211	1389.59997558594
3687.0970628857	1396.09997558594
3688.93506390186	1399.80004882813
3690.77259222968	1407
3692.60964801787	1404.30004882813
3694.44623141481	1393.09997558594
3696.28234256853	1398.19995117188
3698.11798162669	1389.80004882813
3699.95314873665	1391.69995117188
3701.78784404537	1397.69995117188
3703.62206769951	1401.19995117188
3705.45581984533	1398.40002441406
3707.28910062877	1392.09997558594
3709.12191019542	1399.59997558594
3710.95424869052	1398.90002441406
3712.78611625894	1401.69995117188
3714.6175130452	1398.19995117188
3716.44843919349	1391.59997558594
3718.27889484764	1396.40002441406
3720.1088801511	1406.90002441406
3721.93839524699	1399.80004882813
3723.76744027808	1404.30004882813
3725.59601538677	1404.09997558594
3727.4241207151	1407.40002441406
