40.2973356941271	1126.40002441406
43.2236257608418	1127.69995117188
46.1488808466109	1126.19995117188
49.0731017336173	1128.09997558594
51.9962892025666	1126.90002441406
54.9184440327569	1128.30004882813
57.8395670020446	1132.40002441406
60.7596588868509	1130.09997558594
63.6787204621708	1135
66.5967525015794	1137.19995117188
69.5137557772381	1136.69995117188
72.4297310598838	1140.90002441406
75.3446791188512	1146
78.2586007220466	1150.19995117188
81.1714966360015	1156.30004882813
84.0833676258266	1168.30004882813
86.994214455242	1177.19995117188
89.9040378865662	1187.19995117188
92.8128386807427	1195.09997558594
95.7206175973133	1208.90002441406
98.6273753944444	1212.80004882813
101.533112828928	1217.40002441406
104.437830656161	1219.90002441406
107.34152963018	1227.69995117188
110.244210503676	1220.80004882813
113.145874027931	1216
116.046520952895	1218.90002441406
118.946152027154	1212.59997558594
121.844767997933	1211.5
124.74236961111	1223.09997558594
127.638957611212	1211.5
130.534532741422	1213.09997558594
133.429095743606	1225.69995117188
136.322647358252	1206
139.215188324544	1212.30004882813
142.106719380311	1209.30004882813
144.997241262089	1215.09997558594
147.886754705057	1215.40002441406
150.775260443096	1203.80004882813
153.662759208748	1206.59997558594
156.549251733282	1214
159.434738746612	1212.09997558594
162.319220977376	1210.90002441406
165.20269915289	1214.40002441406
168.085173999178	1215.40002441406
170.966646240977	1212.5
173.847116601709	1212.69995117188
176.726585803528	1207.09997558594
179.605054567295	1213.90002441406
182.48252361259	1209.5
185.358993657701	1213.30004882813
188.234465419645	1204.40002441406
191.108939614183	1214.09997558594
193.982416955795	1203.69995117188
196.854898157687	1209.40002441406
199.726383931801	1205.09997558594
202.596874988835	1197.09997558594
205.466372038225	1206.19995117188
208.334875788145	1202.59997558594
211.202386945534	1207.69995117188
214.068906216069	1200.19995117188
216.934434304194	1210.5
219.798971913111	1195.19995117188
222.662519744776	1203.40002441406
225.525078499925	1207.09997558594
228.386648878069	1209.30004882813
231.247231577465	1211.90002441406
234.106827295172	1203.90002441406
236.965436727012	1206.40002441406
239.823060567597	1206.59997558594
242.679699510337	1197.09997558594
245.535354247396	1197.19995117188
248.390025469775	1209.90002441406
251.243713867223	1203
254.096420128327	1201.90002441406
256.948144940459	1198.59997558594
259.798888989788	1205.40002441406
262.648652961315	1213.90002441406
265.49743753883	1200.09997558594
268.345243404939	1201.19995117188
271.192071241073	1198.80004882813
274.037921727485	1203.30004882813
276.882795543246	1201
279.72669336624	1202
282.569615873213	1203.59997558594
285.411563739724	1203.69995117188
288.252537640165	1212.09997558594
291.092538247763	1205.80004882813
293.931566234616	1198.59997558594
296.769622271633	1203.09997558594
299.606707028594	1211
302.442821174104	1207.5
305.277965375652	1204.90002441406
308.112140299574	1202.19995117188
310.945346611062	1201.19995117188
313.777584974167	1209.40002441406
316.608856051813	1210.30004882813
319.439160505797	1214
322.268498996783	1205.5
325.096872184303	1212.19995117188
327.924280726782	1205.59997558594
330.750725281521	1210
333.576206504693	1206.69995117188
336.400725051388	1200.40002441406
339.224281575542	1208.40002441406
342.046876730026	1201.5
344.868511166586	1207
347.689185535872	1204.90002441406
350.508900487421	1203.30004882813
353.327656669699	1200.40002441406
356.145454730079	1201.90002441406
358.962295314817	1207.80004882813
361.778179069105	1205.90002441406
364.593106637051	1199.90002441406
367.407078661675	1204.09997558594
370.220095784913	1209.40002441406
373.032158647655	1209.19995117188
375.843267889676	1211.90002441406
378.653424149715	1209.90002441406
381.462628065436	1205.90002441406
384.270880273432	1209.09997558594
387.078181409254	1218.30004882813
389.884532107358	1209
392.689933001188	1201.40002441406
395.494384723112	1214.80004882813
398.29788790445	1215
401.100443175488	1206.09997558594
403.902051165437	1208.40002441406
406.702712502518	1213
409.502427813866	1206.30004882813
412.301197725607	1212.90002441406
415.099022862823	1212.40002441406
417.89590384957	1216.09997558594
420.691841308876	1204.69995117188
423.486835862752	1212.19995117188
426.280888132173	1204.40002441406
429.073998737112	1205.59997558594
431.866168296507	1203.90002441406
434.657397428298	1214.40002441406
437.447686749412	1212.69995117188
440.237036875762	1211.80004882813
443.025448422257	1208.09997558594
445.812922002813	1207.19995117188
448.599458230326	1213.69995117188
451.38505771672	1211.69995117188
454.169721072909	1211.5
456.953448908819	1210.40002441406
459.736241833384	1210.19995117188
462.518100454555	1215.80004882813
465.2990253793	1207.40002441406
468.079017213605	1207.69995117188
470.858076562476	1216.40002441406
473.636204029939	1212.5
476.41340021906	1201.80004882813
479.189665731938	1212.80004882813
481.965001169667	1211.40002441406
484.739407132419	1218.5
487.512884219391	1209.09997558594
490.285433028796	1213.09997558594
493.057054157921	1212.5
495.827748203087	1214.09997558594
498.597515759658	1216.69995117188
501.366357422061	1219.40002441406
504.134273783759	1212.59997558594
506.901265437278	1214.80004882813
509.66733297421	1216.30004882813
512.432476985198	1217.30004882813
515.196698059945	1213.59997558594
517.959996787225	1217.09997558594
520.722373754895	1212.90002441406
523.483829549856	1216
526.24436475811	1210.40002441406
529.003979964696	1211.80004882813
531.762675753779	1219
534.520452708569	1211.59997558594
537.277311411375	1211.30004882813
540.03325244359	1211.30004882813
542.788276385682	1215.59997558594
545.54238381725	1211.69995117188
548.295575316938	1213.40002441406
551.047851462516	1212.19995117188
553.799212830831	1216.09997558594
556.549659997851	1216
559.299193538643	1211.80004882813
562.047814027381	1209.80004882813
564.795522037318	1213.5
567.542318140861	1212.30004882813
570.288202909507	1215.59997558594
573.033176913873	1216.90002441406
575.7772407237	1206.19995117188
578.520394907829	1216.09997558594
581.26264003424	1217.69995117188
584.003976670046	1214.59997558594
586.744405381469	1216.59997558594
589.483926733869	1217.59997558594
592.222541291746	1223.80004882813
594.96024961872	1210.09997558594
597.697052277563	1220.90002441406
600.432949830166	1211.80004882813
603.167942837587	1215.59997558594
605.902031860012	1219.69995117188
608.635217456783	1215.5
611.367500186378	1214.80004882813
614.098880606429	1214
616.82935927374	1217.19995117188
619.558936744248	1221.90002441406
622.287613573072	1217.19995117188
625.015390314457	1216.69995117188
627.742267521848	1213.19995117188
630.468245747829	1216.80004882813
633.193325544166	1220.80004882813
635.917507461792	1220.5
638.640792050804	1224.69995117188
641.36317986048	1212.69995117188
644.084671439281	1219.59997558594
646.805267334845	1215.90002441406
649.524968093967	1217.30004882813
652.24377426266	1219.5
654.961686386106	1218.80004882813
657.678705008678	1212.5
660.394830673939	1221.69995117188
663.110063924628	1216.19995117188
665.824405302728	1210.59997558594
668.537855349351	1217.30004882813
671.250414604863	1226.69995117188
673.962083608812	1216.80004882813
676.672862899949	1221.69995117188
679.382753016218	1222.40002441406
682.091754494801	1222.90002441406
684.799867872061	1221.80004882813
687.507093683595	1223.80004882813
690.213432464198	1220.80004882813
692.918884747899	1226.5
695.623451067937	1222.90002441406
698.327131956755	1224.69995117188
701.029927946065	1227.59997558594
703.731839566754	1224.59997558594
706.43286734896	1224.30004882813
709.133011822067	1220.40002441406
711.832273514658	1221
714.53065295457	1228.09997558594
717.228150668879	1223.19995117188
719.924767183889	1225.90002441406
722.620503025148	1224.30004882813
725.315358717446	1220.59997558594
728.009334784827	1221.09997558594
730.702431750559	1223
733.394650137188	1219
736.085990466498	1223.80004882813
738.776453259519	1221
741.466039036542	1219.5
744.154748317125	1228.09997558594
746.842581620074	1224.5
749.529539463458	1219.09997558594
752.215622364608	1226
754.900830840131	1218.30004882813
757.585165405892	1221.69995117188
760.26862657703	1217.40002441406
762.951214867957	1223.59997558594
765.632930792356	1221.5
768.313774863181	1223.90002441406
770.993747592673	1218.90002441406
773.672849492359	1224.80004882813
776.351081073017	1225.5
779.028442844757	1220.19995117188
781.704935316928	1224.40002441406
784.380558998208	1226.80004882813
787.055314396528	1231.5
789.729202019141	1224.09997558594
792.402222372581	1231.80004882813
795.074375962669	1221.30004882813
797.745663294537	1228.30004882813
800.416084872622	1234.80004882813
803.085641200652	1223
805.754332781664	1225.40002441406
808.422160117986	1228.5
811.089123711292	1218.59997558594
813.75522406252	1224.40002441406
816.420461671951	1230.30004882813
819.084837039164	1225.40002441406
821.748350663067	1228.30004882813
824.411003041866	1231.30004882813
827.072794673116	1232.90002441406
829.733726053668	1224
832.39379767971	1228.19995117188
835.05301004674	1232.90002441406
837.711363649601	1227.59997558594
840.368858982457	1225.30004882813
843.025496538805	1233.30004882813
845.681276811467	1232.5
848.336200292618	1237.30004882813
850.99026747375	1232
853.643478845713	1236.69995117188
856.29583489868	1235
858.947336122176	1236.59997558594
861.59798300506	1232.30004882813
864.247776035556	1228.40002441406
866.896715701222	1236.30004882813
869.544802488959	1239
872.192036885046	1236.90002441406
874.838419375087	1238.80004882813
877.483950444054	1230.19995117188
880.128630576285	1237.09997558594
882.772460255461	1234.09997558594
885.415439964628	1238.69995117188
888.057570186211	1230.09997558594
890.698851401966	1234.59997558594
893.339284093045	1227.69995117188
895.978868739961	1233
898.617605822596	1232.69995117188
901.255495820196	1236.40002441406
903.892539211396	1242
906.528736474184	1232.09997558594
909.164088085949	1227.19995117188
911.798594523442	1229.5
914.432256262804	1231.80004882813
917.065073779549	1242.5
919.697047548589	1236.09997558594
922.328178044212	1243.40002441406
924.9584657401	1239.19995117188
927.587911109317	1238.80004882813
930.216514624317	1246.30004882813
932.844276756963	1244
935.471197978488	1233.30004882813
938.097278759538	1235.80004882813
940.722519570163	1238.90002441406
943.346920879798	1240.80004882813
945.97048315729	1237
948.593206870885	1239.09997558594
951.215092488219	1242.09997558594
953.836140476366	1242.5
956.456351301787	1242.69995117188
959.07572543037	1249.30004882813
961.694263327369	1243.5
964.311965457521	1250.59997558594
966.928832284933	1242.59997558594
969.544864273135	1248.90002441406
972.160061885076	1236.59997558594
974.774425583129	1246.09997558594
977.387955829099	1249.30004882813
980.000653084196	1246.30004882813
982.612517809061	1241.90002441406
985.223550463768	1242.80004882813
987.833751507819	1249.19995117188
990.443121400135	1243.19995117188
993.051660599081	1242.69995117188
995.659369562449	1246.30004882813
998.266248747469	1247.80004882813
1000.87229861081	1252
1003.47751960857	1266.90002441406
1006.0819121963	1276.59997558594
1008.68547682897	1273.19995117188
1011.28821396104	1261.40002441406
1013.89012404635	1253.5
1016.49120753824	1252.30004882813
1019.09146488947	1253.59997558594
1021.69089655226	1259.5
1024.28950297827	1246.5
1026.88728461863	1248.69995117188
1029.48424192392	1242.69995117188
1032.08037534416	1251.09997558594
1034.67568532886	1245.69995117188
1037.27017232694	1249.40002441406
1039.86383678682	1248
1042.45667915637	1246.40002441406
1045.04869988293	1243.90002441406
1047.6398994133	1248.5
1050.23027819374	1251.90002441406
1052.81983666998	1245.59997558594
1055.40857528724	1252.19995117188
1057.99649449018	1248.59997558594
1060.58359472296	1246.40002441406
1063.1698764292	1242.69995117188
1065.755340052	1247.59997558594
1068.33998603393	1242.59997558594
1070.92381481706	1246.5
1073.50682684291	1248.59997558594
1076.08902255251	1245.19995117188
1078.67040238637	1241.40002441406
1081.25096678445	1248.80004882813
1083.83071618624	1249.5
1086.4096510307	1239.09997558594
1088.98777175629	1246.40002441406
1091.56507880094	1253.40002441406
1094.14157260208	1240
1096.71725359664	1245.59997558594
1099.29212222106	1246.90002441406
1101.86617891125	1248.19995117188
1104.43942410262	1248.40002441406
1107.01185823011	1246.90002441406
1109.58348172812	1249.19995117188
1112.15429503057	1248.90002441406
1114.7242985709	1250.90002441406
1117.29349278203	1252.69995117188
1119.86187809642	1247
1122.42945494599	1250.59997558594
1124.99622376222	1249.30004882813
1127.56218497606	1256.69995117188
1130.12733901801	1261.80004882813
1132.69168631804	1261.59997558594
1135.25522730568	1261.90002441406
1137.81796240995	1261.59997558594
1140.37989205941	1264.90002441406
1142.9410166821	1271.30004882813
1145.50133670561	1286.40002441406
1148.06085255708	1282.19995117188
1150.61956466311	1305.90002441406
1153.17747344987	1315.5
1155.73457934305	1331.5
1158.29088276786	1352.90002441406
1160.84638414903	1342.69995117188
1163.40108391085	1322
1165.95498247711	1303.80004882813
1168.50808027116	1289.90002441406
1171.06037771587	1278.80004882813
1173.61187523364	1277.59997558594
1176.16257324643	1258.30004882813
1178.71247217573	1265.90002441406
1181.26157244255	1264.09997558594
1183.80987446746	1268.69995117188
1186.35737867059	1264.40002441406
1188.90408547157	1264.5
1191.44999528961	1261.80004882813
1193.99510854347	1271.80004882813
1196.53942565142	1265.40002441406
1199.08294703133	1272.59997558594
1201.62567310057	1256.19995117188
1204.16760427611	1261.09997558594
1206.70874097445	1264.5
1209.24908361163	1259.90002441406
1211.78863260327	1265.90002441406
1214.32738836454	1258.19995117188
1216.86535131017	1254.30004882813
1219.40252185445	1257.69995117188
1221.93890041121	1255.30004882813
1224.47448739389	1255.09997558594
1227.00928321544	1248.09997558594
1229.54328828842	1261.80004882813
1232.07650302491	1259.30004882813
1234.60892783662	1251.69995117188
1237.14056313477	1263.80004882813
1239.67140933017	1265.30004882813
1242.2014668332	1260.80004882813
1244.73073605384	1256.69995117188
1247.25921740159	1257.69995117188
1249.78691128558	1262.09997558594
1252.31381811448	1261.40002441406
1254.83993829655	1257.40002441406
1257.36527223962	1267.59997558594
1259.88982035112	1259.59997558594
1262.41358303803	1257.5
1264.93656070696	1263.90002441406
1267.45875376405	1273.59997558594
1269.98016261505	1266.30004882813
1272.50078766531	1263.19995117188
1275.02062931974	1269.40002441406
1277.53968798285	1266.69995117188
1280.05796405875	1274.5
1282.57545795112	1274.59997558594
1285.09217006325	1263.30004882813
1287.60810079802	1268.59997558594
1290.12325055788	1267.30004882813
1292.63761974492	1260.09997558594
1295.15120876079	1264.69995117188
1297.66401800676	1260.80004882813
1300.17604788367	1274.80004882813
1302.687298792	1264.90002441406
1305.19777113181	1268.40002441406
1307.70746530274	1266.69995117188
1310.21638170408	1265.59997558594
1312.7245207347	1256.90002441406
1315.23188279307	1267.09997558594
1317.73846827728	1267.69995117188
1320.24427758502	1268.09997558594
1322.74931111359	1270
1325.25356925991	1269.09997558594
1327.75705242051	1258.5
1330.25976099151	1266.80004882813
1332.76169536868	1269.30004882813
1335.26285594737	1260.19995117188
1337.76324312256	1254.09997558594
1340.26285728887	1271.09997558594
1342.76169884052	1262.5
1345.25976817132	1256.59997558594
1347.75706567474	1267.90002441406
1350.25359174387	1269.40002441406
1352.74934677141	1256.5
1355.24433114968	1265
1357.73854527062	1259.80004882813
1360.23198952583	1258
1362.7246643065	1264.5
1365.21657000347	1266.80004882813
1367.7077070072	1260.69995117188
1370.19807570777	1266.19995117188
1372.68767649492	1258.30004882813
1375.176509758	1260.80004882813
1377.66457588599	1264.80004882813
1380.15187526753	1257.90002441406
1382.63840829087	1268
1385.1241753439	1263
1387.60917681417	1259.5
1390.09341308884	1265.5
1392.57688455474	1261.69995117188
1395.05959159829	1260.09997558594
1397.54153460562	1262.19995117188
1400.02271396243	1269.09997558594
1402.50313005414	1270.80004882813
1404.98278326576	1268.19995117188
1407.46167398196	1261.19995117188
1409.93980258707	1270.30004882813
1412.41716946504	1265.19995117188
1414.89377499951	1263.5
1417.36961957373	1261
1419.84470357062	1269
1422.31902737275	1272.30004882813
1424.79259136235	1271.69995117188
1427.26539592129	1270.09997558594
1429.73744143111	1272.40002441406
1432.20872827299	1277.80004882813
1434.67925682777	1268.40002441406
1437.14902747597	1273.19995117188
1439.61804059773	1279.5
1442.0862965729	1262.69995117188
1444.55379578093	1286.90002441406
1447.02053860099	1279.59997558594
1449.48652541188	1271.30004882813
1451.95175659206	1292.19995117188
1454.41623251969	1285.5
1456.87995357255	1272.90002441406
1459.34292012811	1286.80004882813
1461.80513256351	1278
1464.26659125557	1279.30004882813
1466.72729658073	1266.90002441406
1469.18724891517	1283.59997558594
1471.64644863469	1273.5
1474.10489611478	1275.5
1476.5625917306	1264.59997558594
1479.01953585699	1267.69995117188
1481.47572886844	1278.40002441406
1483.93117113917	1273.90002441406
1486.38586304302	1285.5
1488.83980495354	1284.80004882813
1491.29299724395	1280
1493.74544028715	1290.30004882813
1496.19713445573	1281.19995117188
1498.64808012193	1281.5
1501.09827765772	1294.30004882813
1503.54772743471	1309.90002441406
1505.99642982421	1324.5
1508.44438519723	1324.69995117188
1510.89159392446	1342.30004882813
1513.33805637625	1374
1515.78377292266	1379.80004882813
1518.22874393346	1382.59997558594
1520.67296977806	1392.40002441406
1523.11645082559	1379.19995117188
1525.55918744488	1355.5
1528.00118000444	1336.59997558594
1530.44242887245	1328.69995117188
1532.88293441684	1298.80004882813
1535.32269700517	1296.40002441406
1537.76171700475	1288
1540.19999478255	1288.5
1542.63753070526	1282.90002441406
1545.07432513925	1283.90002441406
1547.5103784506	1280.30004882813
1549.94569100509	1278.90002441406
1552.38026316819	1269.69995117188
1554.8140953051	1278.19995117188
1557.24718778067	1275.80004882813
1559.67954095952	1276.19995117188
1562.11115520592	1272.5
1564.54203088386	1278.30004882813
1566.97216835704	1280.09997558594
1569.40156798888	1276.09997558594
1571.83023014248	1266.40002441406
1574.25815518067	1274.09997558594
1576.68534346597	1273.40002441406
1579.11179536062	1272.09997558594
1581.53751122658	1276.59997558594
1583.9624914255	1279.30004882813
1586.38673631876	1279.80004882813
1588.81024626745	1272.69995117188
1591.23302163235	1270.5
1593.655062774	1287.30004882813
1596.07637005262	1283.90002441406
1598.49694382815	1275.69995117188
1600.91678446025	1279.19995117188
1603.33589230831	1285.19995117188
1605.75426773142	1276.30004882813
1608.1719110884	1275.69995117188
1610.58882273779	1279.30004882813
1613.00500303784	1270
1615.42045234654	1274.5
1617.83517102158	1280.09997558594
1620.24915942039	1270.5
1622.66241790012	1271.30004882813
1625.07494681764	1274.80004882813
1627.48674652954	1280.40002441406
1629.89781739216	1277.90002441406
1632.30815976152	1273.59997558594
1634.71777399343	1286.90002441406
1637.12666044338	1276.80004882813
1639.53481946661	1284.80004882813
1641.94225141808	1269.59997558594
1644.34895665248	1281
1646.75493552424	1276.69995117188
1649.16018838752	1288.69995117188
1651.56471559621	1285.69995117188
1653.96851750392	1283.30004882813
1656.37159446403	1293.09997558594
1658.7739468296	1280.19995117188
1661.17557495349	1285.90002441406
1663.57647918824	1287.59997558594
1665.97665988617	1274.69995117188
1668.37611739929	1280.40002441406
1670.77485207939	1287.80004882813
1673.17286427799	1276.19995117188
1675.57015434633	1280.59997558594
1677.96672263542	1276.80004882813
1680.36256949598	1285.69995117188
1682.7576952785	1279.5
1685.15210033318	1278.90002441406
1687.54578501	1274.09997558594
1689.93874965866	1273.40002441406
1692.33099462861	1279.30004882813
1694.72252026904	1277.90002441406
1697.11332692889	1268.80004882813
1699.50341495686	1278.5
1701.89278470137	1278.5
1704.28143651061	1277.40002441406
1706.66937073251	1270.30004882813
1709.05658771473	1272.5
1711.44308780473	1269.69995117188
1713.82887134968	1269.30004882813
1716.21393869648	1275
1718.59829019185	1278.19995117188
1720.98192618221	1274.69995117188
1723.36484701374	1261.5
1725.74705303238	1272.09997558594
1728.12854458384	1274.59997558594
1730.50932201356	1273
1732.88938566673	1272.30004882813
1735.26873588834	1270.09997558594
1737.64737302307	1277
1740.02529741544	1272.90002441406
1742.40250940964	1270.19995117188
1744.77900934969	1273.5
1747.15479757933	1276
1749.52987444206	1278
1751.90424028116	1282.40002441406
1754.27789543967	1273.90002441406
1756.65084026037	1259.30004882813
1759.02307508582	1271.40002441406
1761.39460025833	1263.80004882813
1763.76541612	1275.90002441406
1766.13552301265	1279.30004882813
1768.50492127791	1277.09997558594
1770.87361125714	1269.5
1773.2415932915	1267.19995117188
1775.60886772188	1264.69995117188
1777.97543488896	1264.80004882813
1780.34129513318	1267.59997558594
1782.70644879475	1275
1785.07089621365	1271.09997558594
1787.43463772964	1281.30004882813
1789.7976736822	1276.5
1792.16000441066	1273.19995117188
1794.52163025405	1279.5
1796.88255155121	1270.90002441406
1799.24276864074	1272.90002441406
1801.60228186102	1269.90002441406
1803.96109155019	1278.59997558594
1806.31919804618	1271.40002441406
1808.67660168668	1273
1811.03330280916	1271.80004882813
1813.38930175088	1275.80004882813
1815.74459884884	1270.30004882813
1818.09919443984	1276.40002441406
1820.45308886047	1271.5
1822.80628244708	1280
1825.1587755358	1269.30004882813
1827.51056846254	1267.69995117188
1829.86166156297	1272.40002441406
1832.21205517258	1273.90002441406
1834.56174962661	1275.09997558594
1836.91074526009	1272.5
1839.25904240783	1270.40002441406
1841.60664140443	1278.09997558594
1843.95354258425	1269.40002441406
1846.29974628146	1276
1848.64525282998	1275
1850.99006256356	1275.40002441406
1853.3341758157	1270.09997558594
1855.67759291968	1268
1858.02031420858	1279.40002441406
1860.36234001528	1280.5
1862.70367067241	1267.09997558594
1865.04430651244	1271.90002441406
1867.38424786755	1278.40002441406
1869.72349506978	1281.90002441406
1872.06204845094	1268.80004882813
1874.39990834258	1264.09997558594
1876.73707507612	1269.40002441406
1879.07354898269	1262.09997558594
1881.40933039328	1287
1883.74441963861	1276.5
1886.07881704925	1265.90002441406
1888.41252295551	1274.19995117188
1890.74553768751	1272.40002441406
1893.07786157519	1269
1895.40949494822	1271.5
1897.74043813615	1274.90002441406
1900.07069146823	1280.5
1902.40025527357	1274.80004882813
1904.72912988106	1272.5
1907.05731561938	1277.40002441406
1909.38481281699	1273.69995117188
1911.71162180217	1270.59997558594
1914.037742903	1275.5
1916.36317644734	1273.69995117188
1918.68792276284	1268
1921.01198217697	1272.30004882813
1923.33535501699	1272.09997558594
1925.65804160996	1275.40002441406
1927.98004228273	1269.5
1930.30135736196	1269.19995117188
1932.6219871741	1274
1934.94193204543	1277.59997558594
1937.26119230198	1269.19995117188
1939.57976826962	1273.40002441406
1941.89766027402	1273.30004882813
1944.21486864062	1274.40002441406
1946.53139369472	1276.09997558594
1948.84723576137	1272.19995117188
1951.16239516543	1277.19995117188
1953.47687223159	1277.40002441406
1955.79066728434	1272.80004882813
1958.10378064794	1271.19995117188
1960.4162126465	1274.69995117188
1962.7279636039	1279.09997558594
1965.03903384385	1276.90002441406
1967.34942368987	1274.59997558594
1969.65913346524	1273.69995117188
1971.96816349311	1283.69995117188
1974.2765140964	1274.80004882813
1976.58418559784	1266.30004882813
1978.89117831997	1273
1981.19749258516	1272.09997558594
1983.50312871555	1271.09997558594
1985.80808703313	1276
1988.11236785967	1270.09997558594
1990.41597151676	1269.59997558594
1992.71889832581	1276.59997558594
1995.02114860801	1276.40002441406
1997.3227226844	1280.80004882813
1999.62362087581	1270.30004882813
2001.92384350288	1278.09997558594
2004.22339088608	1277.59997558594
2006.52226334567	1270.09997558594
2008.82046120173	1268.59997558594
2011.11798477417	1271.09997558594
2013.41483438269	1273.19995117188
2015.71101034681	1281.69995117188
2018.00651298588	1275
2020.30134261905	1279.30004882813
2022.59549956528	1275.09997558594
2024.88898414337	1274.80004882813
2027.1817966719	1273
2029.4739374693	1280.69995117188
2031.76540685379	1272.40002441406
2034.05620514342	1270.40002441406
2036.34633265607	1269.90002441406
2038.6357897094	1277.30004882813
2040.92457662092	1272.90002441406
2043.21269370795	1279.5
2045.50014128763	1261.40002441406
2047.78691967691	1273.5
2050.07302919256	1269.69995117188
2052.35847015118	1271.40002441406
2054.64324286919	1269.69995117188
2056.9273476628	1271.30004882813
2059.21078484808	1269.40002441406
2061.4935547409	1279.90002441406
2063.77565765696	1273.59997558594
2066.05709391176	1273.80004882813
2068.33786382065	1279.40002441406
2070.61796769879	1265.5
2072.89740586116	1280.59997558594
2075.17617862255	1276.59997558594
2077.45428629759	1270.69995117188
2079.73172920075	1285.69995117188
2082.00850764627	1276.90002441406
2084.28462194827	1276.69995117188
2086.56007242065	1275.80004882813
2088.83485937717	1280.30004882813
2091.10898313139	1278.40002441406
2093.3824439967	1268.90002441406
2095.65524228632	1280.5
2097.92737831328	1283.90002441406
2100.19885239047	1277.09997558594
2102.46966483057	1271.90002441406
2104.7398159461	1277.40002441406
2107.00930604941	1274.5
2109.27813545267	1281.59997558594
2111.54630446787	1280.69995117188
2113.81381340685	1282.09997558594
2116.08066258126	1289.80004882813
2118.34685230257	1277.30004882813
2120.61238288211	1280.30004882813
2122.87725463099	1281.19995117188
2125.1414678602	1281.09997558594
2127.40502288052	1275.69995117188
2129.66792000257	1273.30004882813
2131.93015953682	1286.09997558594
2134.19174179353	1272.5
2136.45266708282	1282.40002441406
2138.71293571463	1277.19995117188
2140.97254799873	1275
2143.23150424473	1277.80004882813
2145.48980476205	1278.80004882813
2147.74744985996	1280.69995117188
2150.00443984754	1284.19995117188
2152.26077503373	1276.5
2154.51645572728	1275.19995117188
2156.77148223677	1280.09997558594
2159.02585487064	1283.5
2161.27957393713	1278.09997558594
2163.53263974432	1283.40002441406
2165.78505260012	1279.19995117188
2168.0368128123	1278.80004882813
2170.28792068844	1280.90002441406
2172.53837653595	1283
2174.78818066207	1281.80004882813
2177.03733337389	1282.5
2179.28583497833	1271.09997558594
2181.53368578214	1264.30004882813
2183.78088609192	1271.09997558594
2186.02743621406	1276.19995117188
2188.27333645484	1277
2190.51858712033	1285.5
2192.76318851646	1275
2195.00714094901	1281.69995117188
2197.25044472354	1273.40002441406
2199.49310014551	1271.59997558594
2201.73510752018	1281.19995117188
2203.97646715265	1269.80004882813
2206.21717934786	1272
2208.45724441058	1270.80004882813
2210.69666264543	1271.80004882813
2212.93543435686	1276.90002441406
2215.17355984914	1276.09997558594
2217.41103942642	1278.19995117188
2219.64787339264	1278.30004882813
2221.8840620516	1274.80004882813
2224.11960570695	1279.69995117188
2226.35450466215	1278
2228.58875922051	1282
2230.82236968518	1273.09997558594
2233.05533635916	1280.09997558594
2235.28765954527	1273
2237.51933954617	1274.40002441406
2239.75037666437	1282.90002441406
2241.98077120221	1274.19995117188
2244.21052346188	1272.69995117188
2246.4396337454	1282.09997558594
2248.66810235461	1279.19995117188
2250.89592959125	1277
2253.12311575681	1284.90002441406
2255.34966115272	1277.69995117188
2257.57556608017	1278.69995117188
2259.80083084023	1268.69995117188
2262.02545573381	1275.19995117188
2264.24944106163	1278.90002441406
2266.47278712429	1266.90002441406
2268.69549422221	1280.90002441406
2270.91756265564	1267.5
2273.1389927247	1278.40002441406
2275.35978472934	1279
2277.57993896933	1275.69995117188
2279.79945574431	1277.19995117188
2282.01833535375	1283.19995117188
2284.23657809696	1272.5
2286.45418427309	1267.19995117188
2288.67115418114	1283.5
2290.88748811995	1288.09997558594
2293.10318638819	1274.80004882813
2295.3182492844	1274.40002441406
2297.53267710693	1281.69995117188
2299.746470154	1286.59997558594
2301.95962872364	1282.19995117188
2304.17215311376	1276.40002441406
2306.3840436221	1285.09997558594
2308.59530054621	1284.40002441406
2310.80592418354	1287.80004882813
2313.01591483134	1283.09997558594
2315.22527278673	1278.30004882813
2317.43399834666	1276.59997558594
2319.64209180791	1289.90002441406
2321.84955346713	1286
2324.05638362079	1282.19995117188
2326.26258256524	1280.5
2328.46815059664	1281.19995117188
2330.67308801098	1284.09997558594
2332.87739510415	1281.5
2335.08107217184	1278
2337.2841195096	1276.5
2339.48653741281	1287
2341.68832617672	1284.69995117188
2343.8894860964	1282.40002441406
2346.09001746678	1289.40002441406
2348.28992058261	1275.80004882813
2350.48919573852	1279.90002441406
2352.68784322898	1281.59997558594
2354.88586334826	1281.80004882813
2357.08325639055	1282.69995117188
2359.2800226498	1275
2361.47616241988	1273.69995117188
2363.67167599445	1280.90002441406
2365.86656366706	1278.59997558594
2368.06082573107	1277
2370.2544624797	1288.90002441406
2372.44747420603	1276.40002441406
2374.63986120295	1277.59997558594
2376.83162376322	1275.59997558594
2379.02276217945	1276.09997558594
2381.21327674408	1275.09997558594
2383.4031677494	1278
2385.59243548756	1274.19995117188
2387.78108025053	1264.59997558594
2389.96910233014	1277.30004882813
2392.15650201809	1275.90002441406
2394.34327960587	1287.30004882813
2396.52943538486	1275.80004882813
2398.71496964628	1282.5
2400.89988268118	1273.69995117188
2403.08417478048	1271
2405.26784623491	1274.59997558594
2407.45089733509	1279
2409.63332837146	1271.30004882813
2411.81513963429	1277.30004882813
2413.99633141375	1278.19995117188
2416.1769039998	1277
2418.35685768227	1275.09997558594
2420.53619275084	1278.59997558594
2422.71490949505	1273.30004882813
2424.89300820425	1272.90002441406
2427.07048916765	1274.80004882813
2429.24735267433	1272.80004882813
2431.42359901319	1274.69995117188
2433.59922847297	1279.69995117188
2435.7742413423	1277.90002441406
2437.94863790961	1272.90002441406
2440.12241846321	1269.19995117188
2442.29558329121	1275.69995117188
2444.46813268162	1281.90002441406
2446.64006692228	1275.30004882813
2448.81138630086	1264.69995117188
2450.98209110489	1275.40002441406
2453.15218162174	1277.80004882813
2455.32165813864	1271.69995117188
2457.49052094265	1275.19995117188
2459.65877032069	1269
2461.8264065595	1278.09997558594
2463.99342994572	1267.69995117188
2466.15984076579	1287.80004882813
2468.325639306	1279.80004882813
2470.49082585251	1273.30004882813
2472.65540069131	1286.09997558594
2474.81936410824	1271.90002441406
2476.98271638899	1282.40002441406
2479.14545781909	1278.30004882813
2481.30758868392	1278.90002441406
2483.4691092687	1277.5
2485.63001985852	1281.09997558594
2487.79032073829	1283.09997558594
2489.95001219277	1284.59997558594
2492.10909450659	1281.30004882813
2494.26756796419	1291.90002441406
2496.42543284989	1268.80004882813
2498.58268944783	1275.80004882813
2500.73933804202	1274.80004882813
2502.8953789163	1270
2505.05081235436	1272.59997558594
2507.20563863974	1280.90002441406
2509.35985805582	1280.09997558594
2511.51347088583	1283.80004882813
2513.66647741285	1279.80004882813
2515.81887791981	1288.09997558594
2517.97067268946	1296.80004882813
2520.12186200443	1281
2522.27244614716	1279.69995117188
2524.42242539999	1280.30004882813
2526.57180004504	1273.69995117188
2528.72057036433	1277.80004882813
2530.8687366397	1274.80004882813
2533.01629915284	1270.69995117188
2535.16325818527	1273.69995117188
2537.30961401839	1265.19995117188
2539.45536693343	1278.90002441406
2541.60051721145	1279.69995117188
2543.74506513338	1267.59997558594
2545.88901097997	1276.5
2548.03235503185	1268.69995117188
2550.17509756946	1280.19995117188
2552.31723887311	1273.09997558594
2554.45877922293	1280.40002441406
2556.59971889893	1277
2558.74005818094	1280.69995117188
2560.87979734864	1274.5
2563.01893668155	1278.69995117188
2565.15747645906	1271.80004882813
2567.29541696037	1268.80004882813
2569.43275846454	1275
2571.56950125049	1264
2573.70564559696	1271.30004882813
2575.84119178254	1263.5
2577.97614008569	1274.40002441406
2580.11049078468	1263.69995117188
2582.24424415764	1274.69995117188
2584.37740048255	1263.40002441406
2586.50996003722	1280.90002441406
2588.64192309931	1275.69995117188
2590.77328994634	1277.30004882813
2592.90406085564	1271.90002441406
2595.03423610442	1264.90002441406
2597.16381596971	1274
2599.29280072839	1271.80004882813
2601.42119065719	1272.59997558594
2603.54898603267	1278.5
2605.67618713125	1268
2607.80279422919	1273.09997558594
2609.92880760257	1273
2612.05422752735	1281.19995117188
2614.17905427932	1275.59997558594
2616.30328813408	1272.19995117188
2618.42692936713	1273.30004882813
2620.54997825377	1272.09997558594
2622.67243506915	1275.80004882813
2624.79430008828	1280.09997558594
2626.915573586	1278.80004882813
2629.03625583699	1269.30004882813
2631.15634711579	1277.19995117188
2633.27584769675	1275.19995117188
2635.39475785408	1282.19995117188
2637.51307786185	1283.09997558594
2639.63080799394	1276.69995117188
2641.74794852409	1267.19995117188
2643.86449972589	1277.40002441406
2645.98046187273	1274.40002441406
2648.0958352379	1283.30004882813
2650.21062009449	1286.90002441406
2652.32481671544	1279
2654.43842537353	1291.59997558594
2656.5514463414	1284.90002441406
2658.66387989151	1285.19995117188
2660.77572629616	1293.30004882813
2662.88698582751	1287.69995117188
2664.99765875753	1282
2667.10774535806	1284.5
2669.21724590076	1294
2671.32616065714	1295.69995117188
2673.43448989857	1289.19995117188
2675.5422338962	1287.40002441406
2677.64939292108	1282
2679.75596724408	1290.5
2681.86195713589	1288.5
2683.96736286707	1288
2686.07218470799	1281.30004882813
2688.17642292889	1281.59997558594
2690.28007779982	1276.5
2692.38314959069	1278.90002441406
2694.48563857123	1266.40002441406
2696.58754501103	1287.5
2698.6888691795	1281.40002441406
2700.78961134588	1274.09997558594
2702.8897717793	1275.80004882813
2704.98935074864	1277
2707.08834852271	1279.40002441406
2709.18676537009	1273.69995117188
2711.28460155925	1271.80004882813
2713.38185735843	1282.40002441406
2715.47853303577	1269.40002441406
2717.57462885924	1278.30004882813
2719.67014509659	1279
2721.76508201548	1273.09997558594
2723.85943988337	1281.80004882813
2725.95321896754	1281.69995117188
2728.04641953515	1269.69995117188
2730.13904185316	1273.30004882813
2732.23108618837	1277.80004882813
2734.32255280744	1279.90002441406
2736.41344197683	1276.80004882813
2738.50375396288	1269.90002441406
2740.5934890317	1273.5
2742.68264744932	1267.69995117188
2744.77122948153	1270.19995117188
2746.85923539398	1277.5
2748.94666545217	1271.30004882813
2751.03351992142	1276.40002441406
2753.11979906688	1274.5
2755.20550315355	1271.40002441406
2757.29063244624	1266.80004882813
2759.37518720963	1263.40002441406
2761.45916770819	1264
2763.54257420625	1271.5
2765.62540696797	1270.59997558594
2767.70766625733	1272.5
2769.78935233816	1263.69995117188
2771.87046547413	1265.09997558594
2773.95100592869	1275
2776.03097396519	1270
2778.11036984677	1268.19995117188
2780.18919383641	1269.5
2782.26744619693	1261
2784.34512719097	1268.80004882813
2786.42223708102	1268.90002441406
2788.49877612937	1268.5
2790.57474459816	1268.69995117188
2792.65014274937	1277.30004882813
2794.7249708448	1270.5
2796.79922914607	1269.19995117188
2798.87291791465	1274.30004882813
2800.94603741181	1265.90002441406
2803.01858789869	1277.30004882813
2805.09056963623	1269.59997558594
2807.1619828852	1271
2809.23282790621	1275.90002441406
2811.30310495971	1272.30004882813
2813.37281430593	1273.90002441406
2815.441956205	1259.80004882813
2817.51053091682	1271.90002441406
2819.57853870114	1281.40002441406
2821.64597981753	1273.80004882813
2823.7128545254	1276.80004882813
2825.77916308399	1273
2827.84490575233	1277.19995117188
2829.91008278933	1270.5
2831.97469445369	1273
2834.03874100395	1273.80004882813
2836.10222269847	1275
2838.16513979544	1277.69995117188
2840.22749255288	1274.80004882813
2842.28928122863	1290.59997558594
2844.35050608034	1282.30004882813
2846.41116736553	1275.19995117188
2848.47126534149	1295.30004882813
2850.53080026537	1286.5
2852.58977239414	1283.19995117188
2854.64818198459	1287.80004882813
2856.70602929332	1291.80004882813
2858.76331457678	1286.80004882813
2860.82003809123	1288.5
2862.87620009274	1290.19995117188
2864.93180083723	1286.59997558594
2866.98684058043	1292.90002441406
2869.04131957789	1287.80004882813
2871.09523808497	1302.40002441406
2873.14859635689	1288
2875.20139464866	1295.59997558594
2877.2536332151	1305.40002441406
2879.30531231091	1302.30004882813
2881.35643219054	1302
2883.40699310831	1301.59997558594
2885.45699531834	1309.19995117188
2887.50643907457	1304.80004882813
2889.55532463077	1311.80004882813
2891.60365224053	1296.5
2893.65142215724	1297.30004882813
2895.69863463414	1292.5
2897.74528992426	1303
2899.79138828046	1302.40002441406
2901.83692995544	1312.5
2903.88191520168	1306.69995117188
2905.92634427151	1301.19995117188
2907.97021741706	1300.40002441406
2910.01353489027	1313.90002441406
2912.05629694294	1300.80004882813
2914.09850382663	1307.90002441406
2916.14015579276	1319.09997558594
2918.18125309254	1308.90002441406
2920.22179597702	1309.19995117188
2922.26178469705	1321.90002441406
2924.30121950329	1313.90002441406
2926.34010064624	1324
2928.37842837619	1316.90002441406
2930.41620294326	1329.5
2932.45342459737	1318.80004882813
2934.49009358828	1323.90002441406
2936.52621016555	1326.09997558594
2938.56177457854	1318.5
2940.59678707645	1321.59997558594
2942.63124790827	1322.40002441406
2944.66515732282	1321.69995117188
2946.69851556873	1319.40002441406
2948.73132289443	1305.59997558594
2950.76357954817	1316.09997558594
2952.79528577803	1305.09997558594
2954.82644183188	1310.09997558594
2956.85704795741	1301
2958.8871044021	1295.5
2960.91661141328	1307.19995117188
2962.94556923807	1292.30004882813
2964.97397812339	1294
2967.00183831598	1298.30004882813
2969.0291500624	1295.90002441406
2971.05591360902	1297.90002441406
2973.08212920199	1297.19995117188
2975.1077970873	1295.40002441406
2977.13291751074	1296
2979.1574907179	1300.5
2981.18151695419	1294.80004882813
2983.20499646482	1290.69995117188
2985.2279294948	1291.90002441406
2987.25031628898	1291.40002441406
2989.27215709199	1294.5
2991.29345214825	1288.5
2993.31420170204	1283.80004882813
2995.33440599738	1288.5
2997.35406527816	1289.59997558594
2999.37317978802	1285.59997558594
3001.39174977045	1285.19995117188
3003.40977546872	1293.5
3005.42725712591	1293.69995117188
3007.44419498491	1289.09997558594
3009.4605892884	1277.09997558594
3011.47644027889	1283.90002441406
3013.49174819865	1282.5
3015.5065132898	1280.5
3017.52073579424	1282
3019.53441595366	1286.69995117188
3021.54755400959	1288.40002441406
3023.56015020332	1277.09997558594
3025.57220477598	1278.09997558594
3027.58371796846	1281.69995117188
3029.5946900215	1287.19995117188
3031.6051211756	1282.5
3033.61501167107	1279.69995117188
3035.62436174803	1280.40002441406
3037.6331716464	1271.40002441406
3039.64144160588	1279.69995117188
3041.649171866	1274.5
3043.65636266607	1272.19995117188
3045.6630142452	1275.69995117188
3047.66912684229	1266.59997558594
3049.67470069605	1290.09997558594
3051.679736045	1268.90002441406
3053.68423312742	1274.40002441406
3055.68819218143	1268
3057.6916134449	1284.69995117188
3059.69449715556	1286.59997558594
3061.69684355086	1284.80004882813
3063.6986528681	1279
3065.69992534437	1282.90002441406
3067.70066121653	1269.5
3069.70086072126	1271.19995117188
3071.700524095	1281.40002441406
3073.69965157405	1282.30004882813
3075.69824339442	1267.90002441406
3077.69629979197	1276.09997558594
3079.69382100235	1268.40002441406
3081.69080726098	1286.80004882813
3083.68725880307	1272.59997558594
3085.68317586366	1274.69995117188
3087.67855867755	1274.40002441406
3089.67340747933	1287.69995117188
3091.6677225034	1271.40002441406
3093.66150398392	1272.09997558594
3095.6547521549	1285.19995117188
3097.64746725006	1270.80004882813
3099.63964950297	1271.90002441406
3101.63129914698	1274.59997558594
3103.6224164152	1276.09997558594
3105.61300154056	1274.40002441406
3107.60305475576	1273.90002441406
3109.59257629331	1270.09997558594
3111.58156638547	1280.19995117188
3113.57002526432	1284.5
3115.55795316172	1272.69995117188
3117.54535030932	1276.30004882813
3119.53221693853	1277.30004882813
3121.51855328057	1270.40002441406
3123.50435956646	1276.59997558594
3125.48963602698	1273.59997558594
3127.4743828927	1270.69995117188
3129.45860039397	1276.40002441406
3131.44228876093	1275.90002441406
3133.42544822353	1284.90002441406
3135.40807901145	1274.30004882813
3137.39018135418	1277.40002441406
3139.37175548102	1274.59997558594
3141.35280162101	1277.09997558594
3143.33332000299	1275.80004882813
3145.31331085559	1277.80004882813
3147.2927744072	1272.90002441406
3149.27171088602	1277.19995117188
3151.25012052	1281.19995117188
3153.22800353689	1279.19995117188
3155.20536016422	1276.40002441406
3157.18219062929	1283.59997558594
3159.15849515918	1268
3161.13427398075	1275.90002441406
3163.10952732066	1276.69995117188
3165.08425540532	1275.5
3167.05845846092	1279.80004882813
3169.03213671344	1283.80004882813
3171.00529038863	1272.80004882813
3172.97791971203	1282.59997558594
3174.95002490893	1277.69995117188
3176.92160620443	1283.59997558594
3178.89266382337	1290.40002441406
3180.8631979904	1278
3182.83320892991	1280.69995117188
3184.80269686609	1275.90002441406
3186.77166202289	1275.09997558594
3188.74010462406	1277.59997558594
3190.70802489307	1286.69995117188
3192.67542305323	1289.69995117188
3194.64229932757	1288.30004882813
3196.60865393892	1275.5
3198.57448710987	1285
3200.53979906279	1287.69995117188
3202.50459001981	1275.69995117188
3204.46886020284	1282.5
3206.43260983356	1286
3208.39583913341	1298.59997558594
3210.35854832362	1293.69995117188
3212.32073762517	1280.90002441406
3214.28240725881	1289.40002441406
3216.24355744508	1289.90002441406
3218.20418840426	1280.40002441406
3220.16430035642	1287.40002441406
3222.12389352137	1287.80004882813
3224.08296811873	1289.80004882813
3226.04152436784	1299
3227.99956248784	1284.40002441406
3229.95708269762	1281.40002441406
3231.91408521584	1287.30004882813
3233.87057026092	1303.09997558594
3235.82653805105	1285.40002441406
3237.78198880419	1291
3239.73692273806	1279.19995117188
3241.69134007013	1300.30004882813
3243.64524101764	1295.80004882813
3245.59862579761	1302.90002441406
3247.55149462681	1289
3249.50384772176	1291.40002441406
3251.45568529877	1282.30004882813
3253.40700757387	1285.5
3255.35781476288	1284.90002441406
3257.3081070814	1296.80004882813
3259.25788474473	1282.5
3261.20714796799	1300.80004882813
3263.15589696602	1286.30004882813
3265.10413195345	1287.90002441406
3267.05185314463	1290.69995117188
3268.9990607537	1290.30004882813
3270.94575499455	1295.30004882813
3272.89193608081	1287.40002441406
3274.8376042259	1298.19995117188
3276.78275964296	1290.80004882813
3278.72740254492	1297.30004882813
3280.67153314443	1294
3282.61515165393	1290.30004882813
3284.55825828559	1282.30004882813
3286.50085325135	1287.59997558594
3288.44293676289	1290.5
3290.38450903165	1287.90002441406
3292.32557026883	1284.59997558594
3294.26612068537	1298.30004882813
3296.20616049198	1295.69995117188
3298.14568989911	1291.69995117188
3300.08470911695	1290.59997558594
3302.02321835546	1290.90002441406
3303.96121782435	1303.80004882813
3305.89870773306	1284.09997558594
3307.83568829081	1295.5
3309.77215970655	1297.19995117188
3311.70812218898	1286.30004882813
3313.64357594655	1289.5
3315.57852118747	1290.90002441406
3317.51295811968	1294.5
3319.44688695087	1286
3321.38030788849	1288.69995117188
3323.31322113973	1295.09997558594
3325.24562691152	1283.19995117188
3327.17752541055	1292.80004882813
3329.10891684322	1294.5
3331.03980141573	1282.19995117188
3332.97017933399	1283.5
3334.90005080364	1293.80004882813
3336.82941603011	1288.69995117188
3338.75827521852	1296.40002441406
3340.68662857377	1294.59997558594
3342.6144763005	1300.80004882813
3344.54181860308	1282.90002441406
3346.46865568561	1286.19995117188
3348.39498775195	1285.59997558594
3350.32081500571	1292.80004882813
3352.24613765022	1298.40002441406
3354.17095588855	1287.69995117188
3356.09526992352	1303.09997558594
3358.01907995769	1296.80004882813
3359.94238619334	1295.30004882813
3361.86518883251	1298.19995117188
3363.78748807697	1302.90002441406
3365.70928412823	1301.09997558594
3367.63057718752	1292.69995117188
3369.55136745582	1295.80004882813
3371.47165513386	1298.69995117188
3373.39144042208	1292.30004882813
3375.31072352066	1298.30004882813
3377.22950462953	1299
3379.14778394834	1296
3381.06556167648	1293.19995117188
3382.98283801308	1303.40002441406
3384.89961315697	1296.5
3386.81588730676	1300.30004882813
3388.73166066076	1295.19995117188
3390.64693341702	1293.90002441406
3392.56170577332	1289.30004882813
3394.47597792716	1292.40002441406
3396.38975007581	1301.40002441406
3398.30302241623	1295.59997558594
3400.21579514512	1289.59997558594
3402.1280684589	1290.59997558594
3404.03984255374	1302.80004882813
3405.95111762553	1285.90002441406
3407.86189386987	1287.5
3409.77217148212	1291.09997558594
3411.68195065733	1292.09997558594
3413.5912315903	1298.40002441406
3415.50001447556	1293.90002441406
3417.40829950735	1293.09997558594
3419.31608687963	1303.09997558594
3421.22337678611	1297.59997558594
3423.1301694202	1291
3425.03646497504	1293.09997558594
3426.9422636435	1282.59997558594
3428.84756561816	1292.30004882813
3430.75237109135	1292.09997558594
3432.65668025508	1287.19995117188
3434.56049330112	1291.80004882813
3436.46381042093	1289.40002441406
3438.36663180571	1289.59997558594
3440.26895764638	1291
3442.17078813357	1293.69995117188
3444.07212345762	1296
3445.97296380863	1286
3447.87330937636	1291.09997558594
3449.77316035033	1290
3451.67251691977	1284.5
3453.57137927361	1296.40002441406
3455.46974760052	1283.69995117188
3457.36762208886	1280
3459.26500292671	1286.90002441406
3461.16189030191	1288.59997558594
3463.05828440194	1285
3464.95418541406	1287.40002441406
3466.84959352519	1282.80004882813
3468.74450892201	1293.5
3470.63893179088	1290.5
3472.53286231788	1288.19995117188
3474.42630068881	1289.30004882813
3476.31924708918	1286.5
3478.2117017042	1280.19995117188
3480.1036647188	1293.5
3481.99513631761	1285
3483.88611668498	1287.80004882813
3485.77660600498	1290.69995117188
3487.66660446135	1291.59997558594
3489.55611223758	1283.09997558594
3491.44512951683	1281.40002441406
3493.333656482	1272.69995117188
3495.22169331568	1289
3497.10924020016	1283.69995117188
3498.99629731746	1276.59997558594
3500.88286484927	1285.30004882813
3502.76894297702	1273.5
3504.65453188182	1284.09997558594
3506.53963174449	1288.30004882813
3508.42424274555	1281.90002441406
3510.30836506524	1278.80004882813
3512.19199888349	1274.59997558594
3514.07514437992	1288.90002441406
3515.95780173387	1288.80004882813
3517.83997112437	1279.5
3519.72165273016	1275.09997558594
3521.60284672967	1281.40002441406
3523.48355330104	1276.09997558594
3525.36377262208	1272.30004882813
3527.24350487035	1271.59997558594
3529.12275022306	1274.69995117188
3531.00150885715	1274.69995117188
3532.87978094923	1278
3534.75756667562	1273.5
3536.63486621235	1272.30004882813
3538.51167973512	1264.59997558594
3540.38800741934	1267.30004882813
3542.26384944011	1273.80004882813
3544.13920597223	1269.69995117188
3546.01407719018	1268.80004882813
3547.88846326815	1272
3549.76236438002	1270.09997558594
3551.63578069934	1269.59997558594
3553.50871239938	1280.80004882813
3555.38115965309	1264.90002441406
3557.25312263311	1270.80004882813
3559.12460151177	1265.09997558594
3560.99559646109	1266
3562.86610765279	1262.40002441406
3564.73613525825	1274.5
3566.60567944857	1267
3568.47474039453	1260.80004882813
3570.34331826658	1263.09997558594
3572.21141323487	1268.40002441406
3574.07902546925	1263.19995117188
3575.94615513922	1268
3577.81280241401	1266.09997558594
3579.67896746249	1265
3581.54465045325	1269.59997558594
3583.40985155455	1275.30004882813
3585.27457093432	1264.40002441406
3587.1388087602	1263
3589.00256519949	1265.09997558594
3590.86584041919	1261.69995117188
3592.72863458597	1267.09997558594
3594.59094786618	1261.5
3596.45278042585	1264.90002441406
3598.31413243069	1266.30004882813
3600.17500404611	1261.59997558594
3602.03539543717	1258
3603.89530676861	1260.30004882813
3605.75473820488	1257.40002441406
3607.61368991007	1260.90002441406
3609.47216204797	1263.5
3611.33015478203	1263.59997558594
3613.18766827539	1257.09997558594
3615.04470269087	1266.59997558594
3616.90125819094	1258.19995117188
3618.75733493776	1258.19995117188
3620.61293309318	1261.59997558594
3622.46805281869	1263.19995117188
3624.32269427547	1259.40002441406
3626.17685762439	1261.30004882813
3628.03054302596	1259.19995117188
3629.88375064038	1266.80004882813
3631.73648062751	1257.30004882813
3633.5887331469	1247.30004882813
3635.44050835775	1250.19995117188
3637.29180641893	1259.30004882813
3639.14262748899	1253.19995117188
3640.99297172614	1253.19995117188
3642.84283928828	1257.80004882813
3644.69223033294	1254.30004882813
3646.54114501734	1258.69995117188
3648.38958349836	1253.09997558594
3650.23754593256	1253.69995117188
3652.08503247614	1245.80004882813
3653.93204328497	1249.40002441406
3655.77857851462	1258.09997558594
3657.62463832028	1251.59997558594
3659.47022285682	1251.80004882813
3661.31533227877	1249.80004882813
3663.15996674033	1254
3665.00412639535	1246.30004882813
3666.84781139736	1254.30004882813
3668.69102189953	1261.90002441406
3670.5337580547	1253.90002441406
3672.37602001537	1246.80004882813
3674.21780793368	1248.59997558594
3676.05912196148	1251.5
3677.89996225021	1253.09997558594
3679.74032895103	1252.90002441406
3681.58022221471	1255.09997558594
3683.41964219171	1246.30004882813
3685.25858903211	1244.5
3687.0970628857	1249
3688.93506390186	1245.59997558594
3690.77259222968	1240
3692.60964801787	1241.59997558594
3694.44623141481	1246
3696.28234256853	1244.5
3698.11798162669	1245.5
3699.95314873665	1244.59997558594
3701.78784404537	1247.5
3703.62206769951	1256.09997558594
3705.45581984533	1250
3707.28910062877	1241
3709.12191019542	1247.30004882813
3710.95424869052	1253.59997558594
3712.78611625894	1250.40002441406
3714.6175130452	1251.09997558594
3716.44843919349	1252.69995117188
3718.27889484764	1238.69995117188
3720.1088801511	1242.69995117188
3721.93839524699	1242.30004882813
3723.76744027808	1245.59997558594
3725.59601538677	1246.69995117188
3727.4241207151	1248.30004882813
